#NTIMES: 50
#NVEL 81
#TIMES[d]: 199.16 202.03 204.93 207.87 210.86 213.89 216.97 220.09 223.25 226.46 229.71 233.01 236.36 239.76 243.21 246.70 250.25 253.85 257.50 261.20 264.95 268.76 272.62 276.54 280.51 284.55 288.64 292.79 296.99 301.26 305.59 309.99 314.44 318.96 323.55 328.19 332.91 337.70 342.55 347.48 352.47 357.54 362.68 367.89 373.18 378.54 383.98 389.50 395.10 400.78
#vel_mid[km/s] ne_t0[/cm^3] ne_t1[/cm^3] … ne_tn[/cm^3]
250.00 1.35e+07 1.29e+07 1.24e+07 1.18e+07 1.13e+07 1.08e+07 1.03e+07 9.84e+06 9.42e+06 8.95e+06 8.62e+06 8.25e+06 7.87e+06 7.53e+06 7.26e+06 6.92e+06 6.56e+06 6.29e+06 6.04e+06 5.76e+06 5.44e+06 5.14e+06 4.91e+06 4.69e+06 4.51e+06 4.32e+06 4.10e+06 3.95e+06 3.78e+06 3.63e+06 3.46e+06 3.27e+06 3.13e+06 2.98e+06 2.86e+06 2.74e+06 2.48e+06 2.38e+06 2.29e+06 2.20e+06 2.14e+06 2.05e+06 1.91e+06 1.85e+06 1.76e+06 1.69e+06 1.63e+06 1.52e+06 1.43e+06 1.38e+06
750.00 1.21e+07 1.15e+07 1.10e+07 1.06e+07 1.01e+07 9.67e+06 9.25e+06 8.85e+06 8.47e+06 8.11e+06 7.74e+06 7.41e+06 7.07e+06 6.75e+06 6.46e+06 6.19e+06 5.91e+06 5.63e+06 5.37e+06 5.14e+06 4.92e+06 4.68e+06 4.46e+06 4.29e+06 4.07e+06 3.91e+06 3.71e+06 3.56e+06 3.40e+06 3.25e+06 3.09e+06 2.93e+06 2.80e+06 2.68e+06 2.56e+06 2.45e+06 2.34e+06 2.23e+06 2.12e+06 2.01e+06 1.91e+06 1.83e+06 1.77e+06 1.68e+06 1.60e+06 1.52e+06 1.45e+06 1.39e+06 1.32e+06 1.25e+06
1250.00 1.07e+07 1.02e+07 9.77e+06 9.35e+06 8.93e+06 8.53e+06 8.15e+06 7.81e+06 7.47e+06 7.13e+06 6.82e+06 6.53e+06 6.25e+06 5.96e+06 5.69e+06 5.44e+06 5.20e+06 4.97e+06 4.75e+06 4.54e+06 4.33e+06 4.13e+06 3.96e+06 3.78e+06 3.61e+06 3.46e+06 3.30e+06 3.15e+06 3.01e+06 2.87e+06 2.74e+06 2.61e+06 2.49e+06 2.38e+06 2.26e+06 2.16e+06 2.05e+06 1.96e+06 1.88e+06 1.79e+06 1.71e+06 1.62e+06 1.55e+06 1.48e+06 1.42e+06 1.35e+06 1.28e+06 1.21e+06 1.16e+06 1.10e+06
1750.00 9.34e+06 8.93e+06 8.55e+06 8.19e+06 7.83e+06 7.50e+06 7.18e+06 6.86e+06 6.57e+06 6.28e+06 6.02e+06 5.75e+06 5.49e+06 5.26e+06 5.02e+06 4.81e+06 4.60e+06 4.40e+06 4.20e+06 4.01e+06 3.84e+06 3.67e+06 3.50e+06 3.34e+06 3.19e+06 3.05e+06 2.91e+06 2.79e+06 2.65e+06 2.53e+06 2.41e+06 2.30e+06 2.19e+06 2.09e+06 1.99e+06 1.91e+06 1.82e+06 1.74e+06 1.66e+06 1.58e+06 1.50e+06 1.43e+06 1.37e+06 1.30e+06 1.24e+06 1.18e+06 1.13e+06 1.08e+06 1.03e+06 9.76e+05
2250.00 8.09e+06 7.74e+06 7.42e+06 7.10e+06 6.79e+06 6.51e+06 6.21e+06 5.95e+06 5.69e+06 5.45e+06 5.22e+06 5.00e+06 4.78e+06 4.58e+06 4.38e+06 4.19e+06 4.00e+06 3.83e+06 3.66e+06 3.51e+06 3.36e+06 3.21e+06 3.07e+06 2.94e+06 2.81e+06 2.68e+06 2.57e+06 2.46e+06 2.35e+06 2.24e+06 2.14e+06 2.05e+06 1.95e+06 1.86e+06 1.78e+06 1.70e+06 1.62e+06 1.55e+06 1.48e+06 1.41e+06 1.35e+06 1.28e+06 1.22e+06 1.16e+06 1.11e+06 1.05e+06 1.00e+06 9.53e+05 9.05e+05 8.62e+05
2750.00 6.96e+06 6.67e+06 6.38e+06 6.12e+06 5.86e+06 5.61e+06 5.37e+06 5.13e+06 4.91e+06 4.69e+06 4.50e+06 4.31e+06 4.12e+06 3.94e+06 3.77e+06 3.61e+06 3.45e+06 3.30e+06 3.17e+06 3.02e+06 2.90e+06 2.77e+06 2.65e+06 2.54e+06 2.43e+06 2.32e+06 2.22e+06 2.12e+06 2.03e+06 1.94e+06 1.86e+06 1.78e+06 1.70e+06 1.62e+06 1.55e+06 1.49e+06 1.42e+06 1.36e+06 1.29e+06 1.24e+06 1.18e+06 1.13e+06 1.08e+06 1.03e+06 9.84e+05 9.38e+05 8.95e+05 8.53e+05 8.13e+05 7.74e+05
3250.00 5.98e+06 5.73e+06 5.48e+06 5.25e+06 5.03e+06 4.81e+06 4.60e+06 4.41e+06 4.22e+06 4.04e+06 3.87e+06 3.70e+06 3.54e+06 3.39e+06 3.25e+06 3.11e+06 2.98e+06 2.85e+06 2.73e+06 2.61e+06 2.50e+06 2.39e+06 2.29e+06 2.19e+06 2.10e+06 2.00e+06 1.92e+06 1.83e+06 1.75e+06 1.68e+06 1.60e+06 1.53e+06 1.47e+06 1.40e+06 1.34e+06 1.28e+06 1.23e+06 1.17e+06 1.12e+06 1.07e+06 1.02e+06 9.80e+05 9.34e+05 8.93e+05 8.52e+05 8.16e+05 7.78e+05 7.43e+05 7.10e+05 6.77e+05
3750.00 5.13e+06 4.92e+06 4.71e+06 4.51e+06 4.32e+06 4.13e+06 3.96e+06 3.80e+06 3.63e+06 3.48e+06 3.33e+06 3.19e+06 3.05e+06 2.92e+06 2.79e+06 2.67e+06 2.56e+06 2.45e+06 2.35e+06 2.25e+06 2.15e+06 2.06e+06 1.97e+06 1.88e+06 1.81e+06 1.73e+06 1.65e+06 1.58e+06 1.51e+06 1.44e+06 1.38e+06 1.32e+06 1.27e+06 1.21e+06 1.16e+06 1.11e+06 1.06e+06 1.01e+06 9.68e+05 9.26e+05 8.85e+05 8.45e+05 8.07e+05 7.73e+05 7.37e+05 7.06e+05 6.73e+05 6.42e+05 6.12e+05 5.86e+05
4250.00 4.40e+06 4.22e+06 4.04e+06 3.87e+06 3.71e+06 3.55e+06 3.40e+06 3.26e+06 3.12e+06 2.99e+06 2.86e+06 2.74e+06 2.62e+06 2.51e+06 2.41e+06 2.30e+06 2.20e+06 2.11e+06 2.02e+06 1.94e+06 1.85e+06 1.77e+06 1.70e+06 1.62e+06 1.55e+06 1.49e+06 1.42e+06 1.36e+06 1.31e+06 1.25e+06 1.19e+06 1.14e+06 1.09e+06 1.05e+06 9.99e+05 9.55e+05 9.15e+05 8.73e+05 8.36e+05 7.99e+05 7.64e+05 7.31e+05 6.98e+05 6.67e+05 6.37e+05 6.09e+05 5.82e+05 5.57e+05 5.30e+05 5.07e+05
4750.00 3.77e+06 3.61e+06 3.47e+06 3.33e+06 3.18e+06 3.05e+06 2.92e+06 2.79e+06 2.68e+06 2.57e+06 2.46e+06 2.35e+06 2.25e+06 2.16e+06 2.07e+06 1.98e+06 1.89e+06 1.81e+06 1.74e+06 1.67e+06 1.59e+06 1.53e+06 1.46e+06 1.40e+06 1.34e+06 1.28e+06 1.23e+06 1.18e+06 1.12e+06 1.08e+06 1.03e+06 9.85e+05 9.42e+05 9.02e+05 8.63e+05 8.24e+05 7.88e+05 7.55e+05 7.22e+05 6.89e+05 6.60e+05 6.32e+05 6.03e+05 5.76e+05 5.51e+05 5.27e+05 5.03e+05 4.81e+05 4.59e+05 4.39e+05
5250.00 3.24e+06 3.10e+06 2.97e+06 2.85e+06 2.73e+06 2.62e+06 2.50e+06 2.40e+06 2.30e+06 2.20e+06 2.11e+06 2.02e+06 1.94e+06 1.86e+06 1.78e+06 1.70e+06 1.63e+06 1.56e+06 1.50e+06 1.43e+06 1.37e+06 1.31e+06 1.26e+06 1.21e+06 1.15e+06 1.10e+06 1.06e+06 1.01e+06 9.69e+05 9.28e+05 8.87e+05 8.48e+05 8.14e+05 7.78e+05 7.45e+05 7.11e+05 6.80e+05 6.51e+05 6.23e+05 5.95e+05 5.71e+05 5.45e+05 5.21e+05 4.98e+05 4.75e+05 4.56e+05 4.34e+05 4.16e+05 3.98e+05 3.80e+05
5750.00 2.77e+06 2.66e+06 2.55e+06 2.44e+06 2.34e+06 2.24e+06 2.15e+06 2.06e+06 1.97e+06 1.89e+06 1.81e+06 1.74e+06 1.67e+06 1.59e+06 1.53e+06 1.46e+06 1.40e+06 1.34e+06 1.29e+06 1.23e+06 1.18e+06 1.13e+06 1.09e+06 1.04e+06 9.95e+05 9.50e+05 9.08e+05 8.71e+05 8.35e+05 7.99e+05 7.65e+05 7.33e+05 7.00e+05 6.71e+05 6.41e+05 6.14e+05 5.88e+05 5.62e+05 5.38e+05 5.15e+05 4.93e+05 4.71e+05 4.51e+05 4.31e+05 4.12e+05 3.94e+05 3.76e+05 3.59e+05 3.44e+05 3.29e+05
6250.00 2.38e+06 2.28e+06 2.19e+06 2.09e+06 2.01e+06 1.92e+06 1.85e+06 1.77e+06 1.70e+06 1.63e+06 1.56e+06 1.50e+06 1.43e+06 1.37e+06 1.31e+06 1.26e+06 1.21e+06 1.16e+06 1.11e+06 1.06e+06 1.02e+06 9.74e+05 9.32e+05 8.92e+05 8.56e+05 8.18e+05 7.84e+05 7.49e+05 7.17e+05 6.89e+05 6.60e+05 6.31e+05 6.03e+05 5.79e+05 5.53e+05 5.30e+05 5.07e+05 4.85e+05 4.64e+05 4.45e+05 4.24e+05 4.06e+05 3.89e+05 3.72e+05 3.56e+05 3.40e+05 3.25e+05 3.11e+05 2.98e+05 2.83e+05
6750.00 2.03e+06 1.95e+06 1.87e+06 1.79e+06 1.72e+06 1.65e+06 1.58e+06 1.52e+06 1.45e+06 1.39e+06 1.34e+06 1.28e+06 1.23e+06 1.17e+06 1.13e+06 1.08e+06 1.03e+06 9.90e+05 9.49e+05 9.10e+05 8.73e+05 8.36e+05 8.02e+05 7.67e+05 7.35e+05 7.04e+05 6.74e+05 6.45e+05 6.18e+05 5.91e+05 5.67e+05 5.42e+05 5.20e+05 4.98e+05 4.76e+05 4.56e+05 4.37e+05 4.18e+05 4.00e+05 3.82e+05 3.66e+05 3.50e+05 3.35e+05 3.20e+05 3.06e+05 2.94e+05 2.81e+05 2.68e+05 2.56e+05 2.45e+05
7250.00 1.74e+06 1.67e+06 1.60e+06 1.53e+06 1.47e+06 1.41e+06 1.35e+06 1.30e+06 1.24e+06 1.19e+06 1.15e+06 1.10e+06 1.05e+06 1.01e+06 9.65e+05 9.27e+05 8.87e+05 8.47e+05 8.14e+05 7.80e+05 7.48e+05 7.17e+05 6.86e+05 6.59e+05 6.31e+05 6.04e+05 5.79e+05 5.54e+05 5.30e+05 5.09e+05 4.87e+05 4.66e+05 4.46e+05 4.26e+05 4.08e+05 3.91e+05 3.74e+05 3.58e+05 3.43e+05 3.29e+05 3.14e+05 3.00e+05 2.87e+05 2.75e+05 2.63e+05 2.52e+05 2.41e+05 2.30e+05 2.20e+05 2.11e+05
7750.00 1.49e+06 1.43e+06 1.37e+06 1.32e+06 1.26e+06 1.21e+06 1.16e+06 1.11e+06 1.07e+06 1.02e+06 9.80e+05 9.39e+05 9.01e+05 8.61e+05 8.25e+05 7.92e+05 7.59e+05 7.29e+05 6.99e+05 6.69e+05 6.40e+05 6.14e+05 5.88e+05 5.64e+05 5.40e+05 5.18e+05 4.96e+05 4.74e+05 4.55e+05 4.36e+05 4.17e+05 3.99e+05 3.82e+05 3.66e+05 3.50e+05 3.35e+05 3.20e+05 3.06e+05 2.93e+05 2.81e+05 2.69e+05 2.57e+05 2.46e+05 2.35e+05 2.26e+05 2.16e+05 2.06e+05 1.97e+05 1.88e+05 1.80e+05
8250.00 1.27e+06 1.22e+06 1.17e+06 1.12e+06 1.08e+06 1.03e+06 9.90e+05 9.50e+05 9.11e+05 8.74e+05 8.37e+05 8.01e+05 7.68e+05 7.35e+05 7.06e+05 6.78e+05 6.47e+05 6.20e+05 5.96e+05 5.70e+05 5.47e+05 5.23e+05 5.02e+05 4.81e+05 4.61e+05 4.40e+05 4.22e+05 4.04e+05 3.87e+05 3.71e+05 3.55e+05 3.40e+05 3.26e+05 3.11e+05 2.98e+05 2.86e+05 2.73e+05 2.61e+05 2.50e+05 2.40e+05 2.29e+05 2.19e+05 2.09e+05 2.00e+05 1.91e+05 1.83e+05 1.74e+05 1.67e+05 1.60e+05 1.53e+05
8750.00 1.06e+06 1.02e+06 9.78e+05 9.38e+05 9.00e+05 8.61e+05 8.25e+05 7.90e+05 7.57e+05 7.24e+05 6.94e+05 6.66e+05 6.40e+05 6.13e+05 5.87e+05 5.63e+05 5.39e+05 5.18e+05 4.95e+05 4.74e+05 4.54e+05 4.35e+05 4.17e+05 3.99e+05 3.82e+05 3.67e+05 3.51e+05 3.37e+05 3.21e+05 3.08e+05 2.95e+05 2.81e+05 2.69e+05 2.58e+05 2.47e+05 2.36e+05 2.26e+05 2.16e+05 2.06e+05 1.97e+05 1.89e+05 1.81e+05 1.73e+05 1.65e+05 1.57e+05 1.50e+05 1.44e+05 1.38e+05 1.31e+05 1.26e+05
9250.00 8.70e+05 8.36e+05 8.02e+05 7.67e+05 7.36e+05 7.06e+05 6.79e+05 6.49e+05 6.22e+05 5.95e+05 5.71e+05 5.48e+05 5.23e+05 5.00e+05 4.79e+05 4.59e+05 4.40e+05 4.23e+05 4.05e+05 3.87e+05 3.70e+05 3.56e+05 3.39e+05 3.25e+05 3.11e+05 2.98e+05 2.85e+05 2.71e+05 2.60e+05 2.48e+05 2.39e+05 2.29e+05 2.19e+05 2.08e+05 2.00e+05 1.92e+05 1.83e+05 1.75e+05 1.68e+05 1.61e+05 1.53e+05 1.46e+05 1.40e+05 1.34e+05 1.28e+05 1.22e+05 1.16e+05 1.11e+05 1.06e+05 1.01e+05
9750.00 7.14e+05 6.81e+05 6.53e+05 6.27e+05 6.00e+05 5.75e+05 5.51e+05 5.28e+05 5.06e+05 4.84e+05 4.65e+05 4.43e+05 4.25e+05 4.07e+05 3.89e+05 3.73e+05 3.58e+05 3.42e+05 3.27e+05 3.13e+05 2.99e+05 2.89e+05 2.76e+05 2.63e+05 2.53e+05 2.41e+05 2.30e+05 2.20e+05 2.10e+05 2.00e+05 1.93e+05 1.85e+05 1.77e+05 1.69e+05 1.61e+05 1.54e+05 1.48e+05 1.41e+05 1.35e+05 1.29e+05 1.24e+05 1.18e+05 1.12e+05 1.07e+05 1.02e+05 9.79e+04 9.34e+04 8.99e+04 8.59e+04 8.21e+04
10250.00 5.80e+05 5.57e+05 5.32e+05 5.10e+05 4.89e+05 4.70e+05 4.49e+05 4.30e+05 4.12e+05 3.94e+05 3.77e+05 3.60e+05 3.44e+05 3.30e+05 3.16e+05 3.03e+05 2.88e+05 2.76e+05 2.66e+05 2.54e+05 2.43e+05 2.33e+05 2.21e+05 2.12e+05 2.03e+05 1.94e+05 1.86e+05 1.78e+05 1.69e+05 1.62e+05 1.56e+05 1.48e+05 1.42e+05 1.35e+05 1.30e+05 1.24e+05 1.18e+05 1.13e+05 1.08e+05 1.03e+05 9.92e+04 9.41e+04 8.95e+04 8.59e+04 8.22e+04 7.82e+04 7.52e+04 7.17e+04 6.74e+04 6.49e+04
10750.00 4.74e+05 4.54e+05 4.35e+05 4.18e+05 4.00e+05 3.82e+05 3.64e+05 3.48e+05 3.35e+05 3.19e+05 3.05e+05 2.92e+05 2.80e+05 2.69e+05 2.55e+05 2.44e+05 2.34e+05 2.23e+05 2.13e+05 2.05e+05 1.96e+05 1.86e+05 1.79e+05 1.72e+05 1.64e+05 1.57e+05 1.49e+05 1.43e+05 1.37e+05 1.32e+05 1.25e+05 1.19e+05 1.14e+05 1.08e+05 1.04e+05 9.96e+04 9.50e+04 9.02e+04 8.62e+04 8.31e+04 7.95e+04 7.58e+04 7.14e+04 6.83e+04 6.60e+04 6.29e+04 6.03e+04 5.73e+04 5.50e+04 5.17e+04
11250.00 3.90e+05 3.73e+05 3.58e+05 3.41e+05 3.27e+05 3.12e+05 2.97e+05 2.84e+05 2.74e+05 2.61e+05 2.50e+05 2.37e+05 2.29e+05 2.18e+05 2.08e+05 1.99e+05 1.90e+05 1.83e+05 1.76e+05 1.67e+05 1.60e+05 1.52e+05 1.46e+05 1.39e+05 1.32e+05 1.27e+05 1.20e+05 1.15e+05 1.10e+05 1.05e+05 1.01e+05 9.57e+04 9.18e+04 8.71e+04 8.38e+04 7.98e+04 7.66e+04 7.33e+04 7.03e+04 6.66e+04 6.28e+04 6.03e+04 5.79e+04 5.48e+04 5.23e+04 4.94e+04 4.76e+04 4.52e+04 4.35e+04 4.17e+04
11750.00 3.25e+05 3.11e+05 2.98e+05 2.82e+05 2.72e+05 2.57e+05 2.47e+05 2.35e+05 2.26e+05 2.15e+05 2.04e+05 1.97e+05 1.89e+05 1.80e+05 1.72e+05 1.64e+05 1.57e+05 1.49e+05 1.43e+05 1.37e+05 1.30e+05 1.24e+05 1.19e+05 1.14e+05 1.09e+05 1.03e+05 9.91e+04 9.44e+04 8.91e+04 8.61e+04 8.22e+04 7.71e+04 7.44e+04 7.13e+04 6.77e+04 6.46e+04 6.22e+04 5.93e+04 5.68e+04 5.37e+04 5.18e+04 4.90e+04 4.64e+04 4.47e+04 4.25e+04 4.09e+04 4.24e+04 3.95e+04 3.58e+04 3.36e+04
12250.00 2.74e+05 2.62e+05 2.49e+05 2.36e+05 2.27e+05 2.16e+05 2.08e+05 1.98e+05 1.90e+05 1.81e+05 1.73e+05 1.66e+05 1.58e+05 1.50e+05 1.44e+05 1.38e+05 1.32e+05 1.26e+05 1.19e+05 1.14e+05 1.09e+05 1.03e+05 9.88e+04 9.51e+04 9.12e+04 8.77e+04 8.23e+04 7.86e+04 7.51e+04 7.17e+04 6.77e+04 6.53e+04 6.23e+04 5.96e+04 5.62e+04 5.39e+04 5.11e+04 4.92e+04 4.70e+04 4.48e+04 4.36e+04 4.07e+04 3.90e+04 3.67e+04 3.57e+04 3.38e+04 3.59e+04 3.24e+04 2.94e+04 2.78e+04
12750.00 2.34e+05 2.22e+05 2.12e+05 2.03e+05 1.92e+05 1.85e+05 1.77e+05 1.69e+05 1.62e+05 1.54e+05 1.47e+05 1.42e+05 1.34e+05 1.28e+05 1.24e+05 1.18e+05 1.13e+05 1.07e+05 1.02e+05 9.75e+04 9.33e+04 8.88e+04 8.47e+04 8.03e+04 7.67e+04 7.35e+04 7.04e+04 6.78e+04 6.47e+04 6.07e+04 5.84e+04 5.63e+04 5.21e+04 5.02e+04 4.83e+04 4.51e+04 4.37e+04 4.12e+04 3.96e+04 3.80e+04 3.70e+04 3.52e+04 3.26e+04 3.47e+04 3.20e+04 2.88e+04 2.73e+04 2.84e+04 2.62e+04 2.38e+04
13250.00 2.01e+05 1.90e+05 1.80e+05 1.73e+05 1.63e+05 1.57e+05 1.50e+05 1.44e+05 1.40e+05 1.31e+05 1.26e+05 1.20e+05 1.15e+05 1.09e+05 1.05e+05 1.00e+05 9.53e+04 9.14e+04 8.69e+04 8.26e+04 7.97e+04 7.62e+04 7.26e+04 6.90e+04 6.55e+04 6.31e+04 6.00e+04 5.78e+04 5.43e+04 5.22e+04 4.97e+04 4.73e+04 4.43e+04 4.26e+04 4.09e+04 3.87e+04 3.73e+04 3.53e+04 3.75e+04 3.49e+04 3.12e+04 2.93e+04 2.96e+04 2.76e+04 2.56e+04 2.44e+04 2.43e+04 2.28e+04 2.10e+04 2.05e+04
13750.00 1.69e+05 1.62e+05 1.54e+05 1.47e+05 1.41e+05 1.34e+05 1.29e+05 1.22e+05 1.18e+05 1.12e+05 1.07e+05 1.03e+05 9.75e+04 9.41e+04 8.88e+04 8.48e+04 8.06e+04 7.66e+04 7.32e+04 7.10e+04 6.74e+04 6.43e+04 6.18e+04 5.80e+04 5.62e+04 5.27e+04 5.04e+04 4.85e+04 4.58e+04 4.43e+04 4.13e+04 3.99e+04 3.77e+04 3.64e+04 3.47e+04 3.35e+04 3.58e+04 3.18e+04 2.90e+04 2.77e+04 2.89e+04 2.68e+04 2.49e+04 2.26e+04 2.31e+04 2.18e+04 1.95e+04 2.19e+04 1.95e+04 1.70e+04
14250.00 1.45e+05 1.39e+05 1.32e+05 1.26e+05 1.21e+05 1.15e+05 1.11e+05 1.06e+05 9.98e+04 9.68e+04 9.18e+04 8.77e+04 8.35e+04 8.00e+04 7.56e+04 7.21e+04 6.92e+04 6.60e+04 6.29e+04 6.07e+04 5.74e+04 5.44e+04 5.21e+04 4.90e+04 4.69e+04 4.52e+04 4.33e+04 4.08e+04 3.91e+04 3.69e+04 3.50e+04 3.38e+04 3.24e+04 3.07e+04 2.93e+04 2.83e+04 2.72e+04 2.59e+04 2.49e+04 2.33e+04 2.20e+04 2.13e+04 2.02e+04 1.96e+04 1.82e+04 1.90e+04 1.74e+04 1.66e+04 1.53e+04 1.48e+04
14750.00 1.25e+05 1.20e+05 1.14e+05 1.10e+05 1.02e+05 9.84e+04 9.41e+04 9.02e+04 8.57e+04 8.19e+04 7.92e+04 7.37e+04 7.12e+04 6.81e+04 6.48e+04 6.14e+04 5.92e+04 5.57e+04 5.40e+04 5.15e+04 4.96e+04 4.59e+04 4.46e+04 4.18e+04 4.03e+04 3.88e+04 3.68e+04 3.56e+04 3.41e+04 3.20e+04 3.03e+04 2.89e+04 2.80e+04 2.69e+04 2.59e+04 2.62e+04 2.47e+04 2.25e+04 2.14e+04 1.99e+04 2.03e+04 1.95e+04 1.69e+04 1.67e+04 1.54e+04 1.54e+04 1.48e+04 1.35e+04 1.29e+04 1.31e+04
15250.00 1.06e+05 9.94e+04 9.58e+04 9.27e+04 8.64e+04 8.40e+04 8.07e+04 7.56e+04 7.55e+04 7.02e+04 6.71e+04 6.33e+04 6.09e+04 5.83e+04 5.55e+04 5.39e+04 5.15e+04 4.80e+04 4.52e+04 4.34e+04 4.18e+04 4.01e+04 3.79e+04 3.71e+04 3.49e+04 3.29e+04 3.12e+04 2.97e+04 2.85e+04 2.67e+04 2.60e+04 2.45e+04 2.30e+04 2.19e+04 2.28e+04 2.18e+04 1.93e+04 1.97e+04 1.93e+04 1.70e+04 1.68e+04 1.56e+04 1.46e+04 1.42e+04 1.32e+04 1.31e+04 1.22e+04 1.18e+04 1.09e+04 1.03e+04
15750.00 8.91e+04 8.60e+04 8.20e+04 7.84e+04 7.42e+04 7.13e+04 6.94e+04 6.70e+04 6.22e+04 6.01e+04 5.69e+04 5.31e+04 5.16e+04 4.97e+04 4.73e+04 4.73e+04 4.32e+04 4.09e+04 3.93e+04 3.73e+04 3.51e+04 3.41e+04 3.28e+04 3.11e+04 2.97e+04 2.74e+04 2.64e+04 2.54e+04 2.41e+04 2.31e+04 2.16e+04 2.15e+04 1.96e+04 1.94e+04 2.12e+04 1.92e+04 1.71e+04 1.61e+04 1.53e+04 1.42e+04 1.37e+04 1.34e+04 1.27e+04 1.18e+04 1.13e+04 1.06e+04 1.03e+04 1.00e+04 9.50e+03 8.84e+03
16250.00 7.94e+04 7.42e+04 7.10e+04 6.71e+04 6.44e+04 6.03e+04 5.88e+04 5.68e+04 5.41e+04 5.23e+04 4.79e+04 4.66e+04 4.46e+04 4.14e+04 4.02e+04 3.83e+04 3.69e+04 3.46e+04 3.29e+04 3.15e+04 2.99e+04 2.88e+04 2.75e+04 2.69e+04 2.62e+04 2.45e+04 2.30e+04 2.23e+04 2.06e+04 2.17e+04 2.01e+04 1.77e+04 1.72e+04 1.65e+04 1.68e+04 1.55e+04 1.54e+04 1.38e+04 1.37e+04 1.27e+04 1.16e+04 1.07e+04 1.04e+04 9.96e+03 9.63e+03 8.91e+03 8.79e+03 8.42e+03 7.94e+03 7.44e+03
16750.00 6.58e+04 6.35e+04 6.14e+04 5.85e+04 5.40e+04 5.25e+04 5.11e+04 4.71e+04 4.58e+04 4.36e+04 4.22e+04 4.01e+04 3.78e+04 3.56e+04 3.45e+04 3.33e+04 3.16e+04 2.98e+04 2.78e+04 2.74e+04 2.58e+04 2.49e+04 2.30e+04 2.22e+04 2.15e+04 2.03e+04 1.96e+04 1.87e+04 1.94e+04 1.85e+04 1.62e+04 1.63e+04 1.55e+04 1.42e+04 1.47e+04 1.39e+04 1.23e+04 1.19e+04 1.13e+04 1.03e+04 9.78e+03 1.06e+04 9.20e+03 8.46e+03 8.65e+03 8.88e+03 7.84e+03 6.95e+03 6.72e+03 6.22e+03
17250.00 5.75e+04 5.44e+04 5.28e+04 5.06e+04 4.60e+04 4.45e+04 4.25e+04 4.12e+04 3.99e+04 3.76e+04 3.59e+04 3.41e+04 3.25e+04 3.09e+04 2.98e+04 2.88e+04 2.69e+04 2.54e+04 2.46e+04 2.33e+04 2.24e+04 2.19e+04 1.99e+04 1.91e+04 1.82e+04 1.73e+04 1.62e+04 1.56e+04 1.54e+04 1.51e+04 1.44e+04 1.43e+04 1.30e+04 1.17e+04 1.18e+04 1.16e+04 1.07e+04 9.78e+03 9.51e+03 9.55e+03 8.86e+03 8.57e+03 7.42e+03 7.44e+03 7.51e+03 6.43e+03 5.99e+03 6.14e+03 5.44e+03 6.06e+03
17750.00 4.87e+04 4.59e+04 4.41e+04 4.29e+04 4.02e+04 3.89e+04 3.77e+04 3.50e+04 3.30e+04 3.29e+04 2.98e+04 3.00e+04 2.74e+04 2.68e+04 2.54e+04 2.42e+04 2.34e+04 2.16e+04 2.10e+04 2.03e+04 1.91e+04 1.78e+04 1.70e+04 1.64e+04 1.56e+04 1.50e+04 1.47e+04 1.31e+04 1.25e+04 1.29e+04 1.30e+04 1.23e+04 1.22e+04 1.10e+04 9.93e+03 9.56e+03 9.28e+03 8.39e+03 7.91e+03 8.01e+03 6.95e+03 7.07e+03 6.30e+03 5.78e+03 5.84e+03 5.30e+03 5.28e+03 5.11e+03 4.52e+03 5.24e+03
18250.00 4.23e+04 4.08e+04 3.88e+04 3.61e+04 3.49e+04 3.34e+04 3.12e+04 3.02e+04 2.91e+04 2.70e+04 2.59e+04 2.52e+04 2.39e+04 2.20e+04 2.16e+04 2.10e+04 1.99e+04 1.86e+04 1.87e+04 1.89e+04 1.76e+04 1.57e+04 1.48e+04 1.43e+04 1.43e+04 1.40e+04 1.22e+04 1.18e+04 1.12e+04 1.07e+04 9.70e+03 9.29e+03 9.41e+03 8.84e+03 8.75e+03 8.09e+03 7.53e+03 7.25e+03 6.55e+03 6.68e+03 6.41e+03 5.88e+03 5.20e+03 5.67e+03 5.02e+03 5.16e+03 4.56e+03 4.42e+03 4.25e+03 4.00e+03
18750.00 3.66e+04 3.52e+04 3.29e+04 3.17e+04 2.99e+04 2.85e+04 2.66e+04 2.65e+04 2.57e+04 2.38e+04 2.29e+04 2.18e+04 2.03e+04 1.96e+04 1.94e+04 1.78e+04 1.69e+04 1.62e+04 1.56e+04 1.50e+04 1.35e+04 1.32e+04 1.29e+04 1.19e+04 1.15e+04 1.18e+04 1.12e+04 1.02e+04 1.00e+04 9.18e+03 8.95e+03 7.78e+03 8.23e+03 7.22e+03 6.78e+03 6.33e+03 6.32e+03 6.22e+03 5.66e+03 5.44e+03 5.47e+03 5.18e+03 4.51e+03 4.34e+03 4.65e+03 3.94e+03 3.64e+03 4.03e+03 3.62e+03 3.43e+03
19250.00 3.20e+04 3.01e+04 2.83e+04 2.71e+04 2.58e+04 2.44e+04 2.30e+04 2.26e+04 2.22e+04 2.08e+04 1.95e+04 1.82e+04 1.77e+04 1.67e+04 1.58e+04 1.47e+04 1.43e+04 1.38e+04 1.31e+04 1.27e+04 1.27e+04 1.22e+04 1.10e+04 1.07e+04 1.04e+04 9.92e+03 9.43e+03 8.50e+03 7.69e+03 7.77e+03 7.43e+03 7.20e+03 6.89e+03 6.89e+03 5.75e+03 5.91e+03 5.55e+03 5.45e+03 4.60e+03 4.81e+03 4.45e+03 4.71e+03 4.16e+03 3.96e+03 3.83e+03 3.70e+03 3.05e+03 3.33e+03 3.04e+03 2.81e+03
19750.00 2.68e+04 2.45e+04 2.33e+04 2.26e+04 2.21e+04 2.01e+04 1.97e+04 1.91e+04 1.85e+04 1.78e+04 1.70e+04 1.57e+04 1.51e+04 1.40e+04 1.33e+04 1.25e+04 1.28e+04 1.19e+04 1.13e+04 1.10e+04 1.03e+04 9.72e+03 8.80e+03 9.67e+03 9.17e+03 8.72e+03 7.24e+03 7.37e+03 7.04e+03 6.69e+03 6.25e+03 5.63e+03 5.65e+03 5.48e+03 5.02e+03 4.58e+03 4.26e+03 4.90e+03 4.08e+03 4.21e+03 3.56e+03 3.46e+03 3.64e+03 3.26e+03 3.31e+03 3.24e+03 2.96e+03 2.81e+03 2.71e+03 2.38e+03
20250.00 2.22e+04 2.10e+04 2.02e+04 1.94e+04 1.87e+04 1.79e+04 1.69e+04 1.64e+04 1.59e+04 1.51e+04 1.41e+04 1.38e+04 1.27e+04 1.18e+04 1.13e+04 1.08e+04 1.05e+04 1.02e+04 1.07e+04 9.59e+03 8.45e+03 8.63e+03 8.75e+03 7.91e+03 7.84e+03 7.35e+03 6.04e+03 6.30e+03 6.09e+03 5.56e+03 4.70e+03 5.24e+03 5.16e+03 4.57e+03 5.08e+03 4.31e+03 4.02e+03 4.05e+03 3.35e+03 3.63e+03 3.21e+03 3.22e+03 3.39e+03 3.03e+03 2.72e+03 2.68e+03 2.52e+03 2.43e+03 2.46e+03 2.01e+03
20750.00 1.97e+04 1.88e+04 1.80e+04 1.69e+04 1.62e+04 1.52e+04 1.46e+04 1.42e+04 1.35e+04 1.26e+04 1.17e+04 1.12e+04 1.09e+04 1.02e+04 1.02e+04 9.95e+03 9.18e+03 8.51e+03 8.16e+03 7.98e+03 7.02e+03 6.75e+03 7.29e+03 7.12e+03 5.81e+03 6.15e+03 4.91e+03 5.57e+03 4.58e+03 4.86e+03 4.76e+03 4.51e+03 4.27e+03 4.02e+03 3.88e+03 3.61e+03 3.83e+03 3.44e+03 2.87e+03 2.96e+03 2.87e+03 2.76e+03 2.64e+03 2.55e+03 2.26e+03 2.12e+03 2.06e+03 2.08e+03 1.98e+03 1.75e+03
21250.00 1.64e+04 1.60e+04 1.53e+04 1.42e+04 1.40e+04 1.29e+04 1.28e+04 1.16e+04 1.15e+04 1.06e+04 1.04e+04 9.81e+03 9.47e+03 8.87e+03 9.69e+03 8.74e+03 7.17e+03 8.25e+03 7.69e+03 6.09e+03 6.77e+03 5.73e+03 5.87e+03 5.81e+03 5.62e+03 5.07e+03 5.12e+03 4.49e+03 3.93e+03 3.98e+03 4.01e+03 3.87e+03 3.30e+03 3.21e+03 3.30e+03 3.01e+03 2.96e+03 2.65e+03 2.40e+03 2.51e+03 2.36e+03 2.28e+03 2.22e+03 2.06e+03 2.11e+03 1.87e+03 1.67e+03 1.73e+03 1.63e+03 1.42e+03
21750.00 1.44e+04 1.40e+04 1.35e+04 1.27e+04 1.16e+04 1.13e+04 1.06e+04 1.05e+04 9.65e+03 8.99e+03 8.74e+03 8.52e+03 8.33e+03 7.72e+03 7.13e+03 7.25e+03 7.21e+03 6.82e+03 6.65e+03 5.89e+03 5.29e+03 5.07e+03 5.13e+03 4.78e+03 4.56e+03 4.57e+03 4.41e+03 4.21e+03 3.73e+03 3.42e+03 3.32e+03 3.13e+03 3.06e+03 3.02e+03 2.79e+03 2.45e+03 2.49e+03 2.36e+03 2.48e+03 2.14e+03 1.94e+03 1.94e+03 1.78e+03 1.86e+03 1.63e+03 1.56e+03 1.43e+03 1.41e+03 1.38e+03 1.26e+03
22250.00 1.22e+04 1.20e+04 1.16e+04 1.09e+04 9.88e+03 9.66e+03 9.28e+03 8.96e+03 8.06e+03 7.91e+03 7.40e+03 7.02e+03 7.10e+03 6.57e+03 5.65e+03 6.50e+03 6.03e+03 5.62e+03 5.01e+03 5.31e+03 4.62e+03 4.58e+03 3.98e+03 4.16e+03 4.05e+03 3.77e+03 3.62e+03 3.26e+03 3.27e+03 2.95e+03 3.06e+03 2.81e+03 2.57e+03 2.65e+03 2.54e+03 2.21e+03 2.14e+03 2.05e+03 1.88e+03 1.73e+03 1.67e+03 1.58e+03 1.57e+03 1.44e+03 1.42e+03 1.37e+03 1.31e+03 1.24e+03 1.21e+03 1.05e+03
22750.00 1.05e+04 1.04e+04 9.84e+03 9.33e+03 8.44e+03 8.50e+03 7.98e+03 7.57e+03 6.97e+03 7.05e+03 6.48e+03 6.21e+03 5.86e+03 6.33e+03 5.48e+03 5.23e+03 4.57e+03 5.09e+03 4.08e+03 4.41e+03 4.26e+03 3.81e+03 3.96e+03 3.43e+03 3.23e+03 2.97e+03 3.00e+03 3.09e+03 2.60e+03 2.56e+03 2.58e+03 2.31e+03 2.23e+03 2.31e+03 2.03e+03 1.89e+03 1.85e+03 1.66e+03 1.51e+03 1.56e+03 1.43e+03 1.37e+03 1.31e+03 1.24e+03 1.19e+03 1.15e+03 1.14e+03 1.10e+03 1.05e+03 9.46e+02
23250.00 9.04e+03 8.94e+03 8.16e+03 7.97e+03 7.48e+03 6.90e+03 6.89e+03 6.69e+03 6.05e+03 5.94e+03 4.93e+03 5.53e+03 5.28e+03 5.16e+03 4.45e+03 4.90e+03 4.18e+03 3.56e+03 4.14e+03 3.18e+03 3.54e+03 3.41e+03 3.30e+03 3.06e+03 2.65e+03 2.63e+03 2.43e+03 2.51e+03 2.09e+03 2.42e+03 2.04e+03 1.98e+03 2.06e+03 2.06e+03 1.72e+03 1.79e+03 1.63e+03 1.43e+03 1.49e+03 1.32e+03 1.20e+03 1.24e+03 1.09e+03 1.06e+03 1.13e+03 9.88e+02 1.01e+03 8.88e+02 8.60e+02 8.19e+02
23750.00 7.64e+03 7.49e+03 7.23e+03 6.98e+03 6.43e+03 5.95e+03 6.04e+03 5.60e+03 5.18e+03 5.18e+03 4.81e+03 4.72e+03 4.53e+03 3.86e+03 4.33e+03 4.00e+03 3.67e+03 3.56e+03 2.94e+03 3.12e+03 2.90e+03 2.99e+03 3.01e+03 2.39e+03 2.58e+03 2.26e+03 2.16e+03 2.15e+03 1.88e+03 1.98e+03 1.72e+03 1.73e+03 1.92e+03 1.81e+03 1.41e+03 1.55e+03 1.32e+03 1.17e+03 1.22e+03 1.07e+03 1.07e+03 1.11e+03 9.48e+02 1.02e+03 9.03e+02 8.63e+02 8.83e+02 8.02e+02 7.54e+02 7.68e+02
24250.00 6.69e+03 6.26e+03 6.23e+03 5.92e+03 5.60e+03 5.21e+03 4.95e+03 4.81e+03 4.67e+03 4.31e+03 3.71e+03 4.38e+03 3.94e+03 3.75e+03 3.80e+03 3.61e+03 3.20e+03 3.27e+03 2.52e+03 2.67e+03 2.63e+03 2.36e+03 2.34e+03 2.27e+03 2.27e+03 1.97e+03 2.14e+03 1.92e+03 1.52e+03 1.61e+03 1.59e+03 1.64e+03 1.50e+03 1.43e+03 1.31e+03 1.29e+03 1.22e+03 1.07e+03 1.03e+03 1.02e+03 9.57e+02 9.20e+02 8.78e+02 9.69e+02 7.85e+02 7.54e+02 6.94e+02 7.32e+02 6.58e+02 6.86e+02
24750.00 5.76e+03 5.42e+03 5.32e+03 5.05e+03 4.72e+03 4.53e+03 4.26e+03 4.15e+03 3.95e+03 3.76e+03 3.23e+03 3.56e+03 2.98e+03 3.27e+03 2.92e+03 3.05e+03 2.85e+03 2.54e+03 2.66e+03 2.41e+03 2.34e+03 2.12e+03 1.96e+03 1.99e+03 1.84e+03 1.67e+03 1.69e+03 1.54e+03 1.53e+03 1.37e+03 1.33e+03 1.37e+03 1.27e+03 1.17e+03 1.14e+03 1.15e+03 1.01e+03 9.85e+02 8.99e+02 9.11e+02 7.77e+02 7.53e+02 7.89e+02 7.53e+02 6.99e+02 5.93e+02 6.06e+02 6.08e+02 5.47e+02 5.23e+02
25250.00 4.98e+03 4.79e+03 4.54e+03 4.32e+03 4.04e+03 3.99e+03 3.68e+03 3.58e+03 3.39e+03 3.19e+03 3.05e+03 3.00e+03 2.56e+03 2.81e+03 2.31e+03 2.56e+03 2.29e+03 2.33e+03 2.17e+03 1.81e+03 1.98e+03 1.92e+03 1.70e+03 1.73e+03 1.53e+03 1.43e+03 1.42e+03 1.38e+03 1.36e+03 1.26e+03 1.18e+03 1.08e+03 1.08e+03 1.02e+03 1.01e+03 1.03e+03 8.85e+02 7.77e+02 8.44e+02 7.36e+02 6.56e+02 6.48e+02 6.74e+02 6.53e+02 5.52e+02 5.28e+02 5.05e+02 5.11e+02 4.96e+02 4.44e+02
25750.00 4.23e+03 4.09e+03 3.89e+03 3.74e+03 3.57e+03 3.42e+03 3.25e+03 3.02e+03 2.93e+03 2.88e+03 2.68e+03 2.60e+03 2.47e+03 2.34e+03 2.09e+03 2.08e+03 1.91e+03 2.10e+03 1.76e+03 1.63e+03 1.73e+03 1.46e+03 1.49e+03 1.30e+03 1.37e+03 1.36e+03 1.17e+03 1.17e+03 1.21e+03 1.01e+03 1.01e+03 9.44e+02 9.24e+02 9.71e+02 8.52e+02 8.19e+02 7.30e+02 7.11e+02 6.37e+02 6.62e+02 5.80e+02 5.63e+02 5.42e+02 5.47e+02 4.80e+02 4.53e+02 4.23e+02 4.29e+02 4.43e+02 3.93e+02
26250.00 3.61e+03 3.51e+03 3.37e+03 3.15e+03 3.07e+03 2.89e+03 2.78e+03 2.63e+03 2.52e+03 2.44e+03 2.28e+03 2.20e+03 2.09e+03 2.01e+03 1.87e+03 1.84e+03 1.66e+03 1.72e+03 1.55e+03 1.61e+03 1.51e+03 1.21e+03 1.29e+03 1.15e+03 1.16e+03 1.08e+03 1.12e+03 9.31e+02 1.03e+03 8.63e+02 8.61e+02 8.41e+02 8.17e+02 7.95e+02 7.18e+02 6.08e+02 6.19e+02 6.60e+02 5.49e+02 5.73e+02 4.94e+02 4.63e+02 4.68e+02 4.57e+02 4.23e+02 3.87e+02 3.55e+02 3.60e+02 3.77e+02 3.36e+02
26750.00 3.12e+03 3.00e+03 2.89e+03 2.74e+03 2.62e+03 2.48e+03 2.39e+03 2.27e+03 2.16e+03 2.08e+03 1.97e+03 1.88e+03 1.80e+03 1.73e+03 1.67e+03 1.60e+03 1.51e+03 1.46e+03 1.32e+03 1.39e+03 1.27e+03 1.10e+03 1.11e+03 1.01e+03 9.52e+02 1.03e+03 8.29e+02 8.73e+02 9.08e+02 7.43e+02 7.36e+02 7.31e+02 7.09e+02 6.34e+02 6.02e+02 5.27e+02 5.25e+02 5.27e+02 4.78e+02 4.76e+02 4.37e+02 4.05e+02 4.07e+02 3.88e+02 3.76e+02 3.47e+02 3.13e+02 2.96e+02 3.21e+02 2.85e+02
27250.00 2.68e+03 2.58e+03 2.44e+03 2.32e+03 2.23e+03 2.13e+03 2.05e+03 1.95e+03 1.86e+03 1.79e+03 1.69e+03 1.62e+03 1.55e+03 1.48e+03 1.44e+03 1.37e+03 1.30e+03 1.26e+03 1.21e+03 1.16e+03 1.07e+03 1.02e+03 9.26e+02 9.34e+02 8.31e+02 8.70e+02 8.66e+02 8.30e+02 7.70e+02 6.40e+02 6.85e+02 5.66e+02 5.90e+02 5.77e+02 4.86e+02 5.00e+02 5.02e+02 4.44e+02 4.25e+02 3.96e+02 4.03e+02 3.56e+02 3.72e+02 2.90e+02 3.34e+02 2.96e+02 2.87e+02 2.75e+02 2.52e+02 2.43e+02
27750.00 2.28e+03 2.19e+03 2.09e+03 1.99e+03 1.90e+03 1.82e+03 1.75e+03 1.67e+03 1.60e+03 1.54e+03 1.47e+03 1.39e+03 1.33e+03 1.28e+03 1.24e+03 1.16e+03 1.12e+03 1.08e+03 1.01e+03 1.02e+03 9.14e+02 8.84e+02 8.46e+02 8.20e+02 7.75e+02 7.38e+02 6.94e+02 6.67e+02 6.15e+02 6.35e+02 5.50e+02 5.49e+02 5.20e+02 5.14e+02 4.16e+02 4.40e+02 4.36e+02 3.66e+02 3.73e+02 3.10e+02 3.49e+02 2.90e+02 3.39e+02 2.89e+02 2.84e+02 2.59e+02 2.55e+02 2.38e+02 2.32e+02 2.07e+02
28250.00 1.95e+03 1.87e+03 1.78e+03 1.70e+03 1.63e+03 1.56e+03 1.49e+03 1.43e+03 1.37e+03 1.31e+03 1.25e+03 1.19e+03 1.14e+03 1.09e+03 1.05e+03 9.97e+02 9.59e+02 9.21e+02 8.70e+02 8.64e+02 7.94e+02 7.58e+02 7.24e+02 7.05e+02 6.70e+02 6.41e+02 5.99e+02 5.84e+02 5.50e+02 5.02e+02 5.09e+02 4.61e+02 4.10e+02 4.52e+02 3.74e+02 4.02e+02 3.59e+02 3.27e+02 3.25e+02 2.76e+02 3.01e+02 2.54e+02 2.65e+02 2.59e+02 2.45e+02 2.33e+02 2.22e+02 2.32e+02 1.87e+02 1.79e+02
28750.00 1.66e+03 1.59e+03 1.52e+03 1.46e+03 1.39e+03 1.33e+03 1.27e+03 1.22e+03 1.17e+03 1.12e+03 1.07e+03 1.02e+03 9.76e+02 9.38e+02 8.97e+02 8.55e+02 8.21e+02 7.87e+02 7.54e+02 7.20e+02 6.81e+02 6.50e+02 6.22e+02 6.03e+02 5.74e+02 5.47e+02 5.23e+02 5.01e+02 4.72e+02 4.50e+02 4.36e+02 4.19e+02 3.88e+02 3.78e+02 3.57e+02 3.33e+02 3.36e+02 2.76e+02 3.00e+02 2.44e+02 2.74e+02 2.22e+02 2.32e+02 2.22e+02 2.10e+02 2.06e+02 1.99e+02 1.92e+02 1.48e+02 1.58e+02
29250.00 1.41e+03 1.35e+03 1.30e+03 1.24e+03 1.19e+03 1.13e+03 1.09e+03 1.04e+03 9.98e+02 9.51e+02 9.08e+02 8.70e+02 8.33e+02 7.96e+02 7.65e+02 7.29e+02 6.99e+02 6.69e+02 6.41e+02 6.14e+02 5.83e+02 5.56e+02 5.36e+02 5.16e+02 4.86e+02 4.65e+02 4.47e+02 4.29e+02 4.05e+02 3.87e+02 3.71e+02 3.63e+02 3.36e+02 3.25e+02 3.10e+02 2.96e+02 2.76e+02 2.62e+02 2.51e+02 2.23e+02 2.23e+02 1.97e+02 2.14e+02 1.73e+02 1.89e+02 1.84e+02 1.76e+02 1.56e+02 1.31e+02 1.46e+02
29750.00 1.20e+03 1.15e+03 1.10e+03 1.06e+03 1.01e+03 9.65e+02 9.24e+02 8.84e+02 8.46e+02 8.11e+02 7.74e+02 7.41e+02 7.10e+02 6.79e+02 6.50e+02 6.23e+02 5.94e+02 5.69e+02 5.46e+02 5.21e+02 4.98e+02 4.78e+02 4.59e+02 4.38e+02 4.16e+02 3.98e+02 3.82e+02 3.66e+02 3.47e+02 3.31e+02 3.17e+02 3.11e+02 2.89e+02 2.78e+02 2.66e+02 2.54e+02 2.47e+02 2.26e+02 2.18e+02 2.06e+02 1.99e+02 1.89e+02 1.76e+02 1.57e+02 1.49e+02 1.56e+02 1.36e+02 1.23e+02 1.34e+02 1.12e+02
30250.00 1.02e+03 9.77e+02 9.35e+02 8.96e+02 8.56e+02 8.20e+02 7.84e+02 7.51e+02 7.18e+02 6.89e+02 6.60e+02 6.32e+02 6.05e+02 5.80e+02 5.53e+02 5.30e+02 5.06e+02 4.85e+02 4.64e+02 4.43e+02 4.25e+02 4.06e+02 3.88e+02 3.71e+02 3.55e+02 3.39e+02 3.25e+02 3.12e+02 2.96e+02 2.83e+02 2.71e+02 2.65e+02 2.49e+02 2.37e+02 2.27e+02 2.17e+02 2.12e+02 1.96e+02 1.87e+02 1.79e+02 1.71e+02 1.63e+02 1.53e+02 1.45e+02 1.38e+02 1.32e+02 1.24e+02 1.11e+02 1.04e+02 1.04e+02
30750.00 8.64e+02 8.27e+02 7.92e+02 7.60e+02 7.28e+02 6.96e+02 6.66e+02 6.37e+02 6.11e+02 5.85e+02 5.59e+02 5.35e+02 5.13e+02 4.91e+02 4.70e+02 4.51e+02 4.31e+02 4.13e+02 3.95e+02 3.77e+02 3.61e+02 3.45e+02 3.30e+02 3.16e+02 3.02e+02 2.89e+02 2.77e+02 2.65e+02 2.53e+02 2.42e+02 2.31e+02 2.25e+02 2.12e+02 2.02e+02 1.94e+02 1.85e+02 1.81e+02 1.69e+02 1.61e+02 1.53e+02 1.47e+02 1.40e+02 1.32e+02 1.26e+02 1.19e+02 1.15e+02 1.07e+02 1.02e+02 9.69e+01 9.13e+01
31250.00 7.33e+02 7.01e+02 6.71e+02 6.43e+02 6.16e+02 5.90e+02 5.65e+02 5.41e+02 5.18e+02 4.96e+02 4.75e+02 4.54e+02 4.35e+02 4.17e+02 3.99e+02 3.81e+02 3.65e+02 3.50e+02 3.34e+02 3.21e+02 3.07e+02 2.93e+02 2.81e+02 2.69e+02 2.57e+02 2.46e+02 2.35e+02 2.25e+02 2.15e+02 2.06e+02 1.97e+02 1.91e+02 1.81e+02 1.72e+02 1.65e+02 1.57e+02 1.54e+02 1.43e+02 1.37e+02 1.31e+02 1.25e+02 1.20e+02 1.13e+02 1.08e+02 1.03e+02 9.88e+01 9.27e+01 8.83e+01 8.36e+01 7.95e+01
31750.00 6.21e+02 5.95e+02 5.69e+02 5.45e+02 5.22e+02 5.00e+02 4.79e+02 4.58e+02 4.39e+02 4.20e+02 4.02e+02 3.86e+02 3.69e+02 3.53e+02 3.38e+02 3.24e+02 3.10e+02 2.97e+02 2.84e+02 2.71e+02 2.59e+02 2.49e+02 2.38e+02 2.28e+02 2.19e+02 2.09e+02 2.00e+02 1.91e+02 1.83e+02 1.75e+02 1.67e+02 1.62e+02 1.54e+02 1.46e+02 1.40e+02 1.34e+02 1.31e+02 1.22e+02 1.17e+02 1.11e+02 1.06e+02 1.02e+02 9.69e+01 9.24e+01 8.80e+01 8.45e+01 8.02e+01 7.60e+01 7.23e+01 6.98e+01
32250.00 5.25e+02 5.04e+02 4.82e+02 4.61e+02 4.43e+02 4.24e+02 4.06e+02 3.88e+02 3.72e+02 3.56e+02 3.41e+02 3.27e+02 3.12e+02 2.99e+02 2.87e+02 2.75e+02 2.63e+02 2.51e+02 2.41e+02 2.30e+02 2.21e+02 2.11e+02 2.02e+02 1.93e+02 1.85e+02 1.77e+02 1.69e+02 1.62e+02 1.55e+02 1.48e+02 1.42e+02 1.36e+02 1.32e+02 1.24e+02 1.19e+02 1.14e+02 1.09e+02 1.05e+02 9.94e+01 9.49e+01 9.07e+01 8.69e+01 8.29e+01 7.89e+01 7.52e+01 7.17e+01 6.89e+01 6.51e+01 6.20e+01 5.96e+01
32750.00 4.45e+02 4.26e+02 4.08e+02 3.91e+02 3.74e+02 3.58e+02 3.43e+02 3.29e+02 3.15e+02 3.01e+02 2.89e+02 2.76e+02 2.65e+02 2.53e+02 2.43e+02 2.32e+02 2.22e+02 2.13e+02 2.04e+02 1.95e+02 1.87e+02 1.79e+02 1.71e+02 1.64e+02 1.57e+02 1.50e+02 1.44e+02 1.37e+02 1.31e+02 1.26e+02 1.20e+02 1.15e+02 1.12e+02 1.06e+02 1.01e+02 9.67e+01 9.24e+01 8.99e+01 8.44e+01 8.08e+01 7.71e+01 7.38e+01 7.07e+01 6.73e+01 6.42e+01 6.12e+01 5.86e+01 5.56e+01 5.34e+01 5.09e+01
33250.00 3.76e+02 3.60e+02 3.45e+02 3.31e+02 3.16e+02 3.03e+02 2.90e+02 2.78e+02 2.66e+02 2.55e+02 2.44e+02 2.34e+02 2.24e+02 2.14e+02 2.05e+02 1.97e+02 1.88e+02 1.80e+02 1.72e+02 1.65e+02 1.58e+02 1.51e+02 1.45e+02 1.39e+02 1.33e+02 1.27e+02 1.22e+02 1.16e+02 1.11e+02 1.07e+02 1.02e+02 9.76e+01 9.38e+01 8.96e+01 8.58e+01 8.20e+01 7.84e+01 7.62e+01 7.17e+01 6.86e+01 6.55e+01 6.27e+01 6.00e+01 5.72e+01 5.46e+01 5.22e+01 5.00e+01 4.74e+01 4.54e+01 4.31e+01
33750.00 3.18e+02 3.04e+02 2.91e+02 2.79e+02 2.67e+02 2.56e+02 2.45e+02 2.35e+02 2.25e+02 2.16e+02 2.06e+02 1.98e+02 1.89e+02 1.81e+02 1.74e+02 1.66e+02 1.59e+02 1.52e+02 1.46e+02 1.40e+02 1.34e+02 1.28e+02 1.23e+02 1.17e+02 1.13e+02 1.08e+02 1.03e+02 9.86e+01 9.44e+01 9.04e+01 8.64e+01 8.27e+01 7.94e+01 7.58e+01 7.25e+01 6.93e+01 6.64e+01 6.45e+01 6.08e+01 5.82e+01 5.56e+01 5.32e+01 5.08e+01 4.86e+01 4.64e+01 4.43e+01 4.25e+01 4.04e+01 3.86e+01 3.68e+01
34250.00 2.68e+02 2.57e+02 2.46e+02 2.36e+02 2.26e+02 2.16e+02 2.07e+02 1.99e+02 1.90e+02 1.82e+02 1.74e+02 1.67e+02 1.60e+02 1.53e+02 1.47e+02 1.41e+02 1.35e+02 1.29e+02 1.23e+02 1.18e+02 1.13e+02 1.08e+02 1.04e+02 9.93e+01 9.52e+01 9.11e+01 8.72e+01 8.35e+01 7.99e+01 7.65e+01 7.32e+01 7.01e+01 6.71e+01 6.42e+01 6.14e+01 5.88e+01 5.62e+01 5.46e+01 5.15e+01 4.92e+01 4.70e+01 4.50e+01 4.31e+01 4.12e+01 3.94e+01 3.77e+01 3.61e+01 3.43e+01 3.28e+01 3.13e+01
34750.00 2.27e+02 2.17e+02 2.08e+02 1.99e+02 1.91e+02 1.83e+02 1.75e+02 1.68e+02 1.61e+02 1.54e+02 1.47e+02 1.41e+02 1.35e+02 1.29e+02 1.24e+02 1.19e+02 1.14e+02 1.09e+02 1.04e+02 9.99e+01 9.56e+01 9.16e+01 8.77e+01 8.39e+01 8.04e+01 7.70e+01 7.37e+01 7.06e+01 6.76e+01 6.47e+01 6.19e+01 5.93e+01 5.67e+01 5.44e+01 5.19e+01 4.98e+01 4.76e+01 4.59e+01 4.36e+01 4.17e+01 3.99e+01 3.81e+01 3.65e+01 3.49e+01 3.33e+01 3.19e+01 3.05e+01 2.92e+01 2.78e+01 2.66e+01
35250.00 1.91e+02 1.83e+02 1.75e+02 1.68e+02 1.61e+02 1.54e+02 1.48e+02 1.41e+02 1.36e+02 1.30e+02 1.24e+02 1.19e+02 1.14e+02 1.09e+02 1.05e+02 1.00e+02 9.60e+01 9.19e+01 8.80e+01 8.43e+01 8.08e+01 7.73e+01 7.40e+01 7.09e+01 6.79e+01 6.51e+01 6.23e+01 5.96e+01 5.71e+01 5.47e+01 5.23e+01 5.01e+01 4.80e+01 4.59e+01 4.39e+01 4.21e+01 4.02e+01 3.85e+01 3.69e+01 3.53e+01 3.37e+01 3.23e+01 3.09e+01 2.95e+01 2.82e+01 2.70e+01 2.58e+01 2.47e+01 2.36e+01 2.25e+01
35750.00 1.61e+02 1.54e+02 1.48e+02 1.42e+02 1.36e+02 1.30e+02 1.25e+02 1.19e+02 1.14e+02 1.10e+02 1.05e+02 1.00e+02 9.63e+01 9.22e+01 8.83e+01 8.46e+01 8.10e+01 7.76e+01 7.43e+01 7.12e+01 6.82e+01 6.53e+01 6.25e+01 5.99e+01 5.73e+01 5.49e+01 5.26e+01 5.03e+01 4.82e+01 4.62e+01 4.42e+01 4.23e+01 4.05e+01 3.88e+01 3.71e+01 3.56e+01 3.40e+01 3.26e+01 3.12e+01 2.98e+01 2.85e+01 2.73e+01 2.61e+01 2.50e+01 2.39e+01 2.28e+01 2.18e+01 2.09e+01 2.00e+01 1.91e+01
36250.00 1.36e+02 1.30e+02 1.25e+02 1.20e+02 1.15e+02 1.10e+02 1.05e+02 1.01e+02 9.65e+01 9.24e+01 8.85e+01 8.48e+01 8.12e+01 7.78e+01 7.45e+01 7.14e+01 6.84e+01 6.55e+01 6.27e+01 6.01e+01 5.75e+01 5.51e+01 5.28e+01 5.05e+01 4.84e+01 4.64e+01 4.44e+01 4.25e+01 4.07e+01 3.90e+01 3.73e+01 3.57e+01 3.42e+01 3.28e+01 3.14e+01 3.00e+01 2.88e+01 2.75e+01 2.63e+01 2.52e+01 2.41e+01 2.31e+01 2.21e+01 2.11e+01 2.02e+01 1.93e+01 1.85e+01 1.77e+01 1.69e+01 1.62e+01
36750.00 1.15e+02 1.10e+02 1.05e+02 1.01e+02 9.66e+01 9.25e+01 8.86e+01 8.49e+01 8.13e+01 7.79e+01 7.46e+01 7.15e+01 6.85e+01 6.56e+01 6.28e+01 6.02e+01 5.76e+01 5.52e+01 5.29e+01 5.07e+01 4.85e+01 4.65e+01 4.45e+01 4.26e+01 4.08e+01 3.91e+01 3.75e+01 3.59e+01 3.43e+01 3.29e+01 3.15e+01 3.02e+01 2.89e+01 2.77e+01 2.65e+01 2.54e+01 2.43e+01 2.32e+01 2.22e+01 2.13e+01 2.04e+01 1.95e+01 1.87e+01 1.79e+01 1.71e+01 1.63e+01 1.56e+01 1.50e+01 1.43e+01 1.37e+01
37250.00 9.66e+01 9.26e+01 8.87e+01 8.49e+01 8.14e+01 7.79e+01 7.47e+01 7.16e+01 6.85e+01 6.57e+01 6.29e+01 6.03e+01 5.77e+01 5.53e+01 5.30e+01 5.07e+01 4.86e+01 4.66e+01 4.46e+01 4.27e+01 4.09e+01 3.92e+01 3.75e+01 3.59e+01 3.44e+01 3.30e+01 3.16e+01 3.03e+01 2.90e+01 2.77e+01 2.66e+01 2.54e+01 2.44e+01 2.33e+01 2.24e+01 2.14e+01 2.05e+01 1.96e+01 1.88e+01 1.80e+01 1.72e+01 1.65e+01 1.58e+01 1.51e+01 1.44e+01 1.38e+01 1.32e+01 1.26e+01 1.21e+01 1.16e+01
37750.00 8.14e+01 7.80e+01 7.47e+01 7.16e+01 6.86e+01 6.57e+01 6.29e+01 6.03e+01 5.78e+01 5.53e+01 5.30e+01 5.08e+01 4.86e+01 4.66e+01 4.46e+01 4.28e+01 4.10e+01 3.92e+01 3.76e+01 3.60e+01 3.45e+01 3.30e+01 3.16e+01 3.03e+01 2.90e+01 2.78e+01 2.66e+01 2.55e+01 2.44e+01 2.34e+01 2.24e+01 2.15e+01 2.06e+01 1.97e+01 1.89e+01 1.80e+01 1.73e+01 1.65e+01 1.58e+01 1.52e+01 1.45e+01 1.39e+01 1.33e+01 1.27e+01 1.22e+01 1.17e+01 1.12e+01 1.07e+01 1.02e+01 9.77e+00
38250.00 6.86e+01 6.57e+01 6.29e+01 6.03e+01 5.78e+01 5.54e+01 5.30e+01 5.08e+01 4.87e+01 4.66e+01 4.47e+01 4.28e+01 4.10e+01 3.93e+01 3.76e+01 3.60e+01 3.45e+01 3.31e+01 3.17e+01 3.03e+01 2.91e+01 2.78e+01 2.67e+01 2.55e+01 2.45e+01 2.34e+01 2.25e+01 2.15e+01 2.06e+01 1.97e+01 1.89e+01 1.81e+01 1.73e+01 1.66e+01 1.59e+01 1.52e+01 1.46e+01 1.40e+01 1.34e+01 1.28e+01 1.23e+01 1.17e+01 1.12e+01 1.07e+01 1.03e+01 9.84e+00 9.42e+00 9.02e+00 8.63e+00 8.25e+00
38750.00 5.78e+01 5.53e+01 5.30e+01 5.08e+01 4.87e+01 4.66e+01 4.47e+01 4.28e+01 4.10e+01 3.93e+01 3.76e+01 3.60e+01 3.45e+01 3.31e+01 3.17e+01 3.04e+01 2.91e+01 2.79e+01 2.67e+01 2.56e+01 2.45e+01 2.35e+01 2.25e+01 2.15e+01 2.06e+01 1.98e+01 1.89e+01 1.81e+01 1.74e+01 1.66e+01 1.59e+01 1.53e+01 1.46e+01 1.40e+01 1.34e+01 1.28e+01 1.23e+01 1.18e+01 1.13e+01 1.08e+01 1.03e+01 9.89e+00 9.47e+00 9.07e+00 8.68e+00 8.31e+00 7.95e+00 7.61e+00 7.28e+00 6.97e+00
39250.00 4.87e+01 4.66e+01 4.47e+01 4.28e+01 4.10e+01 3.93e+01 3.76e+01 3.60e+01 3.45e+01 3.31e+01 3.17e+01 3.04e+01 2.91e+01 2.79e+01 2.67e+01 2.56e+01 2.45e+01 2.35e+01 2.25e+01 2.15e+01 2.06e+01 1.98e+01 1.89e+01 1.81e+01 1.74e+01 1.66e+01 1.59e+01 1.53e+01 1.46e+01 1.40e+01 1.34e+01 1.29e+01 1.23e+01 1.18e+01 1.13e+01 1.08e+01 1.04e+01 9.92e+00 9.50e+00 9.10e+00 8.71e+00 8.34e+00 7.99e+00 7.65e+00 7.32e+00 7.01e+00 6.71e+00 6.42e+00 6.15e+00 5.88e+00
39750.00 4.10e+01 3.93e+01 3.76e+01 3.60e+01 3.45e+01 3.31e+01 3.17e+01 3.04e+01 2.91e+01 2.79e+01 2.67e+01 2.56e+01 2.45e+01 2.35e+01 2.25e+01 2.15e+01 2.06e+01 1.98e+01 1.89e+01 1.81e+01 1.74e+01 1.66e+01 1.59e+01 1.53e+01 1.46e+01 1.40e+01 1.34e+01 1.29e+01 1.23e+01 1.18e+01 1.13e+01 1.08e+01 1.04e+01 9.94e+00 9.52e+00 9.12e+00 8.73e+00 8.36e+00 8.01e+00 7.67e+00 7.34e+00 7.03e+00 6.73e+00 6.45e+00 6.17e+00 5.91e+00 5.66e+00 5.42e+00 5.18e+00 4.96e+00
40250.00 3.45e+01 3.31e+01 3.17e+01 3.03e+01 2.91e+01 2.78e+01 2.67e+01 2.56e+01 2.45e+01 2.35e+01 2.25e+01 2.15e+01 2.06e+01 1.98e+01 1.89e+01 1.81e+01 1.74e+01 1.66e+01 1.59e+01 1.53e+01 1.46e+01 1.40e+01 1.34e+01 1.29e+01 1.23e+01 1.18e+01 1.13e+01 1.08e+01 1.04e+01 9.94e+00 9.52e+00 9.12e+00 8.74e+00 8.37e+00 8.02e+00 7.68e+00 7.35e+00 7.04e+00 6.75e+00 6.46e+00 6.19e+00 5.93e+00 5.67e+00 5.43e+00 5.20e+00 4.98e+00 4.77e+00 4.57e+00 4.37e+00 4.18e+00
