#NTIMES 5
#NVEL 40
#TIMES[d] 100 150 200 300 400
#vel_mid[km/s], ne [cm-3] 
2.500000e+02 7.563200e+07 2.321300e+07 9.819600e+06 2.870000e+06 1.163370e+06
7.500000e+02 6.600000e+07 2.028000e+07 8.619000e+06 2.521700e+06 1.022400e+06
1.250000e+03 5.712000e+07 1.737200e+07 7.439000e+06 2.176000e+06 8.888800e+05
1.750000e+03 4.862000e+07 1.485960e+07 6.335000e+06 1.868400e+06 7.615200e+05
2.250000e+03 4.162400e+07 1.270720e+07 5.416200e+06 1.606880e+06 6.600600e+05
2.750000e+03 3.532200e+07 1.080460e+07 4.618200e+06 1.365260e+06 5.637600e+05
3.250000e+03 2.992500e+07 9.164800e+06 3.927700e+06 1.164600e+06 4.832100e+05
3.750000e+03 2.548800e+07 7.783000e+06 3.330600e+06 9.955200e+05 4.117000e+05
4.250000e+03 2.153800e+07 6.624600e+06 2.833600e+06 8.427200e+05 3.512600e+05
4.750000e+03 1.836000e+07 5.612000e+06 2.399400e+06 7.161000e+05 2.999200e+05
5.250000e+03 1.556600e+07 4.754500e+06 2.038300e+06 6.110000e+05 2.548200e+05
5.750000e+03 1.315860e+07 4.039200e+06 1.722080e+06 5.159700e+05 2.162000e+05
6.250000e+03 1.118720e+07 3.421600e+06 1.463000e+06 4.393000e+05 1.833300e+05
6.750000e+03 9.527500e+06 2.910600e+06 1.245320e+06 3.724800e+05 1.559900e+05
7.250000e+03 8.316800e+06 2.538000e+06 1.084900e+06 3.247000e+05 1.366100e+05
7.750000e+03 7.480200e+06 2.300100e+06 9.809100e+05 2.926000e+05 1.225760e+05
8.250000e+03 6.876000e+06 2.097600e+06 8.965200e+05 2.674100e+05 1.125300e+05
8.750000e+03 6.319000e+06 1.929200e+06 8.224800e+05 2.447200e+05 1.019200e+05
9.250000e+03 5.755200e+06 1.738090e+06 7.421000e+05 2.208200e+05 9.200600e+04
9.750000e+03 5.167800e+06 1.559370e+06 6.621600e+05 1.958000e+05 8.155000e+04
1.025000e+04 4.540800e+06 1.372000e+06 5.825600e+05 1.716750e+05 7.038000e+04
1.075000e+04 4.268800e+06 1.275960e+06 5.046000e+05 1.468890e+05 5.936800e+04
1.125000e+04 3.658200e+06 1.088850e+06 4.693700e+05 1.242480e+05 4.929800e+04
1.175000e+04 3.096000e+06 9.212900e+05 3.977500e+05 1.043040e+05 4.046800e+04
1.225000e+04 2.595500e+06 7.758000e+05 3.330600e+05 8.785700e+04 3.336900e+04
1.275000e+04 2.183800e+06 6.534000e+05 2.784600e+05 7.474500e+04 2.845900e+04
1.325000e+04 1.843700e+06 5.490000e+05 2.347800e+05 6.324600e+04 2.415000e+04
1.375000e+04 1.553720e+06 4.600300e+05 1.954800e+05 5.392800e+04 2.067200e+04
1.425000e+04 1.299540e+06 3.848500e+05 1.643480e+05 4.573000e+04 1.755600e+04
1.475000e+04 1.093690e+06 3.239900e+05 1.375200e+05 3.887200e+04 1.499350e+04
1.525000e+04 9.254300e+05 2.738700e+05 1.164600e+05 3.321600e+04 1.286310e+04
1.575000e+04 7.725200e+05 2.309100e+05 9.774000e+04 2.817500e+04 1.093190e+04
1.625000e+04 6.497000e+05 1.933200e+05 8.208000e+04 2.389500e+04 9.291000e+03
1.675000e+04 5.464600e+05 1.628900e+05 6.912000e+04 2.029200e+04 7.968000e+03
1.725000e+04 4.618200e+05 1.369350e+05 5.814000e+04 1.722600e+04 6.787200e+03
1.775000e+04 3.884300e+05 1.152760e+05 4.896000e+04 1.458860e+04 5.780000e+03
1.825000e+04 3.275700e+05 9.701800e+04 4.122000e+04 1.233960e+04 4.919200e+03
1.875000e+04 2.756600e+05 8.162400e+04 3.474000e+04 1.044930e+04 4.169300e+03
1.925000e+04 2.309100e+05 6.894000e+04 2.916000e+04 8.813600e+03 3.535000e+03
1.975000e+04 1.951100e+05 5.781700e+04 2.448000e+04 7.716400e+03 2.975000e+03
