#NTIMES: 50
#NVEL: 81
#TIMES[d]: 199.16 202.03 204.93 207.87 210.86 213.89 216.97 220.09 223.25 226.46 229.71 233.01 236.36 239.76 243.21 246.70 250.25 253.85 257.50 261.20 264.95 268.76 272.62 276.54 280.51 284.55 288.64 292.79 296.99 301.26 305.59 309.99 314.44 318.96 323.55 328.19 332.91 337.70 342.55 347.48 352.47 357.54 362.68 367.89 373.18 378.54 383.98 389.50 395.10 400.78
#vel_mid[km/s] Edep_t0[erg/s/cm^3] Edep_t1[erg/s/cm^3] ... Edep_tn[erg/s/cm^3]
250.00 7.350e-08 6.741e-08 6.168e-08 5.644e-08 5.189e-08 4.747e-08 4.341e-08 3.971e-08 3.638e-08 3.334e-08 3.051e-08 2.791e-08 2.544e-08 2.323e-08 2.131e-08 1.949e-08 1.776e-08 1.621e-08 1.486e-08 1.351e-08 1.235e-08 1.123e-08 1.027e-08 9.350e-09 8.480e-09 7.760e-09 7.081e-09 6.441e-09 5.853e-09 5.319e-09 4.845e-09 4.415e-09 4.008e-09 3.631e-09 3.298e-09 2.998e-09 2.728e-09 2.470e-09 2.239e-09 2.027e-09 1.833e-09 1.662e-09 1.506e-09 1.364e-09 1.233e-09 1.113e-09 1.006e-09 9.090e-10 8.191e-10 7.400e-10
750.00 6.179e-08 5.669e-08 5.184e-08 4.759e-08 4.365e-08 3.993e-08 3.657e-08 3.348e-08 3.066e-08 2.805e-08 2.566e-08 2.348e-08 2.147e-08 1.964e-08 1.792e-08 1.640e-08 1.497e-08 1.368e-08 1.250e-08 1.141e-08 1.042e-08 9.502e-09 8.674e-09 7.912e-09 7.194e-09 6.567e-09 5.978e-09 5.443e-09 4.953e-09 4.506e-09 4.103e-09 3.733e-09 3.388e-09 3.079e-09 2.798e-09 2.539e-09 2.308e-09 2.093e-09 1.896e-09 1.721e-09 1.559e-09 1.414e-09 1.279e-09 1.158e-09 1.046e-09 9.457e-10 8.550e-10 7.716e-10 6.967e-10 6.286e-10
1250.00 5.033e-08 4.619e-08 4.226e-08 3.879e-08 3.559e-08 3.253e-08 2.985e-08 2.732e-08 2.502e-08 2.289e-08 2.098e-08 1.917e-08 1.757e-08 1.607e-08 1.468e-08 1.343e-08 1.228e-08 1.120e-08 1.025e-08 9.353e-09 8.550e-09 7.792e-09 7.106e-09 6.490e-09 5.910e-09 5.391e-09 4.914e-09 4.479e-09 4.070e-09 3.711e-09 3.378e-09 3.077e-09 2.794e-09 2.539e-09 2.310e-09 2.097e-09 1.903e-09 1.730e-09 1.568e-09 1.423e-09 1.289e-09 1.168e-09 1.058e-09 9.585e-10 8.667e-10 7.836e-10 7.091e-10 6.399e-10 5.776e-10 5.216e-10
1750.00 4.050e-08 3.712e-08 3.403e-08 3.126e-08 2.866e-08 2.625e-08 2.405e-08 2.205e-08 2.018e-08 1.850e-08 1.695e-08 1.551e-08 1.420e-08 1.299e-08 1.188e-08 1.087e-08 9.954e-09 9.081e-09 8.303e-09 7.598e-09 6.935e-09 6.335e-09 5.783e-09 5.276e-09 4.812e-09 4.387e-09 4.002e-09 3.648e-09 3.322e-09 3.028e-09 2.757e-09 2.510e-09 2.285e-09 2.078e-09 1.888e-09 1.714e-09 1.558e-09 1.416e-09 1.284e-09 1.166e-09 1.057e-09 9.587e-10 8.691e-10 7.864e-10 7.118e-10 6.436e-10 5.831e-10 5.268e-10 4.758e-10 4.294e-10
2250.00 3.236e-08 2.971e-08 2.724e-08 2.500e-08 2.295e-08 2.104e-08 1.930e-08 1.770e-08 1.621e-08 1.488e-08 1.363e-08 1.248e-08 1.142e-08 1.047e-08 9.564e-09 8.764e-09 8.027e-09 7.333e-09 6.705e-09 6.134e-09 5.602e-09 5.120e-09 4.674e-09 4.272e-09 3.901e-09 3.558e-09 3.246e-09 2.960e-09 2.699e-09 2.458e-09 2.241e-09 2.041e-09 1.858e-09 1.690e-09 1.538e-09 1.398e-09 1.271e-09 1.155e-09 1.049e-09 9.525e-10 8.637e-10 7.843e-10 7.102e-10 6.438e-10 5.833e-10 5.278e-10 4.774e-10 4.317e-10 3.903e-10 3.529e-10
2750.00 2.580e-08 2.369e-08 2.176e-08 1.998e-08 1.832e-08 1.682e-08 1.543e-08 1.416e-08 1.299e-08 1.192e-08 1.093e-08 1.001e-08 9.175e-09 8.399e-09 7.694e-09 7.050e-09 6.454e-09 5.900e-09 5.397e-09 4.945e-09 4.517e-09 4.129e-09 3.776e-09 3.449e-09 3.154e-09 2.879e-09 2.627e-09 2.396e-09 2.187e-09 1.994e-09 1.817e-09 1.656e-09 1.509e-09 1.373e-09 1.250e-09 1.138e-09 1.034e-09 9.407e-10 8.551e-10 7.767e-10 7.048e-10 6.396e-10 5.805e-10 5.266e-10 4.768e-10 4.318e-10 3.907e-10 3.535e-10 3.200e-10 2.892e-10
3250.00 2.052e-08 1.886e-08 1.732e-08 1.592e-08 1.461e-08 1.343e-08 1.232e-08 1.133e-08 1.038e-08 9.534e-09 8.742e-09 8.019e-09 7.350e-09 6.742e-09 6.173e-09 5.663e-09 5.183e-09 4.751e-09 4.347e-09 3.980e-09 3.641e-09 3.331e-09 3.045e-09 2.785e-09 2.546e-09 2.327e-09 2.125e-09 1.939e-09 1.771e-09 1.615e-09 1.474e-09 1.344e-09 1.225e-09 1.115e-09 1.017e-09 9.252e-10 8.422e-10 7.653e-10 6.962e-10 6.327e-10 5.749e-10 5.220e-10 4.738e-10 4.302e-10 3.900e-10 3.534e-10 3.197e-10 2.897e-10 2.622e-10 2.369e-10
3750.00 1.631e-08 1.500e-08 1.380e-08 1.267e-08 1.166e-08 1.071e-08 9.839e-09 9.042e-09 8.297e-09 7.622e-09 6.999e-09 6.421e-09 5.890e-09 5.405e-09 4.958e-09 4.545e-09 4.164e-09 3.818e-09 3.497e-09 3.204e-09 2.934e-09 2.686e-09 2.456e-09 2.249e-09 2.057e-09 1.881e-09 1.718e-09 1.570e-09 1.434e-09 1.310e-09 1.195e-09 1.091e-09 9.949e-10 9.070e-10 8.267e-10 7.527e-10 6.856e-10 6.233e-10 5.675e-10 5.159e-10 4.691e-10 4.265e-10 3.868e-10 3.512e-10 3.186e-10 2.889e-10 2.620e-10 2.372e-10 2.148e-10 1.943e-10
4250.00 1.297e-08 1.194e-08 1.098e-08 1.010e-08 9.292e-09 8.552e-09 7.857e-09 7.227e-09 6.640e-09 6.103e-09 5.601e-09 5.146e-09 4.727e-09 4.337e-09 3.981e-09 3.651e-09 3.350e-09 3.071e-09 2.816e-09 2.580e-09 2.365e-09 2.167e-09 1.984e-09 1.817e-09 1.662e-09 1.521e-09 1.392e-09 1.272e-09 1.163e-09 1.062e-09 9.698e-10 8.853e-10 8.082e-10 7.373e-10 6.725e-10 6.127e-10 5.581e-10 5.087e-10 4.631e-10 4.211e-10 3.832e-10 3.482e-10 3.165e-10 2.875e-10 2.608e-10 2.368e-10 2.146e-10 1.945e-10 1.762e-10 1.595e-10
4750.00 1.032e-08 9.516e-09 8.750e-09 8.060e-09 7.416e-09 6.825e-09 6.279e-09 5.777e-09 5.312e-09 4.883e-09 4.491e-09 4.129e-09 3.793e-09 3.483e-09 3.201e-09 2.937e-09 2.697e-09 2.475e-09 2.271e-09 2.083e-09 1.909e-09 1.751e-09 1.603e-09 1.468e-09 1.346e-09 1.232e-09 1.128e-09 1.032e-09 9.440e-10 8.627e-10 7.885e-10 7.200e-10 6.580e-10 6.004e-10 5.476e-10 4.995e-10 4.551e-10 4.151e-10 3.780e-10 3.441e-10 3.131e-10 2.850e-10 2.592e-10 2.353e-10 2.138e-10 1.941e-10 1.761e-10 1.596e-10 1.447e-10 1.311e-10
5250.00 8.225e-09 7.585e-09 6.983e-09 6.430e-09 5.929e-09 5.459e-09 5.026e-09 4.625e-09 4.256e-09 3.919e-09 3.605e-09 3.313e-09 3.049e-09 2.802e-09 2.574e-09 2.366e-09 2.173e-09 1.997e-09 1.832e-09 1.681e-09 1.543e-09 1.415e-09 1.299e-09 1.190e-09 1.091e-09 9.996e-10 9.155e-10 8.381e-10 7.667e-10 7.011e-10 6.414e-10 5.866e-10 5.356e-10 4.893e-10 4.470e-10 4.076e-10 3.719e-10 3.391e-10 3.092e-10 2.817e-10 2.563e-10 2.333e-10 2.123e-10 1.929e-10 1.753e-10 1.593e-10 1.447e-10 1.312e-10 1.189e-10 1.078e-10
5750.00 6.559e-09 6.055e-09 5.581e-09 5.143e-09 4.744e-09 4.370e-09 4.026e-09 3.711e-09 3.416e-09 3.145e-09 2.895e-09 2.667e-09 2.453e-09 2.257e-09 2.075e-09 1.908e-09 1.754e-09 1.612e-09 1.481e-09 1.361e-09 1.249e-09 1.147e-09 1.052e-09 9.653e-10 8.848e-10 8.113e-10 7.438e-10 6.812e-10 6.239e-10 5.713e-10 5.227e-10 4.779e-10 4.371e-10 3.995e-10 3.649e-10 3.332e-10 3.042e-10 2.774e-10 2.532e-10 2.307e-10 2.103e-10 1.913e-10 1.743e-10 1.584e-10 1.441e-10 1.310e-10 1.188e-10 1.079e-10 9.791e-11 8.877e-11
6250.00 5.241e-09 4.838e-09 4.466e-09 4.119e-09 3.799e-09 3.506e-09 3.232e-09 2.978e-09 2.747e-09 2.532e-09 2.332e-09 2.148e-09 1.977e-09 1.822e-09 1.675e-09 1.542e-09 1.419e-09 1.304e-09 1.200e-09 1.103e-09 1.013e-09 9.300e-10 8.542e-10 7.840e-10 7.201e-10 6.600e-10 6.052e-10 5.549e-10 5.089e-10 4.657e-10 4.266e-10 3.902e-10 3.571e-10 3.266e-10 2.986e-10 2.728e-10 2.493e-10 2.274e-10 2.076e-10 1.893e-10 1.725e-10 1.572e-10 1.432e-10 1.303e-10 1.186e-10 1.077e-10 9.792e-11 8.889e-11 8.072e-11 7.317e-11
6750.00 4.182e-09 3.861e-09 3.564e-09 3.291e-09 3.039e-09 2.806e-09 2.589e-09 2.387e-09 2.204e-09 2.031e-09 1.874e-09 1.726e-09 1.592e-09 1.466e-09 1.350e-09 1.243e-09 1.145e-09 1.053e-09 9.686e-10 8.917e-10 8.198e-10 7.531e-10 6.922e-10 6.360e-10 5.838e-10 5.356e-10 4.917e-10 4.509e-10 4.138e-10 3.790e-10 3.472e-10 3.181e-10 2.911e-10 2.663e-10 2.436e-10 2.226e-10 2.036e-10 1.858e-10 1.697e-10 1.548e-10 1.412e-10 1.286e-10 1.173e-10 1.068e-10 9.721e-11 8.840e-11 8.031e-11 7.303e-11 6.631e-11 6.017e-11
7250.00 3.250e-09 3.003e-09 2.777e-09 2.565e-09 2.369e-09 2.187e-09 2.019e-09 1.863e-09 1.721e-09 1.588e-09 1.465e-09 1.350e-09 1.244e-09 1.147e-09 1.057e-09 9.733e-10 8.966e-10 8.253e-10 7.602e-10 6.992e-10 6.432e-10 5.913e-10 5.438e-10 4.998e-10 4.590e-10 4.213e-10 3.871e-10 3.549e-10 3.258e-10 2.985e-10 2.736e-10 2.508e-10 2.296e-10 2.103e-10 1.923e-10 1.758e-10 1.608e-10 1.468e-10 1.340e-10 1.223e-10 1.117e-10 1.018e-10 9.282e-11 8.451e-11 7.692e-11 7.002e-11 6.364e-11 5.787e-11 5.250e-11 4.769e-11
7750.00 2.434e-09 2.250e-09 2.080e-09 1.920e-09 1.774e-09 1.640e-09 1.514e-09 1.397e-09 1.289e-09 1.190e-09 1.098e-09 1.012e-09 9.333e-10 8.607e-10 7.938e-10 7.308e-10 6.730e-10 6.199e-10 5.705e-10 5.247e-10 4.830e-10 4.441e-10 4.082e-10 3.751e-10 3.449e-10 3.168e-10 2.907e-10 2.668e-10 2.449e-10 2.245e-10 2.057e-10 1.885e-10 1.726e-10 1.579e-10 1.446e-10 1.323e-10 1.209e-10 1.104e-10 1.008e-10 9.212e-11 8.400e-11 7.657e-11 6.981e-11 6.363e-11 5.788e-11 5.270e-11 4.792e-11 4.356e-11 3.954e-11 3.589e-11
8250.00 1.756e-09 1.623e-09 1.499e-09 1.385e-09 1.279e-09 1.182e-09 1.091e-09 1.007e-09 9.294e-10 8.566e-10 7.909e-10 7.287e-10 6.718e-10 6.197e-10 5.707e-10 5.256e-10 4.840e-10 4.458e-10 4.104e-10 3.774e-10 3.472e-10 3.190e-10 2.933e-10 2.697e-10 2.478e-10 2.273e-10 2.087e-10 1.916e-10 1.757e-10 1.611e-10 1.476e-10 1.351e-10 1.237e-10 1.133e-10 1.036e-10 9.479e-11 8.661e-11 7.918e-11 7.224e-11 6.599e-11 6.017e-11 5.486e-11 4.997e-11 4.554e-11 4.147e-11 3.772e-11 3.427e-11 3.116e-11 2.829e-11 2.567e-11
8750.00 1.224e-09 1.130e-09 1.043e-09 9.637e-10 8.894e-10 8.208e-10 7.573e-10 6.986e-10 6.443e-10 5.942e-10 5.473e-10 5.048e-10 4.651e-10 4.285e-10 3.943e-10 3.629e-10 3.343e-10 3.073e-10 2.829e-10 2.602e-10 2.391e-10 2.198e-10 2.019e-10 1.854e-10 1.703e-10 1.563e-10 1.433e-10 1.315e-10 1.205e-10 1.105e-10 1.011e-10 9.263e-11 8.478e-11 7.757e-11 7.096e-11 6.480e-11 5.921e-11 5.411e-11 4.934e-11 4.503e-11 4.105e-11 3.744e-11 3.409e-11 3.102e-11 2.823e-11 2.570e-11 2.335e-11 2.120e-11 1.926e-11 1.747e-11
9250.00 8.254e-10 7.616e-10 7.023e-10 6.477e-10 5.975e-10 5.507e-10 5.079e-10 4.681e-10 4.310e-10 3.969e-10 3.655e-10 3.365e-10 3.100e-10 2.852e-10 2.625e-10 2.413e-10 2.220e-10 2.041e-10 1.874e-10 1.722e-10 1.582e-10 1.452e-10 1.333e-10 1.224e-10 1.121e-10 1.029e-10 9.434e-11 8.640e-11 7.909e-11 7.249e-11 6.633e-11 6.064e-11 5.546e-11 5.073e-11 4.634e-11 4.234e-11 3.865e-11 3.526e-11 3.217e-11 2.932e-11 2.670e-11 2.432e-11 2.215e-11 2.014e-11 1.832e-11 1.665e-11 1.512e-11 1.373e-11 1.245e-11 1.129e-11
9750.00 5.422e-10 4.990e-10 4.599e-10 4.234e-10 3.898e-10 3.588e-10 3.303e-10 3.040e-10 2.795e-10 2.571e-10 2.363e-10 2.173e-10 1.999e-10 1.835e-10 1.686e-10 1.548e-10 1.422e-10 1.305e-10 1.198e-10 1.099e-10 1.007e-10 9.238e-11 8.461e-11 7.755e-11 7.101e-11 6.505e-11 5.952e-11 5.450e-11 4.982e-11 4.555e-11 4.165e-11 3.805e-11 3.477e-11 3.173e-11 2.895e-11 2.640e-11 2.408e-11 2.195e-11 2.000e-11 1.821e-11 1.656e-11 1.507e-11 1.370e-11 1.245e-11 1.132e-11 1.027e-11 9.316e-12 8.450e-12 7.658e-12 6.936e-12
10250.00 3.490e-10 3.210e-10 2.950e-10 2.709e-10 2.488e-10 2.285e-10 2.100e-10 1.928e-10 1.769e-10 1.625e-10 1.490e-10 1.367e-10 1.253e-10 1.149e-10 1.054e-10 9.655e-11 8.839e-11 8.100e-11 7.416e-11 6.789e-11 6.211e-11 5.681e-11 5.194e-11 4.753e-11 4.341e-11 3.967e-11 3.626e-11 3.310e-11 3.019e-11 2.756e-11 2.513e-11 2.292e-11 2.089e-11 1.903e-11 1.735e-11 1.578e-11 1.437e-11 1.307e-11 1.188e-11 1.080e-11 9.801e-12 8.899e-12 8.077e-12 7.327e-12 6.642e-12 6.023e-12 5.453e-12 4.936e-12 4.468e-12 4.040e-12
10750.00 2.234e-10 2.048e-10 1.876e-10 1.719e-10 1.574e-10 1.443e-10 1.321e-10 1.210e-10 1.107e-10 1.012e-10 9.264e-11 8.477e-11 7.751e-11 7.079e-11 6.472e-11 5.912e-11 5.398e-11 4.932e-11 4.504e-11 4.107e-11 3.749e-11 3.419e-11 3.116e-11 2.842e-11 2.589e-11 2.359e-11 2.149e-11 1.955e-11 1.779e-11 1.618e-11 1.472e-11 1.338e-11 1.216e-11 1.104e-11 1.003e-11 9.105e-12 8.260e-12 7.489e-12 6.786e-12 6.152e-12 5.570e-12 5.041e-12 4.565e-12 4.126e-12 3.733e-12 3.373e-12 3.045e-12 2.748e-12 2.480e-12 2.236e-12
11250.00 1.446e-10 1.321e-10 1.208e-10 1.104e-10 1.007e-10 9.197e-11 8.391e-11 7.660e-11 6.988e-11 6.369e-11 5.807e-11 5.297e-11 4.827e-11 4.395e-11 4.001e-11 3.644e-11 3.313e-11 3.016e-11 2.743e-11 2.491e-11 2.265e-11 2.058e-11 1.869e-11 1.697e-11 1.539e-11 1.398e-11 1.267e-11 1.149e-11 1.042e-11 9.439e-12 8.540e-12 7.735e-12 6.993e-12 6.328e-12 5.727e-12 5.173e-12 4.672e-12 4.218e-12 3.809e-12 3.437e-12 3.100e-12 2.792e-12 2.516e-12 2.267e-12 2.040e-12 1.835e-12 1.652e-12 1.484e-12 1.332e-12 1.197e-12
11750.00 9.739e-11 8.872e-11 8.086e-11 7.366e-11 6.708e-11 6.103e-11 5.552e-11 5.052e-11 4.591e-11 4.178e-11 3.796e-11 3.450e-11 3.129e-11 2.839e-11 2.578e-11 2.338e-11 2.121e-11 1.921e-11 1.741e-11 1.576e-11 1.427e-11 1.292e-11 1.168e-11 1.055e-11 9.538e-12 8.621e-12 7.785e-12 7.032e-12 6.340e-12 5.717e-12 5.154e-12 4.645e-12 4.179e-12 3.763e-12 3.389e-12 3.046e-12 2.739e-12 2.461e-12 2.209e-12 1.982e-12 1.777e-12 1.593e-12 1.428e-12 1.280e-12 1.146e-12 1.025e-12 9.171e-13 8.195e-13 7.312e-13 6.528e-13
12250.00 7.009e-11 6.371e-11 5.798e-11 5.276e-11 4.796e-11 4.355e-11 3.959e-11 3.593e-11 3.260e-11 2.961e-11 2.684e-11 2.435e-11 2.207e-11 1.998e-11 1.810e-11 1.638e-11 1.482e-11 1.340e-11 1.211e-11 1.094e-11 9.885e-12 8.918e-12 8.049e-12 7.263e-12 6.539e-12 5.895e-12 5.313e-12 4.781e-12 4.301e-12 3.867e-12 3.476e-12 3.121e-12 2.803e-12 2.515e-12 2.256e-12 2.021e-12 1.812e-12 1.623e-12 1.450e-12 1.298e-12 1.159e-12 1.035e-12 9.241e-13 8.243e-13 7.355e-13 6.557e-13 5.838e-13 5.195e-13 4.620e-13 4.105e-13
12750.00 5.344e-11 4.862e-11 4.422e-11 4.021e-11 3.657e-11 3.322e-11 3.016e-11 2.739e-11 2.486e-11 2.257e-11 2.046e-11 1.855e-11 1.679e-11 1.523e-11 1.378e-11 1.247e-11 1.128e-11 1.019e-11 9.222e-12 8.323e-12 7.521e-12 6.787e-12 6.118e-12 5.516e-12 4.972e-12 4.480e-12 4.032e-12 3.628e-12 3.263e-12 2.934e-12 2.637e-12 2.368e-12 2.125e-12 1.906e-12 1.710e-12 1.532e-12 1.371e-12 1.229e-12 1.098e-12 9.816e-13 8.764e-13 7.827e-13 6.986e-13 6.230e-13 5.552e-13 4.947e-13 4.401e-13 3.917e-13 3.481e-13 3.092e-13
13250.00 4.126e-11 3.750e-11 3.414e-11 3.103e-11 2.823e-11 2.562e-11 2.329e-11 2.116e-11 1.920e-11 1.741e-11 1.580e-11 1.432e-11 1.297e-11 1.175e-11 1.064e-11 9.633e-12 8.716e-12 7.880e-12 7.119e-12 6.427e-12 5.810e-12 5.239e-12 4.729e-12 4.264e-12 3.843e-12 3.461e-12 3.117e-12 2.805e-12 2.525e-12 2.269e-12 2.040e-12 1.830e-12 1.643e-12 1.474e-12 1.322e-12 1.185e-12 1.060e-12 9.500e-13 8.496e-13 7.595e-13 6.785e-13 6.060e-13 5.407e-13 4.818e-13 4.298e-13 3.832e-13 3.408e-13 3.032e-13 2.695e-13 2.395e-13
13750.00 3.196e-11 2.908e-11 2.645e-11 2.406e-11 2.187e-11 1.988e-11 1.806e-11 1.639e-11 1.488e-11 1.349e-11 1.225e-11 1.110e-11 1.005e-11 9.119e-12 8.251e-12 7.476e-12 6.762e-12 6.109e-12 5.527e-12 4.992e-12 4.503e-12 4.067e-12 3.669e-12 3.309e-12 2.984e-12 2.686e-12 2.419e-12 2.177e-12 1.958e-12 1.762e-12 1.584e-12 1.422e-12 1.277e-12 1.144e-12 1.027e-12 9.205e-13 8.243e-13 7.382e-13 6.596e-13 5.903e-13 5.268e-13 4.707e-13 4.204e-13 3.746e-13 3.342e-13 2.977e-13 2.649e-13 2.359e-13 2.096e-13 1.863e-13
14250.00 2.484e-11 2.261e-11 2.057e-11 1.872e-11 1.701e-11 1.546e-11 1.404e-11 1.276e-11 1.158e-11 1.051e-11 9.530e-12 8.645e-12 7.832e-12 7.096e-12 6.423e-12 5.816e-12 5.260e-12 4.753e-12 4.299e-12 3.886e-12 3.509e-12 3.166e-12 2.859e-12 2.577e-12 2.323e-12 2.094e-12 1.884e-12 1.697e-12 1.527e-12 1.372e-12 1.234e-12 1.108e-12 9.948e-13 8.923e-13 8.003e-13 7.180e-13 6.426e-13 5.752e-13 5.146e-13 4.602e-13 4.109e-13 3.670e-13 3.278e-13 2.923e-13 2.606e-13 2.322e-13 2.069e-13 1.840e-13 1.636e-13 1.454e-13
14750.00 1.940e-11 1.766e-11 1.605e-11 1.460e-11 1.328e-11 1.207e-11 1.096e-11 9.957e-12 9.040e-12 8.202e-12 7.442e-12 6.748e-12 6.111e-12 5.542e-12 5.017e-12 4.540e-12 4.109e-12 3.714e-12 3.358e-12 3.034e-12 2.739e-12 2.475e-12 2.233e-12 2.013e-12 1.814e-12 1.635e-12 1.473e-12 1.326e-12 1.193e-12 1.073e-12 9.644e-13 8.659e-13 7.775e-13 6.973e-13 6.260e-13 5.611e-13 5.022e-13 4.499e-13 4.027e-13 3.598e-13 3.218e-13 2.871e-13 2.564e-13 2.287e-13 2.039e-13 1.818e-13 1.618e-13 1.441e-13 1.281e-13 1.139e-13
15250.00 1.518e-11 1.381e-11 1.257e-11 1.143e-11 1.040e-11 9.441e-12 8.585e-12 7.793e-12 7.081e-12 6.421e-12 5.828e-12 5.281e-12 4.790e-12 4.339e-12 3.927e-12 3.558e-12 3.221e-12 2.909e-12 2.631e-12 2.377e-12 2.146e-12 1.940e-12 1.751e-12 1.579e-12 1.422e-12 1.282e-12 1.155e-12 1.040e-12 9.359e-13 8.411e-13 7.560e-13 6.789e-13 6.102e-13 5.474e-13 4.907e-13 4.403e-13 3.942e-13 3.532e-13 3.160e-13 2.825e-13 2.524e-13 2.255e-13 2.013e-13 1.796e-13 1.600e-13 1.427e-13 1.272e-13 1.131e-13 1.006e-13 8.932e-14
15750.00 1.191e-11 1.084e-11 9.865e-12 8.973e-12 8.159e-12 7.413e-12 6.741e-12 6.120e-12 5.559e-12 5.040e-12 4.576e-12 4.148e-12 3.763e-12 3.410e-12 3.085e-12 2.793e-12 2.530e-12 2.287e-12 2.067e-12 1.869e-12 1.687e-12 1.525e-12 1.376e-12 1.241e-12 1.118e-12 1.007e-12 9.081e-13 8.172e-13 7.355e-13 6.615e-13 5.945e-13 5.342e-13 4.794e-13 4.302e-13 3.860e-13 3.464e-13 3.101e-13 2.775e-13 2.485e-13 2.222e-13 1.987e-13 1.775e-13 1.584e-13 1.413e-13 1.259e-13 1.124e-13 1.001e-13 8.905e-14 7.920e-14 7.039e-14
16250.00 9.366e-12 8.531e-12 7.761e-12 7.063e-12 6.417e-12 5.837e-12 5.299e-12 4.814e-12 4.376e-12 3.967e-12 3.603e-12 3.265e-12 2.963e-12 2.682e-12 2.430e-12 2.201e-12 1.992e-12 1.801e-12 1.628e-12 1.472e-12 1.329e-12 1.200e-12 1.083e-12 9.766e-13 8.810e-13 7.934e-13 7.155e-13 6.436e-13 5.796e-13 5.210e-13 4.686e-13 4.212e-13 3.782e-13 3.391e-13 3.043e-13 2.730e-13 2.446e-13 2.189e-13 1.960e-13 1.753e-13 1.566e-13 1.399e-13 1.250e-13 1.115e-13 9.942e-14 8.868e-14 7.895e-14 7.031e-14 6.250e-14 5.558e-14
16750.00 7.388e-12 6.730e-12 6.123e-12 5.568e-12 5.066e-12 4.602e-12 4.182e-12 3.799e-12 3.450e-12 3.130e-12 2.842e-12 2.576e-12 2.338e-12 2.116e-12 1.918e-12 1.736e-12 1.571e-12 1.422e-12 1.285e-12 1.162e-12 1.050e-12 9.472e-13 8.557e-13 7.717e-13 6.959e-13 6.267e-13 5.648e-13 5.087e-13 4.578e-13 4.117e-13 3.699e-13 3.326e-13 2.985e-13 2.681e-13 2.405e-13 2.156e-13 1.933e-13 1.730e-13 1.549e-13 1.386e-13 1.239e-13 1.107e-13 9.873e-14 8.818e-14 7.862e-14 7.007e-14 6.242e-14 5.562e-14 4.946e-14 4.394e-14
17250.00 5.841e-12 5.317e-12 4.836e-12 4.401e-12 4.004e-12 3.639e-12 3.304e-12 3.005e-12 2.728e-12 2.474e-12 2.246e-12 2.037e-12 1.847e-12 1.674e-12 1.517e-12 1.373e-12 1.243e-12 1.125e-12 1.016e-12 9.191e-13 8.298e-13 7.494e-13 6.768e-13 6.101e-13 5.507e-13 4.961e-13 4.468e-13 4.026e-13 3.625e-13 3.260e-13 2.930e-13 2.633e-13 2.364e-13 2.122e-13 1.905e-13 1.708e-13 1.532e-13 1.370e-13 1.227e-13 1.097e-13 9.813e-14 8.763e-14 7.831e-14 6.993e-14 6.232e-14 5.556e-14 4.950e-14 4.405e-14 3.923e-14 3.484e-14
17750.00 4.625e-12 4.212e-12 3.831e-12 3.486e-12 3.171e-12 2.882e-12 2.617e-12 2.379e-12 2.162e-12 1.961e-12 1.779e-12 1.614e-12 1.464e-12 1.326e-12 1.202e-12 1.088e-12 9.854e-13 8.917e-13 8.052e-13 7.288e-13 6.578e-13 5.940e-13 5.363e-13 4.838e-13 4.365e-13 3.934e-13 3.545e-13 3.190e-13 2.874e-13 2.586e-13 2.323e-13 2.090e-13 1.876e-13 1.685e-13 1.511e-13 1.355e-13 1.215e-13 1.087e-13 9.742e-14 8.715e-14 7.791e-14 6.959e-14 6.213e-14 5.550e-14 4.949e-14 4.409e-14 3.929e-14 3.500e-14 3.116e-14 2.768e-14
18250.00 3.667e-12 3.339e-12 3.040e-12 2.764e-12 2.515e-12 2.288e-12 2.076e-12 1.889e-12 1.714e-12 1.557e-12 1.412e-12 1.281e-12 1.161e-12 1.052e-12 9.541e-13 8.638e-13 7.821e-13 7.081e-13 6.394e-13 5.785e-13 5.226e-13 4.720e-13 4.264e-13 3.842e-13 3.467e-13 3.127e-13 2.817e-13 2.535e-13 2.282e-13 2.053e-13 1.847e-13 1.661e-13 1.491e-13 1.338e-13 1.200e-13 1.077e-13 9.664e-14 8.651e-14 7.749e-14 6.928e-14 6.195e-14 5.534e-14 4.943e-14 4.412e-14 3.935e-14 3.507e-14 3.130e-14 2.784e-14 2.477e-14 2.203e-14
18750.00 2.915e-12 2.653e-12 2.415e-12 2.198e-12 1.999e-12 1.818e-12 1.651e-12 1.501e-12 1.363e-12 1.237e-12 1.123e-12 1.019e-12 9.240e-13 8.375e-13 7.589e-13 6.869e-13 6.223e-13 5.627e-13 5.088e-13 4.600e-13 4.158e-13 3.754e-13 3.390e-13 3.059e-13 2.759e-13 2.486e-13 2.239e-13 2.019e-13 1.817e-13 1.635e-13 1.470e-13 1.322e-13 1.187e-13 1.066e-13 9.557e-14 8.578e-14 7.694e-14 6.884e-14 6.170e-14 5.519e-14 4.935e-14 4.412e-14 3.937e-14 3.516e-14 3.138e-14 2.794e-14 2.493e-14 2.219e-14 1.975e-14 1.756e-14
19250.00 2.319e-12 2.112e-12 1.923e-12 1.750e-12 1.591e-12 1.448e-12 1.315e-12 1.195e-12 1.085e-12 9.849e-13 8.945e-13 8.116e-13 7.353e-13 6.669e-13 6.045e-13 5.472e-13 4.954e-13 4.484e-13 4.054e-13 3.665e-13 3.314e-13 2.991e-13 2.702e-13 2.437e-13 2.198e-13 1.983e-13 1.786e-13 1.609e-13 1.448e-13 1.304e-13 1.172e-13 1.053e-13 9.462e-14 8.498e-14 7.627e-14 6.837e-14 6.134e-14 5.493e-14 4.923e-14 4.404e-14 3.936e-14 3.518e-14 3.142e-14 2.806e-14 2.504e-14 2.231e-14 1.989e-14 1.772e-14 1.577e-14 1.402e-14
19750.00 1.849e-12 1.684e-12 1.532e-12 1.394e-12 1.269e-12 1.154e-12 1.048e-12 9.524e-13 8.656e-13 7.854e-13 7.132e-13 6.471e-13 5.868e-13 5.323e-13 4.821e-13 4.362e-13 3.951e-13 3.577e-13 3.235e-13 2.926e-13 2.644e-13 2.387e-13 2.157e-13 1.945e-13 1.755e-13 1.582e-13 1.426e-13 1.284e-13 1.157e-13 1.040e-13 9.357e-14 8.413e-14 7.558e-14 6.789e-14 6.090e-14 5.465e-14 4.901e-14 4.389e-14 3.929e-14 3.520e-14 3.146e-14 2.811e-14 2.512e-14 2.243e-14 2.001e-14 1.783e-14 1.590e-14 1.416e-14 1.260e-14 1.121e-14
20250.00 1.475e-12 1.343e-12 1.224e-12 1.113e-12 1.012e-12 9.211e-13 8.375e-13 7.608e-13 6.912e-13 6.275e-13 5.696e-13 5.165e-13 4.688e-13 4.251e-13 3.848e-13 3.488e-13 3.157e-13 2.858e-13 2.586e-13 2.338e-13 2.113e-13 1.907e-13 1.723e-13 1.555e-13 1.403e-13 1.265e-13 1.140e-13 1.026e-13 9.249e-14 8.316e-14 7.480e-14 6.728e-14 6.048e-14 5.426e-14 4.871e-14 4.369e-14 3.921e-14 3.514e-14 3.146e-14 2.815e-14 2.517e-14 2.250e-14 2.011e-14 1.794e-14 1.603e-14 1.428e-14 1.273e-14 1.135e-14 1.010e-14 8.979e-15
20750.00 1.179e-12 1.075e-12 9.782e-13 8.901e-13 8.101e-13 7.360e-13 6.691e-13 6.080e-13 5.527e-13 5.017e-13 4.556e-13 4.131e-13 3.750e-13 3.400e-13 3.081e-13 2.791e-13 2.527e-13 2.286e-13 2.068e-13 1.869e-13 1.691e-13 1.526e-13 1.378e-13 1.244e-13 1.123e-13 1.012e-13 9.118e-14 8.217e-14 7.400e-14 6.661e-14 5.993e-14 5.387e-14 4.840e-14 4.345e-14 3.901e-14 3.500e-14 3.138e-14 2.813e-14 2.518e-14 2.257e-14 2.018e-14 1.804e-14 1.612e-14 1.438e-14 1.285e-14 1.144e-14 1.021e-14 9.093e-15 8.091e-15 7.205e-15
21250.00 9.432e-13 8.598e-13 7.828e-13 7.121e-13 6.479e-13 5.893e-13 5.360e-13 4.866e-13 4.426e-13 4.019e-13 3.646e-13 3.311e-13 3.001e-13 2.723e-13 2.465e-13 2.234e-13 2.022e-13 1.833e-13 1.657e-13 1.498e-13 1.355e-13 1.223e-13 1.105e-13 9.977e-14 8.991e-14 8.112e-14 7.313e-14 6.584e-14 5.934e-14 5.341e-14 4.803e-14 4.317e-14 3.882e-14 3.487e-14 3.131e-14 2.808e-14 2.518e-14 2.257e-14 2.020e-14 1.809e-14 1.618e-14 1.447e-14 1.293e-14 1.155e-14 1.031e-14 9.193e-15 8.191e-15 7.301e-15 6.495e-15 5.786e-15
21750.00 7.562e-13 6.889e-13 6.275e-13 5.708e-13 5.195e-13 4.727e-13 4.297e-13 3.901e-13 3.547e-13 3.221e-13 2.925e-13 2.651e-13 2.408e-13 2.183e-13 1.977e-13 1.792e-13 1.622e-13 1.470e-13 1.329e-13 1.201e-13 1.086e-13 9.818e-14 8.856e-14 8.004e-14 7.214e-14 6.510e-14 5.873e-14 5.288e-14 4.761e-14 4.286e-14 3.856e-14 3.468e-14 3.116e-14 2.799e-14 2.513e-14 2.254e-14 2.022e-14 1.813e-14 1.622e-14 1.454e-14 1.300e-14 1.162e-14 1.039e-14 9.272e-15 8.280e-15 7.384e-15 6.584e-15 5.867e-15 5.223e-15 4.648e-15
22250.00 6.066e-13 5.529e-13 5.034e-13 4.581e-13 4.167e-13 3.791e-13 3.448e-13 3.132e-13 2.847e-13 2.586e-13 2.347e-13 2.128e-13 1.932e-13 1.751e-13 1.588e-13 1.439e-13 1.303e-13 1.180e-13 1.068e-13 9.648e-14 8.726e-14 7.887e-14 7.116e-14 6.428e-14 5.796e-14 5.232e-14 4.713e-14 4.248e-14 3.828e-14 3.445e-14 3.099e-14 2.785e-14 2.506e-14 2.249e-14 2.020e-14 1.811e-14 1.625e-14 1.458e-14 1.305e-14 1.169e-14 1.046e-14 9.351e-15 8.356e-15 7.456e-15 6.664e-15 5.943e-15 5.294e-15 4.723e-15 4.203e-15 3.739e-15
22750.00 4.871e-13 4.440e-13 4.045e-13 3.678e-13 3.348e-13 3.044e-13 2.769e-13 2.515e-13 2.288e-13 2.078e-13 1.885e-13 1.711e-13 1.553e-13 1.407e-13 1.277e-13 1.156e-13 1.046e-13 9.478e-14 8.576e-14 7.758e-14 7.011e-14 6.339e-14 5.718e-14 5.168e-14 4.663e-14 4.206e-14 3.791e-14 3.416e-14 3.078e-14 2.771e-14 2.493e-14 2.240e-14 2.015e-14 1.810e-14 1.626e-14 1.457e-14 1.309e-14 1.174e-14 1.050e-14 9.403e-15 8.416e-15 7.524e-15 6.727e-15 6.006e-15 5.361e-15 4.787e-15 4.265e-15 3.802e-15 3.387e-15 3.015e-15
23250.00 3.916e-13 3.568e-13 3.250e-13 2.960e-13 2.692e-13 2.448e-13 2.226e-13 2.023e-13 1.839e-13 1.670e-13 1.517e-13 1.376e-13 1.249e-13 1.132e-13 1.026e-13 9.302e-14 8.423e-14 7.630e-14 6.904e-14 6.239e-14 5.644e-14 5.102e-14 4.604e-14 4.159e-14 3.753e-14 3.386e-14 3.054e-14 2.751e-14 2.478e-14 2.230e-14 2.007e-14 1.804e-14 1.623e-14 1.458e-14 1.310e-14 1.174e-14 1.054e-14 9.450e-15 8.466e-15 7.578e-15 6.782e-15 6.064e-15 5.419e-15 4.840e-15 4.321e-15 3.859e-15 3.438e-15 3.067e-15 2.730e-15 2.430e-15
23750.00 3.152e-13 2.873e-13 2.615e-13 2.380e-13 2.166e-13 1.971e-13 1.792e-13 1.629e-13 1.481e-13 1.345e-13 1.221e-13 1.109e-13 1.006e-13 9.115e-14 8.267e-14 7.488e-14 6.784e-14 6.146e-14 5.564e-14 5.029e-14 4.546e-14 4.111e-14 3.708e-14 3.351e-14 3.026e-14 2.729e-14 2.461e-14 2.216e-14 1.996e-14 1.798e-14 1.618e-14 1.456e-14 1.308e-14 1.176e-14 1.055e-14 9.472e-15 8.493e-15 7.625e-15 6.831e-15 6.113e-15 5.474e-15 4.894e-15 4.374e-15 3.909e-15 3.489e-15 3.112e-15 2.776e-15 2.475e-15 2.204e-15 1.962e-15
24250.00 2.538e-13 2.313e-13 2.107e-13 1.918e-13 1.746e-13 1.588e-13 1.444e-13 1.314e-13 1.192e-13 1.084e-13 9.839e-14 8.927e-14 8.107e-14 7.348e-14 6.666e-14 6.037e-14 5.468e-14 4.953e-14 4.483e-14 4.053e-14 3.664e-14 3.314e-14 2.992e-14 2.701e-14 2.440e-14 2.200e-14 1.985e-14 1.788e-14 1.612e-14 1.451e-14 1.306e-14 1.174e-14 1.056e-14 9.489e-15 8.514e-15 7.649e-15 6.857e-15 6.148e-15 5.516e-15 4.932e-15 4.420e-15 3.950e-15 3.533e-15 3.156e-15 2.816e-15 2.513e-15 2.242e-15 1.999e-15 1.780e-15 1.585e-15
24750.00 2.046e-13 1.864e-13 1.699e-13 1.547e-13 1.408e-13 1.280e-13 1.165e-13 1.059e-13 9.623e-14 8.738e-14 7.937e-14 7.202e-14 6.535e-14 5.931e-14 5.378e-14 4.869e-14 4.413e-14 3.995e-14 3.620e-14 3.273e-14 2.958e-14 2.674e-14 2.415e-14 2.181e-14 1.970e-14 1.776e-14 1.602e-14 1.443e-14 1.300e-14 1.171e-14 1.054e-14 9.483e-15 8.525e-15 7.661e-15 6.878e-15 6.174e-15 5.541e-15 4.968e-15 4.456e-15 3.986e-15 3.571e-15 3.192e-15 2.857e-15 2.551e-15 2.277e-15 2.032e-15 1.814e-15 1.616e-15 1.440e-15 1.282e-15
25250.00 1.652e-13 1.505e-13 1.371e-13 1.248e-13 1.137e-13 1.034e-13 9.402e-14 8.544e-14 7.766e-14 7.057e-14 6.410e-14 5.815e-14 5.279e-14 4.788e-14 4.343e-14 3.935e-14 3.566e-14 3.226e-14 2.921e-14 2.644e-14 2.390e-14 2.162e-14 1.951e-14 1.762e-14 1.591e-14 1.435e-14 1.294e-14 1.167e-14 1.052e-14 9.464e-15 8.520e-15 7.665e-15 6.892e-15 6.195e-15 5.560e-15 4.993e-15 4.480e-15 4.018e-15 3.603e-15 3.226e-15 2.889e-15 2.584e-15 2.310e-15 2.062e-15 1.843e-15 1.645e-15 1.467e-15 1.308e-15 1.166e-15 1.037e-15
25750.00 1.334e-13 1.215e-13 1.107e-13 1.008e-13 9.179e-14 8.345e-14 7.591e-14 6.906e-14 6.271e-14 5.703e-14 5.178e-14 4.702e-14 4.263e-14 3.869e-14 3.507e-14 3.180e-14 2.880e-14 2.608e-14 2.361e-14 2.138e-14 1.931e-14 1.746e-14 1.579e-14 1.424e-14 1.287e-14 1.160e-14 1.047e-14 9.437e-15 8.500e-15 7.655e-15 6.892e-15 6.202e-15 5.572e-15 5.013e-15 4.499e-15 4.044e-15 3.625e-15 3.251e-15 2.916e-15 2.611e-15 2.339e-15 2.090e-15 1.870e-15 1.672e-15 1.493e-15 1.332e-15 1.187e-15 1.059e-15 9.436e-16 8.408e-16
26250.00 1.078e-13 9.816e-14 8.948e-14 8.150e-14 7.420e-14 6.749e-14 6.137e-14 5.583e-14 5.073e-14 4.612e-14 4.185e-14 3.800e-14 3.450e-14 3.130e-14 2.838e-14 2.571e-14 2.331e-14 2.110e-14 1.911e-14 1.729e-14 1.562e-14 1.413e-14 1.277e-14 1.152e-14 1.042e-14 9.392e-15 8.467e-15 7.640e-15 6.879e-15 6.196e-15 5.582e-15 5.021e-15 4.514e-15 4.058e-15 3.644e-15 3.274e-15 2.936e-15 2.634e-15 2.361e-15 2.113e-15 1.895e-15 1.695e-15 1.515e-15 1.355e-15 1.209e-15 1.079e-15 9.631e-16 8.582e-16 7.649e-16 6.813e-16
26750.00 8.712e-14 7.946e-14 7.236e-14 6.594e-14 6.002e-14 5.457e-14 4.966e-14 4.516e-14 4.104e-14 3.730e-14 3.387e-14 3.076e-14 2.792e-14 2.532e-14 2.296e-14 2.082e-14 1.887e-14 1.708e-14 1.547e-14 1.399e-14 1.265e-14 1.144e-14 1.034e-14 9.333e-15 8.433e-15 7.610e-15 6.864e-15 6.187e-15 5.573e-15 5.022e-15 4.522e-15 4.070e-15 3.656e-15 3.288e-15 2.954e-15 2.654e-15 2.380e-15 2.134e-15 1.915e-15 1.715e-15 1.536e-15 1.374e-15 1.229e-15 1.097e-15 9.810e-16 8.752e-16 7.810e-16 6.959e-16 6.206e-16 5.527e-16
27250.00 7.056e-14 6.431e-14 5.860e-14 5.340e-14 4.858e-14 4.421e-14 4.022e-14 3.657e-14 3.323e-14 3.021e-14 2.742e-14 2.491e-14 2.261e-14 2.051e-14 1.861e-14 1.686e-14 1.529e-14 1.384e-14 1.253e-14 1.134e-14 1.026e-14 9.266e-15 8.378e-15 7.561e-15 6.834e-15 6.165e-15 5.560e-15 5.016e-15 4.520e-15 4.069e-15 3.663e-15 3.298e-15 2.967e-15 2.668e-15 2.396e-15 2.152e-15 1.929e-15 1.731e-15 1.554e-15 1.391e-15 1.246e-15 1.115e-15 9.962e-16 8.908e-16 7.956e-16 7.104e-16 6.341e-16 5.652e-16 5.042e-16 4.489e-16
27750.00 5.715e-14 5.208e-14 4.747e-14 4.325e-14 3.938e-14 3.580e-14 3.258e-14 2.963e-14 2.694e-14 2.447e-14 2.224e-14 2.020e-14 1.831e-14 1.663e-14 1.508e-14 1.367e-14 1.238e-14 1.122e-14 1.016e-14 9.197e-15 8.313e-15 7.515e-15 6.798e-15 6.136e-15 5.544e-15 5.003e-15 4.510e-15 4.066e-15 3.663e-15 3.301e-15 2.974e-15 2.677e-15 2.405e-15 2.163e-15 1.945e-15 1.745e-15 1.567e-15 1.405e-15 1.260e-15 1.130e-15 1.012e-15 9.057e-16 8.092e-16 7.233e-16 6.461e-16 5.771e-16 5.148e-16 4.591e-16 4.093e-16 3.648e-16
28250.00 4.629e-14 4.219e-14 3.848e-14 3.505e-14 3.191e-14 2.905e-14 2.642e-14 2.403e-14 2.183e-14 1.984e-14 1.802e-14 1.637e-14 1.486e-14 1.348e-14 1.223e-14 1.109e-14 1.005e-14 9.100e-15 8.240e-15 7.461e-15 6.743e-15 6.099e-15 5.517e-15 4.980e-15 4.497e-15 4.061e-15 3.661e-15 3.301e-15 2.975e-15 2.681e-15 2.413e-15 2.173e-15 1.954e-15 1.757e-15 1.580e-15 1.418e-15 1.272e-15 1.141e-15 1.024e-15 9.178e-16 8.210e-16 7.354e-16 6.577e-16 5.878e-16 5.253e-16 4.688e-16 4.184e-16 3.731e-16 3.328e-16 2.964e-16
28750.00 3.755e-14 3.424e-14 3.118e-14 2.842e-14 2.589e-14 2.355e-14 2.143e-14 1.948e-14 1.772e-14 1.610e-14 1.463e-14 1.329e-14 1.206e-14 1.094e-14 9.920e-15 8.999e-15 8.152e-15 7.385e-15 6.688e-15 6.060e-15 5.479e-15 4.949e-15 4.477e-15 4.044e-15 3.652e-15 3.296e-15 2.974e-15 2.683e-15 2.416e-15 2.177e-15 1.961e-15 1.765e-15 1.589e-15 1.428e-15 1.284e-15 1.151e-15 1.034e-15 9.282e-16 8.322e-16 7.464e-16 6.674e-16 5.977e-16 5.349e-16 4.781e-16 4.270e-16 3.813e-16 3.403e-16 3.035e-16 2.706e-16 2.413e-16
29250.00 3.049e-14 2.779e-14 2.532e-14 2.308e-14 2.100e-14 1.912e-14 1.740e-14 1.582e-14 1.438e-14 1.307e-14 1.188e-14 1.078e-14 9.787e-15 8.886e-15 8.061e-15 7.312e-15 6.623e-15 6.000e-15 5.431e-15 4.920e-15 4.452e-15 4.023e-15 3.637e-15 3.285e-15 2.966e-15 2.680e-15 2.417e-15 2.180e-15 1.964e-15 1.769e-15 1.594e-15 1.435e-15 1.291e-15 1.160e-15 1.043e-15 9.362e-16 8.409e-16 7.548e-16 6.766e-16 6.069e-16 5.430e-16 4.864e-16 4.352e-16 3.890e-16 3.474e-16 3.104e-16 2.770e-16 2.472e-16 2.203e-16 1.963e-16
29750.00 2.475e-14 2.256e-14 2.056e-14 1.873e-14 1.707e-14 1.553e-14 1.413e-14 1.285e-14 1.169e-14 1.062e-14 9.650e-15 8.763e-15 7.952e-15 7.221e-15 6.550e-15 5.938e-15 5.383e-15 4.876e-15 4.415e-15 3.999e-15 3.619e-15 3.269e-15 2.955e-15 2.672e-15 2.412e-15 2.179e-15 1.964e-15 1.772e-15 1.598e-15 1.439e-15 1.297e-15 1.167e-15 1.051e-15 9.436e-16 8.488e-16 7.624e-16 6.844e-16 6.137e-16 5.506e-16 4.940e-16 4.422e-16 3.961e-16 3.541e-16 3.168e-16 2.830e-16 2.527e-16 2.257e-16 2.011e-16 1.794e-16 1.598e-16
30250.00 2.010e-14 1.832e-14 1.671e-14 1.522e-14 1.387e-14 1.262e-14 1.148e-14 1.044e-14 9.495e-15 8.634e-15 7.844e-15 7.120e-15 6.464e-15 5.870e-15 5.324e-15 4.827e-15 4.378e-15 3.967e-15 3.591e-15 3.253e-15 2.943e-15 2.661e-15 2.406e-15 2.173e-15 1.961e-15 1.773e-15 1.598e-15 1.441e-15 1.300e-15 1.172e-15 1.055e-15 9.502e-16 8.552e-16 7.680e-16 6.914e-16 6.206e-16 5.572e-16 4.996e-16 4.483e-16 4.021e-16 3.601e-16 3.225e-16 2.885e-16 2.578e-16 2.306e-16 2.059e-16 1.838e-16 1.640e-16 1.461e-16 1.304e-16
30750.00 1.635e-14 1.490e-14 1.358e-14 1.237e-14 1.128e-14 1.027e-14 9.336e-15 8.495e-15 7.722e-15 7.015e-15 6.378e-15 5.790e-15 5.263e-15 4.772e-15 4.330e-15 3.926e-15 3.561e-15 3.227e-15 2.921e-15 2.646e-15 2.394e-15 2.165e-15 1.958e-15 1.770e-15 1.596e-15 1.443e-15 1.302e-15 1.174e-15 1.058e-15 9.532e-16 8.592e-16 7.738e-16 6.962e-16 6.259e-16 5.627e-16 5.055e-16 4.536e-16 4.072e-16 3.654e-16 3.278e-16 2.933e-16 2.628e-16 2.351e-16 2.101e-16 1.879e-16 1.679e-16 1.498e-16 1.338e-16 1.192e-16 1.063e-16
31250.00 1.330e-14 1.212e-14 1.105e-14 1.006e-14 9.170e-15 8.347e-15 7.599e-15 6.913e-15 6.285e-15 5.711e-15 5.190e-15 4.713e-15 4.280e-15 3.886e-15 3.526e-15 3.195e-15 2.898e-15 2.625e-15 2.379e-15 2.153e-15 1.949e-15 1.763e-15 1.594e-15 1.440e-15 1.301e-15 1.175e-15 1.060e-15 9.568e-16 8.621e-16 7.764e-16 7.000e-16 6.303e-16 5.674e-16 5.102e-16 4.587e-16 4.121e-16 3.697e-16 3.320e-16 2.978e-16 2.673e-16 2.392e-16 2.141e-16 1.917e-16 1.714e-16 1.532e-16 1.370e-16 1.222e-16 1.091e-16 9.718e-17 8.669e-17
31750.00 1.082e-14 9.862e-15 8.989e-15 8.190e-15 7.461e-15 6.793e-15 6.186e-15 5.627e-15 5.116e-15 4.650e-15 4.225e-15 3.838e-15 3.485e-15 3.165e-15 2.871e-15 2.604e-15 2.361e-15 2.138e-15 1.936e-15 1.755e-15 1.588e-15 1.436e-15 1.299e-15 1.174e-15 1.060e-15 9.566e-16 8.644e-16 7.792e-16 7.025e-16 6.333e-16 5.704e-16 5.135e-16 4.623e-16 4.159e-16 3.739e-16 3.358e-16 3.015e-16 2.706e-16 2.428e-16 2.178e-16 1.952e-16 1.746e-16 1.565e-16 1.399e-16 1.251e-16 1.117e-16 9.976e-17 8.904e-17 7.938e-17 7.081e-17
32250.00 8.805e-15 8.028e-15 7.325e-15 6.672e-15 6.080e-15 5.536e-15 5.037e-15 4.581e-15 4.167e-15 3.787e-15 3.441e-15 3.126e-15 2.841e-15 2.578e-15 2.339e-15 2.121e-15 1.923e-15 1.742e-15 1.578e-15 1.430e-15 1.295e-15 1.170e-15 1.058e-15 9.572e-16 8.643e-16 7.803e-16 7.043e-16 6.356e-16 5.731e-16 5.163e-16 4.654e-16 4.189e-16 3.769e-16 3.392e-16 3.048e-16 2.742e-16 2.461e-16 2.208e-16 1.982e-16 1.777e-16 1.594e-16 1.425e-16 1.277e-16 1.141e-16 1.021e-16 9.115e-17 8.144e-17 7.272e-17 6.480e-17 5.777e-17
32750.00 7.176e-15 6.543e-15 5.964e-15 5.433e-15 4.951e-15 4.509e-15 4.102e-15 3.731e-15 3.397e-15 3.088e-15 2.805e-15 2.549e-15 2.314e-15 2.101e-15 1.906e-15 1.729e-15 1.568e-15 1.421e-15 1.288e-15 1.166e-15 1.055e-15 9.543e-16 8.625e-16 7.805e-16 7.049e-16 6.363e-16 5.748e-16 5.185e-16 4.675e-16 4.214e-16 3.794e-16 3.419e-16 3.077e-16 2.770e-16 2.488e-16 2.237e-16 2.008e-16 1.803e-16 1.617e-16 1.451e-16 1.301e-16 1.165e-16 1.043e-16 9.322e-17 8.338e-17 7.447e-17 6.654e-17 5.941e-17 5.296e-17 4.723e-17
33250.00 5.849e-15 5.334e-15 4.863e-15 4.430e-15 4.037e-15 3.676e-15 3.345e-15 3.043e-15 2.768e-15 2.517e-15 2.286e-15 2.078e-15 1.888e-15 1.714e-15 1.555e-15 1.411e-15 1.279e-15 1.159e-15 1.050e-15 9.503e-16 8.612e-16 7.793e-16 7.041e-16 6.366e-16 5.751e-16 5.190e-16 4.692e-16 4.231e-16 3.815e-16 3.439e-16 3.100e-16 2.791e-16 2.512e-16 2.261e-16 2.032e-16 1.827e-16 1.641e-16 1.472e-16 1.321e-16 1.185e-16 1.063e-16 9.510e-17 8.523e-17 7.622e-17 6.812e-17 6.086e-17 5.440e-17 4.852e-17 4.328e-17 3.861e-17
33750.00 4.765e-15 4.350e-15 3.965e-15 3.613e-15 3.292e-15 2.999e-15 2.729e-15 2.482e-15 2.258e-15 2.053e-15 1.865e-15 1.695e-15 1.539e-15 1.397e-15 1.268e-15 1.151e-15 1.044e-15 9.459e-16 8.571e-16 7.758e-16 7.024e-16 6.357e-16 5.744e-16 5.199e-16 4.698e-16 4.238e-16 3.829e-16 3.453e-16 3.114e-16 2.810e-16 2.531e-16 2.279e-16 2.051e-16 1.847e-16 1.659e-16 1.492e-16 1.341e-16 1.203e-16 1.080e-16 9.685e-17 8.681e-17 7.774e-17 6.960e-17 6.229e-17 5.570e-17 4.979e-17 4.445e-17 3.967e-17 3.538e-17 3.154e-17
34250.00 3.887e-15 3.545e-15 3.231e-15 2.948e-15 2.686e-15 2.447e-15 2.226e-15 2.026e-15 1.843e-15 1.675e-15 1.522e-15 1.384e-15 1.256e-15 1.141e-15 1.035e-15 9.391e-16 8.513e-16 7.724e-16 6.999e-16 6.336e-16 5.737e-16 5.192e-16 4.692e-16 4.242e-16 3.834e-16 3.460e-16 3.128e-16 2.822e-16 2.545e-16 2.294e-16 2.066e-16 1.863e-16 1.677e-16 1.509e-16 1.356e-16 1.220e-16 1.095e-16 9.833e-17 8.826e-17 7.920e-17 7.099e-17 6.358e-17 5.693e-17 5.096e-17 4.556e-17 4.071e-17 3.637e-17 3.246e-17 2.897e-17 2.582e-17
34750.00 3.172e-15 2.896e-15 2.639e-15 2.406e-15 2.191e-15 1.997e-15 1.818e-15 1.654e-15 1.504e-15 1.368e-15 1.243e-15 1.130e-15 1.026e-15 9.316e-16 8.451e-16 7.668e-16 6.952e-16 6.304e-16 5.717e-16 5.176e-16 4.686e-16 4.241e-16 3.834e-16 3.466e-16 3.133e-16 2.828e-16 2.554e-16 2.307e-16 2.081e-16 1.875e-16 1.689e-16 1.522e-16 1.371e-16 1.234e-16 1.109e-16 9.969e-17 8.954e-17 8.045e-17 7.216e-17 6.473e-17 5.810e-17 5.201e-17 4.659e-17 4.170e-17 3.725e-17 3.331e-17 2.977e-17 2.655e-17 2.370e-17 2.112e-17
35250.00 2.591e-15 2.364e-15 2.154e-15 1.964e-15 1.789e-15 1.630e-15 1.484e-15 1.350e-15 1.228e-15 1.117e-15 1.015e-15 9.224e-16 8.378e-16 7.609e-16 6.903e-16 6.264e-16 5.679e-16 5.156e-16 4.670e-16 4.230e-16 3.829e-16 3.466e-16 3.134e-16 2.833e-16 2.561e-16 2.312e-16 2.088e-16 1.886e-16 1.701e-16 1.534e-16 1.381e-16 1.245e-16 1.121e-16 1.009e-16 9.073e-17 8.157e-17 7.327e-17 6.577e-17 5.907e-17 5.297e-17 4.751e-17 4.258e-17 3.811e-17 3.411e-17 3.052e-17 2.726e-17 2.437e-17 2.174e-17 1.941e-17 1.730e-17
35750.00 2.116e-15 1.930e-15 1.759e-15 1.604e-15 1.461e-15 1.331e-15 1.212e-15 1.103e-15 1.003e-15 9.123e-16 8.292e-16 7.535e-16 6.845e-16 6.217e-16 5.646e-16 5.123e-16 4.647e-16 4.214e-16 3.816e-16 3.457e-16 3.130e-16 2.834e-16 2.562e-16 2.316e-16 2.094e-16 1.891e-16 1.707e-16 1.543e-16 1.391e-16 1.254e-16 1.130e-16 1.018e-16 9.167e-17 8.248e-17 7.427e-17 6.674e-17 5.998e-17 5.383e-17 4.831e-17 4.338e-17 3.888e-17 3.485e-17 3.121e-17 2.794e-17 2.497e-17 2.234e-17 1.995e-17 1.782e-17 1.591e-17 1.417e-17
36250.00 1.728e-15 1.576e-15 1.437e-15 1.310e-15 1.193e-15 1.087e-15 9.912e-16 9.018e-16 8.204e-16 7.462e-16 6.782e-16 6.162e-16 5.600e-16 5.085e-16 4.615e-16 4.187e-16 3.798e-16 3.444e-16 3.120e-16 2.827e-16 2.559e-16 2.317e-16 2.095e-16 1.894e-16 1.714e-16 1.548e-16 1.398e-16 1.262e-16 1.138e-16 1.026e-16 9.250e-17 8.331e-17 7.502e-17 6.758e-17 6.080e-17 5.462e-17 4.911e-17 4.407e-17 3.956e-17 3.552e-17 3.185e-17 2.855e-17 2.554e-17 2.289e-17 2.046e-17 1.829e-17 1.634e-17 1.459e-17 1.303e-17 1.162e-17
36750.00 1.413e-15 1.289e-15 1.175e-15 1.071e-15 9.758e-16 8.894e-16 8.100e-16 7.369e-16 6.704e-16 6.098e-16 5.544e-16 5.036e-16 4.578e-16 4.156e-16 3.773e-16 3.423e-16 3.106e-16 2.816e-16 2.551e-16 2.312e-16 2.095e-16 1.897e-16 1.716e-16 1.551e-16 1.402e-16 1.267e-16 1.143e-16 1.033e-16 9.312e-17 8.398e-17 7.572e-17 6.819e-17 6.146e-17 5.532e-17 4.977e-17 4.472e-17 4.022e-17 3.609e-17 3.244e-17 2.909e-17 2.609e-17 2.338e-17 2.092e-17 1.876e-17 1.677e-17 1.499e-17 1.340e-17 1.196e-17 1.068e-17 9.525e-18
37250.00 1.154e-15 1.053e-15 9.603e-16 8.754e-16 7.984e-16 7.276e-16 6.626e-16 6.030e-16 5.486e-16 4.990e-16 4.538e-16 4.122e-16 3.747e-16 3.402e-16 3.089e-16 2.802e-16 2.543e-16 2.305e-16 2.089e-16 1.893e-16 1.714e-16 1.552e-16 1.404e-16 1.269e-16 1.147e-16 1.037e-16 9.355e-17 8.453e-17 7.631e-17 6.881e-17 6.205e-17 5.588e-17 5.033e-17 4.530e-17 4.076e-17 3.663e-17 3.294e-17 2.959e-17 2.657e-17 2.383e-17 2.138e-17 1.916e-17 1.717e-17 1.537e-17 1.375e-17 1.229e-17 1.099e-17 9.810e-18 8.757e-18 7.812e-18
37750.00 9.446e-16 8.615e-16 7.858e-16 7.162e-16 6.528e-16 5.947e-16 5.418e-16 4.931e-16 4.486e-16 4.081e-16 3.711e-16 3.372e-16 3.065e-16 2.782e-16 2.527e-16 2.292e-16 2.080e-16 1.886e-16 1.709e-16 1.549e-16 1.402e-16 1.271e-16 1.150e-16 1.040e-16 9.401e-17 8.496e-17 7.666e-17 6.927e-17 6.249e-17 5.635e-17 5.081e-17 4.577e-17 4.121e-17 3.710e-17 3.339e-17 3.004e-17 2.702e-17 2.425e-17 2.177e-17 1.953e-17 1.752e-17 1.571e-17 1.407e-17 1.260e-17 1.128e-17 1.007e-17 9.013e-18 8.047e-18 7.182e-18 6.411e-18
38250.00 7.732e-16 7.052e-16 6.432e-16 5.862e-16 5.344e-16 4.868e-16 4.436e-16 4.037e-16 3.673e-16 3.341e-16 3.038e-16 2.761e-16 2.510e-16 2.279e-16 2.070e-16 1.877e-16 1.704e-16 1.545e-16 1.401e-16 1.269e-16 1.149e-16 1.040e-16 9.416e-17 8.513e-17 7.696e-17 6.957e-17 6.279e-17 5.671e-17 5.118e-17 4.616e-17 4.166e-17 3.753e-17 3.380e-17 3.043e-17 2.739e-17 2.461e-17 2.213e-17 1.988e-17 1.785e-17 1.601e-17 1.437e-17 1.289e-17 1.154e-17 1.033e-17 9.248e-18 8.272e-18 7.393e-18 6.601e-18 5.891e-18 5.261e-18
38750.00 6.324e-16 5.767e-16 5.261e-16 4.795e-16 4.371e-16 3.982e-16 3.629e-16 3.303e-16 3.005e-16 2.734e-16 2.486e-16 2.259e-16 2.055e-16 1.867e-16 1.696e-16 1.538e-16 1.396e-16 1.266e-16 1.148e-16 1.040e-16 9.418e-17 8.527e-17 7.719e-17 6.978e-17 6.309e-17 5.703e-17 5.149e-17 4.650e-17 4.197e-17 3.785e-17 3.413e-17 3.074e-17 2.770e-17 2.494e-17 2.244e-17 2.018e-17 1.816e-17 1.631e-17 1.464e-17 1.314e-17 1.178e-17 1.057e-17 9.467e-18 8.483e-18 7.593e-18 6.788e-18 6.066e-18 5.417e-18 4.838e-18 4.319e-18
39250.00 5.179e-16 4.723e-16 4.309e-16 3.927e-16 3.580e-16 3.262e-16 2.972e-16 2.706e-16 2.462e-16 2.240e-16 2.037e-16 1.851e-16 1.683e-16 1.528e-16 1.388e-16 1.259e-16 1.143e-16 1.037e-16 9.401e-17 8.515e-17 7.713e-17 6.984e-17 6.323e-17 5.716e-17 5.168e-17 4.672e-17 4.223e-17 3.814e-17 3.443e-17 3.105e-17 2.800e-17 2.522e-17 2.273e-17 2.046e-17 1.841e-17 1.656e-17 1.489e-17 1.338e-17 1.201e-17 1.078e-17 9.678e-18 8.679e-18 7.776e-18 6.959e-18 6.231e-18 5.570e-18 4.984e-18 4.451e-18 3.972e-18 3.545e-18
39750.00 4.242e-16 3.870e-16 3.529e-16 3.218e-16 2.933e-16 2.672e-16 2.435e-16 2.217e-16 2.018e-16 1.836e-16 1.669e-16 1.517e-16 1.379e-16 1.253e-16 1.138e-16 1.032e-16 9.368e-17 8.499e-17 7.707e-17 6.981e-17 6.326e-17 5.727e-17 5.186e-17 4.689e-17 4.239e-17 3.833e-17 3.462e-17 3.125e-17 2.822e-17 2.545e-17 2.295e-17 2.068e-17 1.863e-17 1.680e-17 1.511e-17 1.360e-17 1.222e-17 1.099e-17 9.860e-18 8.852e-18 7.940e-18 7.119e-18 6.382e-18 5.710e-18 5.119e-18 4.576e-18 4.092e-18 3.654e-18 3.261e-18 2.914e-18
40250.00 3.476e-16 3.171e-16 2.892e-16 2.637e-16 2.404e-16 2.190e-16 1.996e-16 1.818e-16 1.654e-16 1.505e-16 1.369e-16 1.244e-16 1.130e-16 1.027e-16 9.328e-17 8.468e-17 7.682e-17 6.971e-17 6.321e-17 5.726e-17 5.188e-17 4.698e-17 4.254e-17 3.847e-17 3.478e-17 3.144e-17 2.841e-17 2.565e-17 2.316e-17 2.089e-17 1.883e-17 1.698e-17 1.529e-17 1.377e-17 1.240e-17 1.116e-17 1.002e-17 9.014e-18 8.098e-18 7.272e-18 6.521e-18 5.849e-18 5.244e-18 4.692e-18 4.202e-18 3.758e-18 3.360e-18 3.003e-18 2.682e-18 2.394e-18
