#NTIMES:  56
#NVEL:   111
#TIMES: 2.02000e+00 2.05000e+00 2.10000e+00 2.20000e+00 2.40000e+00 2.64000e+00 2.90000e+00 3.19000e+00 3.51000e+00 3.86000e+00 4.25000e+00 4.67000e+00 5.14000e+00 5.65000e+00 6.21000e+00 6.83000e+00 7.51000e+00 8.26000e+00 9.09000e+00 1.00000e+01 1.10000e+01 1.21000e+01 1.33100e+01 1.46400e+01 1.61000e+01 1.77100e+01 1.94800e+01 2.14300e+01 2.35700e+01 2.59300e+01 2.85200e+01 3.13700e+01 3.45100e+01 3.80000e+01 4.10000e+01 4.51000e+01 4.96100e+01 5.45700e+01 6.00300e+01 6.60000e+01 7.25600e+01 8.00000e+01 8.80000e+01 9.70000e+01 1.07000e+02 1.17000e+02 1.27000e+02 1.37000e+02 1.47000e+02 1.57000e+02 1.67000e+02 1.77000e+02 1.87000e+02 1.97000e+02 2.07000e+02 2.17000e+02
#vel_mid[km/s] Edep_t0[erg/s/cm^3] Edep_t1[erg/s/cm^3] ... Edep_tn[erg/s/cm^3]
1.02500e+03 1.39756e+01 1.33342e+01 1.23475e+01 1.06413e+01 8.04827e+00 5.98548e+00 4.41449e+00 3.45500e+00 2.36417e+00 1.72568e+00 1.25158e+00 9.10665e-01 6.57350e-01 4.74701e-01 3.41807e-01 2.44688e-01 1.74587e-01 1.23955e-01 8.74627e-02 6.15022e-02 4.30788e-02 3.00474e-02 2.08736e-02 1.44510e-02 9.97995e-03 6.87070e-03 4.72367e-03 3.24585e-03 2.26096e-03 1.62157e-03 1.02651e-03 6.88303e-04 4.52220e-04 3.07938e-04 2.62425e-04 1.57530e-04 1.00103e-04 6.08892e-05 4.01775e-05 2.52060e-05 1.53247e-05 9.16752e-06 5.49441e-06 3.19008e-06 1.86949e-06 1.13569e-06 7.05483e-07 4.62284e-07 3.01733e-07 2.06048e-07 1.42081e-07 9.91356e-08 7.28583e-08 5.34193e-08 3.90578e-08 2.96572e-08
1.03712e+03 1.39172e+01 1.32785e+01 1.22959e+01 1.05968e+01 8.01464e+00 5.96207e+00 4.48020e+00 3.24706e+00 2.35430e+00 1.71847e+00 1.24635e+00 9.06860e-01 6.54603e-01 4.72718e-01 3.40379e-01 2.43665e-01 1.73857e-01 1.23437e-01 8.70972e-02 6.12452e-02 4.28988e-02 2.99218e-02 2.07864e-02 1.43906e-02 9.93825e-03 6.84199e-03 4.70393e-03 3.13306e-03 2.38812e-03 1.56588e-03 1.02505e-03 7.20023e-04 4.51180e-04 3.07034e-04 2.60587e-04 1.43379e-04 9.60243e-05 6.11455e-05 3.73766e-05 2.52035e-05 1.53449e-05 9.19213e-06 5.50367e-06 3.24523e-06 1.87249e-06 1.12811e-06 7.01625e-07 4.54230e-07 3.03712e-07 2.04941e-07 1.42686e-07 1.01047e-07 7.28898e-08 5.30500e-08 3.93575e-08 2.93317e-08
1.06136e+03 1.38011e+01 1.31677e+01 1.21934e+01 1.05084e+01 7.94779e+00 5.91525e+00 4.50571e+00 3.27252e+00 2.33467e+00 1.70414e+00 1.23596e+00 8.99299e-01 6.49145e-01 4.68777e-01 3.37541e-01 2.41634e-01 1.72408e-01 1.22408e-01 8.63711e-02 6.07346e-02 4.25412e-02 2.96724e-02 2.06131e-02 1.42706e-02 9.85539e-03 6.78495e-03 4.66472e-03 3.22097e-03 2.32610e-03 1.51686e-03 1.02197e-03 7.21482e-04 4.48316e-04 3.04907e-04 2.56913e-04 1.47003e-04 1.04167e-04 6.29902e-05 4.04789e-05 2.53464e-05 1.55333e-05 9.29189e-06 5.56471e-06 3.26719e-06 1.89651e-06 1.14437e-06 7.12433e-07 4.60038e-07 3.06262e-07 2.07553e-07 1.44168e-07 1.02099e-07 7.33310e-08 5.36452e-08 3.98183e-08 2.98636e-08
1.10984e+03 1.35721e+01 1.29492e+01 1.19910e+01 1.03341e+01 7.81590e+00 5.82160e+00 4.50793e+00 3.31104e+00 2.29595e+00 1.67588e+00 1.21546e+00 8.84386e-01 6.38380e-01 4.61003e-01 3.31944e-01 2.37627e-01 1.69549e-01 1.20378e-01 8.49387e-02 5.97274e-02 4.18357e-02 2.91803e-02 2.02713e-02 1.40340e-02 9.69196e-03 6.67243e-03 4.58736e-03 3.16689e-03 2.20526e-03 1.50282e-03 1.02018e-03 7.13882e-04 4.41873e-04 3.00268e-04 2.49564e-04 1.48775e-04 1.00752e-04 6.29309e-05 3.92011e-05 2.47796e-05 1.51832e-05 9.09162e-06 5.43604e-06 3.19440e-06 1.85649e-06 1.11767e-06 6.97198e-07 4.50078e-07 2.98795e-07 2.02985e-07 1.40918e-07 9.97327e-08 7.15731e-08 5.24815e-08 3.88012e-08 2.90603e-08
1.21302e+03 1.30971e+01 1.24960e+01 1.15714e+01 9.97237e+00 7.54235e+00 5.62231e+00 4.24131e+00 3.04839e+00 2.21569e+00 1.61730e+00 1.17298e+00 8.53471e-01 6.16065e-01 4.44888e-01 3.20340e-01 2.29320e-01 1.63622e-01 1.16170e-01 8.19696e-02 5.76395e-02 4.03733e-02 2.81603e-02 1.95626e-02 1.35434e-02 9.35316e-03 6.43919e-03 4.42700e-03 3.06851e-03 2.10520e-03 1.42837e-03 9.82249e-04 6.73908e-04 4.27009e-04 2.89824e-04 2.33923e-04 1.43027e-04 9.43186e-05 6.11054e-05 3.79721e-05 2.39622e-05 1.47231e-05 8.81420e-06 5.27297e-06 3.10010e-06 1.79990e-06 1.08268e-06 6.77193e-07 4.37055e-07 2.90270e-07 1.97233e-07 1.37080e-07 9.67637e-08 6.96638e-08 5.08642e-08 3.76731e-08 2.81335e-08
1.32572e+03 1.25970e+01 1.20189e+01 1.11295e+01 9.59161e+00 7.25437e+00 5.40460e+00 4.05146e+00 2.92683e+00 2.13126e+00 1.55567e+00 1.12827e+00 8.20946e-01 5.92587e-01 4.27934e-01 3.08132e-01 2.20581e-01 1.57386e-01 1.11743e-01 7.88458e-02 5.54430e-02 3.88347e-02 2.70871e-02 1.88171e-02 1.30273e-02 8.99672e-03 6.19380e-03 4.25829e-03 2.90348e-03 1.98750e-03 1.40173e-03 9.48900e-04 6.48597e-04 4.10224e-04 2.78148e-04 2.16837e-04 1.37408e-04 9.19755e-05 5.89615e-05 3.60802e-05 2.30197e-05 1.41409e-05 8.47235e-06 5.07622e-06 2.98609e-06 1.73199e-06 1.04359e-06 6.53361e-07 4.21751e-07 2.79535e-07 1.89856e-07 1.31991e-07 9.32473e-08 6.69677e-08 4.89988e-08 3.62256e-08 2.71258e-08
1.44890e+03 1.20723e+01 1.15183e+01 1.06660e+01 9.19209e+00 6.95220e+00 5.17563e+00 3.80814e+00 2.78701e+00 2.04255e+00 1.49091e+00 1.08131e+00 7.86776e-01 5.67922e-01 4.10122e-01 2.95307e-01 2.11400e-01 1.50836e-01 1.07092e-01 7.55640e-02 5.31353e-02 3.72183e-02 2.59597e-02 1.80339e-02 1.24851e-02 8.62225e-03 5.93599e-03 4.08105e-03 2.79523e-03 1.93708e-03 1.32727e-03 9.00957e-04 6.17059e-04 3.91920e-04 2.65454e-04 2.00157e-04 1.30067e-04 8.60568e-05 5.59262e-05 3.45322e-05 2.19468e-05 1.34870e-05 8.07736e-06 4.83982e-06 2.84653e-06 1.65295e-06 9.96513e-07 6.22804e-07 4.02410e-07 2.66765e-07 1.81501e-07 1.26073e-07 8.91224e-08 6.39995e-08 4.68595e-08 3.45801e-08 2.59200e-08
1.58353e+03 1.15236e+01 1.09948e+01 1.01812e+01 8.77432e+00 6.63623e+00 4.94655e+00 3.65372e+00 2.68543e+00 1.94968e+00 1.42313e+00 1.03215e+00 7.51005e-01 5.42101e-01 3.91476e-01 2.81881e-01 2.01788e-01 1.43978e-01 1.02223e-01 7.21285e-02 5.07194e-02 3.55261e-02 2.47794e-02 1.72140e-02 1.19174e-02 8.23024e-03 5.66611e-03 3.89550e-03 2.68842e-03 1.86739e-03 1.25118e-03 8.65073e-04 5.87400e-04 3.72298e-04 2.51842e-04 1.89713e-04 1.23660e-04 8.20632e-05 5.22134e-05 3.24945e-05 2.07469e-05 1.27375e-05 7.63491e-06 4.57532e-06 2.69031e-06 1.56317e-06 9.42950e-07 5.89561e-07 3.81109e-07 2.53045e-07 1.72173e-07 1.19379e-07 8.43772e-08 6.07495e-08 4.43781e-08 3.28382e-08 2.45842e-08
1.73066e+03 1.09529e+01 1.04502e+01 9.67693e+00 8.33973e+00 6.30754e+00 4.69870e+00 3.51891e+00 2.57828e+00 1.85286e+00 1.35246e+00 9.80893e-01 7.13709e-01 5.15180e-01 3.72035e-01 2.67882e-01 1.91767e-01 1.36828e-01 9.71462e-02 6.85465e-02 4.82007e-02 3.37619e-02 2.35488e-02 1.63591e-02 1.13256e-02 7.82152e-03 5.38473e-03 3.70205e-03 2.57798e-03 1.77778e-03 1.19272e-03 8.09441e-04 5.58867e-04 3.51506e-04 2.37418e-04 1.78299e-04 1.17112e-04 7.59533e-05 4.95252e-05 3.09363e-05 1.94440e-05 1.19545e-05 7.15697e-06 4.29021e-06 2.52308e-06 1.46630e-06 8.84806e-07 5.54070e-07 3.57640e-07 2.37724e-07 1.61620e-07 1.12262e-07 7.93522e-08 5.71676e-08 4.17617e-08 3.09557e-08 2.31291e-08
1.89146e+03 1.03609e+01 9.88542e+00 9.15394e+00 7.88901e+00 5.96665e+00 4.44513e+00 3.30365e+00 2.40828e+00 1.75302e+00 1.27837e+00 9.27271e-01 6.74348e-01 4.87419e-01 3.51987e-01 2.53447e-01 1.81434e-01 1.29455e-01 9.18979e-02 6.48528e-02 4.56033e-02 3.19426e-02 2.22799e-02 1.54776e-02 1.07153e-02 7.40005e-03 5.09457e-03 3.50256e-03 2.42103e-03 1.66292e-03 1.13729e-03 7.68866e-04 5.25923e-04 3.29805e-04 2.22361e-04 1.66541e-04 1.10361e-04 7.16628e-05 4.60189e-05 2.85185e-05 1.80802e-05 1.11131e-05 6.65258e-06 3.98788e-06 2.34822e-06 1.36459e-06 8.24119e-07 5.16131e-07 3.33479e-07 2.21515e-07 1.50793e-07 1.04674e-07 7.41013e-08 5.34271e-08 3.90815e-08 2.89463e-08 2.16879e-08
2.06720e+03 9.75075e+00 9.30326e+00 8.61486e+00 7.42442e+00 5.61527e+00 4.18538e+00 3.07267e+00 2.24603e+00 1.65003e+00 1.19566e+00 8.69945e-01 6.30243e-01 4.58784e-01 3.31308e-01 2.38557e-01 1.70775e-01 1.21849e-01 8.62063e-02 6.10428e-02 4.29242e-02 3.00660e-02 2.09710e-02 1.45683e-02 1.00858e-02 6.96531e-03 4.79527e-03 3.29679e-03 2.28953e-03 1.54354e-03 1.06301e-03 7.20097e-04 4.90663e-04 3.07259e-04 2.06727e-04 1.54547e-04 1.02998e-04 6.60761e-05 4.20784e-05 2.60783e-05 1.66658e-05 1.02345e-05 6.12795e-06 3.67545e-06 2.16397e-06 1.25890e-06 7.60307e-07 4.76448e-07 3.08018e-07 2.04894e-07 1.39348e-07 9.69818e-08 6.86835e-08 4.94726e-08 3.61672e-08 2.67942e-08 2.01234e-08
2.25928e+03 9.12479e+00 8.70603e+00 8.06182e+00 6.94780e+00 5.25479e+00 3.91146e+00 2.87315e+00 2.11940e+00 1.54422e+00 1.12682e+00 8.17879e-01 5.94460e-01 4.29364e-01 3.10063e-01 2.23260e-01 1.59824e-01 1.14036e-01 8.05879e-02 5.71284e-02 4.01716e-02 2.81380e-02 1.96262e-02 1.36341e-02 9.43903e-03 6.51865e-03 4.48777e-03 3.08538e-03 2.14035e-03 1.44778e-03 1.00149e-03 6.66821e-04 4.52379e-04 2.83993e-04 1.90605e-04 1.41980e-04 9.43384e-05 6.01909e-05 3.87659e-05 2.38953e-05 1.52217e-05 9.34119e-06 5.59321e-06 3.35437e-06 1.97545e-06 1.15014e-06 6.95042e-07 4.35880e-07 2.82125e-07 1.87752e-07 1.27850e-07 8.89431e-08 6.30447e-08 4.54958e-08 3.32807e-08 2.46786e-08 1.85289e-08
2.46920e+03 8.48669e+00 8.09721e+00 7.49805e+00 6.46194e+00 4.88732e+00 3.64266e+00 2.66894e+00 1.96564e+00 1.43607e+00 1.05921e+00 7.64870e-01 5.56200e-01 3.99294e-01 2.88348e-01 2.07624e-01 1.48631e-01 1.06049e-01 7.54592e-02 5.31274e-02 3.73583e-02 2.61674e-02 1.82517e-02 1.26793e-02 8.77797e-03 6.06212e-03 4.17347e-03 2.86930e-03 1.97030e-03 1.34706e-03 9.15689e-04 6.14081e-04 4.13099e-04 2.60160e-04 1.74113e-04 1.29329e-04 8.53209e-05 5.46829e-05 3.46048e-05 2.17377e-05 1.37418e-05 8.43212e-06 5.04812e-06 3.02882e-06 1.78384e-06 1.03975e-06 6.28488e-07 3.94560e-07 2.55559e-07 1.70162e-07 1.15980e-07 8.08236e-08 5.73086e-08 4.13868e-08 3.03226e-08 2.24847e-08 1.68971e-08
2.69862e+03 7.83990e+00 7.48010e+00 6.92661e+00 5.96946e+00 4.51485e+00 3.35936e+00 2.45194e+00 1.81566e+00 1.32634e+00 9.64347e-01 6.98652e-01 5.07380e-01 3.68784e-01 2.66316e-01 1.91760e-01 1.37274e-01 9.79462e-02 6.94756e-02 4.90681e-02 3.45038e-02 2.41680e-02 1.68571e-02 1.17105e-02 8.10726e-03 5.59892e-03 3.85458e-03 2.65006e-03 1.79733e-03 1.23916e-03 8.34751e-04 5.58557e-04 3.79224e-04 2.35983e-04 1.57409e-04 1.16541e-04 7.68918e-05 4.87715e-05 3.11069e-05 1.95067e-05 1.22777e-05 7.53262e-06 4.50963e-06 2.70508e-06 1.59583e-06 9.29981e-07 5.63067e-07 3.53654e-07 2.29338e-07 1.52867e-07 1.04285e-07 7.27227e-08 5.16526e-08 3.73072e-08 2.73482e-08 2.03254e-08 1.52908e-08
2.94936e+03 7.18942e+00 6.85948e+00 6.35191e+00 5.47417e+00 4.14025e+00 3.07169e+00 2.26182e+00 1.66306e+00 1.21588e+00 8.77291e-01 6.37626e-01 4.67735e-01 3.38164e-01 2.43981e-01 1.75719e-01 1.25831e-01 8.99132e-02 6.38804e-02 4.50360e-02 3.15379e-02 2.21419e-02 1.54651e-02 1.07301e-02 7.44021e-03 5.13492e-03 3.52852e-03 2.42507e-03 1.64994e-03 1.13288e-03 7.60568e-04 5.08239e-04 3.43468e-04 2.11923e-04 1.40833e-04 1.04357e-04 6.80493e-05 4.37322e-05 2.74201e-05 1.74224e-05 1.08319e-05 6.63914e-06 3.97589e-06 2.38583e-06 1.40797e-06 8.21181e-07 4.97852e-07 3.13251e-07 2.03231e-07 1.35672e-07 9.27122e-08 6.46919e-08 4.60274e-08 3.33065e-08 2.44174e-08 1.81608e-08 1.36801e-08
3.22340e+03 6.54007e+00 6.23993e+00 5.77820e+00 4.97974e+00 3.76630e+00 2.79989e+00 2.07152e+00 1.51648e+00 1.10609e+00 8.06003e-01 5.84357e-01 4.24320e-01 3.06507e-01 2.20902e-01 1.59681e-01 1.14109e-01 8.20255e-02 5.83391e-02 4.09942e-02 2.85348e-02 2.00482e-02 1.40727e-02 9.77895e-03 6.80072e-03 4.67897e-03 3.19055e-03 2.18353e-03 1.49439e-03 1.01705e-03 6.85911e-04 4.59021e-04 3.06275e-04 1.87990e-04 1.24396e-04 9.21484e-05 5.97341e-05 3.84046e-05 2.39637e-05 1.50526e-05 9.43142e-06 5.78220e-06 3.46341e-06 2.07966e-06 1.22826e-06 7.16829e-07 4.35392e-07 2.74179e-07 1.78057e-07 1.19093e-07 8.14852e-08 5.69808e-08 4.05802e-08 2.93786e-08 2.15872e-08 1.60629e-08 1.21133e-08
3.52290e+03 5.89726e+00 5.62661e+00 5.21027e+00 4.49029e+00 3.39612e+00 2.53273e+00 1.87889e+00 1.36982e+00 1.00179e+00 7.32043e-01 5.29330e-01 3.85154e-01 2.76591e-01 1.99717e-01 1.44599e-01 1.03044e-01 7.37468e-02 5.22711e-02 3.67157e-02 2.57244e-02 1.81083e-02 1.26903e-02 8.89426e-03 6.11335e-03 4.23236e-03 2.88364e-03 1.95991e-03 1.34075e-03 9.06120e-04 6.04633e-04 4.05299e-04 2.69120e-04 1.64442e-04 1.08287e-04 8.00613e-05 5.19498e-05 3.30751e-05 2.06567e-05 1.28213e-05 8.08938e-06 4.95849e-06 2.97018e-06 1.78569e-06 1.05460e-06 6.16940e-07 3.75223e-07 2.36674e-07 1.54069e-07 1.03125e-07 7.06834e-08 4.95181e-08 3.53054e-08 2.55867e-08 1.88363e-08 1.40463e-08 1.05961e-08
3.85023e+03 5.26669e+00 5.02499e+00 4.65316e+00 4.01017e+00 3.03299e+00 2.25880e+00 1.68008e+00 1.22070e+00 8.90481e-01 6.50731e-01 4.70216e-01 3.42425e-01 2.47680e-01 1.78390e-01 1.29622e-01 9.24180e-02 6.54923e-02 4.67435e-02 3.28638e-02 2.29120e-02 1.61247e-02 1.13295e-02 7.90200e-03 5.40691e-03 3.75857e-03 2.55315e-03 1.73744e-03 1.19090e-03 7.99474e-04 5.29976e-04 3.51666e-04 2.32022e-04 1.41554e-04 9.27068e-05 6.79792e-05 4.41555e-05 2.79743e-05 1.73585e-05 1.08455e-05 6.83413e-06 4.18813e-06 2.51042e-06 1.50979e-06 8.92911e-07 5.23288e-07 3.18690e-07 2.01431e-07 1.31411e-07 8.81578e-08 6.04748e-08 4.24579e-08 3.03222e-08 2.20299e-08 1.62427e-08 1.21231e-08 9.16249e-09
4.20797e+03 4.65443e+00 4.44082e+00 4.11222e+00 3.54398e+00 2.68039e+00 1.99924e+00 1.48097e+00 1.07917e+00 7.91630e-01 5.77302e-01 4.17323e-01 3.02477e-01 2.18560e-01 1.57820e-01 1.13546e-01 8.15284e-02 5.81942e-02 4.12938e-02 2.91091e-02 2.03855e-02 1.42517e-02 1.00137e-02 6.95113e-03 4.79738e-03 3.30557e-03 2.24634e-03 1.53613e-03 1.03539e-03 6.94748e-04 4.56082e-04 3.00568e-04 1.99167e-04 1.19793e-04 7.79857e-05 5.73529e-05 3.67386e-05 2.32459e-05 1.44811e-05 9.01461e-06 5.67385e-06 3.47589e-06 2.08579e-06 1.25534e-06 7.43769e-07 4.36840e-07 2.66609e-07 1.68833e-07 1.10381e-07 7.41822e-08 5.10311e-08 3.58811e-08 2.56916e-08 1.86885e-08 1.38102e-08 1.03295e-08 7.82157e-09
4.59895e+03 4.06640e+00 3.87979e+00 3.59270e+00 3.09624e+00 2.34176e+00 1.74360e+00 1.28631e+00 9.44137e-01 6.89391e-01 5.04566e-01 3.66163e-01 2.65328e-01 1.91584e-01 1.38123e-01 9.93622e-02 7.11035e-02 5.06406e-02 3.59647e-02 2.54968e-02 1.77695e-02 1.26666e-02 8.75910e-03 6.06664e-03 4.19934e-03 2.86499e-03 1.95330e-03 1.33192e-03 8.84928e-04 5.89781e-04 3.89325e-04 2.54810e-04 1.65874e-04 9.95812e-05 6.44189e-05 4.73237e-05 3.00558e-05 1.89761e-05 1.18191e-05 7.32126e-06 4.61630e-06 2.82992e-06 1.69900e-06 1.02437e-06 6.08261e-07 3.57982e-07 2.19034e-07 1.39026e-07 9.11521e-08 6.13979e-08 4.23426e-08 2.98419e-08 2.14305e-08 1.56152e-08 1.15597e-08 8.66376e-09 6.57675e-09
5.02626e+03 3.50844e+00 3.34742e+00 3.09973e+00 2.67140e+00 2.02044e+00 1.50753e+00 1.11086e+00 8.15932e-01 5.95206e-01 4.35335e-01 3.15430e-01 2.29818e-01 1.65811e-01 1.19045e-01 8.58299e-02 6.15702e-02 4.37481e-02 3.11794e-02 2.19723e-02 1.54680e-02 1.08241e-02 7.51701e-03 5.20313e-03 3.59637e-03 2.44984e-03 1.65999e-03 1.12152e-03 7.41998e-04 4.91879e-04 3.22509e-04 2.09061e-04 1.35350e-04 8.09117e-05 5.19891e-05 3.79717e-05 2.41670e-05 1.51964e-05 9.46312e-06 5.86012e-06 3.68451e-06 2.26025e-06 1.35905e-06 8.20894e-07 4.88806e-07 2.88355e-07 1.77024e-07 1.12715e-07 7.40447e-08 5.00306e-08 3.46254e-08 2.44608e-08 1.76019e-08 1.28620e-08 9.54237e-09 7.17203e-09 5.45055e-09
5.32274e+03 3.16693e+00 3.02159e+00 2.79801e+00 2.41137e+00 1.82377e+00 1.36045e+00 1.00033e+00 7.36195e-01 5.37235e-01 3.92901e-01 2.85039e-01 2.07987e-01 1.49640e-01 1.07524e-01 7.74430e-02 5.55353e-02 3.96133e-02 2.81785e-02 1.97997e-02 1.39562e-02 9.68689e-03 6.75465e-03 4.66350e-03 3.22258e-03 2.19537e-03 1.48237e-03 9.94585e-04 6.54463e-04 4.31537e-04 2.81194e-04 1.81672e-04 1.16988e-04 6.97554e-05 4.46706e-05 3.25985e-05 2.06240e-05 1.29997e-05 8.06853e-06 5.01935e-06 3.14565e-06 1.93061e-06 1.16271e-06 7.03195e-07 4.19419e-07 2.48031e-07 1.52600e-07 9.73640e-08 6.41092e-08 4.34157e-08 3.01006e-08 2.12984e-08 1.53574e-08 1.12434e-08 8.35703e-09 6.28890e-09 4.78514e-09
5.63679e+03 2.84123e+00 2.71084e+00 2.51025e+00 2.16337e+00 1.63621e+00 1.21292e+00 8.96515e-01 6.59818e-01 4.79736e-01 3.51117e-01 2.54297e-01 1.85863e-01 1.33771e-01 9.65208e-02 6.95709e-02 4.97429e-02 3.55212e-02 2.52415e-02 1.77179e-02 1.25377e-02 8.75352e-03 6.05350e-03 4.13210e-03 2.84871e-03 1.93511e-03 1.30353e-03 8.70002e-04 5.68937e-04 3.72827e-04 2.41531e-04 1.55695e-04 9.95042e-05 5.92297e-05 3.79289e-05 2.76141e-05 1.74413e-05 1.10191e-05 6.81754e-06 4.24939e-06 2.65726e-06 1.63283e-06 9.84694e-07 5.96549e-07 3.56519e-07 2.11420e-07 1.30354e-07 8.33657e-08 5.50481e-08 3.73532e-08 2.59501e-08 1.83959e-08 1.32928e-08 9.75450e-09 7.26289e-09 5.47137e-09 4.17153e-09
5.96925e+03 2.53304e+00 2.41679e+00 2.23796e+00 1.92871e+00 1.45874e+00 1.08493e+00 7.98250e-01 5.87873e-01 4.27536e-01 3.12580e-01 2.27152e-01 1.65556e-01 1.18954e-01 8.60094e-02 6.20165e-02 4.43173e-02 3.16334e-02 2.24400e-02 1.57680e-02 1.11143e-02 7.74361e-03 5.37822e-03 3.65972e-03 2.50092e-03 1.68797e-03 1.13107e-03 7.51936e-04 4.87617e-04 3.19642e-04 2.05326e-04 1.32142e-04 8.40574e-05 4.97993e-05 3.18298e-05 2.31225e-05 1.46411e-05 9.24276e-06 5.69243e-06 3.54360e-06 2.22041e-06 1.36634e-06 8.25144e-07 5.00938e-07 3.00126e-07 1.78462e-07 1.10281e-07 7.07259e-08 4.68334e-08 3.18354e-08 2.21768e-08 1.57606e-08 1.14108e-08 8.38915e-09 6.25855e-09 4.72251e-09 3.60796e-09
6.32463e+03 2.24034e+00 2.13752e+00 1.97935e+00 1.70583e+00 1.29014e+00 9.58550e-01 7.03830e-01 5.17549e-01 3.77252e-01 2.74748e-01 1.99921e-01 1.45421e-01 1.04815e-01 7.56886e-02 5.45201e-02 3.89118e-02 2.77601e-02 1.96663e-02 1.38402e-02 9.71023e-03 6.75307e-03 4.67240e-03 3.17492e-03 2.15913e-03 1.45428e-03 9.62756e-04 6.37425e-04 4.12171e-04 2.68235e-04 1.71411e-04 1.09524e-04 6.97561e-05 4.14592e-05 2.63666e-05 1.90864e-05 1.21062e-05 7.63234e-06 4.67737e-06 2.91004e-06 1.82935e-06 1.12721e-06 6.82152e-07 4.15065e-07 2.49389e-07 1.48704e-07 9.21510e-08 5.92768e-08 3.93535e-08 2.68275e-08 1.87338e-08 1.33473e-08 9.68391e-09 7.13362e-09 5.33058e-09 4.03216e-09 3.08461e-09
6.69679e+03 1.95335e+00 1.86371e+00 1.72579e+00 1.48730e+00 1.12486e+00 8.33560e-01 6.13607e-01 4.48867e-01 3.27129e-01 2.37767e-01 1.73084e-01 1.25679e-01 9.07278e-02 6.53938e-02 4.71182e-02 3.36372e-02 2.39718e-02 1.69511e-02 1.19369e-02 8.34132e-03 5.77900e-03 3.98054e-03 2.69858e-03 1.82327e-03 1.22511e-03 8.05042e-04 5.29766e-04 3.42226e-04 2.20808e-04 1.40760e-04 8.93974e-05 5.69040e-05 3.38102e-05 2.14142e-05 1.54651e-05 9.78482e-06 6.18149e-06 3.79622e-06 2.36624e-06 1.48799e-06 9.18903e-07 5.57120e-07 3.39847e-07 2.04803e-07 1.22450e-07 7.61317e-08 4.90981e-08 3.26888e-08 2.23474e-08 1.56406e-08 1.11695e-08 8.11934e-09 5.99499e-09 4.48609e-09 3.40200e-09 2.60484e-09
7.07980e+03 1.67071e+00 1.59402e+00 1.47604e+00 1.27202e+00 9.61959e-01 7.09287e-01 5.23963e-01 3.81541e-01 2.76976e-01 2.01686e-01 1.46656e-01 1.06418e-01 7.66693e-02 5.52578e-02 3.98577e-02 2.84932e-02 2.02787e-02 1.42951e-02 1.00546e-02 7.00208e-03 4.82980e-03 3.31557e-03 2.24025e-03 1.49902e-03 1.00282e-03 6.59228e-04 4.30543e-04 2.77581e-04 1.77905e-04 1.13482e-04 7.19610e-05 4.55501e-05 2.70392e-05 1.70737e-05 1.24159e-05 7.83970e-06 4.90286e-06 3.04234e-06 1.89692e-06 1.19537e-06 7.39745e-07 4.49403e-07 2.74915e-07 1.66053e-07 9.95382e-08 6.20648e-08 4.01268e-08 2.67738e-08 1.83443e-08 1.28708e-08 9.20805e-09 6.70686e-09 4.95670e-09 3.71745e-09 2.82123e-09 2.16455e-09
7.40713e+03 1.41450e+00 1.34958e+00 1.24970e+00 1.07699e+00 8.14497e-01 6.03853e-01 4.46112e-01 3.25131e-01 2.35270e-01 1.71920e-01 1.24324e-01 9.05464e-02 6.51677e-02 4.71895e-02 3.39008e-02 2.41749e-02 1.72073e-02 1.20782e-02 8.46995e-03 5.87233e-03 4.06686e-03 2.77131e-03 1.87281e-03 1.24622e-03 8.31636e-04 5.44729e-04 3.55099e-04 2.27562e-04 1.45277e-04 9.30294e-05 5.89843e-05 3.72021e-05 2.21883e-05 1.39929e-05 1.02015e-05 6.41137e-06 4.00016e-06 2.48543e-06 1.55460e-06 9.79695e-07 6.07302e-07 3.69635e-07 2.26588e-07 1.37151e-07 8.23711e-08 5.14471e-08 3.33379e-08 2.22659e-08 1.52867e-08 1.07396e-08 7.69134e-09 5.60542e-09 4.15170e-09 3.11591e-09 2.36542e-09 1.81708e-09
7.69282e+03 1.20450e+00 1.14920e+00 1.06414e+00 9.17030e-01 6.93463e-01 5.14983e-01 3.79185e-01 2.78612e-01 2.01151e-01 1.47201e-01 1.06223e-01 7.73102e-02 5.57428e-02 4.03916e-02 2.89198e-02 2.06460e-02 1.46636e-02 1.02994e-02 7.20027e-03 4.97800e-03 3.43326e-03 2.33429e-03 1.57760e-03 1.05000e-03 7.00011e-04 4.59135e-04 2.97365e-04 1.90676e-04 1.21902e-04 7.79612e-05 4.93982e-05 3.11248e-05 1.86368e-05 1.17352e-05 8.50485e-06 5.35705e-06 3.36083e-06 2.09106e-06 1.31521e-06 8.25849e-07 5.12363e-07 3.12110e-07 1.91482e-07 1.16034e-07 6.97470e-08 4.36265e-08 2.82712e-08 1.88952e-08 1.29772e-08 9.11993e-09 6.53577e-09 4.76601e-09 3.52907e-09 2.64987e-09 2.01299e-09 1.54601e-09
7.94379e+03 1.02544e+00 9.78363e-01 9.05944e-01 7.80712e-01 5.90386e-01 4.39814e-01 3.25687e-01 2.38637e-01 1.71969e-01 1.25922e-01 9.07682e-02 6.59272e-02 4.76653e-02 3.45158e-02 2.46281e-02 1.76237e-02 1.24785e-02 8.78323e-03 6.12095e-03 4.22218e-03 2.89037e-03 1.96349e-03 1.32700e-03 8.85152e-04 5.89887e-04 3.87991e-04 2.49313e-04 1.60326e-04 1.02851e-04 6.55652e-05 4.15136e-05 2.61605e-05 1.57308e-05 9.88698e-06 7.17415e-06 4.55896e-06 2.85592e-06 1.78213e-06 1.12226e-06 7.05193e-07 4.37764e-07 2.66942e-07 1.63845e-07 9.93497e-08 5.97630e-08 3.73944e-08 2.42325e-08 1.62031e-08 1.11260e-08 7.81804e-09 5.60477e-09 4.08673e-09 3.02607e-09 2.27207e-09 1.72632e-09 1.32561e-09
8.17826e+03 8.70421e-01 8.30462e-01 7.68991e-01 6.62688e-01 5.01131e-01 3.76089e-01 2.77871e-01 2.03938e-01 1.47445e-01 1.07535e-01 7.75713e-02 5.64208e-02 4.07253e-02 2.94621e-02 2.09854e-02 1.50218e-02 1.06258e-02 7.46081e-03 5.20868e-03 3.60197e-03 2.45299e-03 1.66189e-03 1.12219e-03 7.48951e-04 5.00208e-04 3.27343e-04 2.12359e-04 1.36484e-04 8.76324e-05 5.57934e-05 3.54122e-05 2.24217e-05 1.35556e-05 8.50054e-06 6.16945e-06 3.89795e-06 2.42518e-06 1.52063e-06 9.54549e-07 6.02941e-07 3.74427e-07 2.28621e-07 1.40338e-07 8.51117e-08 5.12342e-08 3.20330e-08 2.07571e-08 1.38822e-08 9.52481e-09 6.68915e-09 4.79579e-09 3.49412e-09 2.58791e-09 1.94196e-09 1.47506e-09 1.13253e-09
8.39691e+03 7.39354e-01 7.05407e-01 6.53183e-01 5.62872e-01 4.25620e-01 3.19228e-01 2.36145e-01 1.73034e-01 1.25491e-01 9.12384e-02 6.58833e-02 4.79866e-02 3.46042e-02 2.50063e-02 1.77900e-02 1.27343e-02 9.00222e-03 6.30636e-03 4.40401e-03 3.05236e-03 2.07330e-03 1.40078e-03 9.45280e-04 6.30807e-04 4.21989e-04 2.75480e-04 1.80169e-04 1.15838e-04 7.43879e-05 4.74027e-05 3.01631e-05 1.91762e-05 1.16620e-05 7.29364e-06 5.28091e-06 3.38094e-06 2.10746e-06 1.31998e-06 8.32939e-07 5.24742e-07 3.26002e-07 1.99095e-07 1.22174e-07 7.40885e-08 4.45705e-08 2.78551e-08 1.80368e-08 1.20559e-08 8.26838e-09 5.80194e-09 4.15568e-09 3.02631e-09 2.23975e-09 1.67974e-09 1.27455e-09 9.78320e-10
8.60003e+03 6.27642e-01 5.98825e-01 5.54495e-01 4.77834e-01 3.61325e-01 2.73025e-01 2.01501e-01 1.47216e-01 1.06917e-01 7.77846e-02 5.62541e-02 4.10072e-02 2.96147e-02 2.13774e-02 1.52218e-02 1.08849e-02 7.70085e-03 5.39031e-03 3.74795e-03 2.59890e-03 1.77652e-03 1.19824e-03 8.08900e-04 5.38666e-04 3.60069e-04 2.36625e-04 1.54775e-04 9.98133e-05 6.39655e-05 4.10416e-05 2.61617e-05 1.66400e-05 1.01707e-05 6.34332e-06 4.61407e-06 2.94083e-06 1.82380e-06 1.13949e-06 7.24724e-07 4.54442e-07 2.82471e-07 1.72515e-07 1.05813e-07 6.41564e-08 3.85565e-08 2.40862e-08 1.55809e-08 1.04055e-08 7.13357e-09 5.00038e-09 3.57666e-09 2.60331e-09 1.92458e-09 1.44239e-09 1.09289e-09 8.38602e-10
8.79495e+03 5.31467e-01 5.07065e-01 4.69524e-01 4.04605e-01 3.05942e-01 2.31476e-01 1.70726e-01 1.24775e-01 9.05078e-02 6.58981e-02 4.77261e-02 3.48002e-02 2.51459e-02 1.81264e-02 1.29140e-02 9.22060e-03 6.52890e-03 4.57080e-03 3.17131e-03 2.20429e-03 1.51228e-03 1.02312e-03 6.90930e-04 4.59628e-04 3.06745e-04 2.02524e-04 1.32690e-04 8.58197e-05 5.49789e-05 3.54914e-05 2.26499e-05 1.43885e-05 8.87842e-06 5.51985e-06 4.00192e-06 2.55366e-06 1.61198e-06 1.00623e-06 6.38346e-07 4.01379e-07 2.49491e-07 1.52278e-07 9.33579e-08 5.65486e-08 3.39570e-08 2.11892e-08 1.36861e-08 9.13060e-09 6.24960e-09 4.37604e-09 3.12612e-09 2.27293e-09 1.67864e-09 1.25683e-09 9.51852e-10 7.29382e-10
8.97962e+03 4.49847e-01 4.29191e-01 3.97415e-01 3.42464e-01 2.58951e-01 1.96850e-01 1.45157e-01 1.05988e-01 7.64609e-02 5.57222e-02 4.04019e-02 2.94397e-02 2.12505e-02 1.52914e-02 1.08934e-02 7.76086e-03 5.50008e-03 3.85753e-03 2.68109e-03 1.87342e-03 1.28372e-03 8.77618e-04 5.92844e-04 3.94694e-04 2.62688e-04 1.73592e-04 1.14189e-04 7.40292e-05 4.75410e-05 3.08206e-05 1.96702e-05 1.24488e-05 7.80127e-06 4.83348e-06 3.53641e-06 2.24701e-06 1.41238e-06 8.80683e-07 5.56821e-07 3.51363e-07 2.18403e-07 1.33198e-07 8.16159e-08 4.93751e-08 2.96202e-08 1.84574e-08 1.18992e-08 7.92822e-09 5.41576e-09 3.78711e-09 2.70114e-09 1.96126e-09 1.44665e-09 1.08178e-09 8.18825e-10 6.26348e-10
9.14509e+03 3.84378e-01 3.66728e-01 3.39576e-01 2.92622e-01 2.21261e-01 1.68106e-01 1.23481e-01 9.09961e-02 6.56568e-02 4.79068e-02 3.47250e-02 2.52879e-02 1.82464e-02 1.31280e-02 9.36572e-03 6.67569e-03 4.72132e-03 3.31701e-03 2.31233e-03 1.61594e-03 1.11226e-03 7.61182e-04 5.15812e-04 3.44004e-04 2.29115e-04 1.51825e-04 1.00204e-04 6.50922e-05 4.19311e-05 2.72771e-05 1.74272e-05 1.10130e-05 6.95679e-06 4.29599e-06 3.11928e-06 1.98911e-06 1.26807e-06 7.93775e-07 5.00824e-07 3.15497e-07 1.96086e-07 1.19532e-07 7.32030e-08 4.42355e-08 2.65025e-08 1.64874e-08 1.06150e-08 7.06187e-09 4.81687e-09 3.36243e-09 2.39556e-09 1.73727e-09 1.27982e-09 9.55560e-10 7.22580e-10 5.52258e-10
9.30734e+03 3.26983e-01 3.11968e-01 2.88869e-01 2.48924e-01 1.88217e-01 1.42413e-01 1.05521e-01 7.74076e-02 5.61388e-02 4.10298e-02 2.96935e-02 2.16101e-02 1.55942e-02 1.12341e-02 8.03853e-03 5.74613e-03 4.04411e-03 2.84653e-03 1.99329e-03 1.38701e-03 9.64249e-04 6.55427e-04 4.46832e-04 2.98823e-04 1.99759e-04 1.32991e-04 8.80568e-05 5.73118e-05 3.70672e-05 2.41899e-05 1.54855e-05 9.78758e-06 6.20159e-06 3.81574e-06 2.80207e-06 1.78476e-06 1.12967e-06 7.10853e-07 4.47447e-07 2.81132e-07 1.74701e-07 1.06440e-07 6.51430e-08 3.93114e-08 2.35144e-08 1.45986e-08 9.38415e-09 6.23131e-09 4.24294e-09 2.95525e-09 2.10267e-09 1.52261e-09 1.11992e-09 8.34549e-10 6.30267e-10 4.81245e-10
9.46711e+03 2.76545e-01 2.63848e-01 2.44315e-01 2.10536e-01 1.59198e-01 1.20852e-01 8.88383e-02 6.55546e-02 4.76027e-02 3.48547e-02 2.51620e-02 1.83367e-02 1.32010e-02 9.53995e-03 6.84104e-03 4.89331e-03 3.44716e-03 2.42698e-03 1.70607e-03 1.18529e-03 8.26946e-04 5.62988e-04 3.86388e-04 2.58832e-04 1.74269e-04 1.16409e-04 7.71592e-05 5.04971e-05 3.26806e-05 2.14208e-05 1.37275e-05 8.71098e-06 5.54480e-06 3.39852e-06 2.49302e-06 1.59657e-06 1.00998e-06 6.36694e-07 4.01542e-07 2.51765e-07 1.56390e-07 9.52256e-08 5.82262e-08 3.50833e-08 2.09546e-08 1.29787e-08 8.33040e-09 5.52042e-09 3.75090e-09 2.60805e-09 1.85240e-09 1.33886e-09 9.83079e-10 7.31338e-10 5.51435e-10 4.20507e-10
9.61135e+03 2.36309e-01 2.25458e-01 2.08765e-01 1.79897e-01 1.36026e-01 1.03662e-01 7.65202e-02 5.57402e-02 4.03812e-02 2.96259e-02 2.13161e-02 1.55835e-02 1.11669e-02 8.10953e-03 5.82337e-03 4.15962e-03 2.94879e-03 2.07357e-03 1.46239e-03 1.01694e-03 7.07878e-04 4.86321e-04 3.36158e-04 2.25337e-04 1.53240e-04 1.02579e-04 6.79378e-05 4.48360e-05 2.89541e-05 1.90778e-05 1.22295e-05 7.81445e-06 5.00224e-06 3.05415e-06 2.24839e-06 1.44381e-06 9.12709e-07 5.74603e-07 3.64420e-07 2.28157e-07 1.41641e-07 8.61910e-08 5.26440e-08 3.16691e-08 1.88919e-08 1.16720e-08 7.48178e-09 4.94807e-09 3.35414e-09 2.32950e-09 1.65123e-09 1.19092e-09 8.72915e-10 6.48513e-10 4.88101e-10 3.71637e-10
9.74962e+03 2.01793e-01 1.92528e-01 1.78274e-01 1.53625e-01 1.16164e-01 8.89646e-02 6.51129e-02 4.77043e-02 3.45772e-02 2.53411e-02 1.82611e-02 1.33152e-02 9.52194e-03 6.95557e-03 4.99074e-03 3.56204e-03 2.53167e-03 1.78690e-03 1.26142e-03 8.83690e-04 6.12105e-04 4.25563e-04 2.94103e-04 1.98636e-04 1.35672e-04 9.06188e-05 6.07038e-05 4.00614e-05 2.60900e-05 1.71658e-05 1.09625e-05 7.05585e-06 4.54627e-06 2.76575e-06 2.04629e-06 1.30525e-06 8.20405e-07 5.15670e-07 3.29108e-07 2.05735e-07 1.27635e-07 7.76101e-08 4.73420e-08 2.84270e-08 1.69325e-08 1.04316e-08 6.67600e-09 4.40458e-09 2.97749e-09 2.06500e-09 1.46022e-09 1.05048e-09 7.68340e-10 5.69883e-10 4.27985e-10 3.25256e-10
9.88472e+03 1.71731e-01 1.63847e-01 1.51719e-01 1.30746e-01 9.88718e-02 7.54443e-02 5.55327e-02 4.04029e-02 2.93548e-02 2.14463e-02 1.55293e-02 1.12475e-02 8.03701e-03 5.91515e-03 4.23449e-03 3.02055e-03 2.14842e-03 1.52771e-03 1.07815e-03 7.64783e-04 5.25892e-04 3.71305e-04 2.55456e-04 1.74716e-04 1.19546e-04 7.94532e-05 5.42795e-05 3.56577e-05 2.35754e-05 1.54315e-05 9.79226e-06 6.35505e-06 4.12647e-06 2.50069e-06 1.84882e-06 1.18093e-06 7.52142e-07 4.71711e-07 3.00951e-07 1.88663e-07 1.17011e-07 7.10800e-08 4.33029e-08 2.59773e-08 1.54357e-08 9.50116e-09 6.06774e-09 3.99339e-09 2.69502e-09 1.86515e-09 1.31630e-09 9.45149e-10 6.90052e-10 5.10890e-10 3.83088e-10 2.90785e-10
1.00113e+04 1.46831e-01 1.40090e-01 1.29719e-01 1.11787e-01 8.45343e-02 6.47270e-02 4.70972e-02 3.46614e-02 2.53589e-02 1.84727e-02 1.33594e-02 9.70137e-03 6.96037e-03 5.10250e-03 3.67789e-03 2.62480e-03 1.86257e-03 1.32813e-03 9.40626e-04 6.68390e-04 4.61628e-04 3.29211e-04 2.26868e-04 1.56198e-04 1.07043e-04 7.18429e-05 4.89272e-05 3.22184e-05 2.13000e-05 1.40455e-05 9.00754e-06 5.79574e-06 3.78866e-06 2.28821e-06 1.69500e-06 1.08503e-06 6.88197e-07 4.30532e-07 2.74576e-07 1.72670e-07 1.07058e-07 6.49629e-08 3.95193e-08 2.36825e-08 1.40335e-08 8.62957e-09 5.49795e-09 3.60821e-09 2.43041e-09 1.67795e-09 1.18149e-09 8.46478e-10 6.16715e-10 4.55628e-10 3.41030e-10 2.58494e-10
1.01329e+04 1.25403e-01 1.19648e-01 1.10793e-01 9.54814e-02 7.22115e-02 5.54065e-02 4.00150e-02 2.93007e-02 2.16444e-02 1.57097e-02 1.13292e-02 8.27027e-03 5.96962e-03 4.34447e-03 3.16413e-03 2.26005e-03 1.59813e-03 1.14243e-03 8.13236e-04 5.77889e-04 4.02207e-04 2.89980e-04 2.00459e-04 1.38939e-04 9.53898e-05 6.49229e-05 4.38774e-05 2.90105e-05 1.91261e-05 1.27469e-05 8.29581e-06 5.27193e-06 3.47186e-06 2.08909e-06 1.55901e-06 9.92845e-07 6.30161e-07 3.93643e-07 2.50880e-07 1.58147e-07 9.80121e-08 5.94068e-08 3.60888e-08 2.15984e-08 1.27646e-08 7.83864e-09 4.98164e-09 3.26011e-09 2.19104e-09 1.50884e-09 1.05982e-09 7.57531e-10 5.50602e-10 4.05889e-10 3.03199e-10 2.29407e-10
1.02519e+04 1.06792e-01 1.01891e-01 9.43530e-02 8.13170e-02 6.15058e-02 4.70095e-02 3.41611e-02 2.52386e-02 1.85250e-02 1.33971e-02 9.69339e-03 7.08450e-03 5.14506e-03 3.73846e-03 2.72141e-03 1.95300e-03 1.38387e-03 9.92861e-04 7.05243e-04 5.04256e-04 3.57325e-04 2.56423e-04 1.78246e-04 1.23158e-04 8.52908e-05 5.86415e-05 3.95124e-05 2.64761e-05 1.73877e-05 1.15984e-05 7.54913e-06 4.83001e-06 3.20803e-06 1.92411e-06 1.42601e-06 9.16976e-07 5.83728e-07 3.65669e-07 2.32693e-07 1.46499e-07 9.07303e-08 5.49478e-08 3.33551e-08 1.99268e-08 1.17616e-08 7.20616e-09 4.57113e-09 2.98636e-09 2.00202e-09 1.37605e-09 9.64654e-10 6.88295e-10 4.99130e-10 3.67424e-10 2.74012e-10 2.06833e-10
1.03652e+04 9.10952e-02 8.69155e-02 8.04858e-02 6.93674e-02 5.24716e-02 4.05345e-02 2.93334e-02 2.15388e-02 1.57014e-02 1.13147e-02 8.22581e-03 6.01906e-03 4.39986e-03 3.19035e-03 2.32372e-03 1.67454e-03 1.19080e-03 8.58012e-04 6.09248e-04 4.38318e-04 3.16171e-04 2.26303e-04 1.58261e-04 1.09302e-04 7.63046e-05 5.28981e-05 3.56279e-05 2.41222e-05 1.58001e-05 1.05570e-05 6.88433e-06 4.43680e-06 2.96550e-06 1.77267e-06 1.31941e-06 8.48467e-07 5.39511e-07 3.39030e-07 2.15373e-07 1.35406e-07 8.37959e-08 5.07015e-08 3.07519e-08 1.83349e-08 1.08065e-08 6.60386e-09 4.18022e-09 2.72566e-09 1.82202e-09 1.24961e-09 8.74031e-10 6.22362e-10 4.50113e-10 3.30795e-10 2.46218e-10 1.85337e-10
1.04743e+04 7.75807e-02 7.40231e-02 6.85503e-02 5.90864e-02 4.47045e-02 3.46229e-02 2.51140e-02 1.84793e-02 1.34212e-02 9.66705e-03 7.08189e-03 5.18358e-03 3.80186e-03 2.74912e-03 2.01219e-03 1.44809e-03 1.03767e-03 7.50812e-04 5.37259e-04 3.87317e-04 2.81285e-04 2.02785e-04 1.42505e-04 9.94575e-05 6.95357e-05 4.80791e-05 3.27006e-05 2.20336e-05 1.44740e-05 9.71064e-06 6.38233e-06 4.14068e-06 2.75799e-06 1.64377e-06 1.22836e-06 7.82852e-07 4.98977e-07 3.14620e-07 1.99591e-07 1.25233e-07 7.74443e-08 4.68133e-08 2.83669e-08 1.68786e-08 9.93243e-09 6.05356e-09 3.82330e-09 2.48774e-09 1.65817e-09 1.13453e-09 7.91567e-10 5.62350e-10 4.05609e-10 2.97498e-10 2.20954e-10 1.65833e-10
1.05809e+04 6.59153e-02 6.28936e-02 5.82452e-02 5.02074e-02 3.79934e-02 2.92135e-02 2.11366e-02 1.56717e-02 1.13705e-02 8.18097e-03 6.03791e-03 4.42517e-03 3.25681e-03 2.35179e-03 1.72840e-03 1.24296e-03 8.99268e-04 6.54419e-04 4.71782e-04 3.42307e-04 2.49342e-04 1.81058e-04 1.27725e-04 9.00051e-05 6.33518e-05 4.36779e-05 2.99782e-05 2.01604e-05 1.32695e-05 8.94340e-06 5.91216e-06 3.85596e-06 2.56502e-06 1.52404e-06 1.13945e-06 7.31402e-07 4.66730e-07 2.95234e-07 1.87395e-07 1.17120e-07 7.24108e-08 4.37365e-08 2.64747e-08 1.57310e-08 9.24287e-09 5.62263e-09 3.54473e-09 2.30243e-09 1.53221e-09 1.04615e-09 7.28264e-10 5.16221e-10 3.71826e-10 2.72072e-10 2.01669e-10 1.51078e-10
1.06836e+04 5.59347e-02 5.33717e-02 4.94290e-02 4.26116e-02 3.22530e-02 2.51540e-02 1.80079e-02 1.33126e-02 9.73307e-03 6.98555e-03 5.17262e-03 3.80499e-03 2.80656e-03 2.03352e-03 1.49429e-03 1.07616e-03 7.87345e-04 5.77511e-04 4.17980e-04 3.08175e-04 2.22654e-04 1.62505e-04 1.14649e-04 8.12040e-05 5.82139e-05 4.00237e-05 2.76172e-05 1.86762e-05 1.22834e-05 8.31834e-06 5.49763e-06 3.59010e-06 2.39769e-06 1.42050e-06 1.05799e-06 6.81804e-07 4.35645e-07 2.76547e-07 1.75638e-07 1.09299e-07 6.75584e-08 4.07704e-08 2.46506e-08 1.46248e-08 8.57815e-09 5.20722e-09 3.27619e-09 2.12379e-09 1.41078e-09 9.60954e-10 6.67240e-10 4.71753e-10 3.39260e-10 2.47561e-10 1.83077e-10 1.36854e-10
1.07818e+04 4.74166e-02 4.52462e-02 4.19073e-02 3.61339e-02 2.73613e-02 2.16453e-02 1.50869e-02 1.12137e-02 8.26397e-03 5.92078e-03 4.39509e-03 3.24296e-03 2.39839e-03 1.74720e-03 1.28499e-03 9.27175e-04 6.85616e-04 5.07201e-04 3.69283e-04 2.76202e-04 1.98572e-04 1.45748e-04 1.03545e-04 7.35543e-05 5.34495e-05 3.67139e-05 2.54209e-05 1.73198e-05 1.13755e-05 7.73905e-06 5.11844e-06 3.33968e-06 2.24397e-06 1.32555e-06 9.95239e-07 6.34788e-07 4.05923e-07 2.58679e-07 1.64397e-07 1.01821e-07 6.29190e-08 3.79346e-08 2.29066e-08 1.35671e-08 7.94259e-09 4.81004e-09 3.01944e-09 1.95299e-09 1.29469e-09 8.79495e-10 6.08894e-10 4.29237e-10 3.08122e-10 2.24125e-10 1.65302e-10 1.23254e-10
1.08742e+04 4.03514e-02 3.85053e-02 3.56656e-02 3.07556e-02 2.32962e-02 1.84699e-02 1.30593e-02 9.62839e-03 7.12147e-03 5.11338e-03 3.78727e-03 2.79100e-03 2.06984e-03 1.52254e-03 1.12425e-03 8.13098e-04 6.03022e-04 4.49054e-04 3.30284e-04 2.47747e-04 1.79483e-04 1.32422e-04 9.65822e-05 6.82633e-05 4.93335e-05 3.40569e-05 2.35056e-05 1.61994e-05 1.06077e-05 7.23944e-06 4.80425e-06 3.11335e-06 2.11491e-06 1.24626e-06 9.36162e-07 6.01436e-07 3.84585e-07 2.44447e-07 1.55707e-07 9.62238e-08 5.94244e-08 3.58064e-08 2.16051e-08 1.27872e-08 7.47357e-09 4.52117e-09 2.83120e-09 1.82929e-09 1.21082e-09 8.20939e-10 5.67394e-10 3.99072e-10 2.86130e-10 2.07706e-10 1.52903e-10 1.13789e-10
1.09614e+04 3.43940e-02 3.28220e-02 3.04039e-02 2.62231e-02 1.98722e-02 1.54884e-02 1.11474e-02 8.13673e-03 6.04606e-03 4.35346e-03 3.21529e-03 2.36580e-03 1.76067e-03 1.31111e-03 9.72960e-04 7.05740e-04 5.25297e-04 3.94352e-04 2.93583e-04 2.20980e-04 1.61519e-04 1.19881e-04 9.00146e-05 6.32831e-05 4.54551e-05 3.15556e-05 2.17039e-05 1.51443e-05 9.88471e-06 6.76882e-06 4.50842e-06 2.90063e-06 1.99335e-06 1.17158e-06 8.80456e-07 5.69986e-07 3.64925e-07 2.31207e-07 1.47645e-07 9.10463e-08 5.61898e-08 3.38374e-08 2.04014e-08 1.20668e-08 7.04029e-09 4.25470e-09 2.65741e-09 1.71522e-09 1.13351e-09 7.66984e-10 5.29195e-10 3.71314e-10 2.65901e-10 1.92615e-10 1.41513e-10 1.05095e-10
1.10443e+04 2.93084e-02 2.79710e-02 2.59139e-02 2.23572e-02 1.69542e-02 1.35988e-02 9.74714e-03 7.07292e-03 5.23441e-03 3.78753e-03 2.80002e-03 2.07149e-03 1.53730e-03 1.15602e-03 8.60607e-04 6.27306e-04 4.69077e-04 3.56670e-04 2.66956e-04 2.02846e-04 1.48591e-04 1.10808e-04 8.35787e-05 5.95548e-05 4.20976e-05 2.96403e-05 2.04902e-05 1.43041e-05 9.30914e-06 6.37583e-06 4.27653e-06 2.77871e-06 1.89382e-06 1.11081e-06 8.30860e-07 5.40100e-07 3.46242e-07 2.18625e-07 1.39983e-07 8.61261e-08 5.31159e-08 3.19661e-08 1.92576e-08 1.13822e-08 6.62853e-09 4.00146e-09 2.49226e-09 1.60682e-09 1.06003e-09 7.15710e-10 4.92893e-10 3.44934e-10 2.46677e-10 1.78273e-10 1.30689e-10 9.68332e-11
1.11696e+04 2.26921e-02 2.16593e-02 2.00709e-02 1.73247e-02 1.31537e-02 1.08772e-02 7.68589e-03 5.49064e-03 4.03056e-03 2.94502e-03 2.18167e-03 1.63277e-03 1.20550e-03 9.25082e-04 6.93948e-04 5.11253e-04 3.85776e-04 3.00492e-04 2.27328e-04 1.75790e-04 1.29402e-04 9.73000e-05 7.38933e-05 5.38224e-05 3.71629e-05 2.67689e-05 1.86429e-05 1.30327e-05 8.45267e-06 5.79251e-06 3.92552e-06 2.59001e-06 1.74483e-06 1.01989e-06 7.72390e-07 5.01584e-07 3.20264e-07 2.01644e-07 1.28940e-07 7.93698e-08 4.89114e-08 2.94121e-08 1.76983e-08 1.04471e-08 6.06873e-09 3.65638e-09 2.26998e-09 1.46045e-09 9.61112e-10 6.46955e-10 4.44262e-10 3.10007e-10 2.21076e-10 1.59205e-10 1.16383e-10 8.59194e-11
1.12859e+04 1.75732e-02 1.67761e-02 1.55502e-02 1.34311e-02 1.02132e-02 8.35229e-03 5.92524e-03 4.30608e-03 3.16496e-03 2.30630e-03 1.71135e-03 1.29391e-03 9.61622e-04 7.49311e-04 5.73896e-04 4.30727e-04 3.26744e-04 2.57036e-04 1.97411e-04 1.54645e-04 1.15459e-04 8.70509e-05 6.54527e-05 4.75579e-05 3.40899e-05 2.43808e-05 1.68166e-05 1.18528e-05 7.80712e-06 5.36819e-06 3.59830e-06 2.37131e-06 1.62324e-06 9.46208e-07 7.18144e-07 4.68367e-07 2.98901e-07 1.88349e-07 1.19354e-07 7.39246e-08 4.55447e-08 2.73741e-08 1.64565e-08 9.70011e-09 5.62493e-09 3.38176e-09 2.09677e-09 1.34574e-09 8.83982e-10 5.93720e-10 4.06672e-10 2.83566e-10 2.01492e-10 1.44659e-10 1.05585e-10 7.76911e-11
1.13872e+04 1.38237e-02 1.31994e-02 1.22392e-02 1.05797e-02 8.06023e-03 6.79699e-03 4.64442e-03 3.40541e-03 2.50690e-03 1.82761e-03 1.35945e-03 1.04119e-03 7.82831e-04 6.18977e-04 4.82331e-04 3.67715e-04 2.82895e-04 2.23217e-04 1.73766e-04 1.37363e-04 1.04284e-04 7.92467e-05 5.91940e-05 4.28925e-05 3.15725e-05 2.24236e-05 1.54851e-05 1.09716e-05 7.28753e-06 5.01151e-06 3.34585e-06 2.19489e-06 1.52358e-06 8.85943e-07 6.71073e-07 4.39916e-07 2.80298e-07 1.76772e-07 1.11006e-07 6.91831e-08 4.26129e-08 2.55994e-08 1.53752e-08 9.04964e-09 5.23848e-09 3.14263e-09 1.94595e-09 1.24585e-09 8.16817e-10 5.47363e-10 3.73938e-10 2.60541e-10 1.84439e-10 1.31993e-10 9.61832e-11 7.05259e-11
1.14836e+04 1.08016e-02 1.03166e-02 9.57078e-03 8.28181e-03 6.32545e-03 5.40018e-03 3.60453e-03 2.69643e-03 1.98905e-03 1.45986e-03 1.08988e-03 8.48673e-04 6.50740e-04 5.20704e-04 4.09902e-04 3.15808e-04 2.49734e-04 1.95593e-04 1.53993e-04 1.22196e-04 9.47456e-05 7.30907e-05 5.44757e-05 3.93483e-05 2.93565e-05 2.06999e-05 1.45116e-05 1.02988e-05 6.84129e-06 4.68661e-06 3.14247e-06 2.04290e-06 1.43578e-06 8.33009e-07 6.33494e-07 4.17058e-07 2.64630e-07 1.66233e-07 1.04230e-07 6.51536e-08 4.01229e-08 2.40910e-08 1.44574e-08 8.50339e-09 4.91438e-09 2.94416e-09 1.82134e-09 1.16324e-09 7.61394e-10 5.09294e-10 3.47207e-10 2.41570e-10 1.70534e-10 1.21723e-10 8.85360e-11 6.47801e-11
1.15759e+04 8.36028e-03 7.98789e-03 7.41525e-03 6.42573e-03 4.92418e-03 4.29590e-03 2.84962e-03 2.12146e-03 1.56126e-03 1.15735e-03 8.73279e-04 6.87427e-04 5.34924e-04 4.35317e-04 3.46418e-04 2.70692e-04 2.18602e-04 1.71633e-04 1.37257e-04 1.09928e-04 8.59659e-05 6.71085e-05 5.00722e-05 3.63641e-05 2.73593e-05 1.91261e-05 1.35854e-05 9.68645e-06 6.41817e-06 4.40617e-06 2.95957e-06 1.93088e-06 1.35648e-06 7.85361e-07 5.97498e-07 3.95164e-07 2.51388e-07 1.56552e-07 9.87531e-08 6.17128e-08 3.79979e-08 2.28027e-08 1.36748e-08 8.04324e-09 4.64180e-09 2.77929e-09 1.71840e-09 1.09489e-09 7.15671e-10 4.78071e-10 3.25434e-10 2.25946e-10 1.59229e-10 1.13432e-10 8.23387e-11 6.02067e-11
1.16579e+04 6.53293e-03 6.24476e-03 5.80165e-03 5.03610e-03 3.87467e-03 3.39004e-03 2.24778e-03 1.72488e-03 1.25605e-03 9.43175e-04 7.26513e-04 5.69596e-04 4.43793e-04 3.69061e-04 2.96493e-04 2.35668e-04 1.91642e-04 1.53093e-04 1.24810e-04 1.01509e-04 7.85584e-05 6.17006e-05 4.62880e-05 3.41642e-05 2.57229e-05 1.78129e-05 1.27697e-05 9.17768e-06 6.04704e-06 4.19082e-06 2.81017e-06 1.86822e-06 1.29131e-06 7.46392e-07 5.65524e-07 3.75715e-07 2.39625e-07 1.47953e-07 9.38882e-08 5.86565e-08 3.61103e-08 2.16583e-08 1.29796e-08 7.63451e-09 4.39967e-09 2.63285e-09 1.62696e-09 1.03418e-09 6.75056e-10 4.50336e-10 3.06093e-10 2.12068e-10 1.49188e-10 1.06067e-10 7.68337e-11 5.61442e-11
1.17297e+04 5.16852e-03 4.94326e-03 4.59692e-03 3.99860e-03 3.09098e-03 2.70129e-03 1.79821e-03 1.38555e-03 9.96542e-04 7.61096e-04 6.01203e-04 4.69780e-04 3.66667e-04 3.12705e-04 2.53954e-04 2.05836e-04 1.68691e-04 1.37272e-04 1.14139e-04 9.41621e-05 7.22446e-05 5.70947e-05 4.30592e-05 3.22794e-05 2.42862e-05 1.67041e-05 1.20670e-05 8.72830e-06 5.73012e-06 4.00203e-06 2.67986e-06 1.81192e-06 1.23486e-06 7.12645e-07 5.37532e-07 3.60108e-07 2.29326e-07 1.40425e-07 8.96291e-08 5.59807e-08 3.44578e-08 2.06565e-08 1.23710e-08 7.27668e-09 4.18770e-09 2.50464e-09 1.54690e-09 9.81027e-10 6.39499e-10 4.26055e-10 2.89161e-10 1.99919e-10 1.40397e-10 9.96187e-11 7.20143e-11 5.25876e-11
1.17960e+04 4.09082e-03 3.91517e-03 3.64513e-03 3.17868e-03 2.47115e-03 2.06477e-03 1.46676e-03 1.15460e-03 8.37441e-04 6.49843e-04 5.18835e-04 4.12700e-04 3.23339e-04 2.77980e-04 2.26950e-04 1.87005e-04 1.54351e-04 1.26973e-04 1.06651e-04 8.76174e-05 6.82156e-05 5.41934e-05 4.09626e-05 3.09722e-05 2.29167e-05 1.61111e-05 1.15383e-05 8.27109e-06 5.52162e-06 3.82484e-06 2.56452e-06 1.74474e-06 1.18900e-06 6.85365e-07 5.18697e-07 3.45908e-07 2.20719e-07 1.34857e-07 8.62999e-08 5.38841e-08 3.31637e-08 1.98732e-08 1.18979e-08 6.99576e-09 4.02474e-09 2.40552e-09 1.48488e-09 9.41076e-10 6.12697e-10 4.07973e-10 2.76701e-10 1.91049e-10 1.34027e-10 9.50167e-11 6.86060e-11 5.00488e-11
1.18562e+04 3.25023e-03 3.11324e-03 2.90265e-03 2.53890e-03 1.98712e-03 1.77954e-03 1.16595e-03 9.45011e-04 6.93050e-04 5.48875e-04 4.44083e-04 3.60898e-04 2.84017e-04 2.46465e-04 2.02442e-04 1.69914e-04 1.41338e-04 1.17626e-04 9.98551e-05 8.16778e-05 6.45591e-05 5.15604e-05 3.90598e-05 2.97858e-05 2.16738e-05 1.55729e-05 1.10584e-05 7.85615e-06 5.33238e-06 3.66404e-06 2.45984e-06 1.68376e-06 1.14738e-06 6.60607e-07 5.03158e-07 3.33020e-07 2.13151e-07 1.30175e-07 8.34405e-08 5.20819e-08 3.20515e-08 1.92005e-08 1.14924e-08 6.75410e-09 3.88563e-09 2.32074e-09 1.43178e-09 9.07267e-10 5.89991e-10 3.92727e-10 2.66243e-10 1.83629e-10 1.28715e-10 9.12025e-11 6.57920e-11 4.79445e-11
1.19114e+04 2.58749e-03 2.48092e-03 2.31710e-03 2.03413e-03 1.60478e-03 1.52823e-03 9.50578e-04 7.53032e-04 5.60795e-04 4.56393e-04 3.75612e-04 3.13449e-04 2.48000e-04 2.17599e-04 1.79994e-04 1.54261e-04 1.29418e-04 1.09064e-04 9.36306e-05 7.62374e-05 6.12098e-05 4.91487e-05 3.73170e-05 2.86992e-05 2.05354e-05 1.50799e-05 1.06188e-05 7.47608e-06 5.15906e-06 3.51675e-06 2.36396e-06 1.62791e-06 1.10925e-06 6.37929e-07 4.88925e-07 3.21216e-07 2.06219e-07 1.25886e-07 8.08215e-08 5.04311e-08 3.10327e-08 1.85843e-08 1.11210e-08 6.53276e-09 3.75822e-09 2.24309e-09 1.38315e-09 8.76299e-10 5.69193e-10 3.78761e-10 2.56664e-10 1.76832e-10 1.23850e-10 8.77089e-11 6.32146e-11 4.60171e-11
1.19631e+04 2.05327e-03 1.97114e-03 1.84488e-03 1.62676e-03 1.29569e-03 1.29262e-03 7.87895e-04 6.27371e-04 4.72760e-04 3.92848e-04 3.26200e-04 2.77101e-04 2.22285e-04 1.96201e-04 1.63936e-04 1.42467e-04 1.20259e-04 1.02400e-04 8.82158e-05 7.20995e-05 5.78214e-05 4.68378e-05 3.57677e-05 2.75299e-05 1.96183e-05 1.45694e-05 1.02954e-05 7.20489e-06 5.00477e-06 3.40490e-06 2.28635e-06 1.56987e-06 1.07663e-06 6.18619e-07 4.75582e-07 3.10329e-07 1.99720e-07 1.21865e-07 7.83661e-08 4.88834e-08 3.00776e-08 1.80065e-08 1.07729e-08 6.32524e-09 3.63876e-09 2.17029e-09 1.33756e-09 8.47266e-10 5.49694e-10 3.65669e-10 2.47684e-10 1.70460e-10 1.19288e-10 8.44335e-11 6.07981e-11 4.42100e-11
1.20090e+04 1.64492e-03 1.58137e-03 1.48366e-03 1.31485e-03 1.05849e-03 1.08334e-03 6.43391e-04 5.39980e-04 4.10603e-04 3.46735e-04 2.88904e-04 2.48445e-04 2.03037e-04 1.79723e-04 1.51898e-04 1.33278e-04 1.13024e-04 9.70893e-05 8.35940e-05 6.88540e-05 5.47006e-05 4.47629e-05 3.44293e-05 2.64240e-05 1.88709e-05 1.40943e-05 1.00478e-05 7.00204e-06 4.87140e-06 3.31727e-06 2.22291e-06 1.51578e-06 1.04904e-06 6.02339e-07 4.63729e-07 3.02149e-07 1.93948e-07 1.18294e-07 7.61851e-08 4.75087e-08 2.92293e-08 1.74934e-08 1.04636e-08 6.14091e-09 3.53266e-09 2.10562e-09 1.29706e-09 8.21477e-10 5.32374e-10 3.54039e-10 2.39707e-10 1.64800e-10 1.15236e-10 8.15242e-11 5.86517e-11 4.26049e-11
1.20496e+04 1.33252e-03 1.28309e-03 1.20709e-03 1.07576e-03 8.76176e-04 8.98622e-04 5.15849e-04 4.62847e-04 3.55742e-04 3.06035e-04 2.55986e-04 2.23153e-04 1.86049e-04 1.65180e-04 1.41274e-04 1.25168e-04 1.06638e-04 9.24020e-05 7.95148e-05 6.59895e-05 5.19462e-05 4.29316e-05 3.32480e-05 2.54479e-05 1.82112e-05 1.36750e-05 9.82921e-06 6.82300e-06 4.75369e-06 3.23993e-06 2.16692e-06 1.46804e-06 1.02469e-06 5.87969e-07 4.53268e-07 2.94929e-07 1.88853e-07 1.15141e-07 7.42601e-08 4.62954e-08 2.84805e-08 1.70404e-08 1.01906e-08 5.97822e-09 3.43900e-09 2.04854e-09 1.26131e-09 7.98716e-10 5.17087e-10 3.43774e-10 2.32666e-10 1.59804e-10 1.11660e-10 7.89563e-11 5.67572e-11 4.11882e-11
1.20872e+04 1.07977e-03 1.04169e-03 9.83120e-04 8.81886e-04 7.27901e-04 7.26968e-04 4.25572e-04 3.91168e-04 3.04761e-04 2.68214e-04 2.25396e-04 1.99649e-04 1.70262e-04 1.51665e-04 1.31400e-04 1.17632e-04 1.00704e-04 8.80462e-05 7.57240e-05 6.33276e-05 4.93865e-05 4.12297e-05 3.21503e-05 2.45409e-05 1.75981e-05 1.32854e-05 9.62609e-06 6.65663e-06 4.64430e-06 3.16806e-06 2.11489e-06 1.42367e-06 1.00206e-06 5.74616e-07 4.43546e-07 2.88219e-07 1.84830e-07 1.12973e-07 7.27530e-08 4.53445e-08 2.78963e-08 1.66881e-08 9.97994e-09 5.85321e-09 3.36708e-09 2.00519e-09 1.23437e-09 7.81510e-10 5.05906e-10 3.36250e-10 2.27499e-10 1.56203e-10 1.09119e-10 7.71541e-11 5.54416e-11 4.02113e-11
1.21178e+04 9.00208e-04 8.70103e-04 8.23803e-04 7.43747e-04 6.21861e-04 6.35583e-04 3.80222e-04 3.33015e-04 2.63400e-04 2.37529e-04 2.00578e-04 1.80581e-04 1.57454e-04 1.40700e-04 1.23390e-04 1.11517e-04 9.58890e-05 8.45122e-05 7.26485e-05 6.11679e-05 4.73099e-05 3.98490e-05 3.12597e-05 2.38050e-05 1.71007e-05 1.29693e-05 9.46130e-06 6.52164e-06 4.55555e-06 3.10975e-06 2.07267e-06 1.38768e-06 9.83702e-07 5.63782e-07 4.36053e-07 2.82776e-07 1.81763e-07 1.11422e-07 7.16076e-08 4.46215e-08 2.74530e-08 1.64211e-08 9.82082e-09 5.75896e-09 3.31287e-09 1.97268e-09 1.21423e-09 7.68634e-10 4.97665e-10 3.30698e-10 2.23683e-10 1.53567e-10 1.07272e-10 7.58522e-11 5.44964e-11 3.95118e-11
1.21403e+04 7.82229e-04 7.57307e-04 7.18976e-04 6.52683e-04 5.51681e-04 5.91631e-04 3.46849e-04 3.02431e-04 2.41238e-04 2.20103e-04 1.86988e-04 1.69647e-04 1.49650e-04 1.34357e-04 1.18625e-04 1.07666e-04 9.30322e-05 8.22363e-05 7.07649e-05 5.98590e-05 4.62014e-05 3.90149e-05 3.06706e-05 2.33541e-05 1.68267e-05 1.27731e-05 9.33390e-06 6.43950e-06 4.49108e-06 3.06841e-06 2.04399e-06 1.36648e-06 9.71154e-07 5.56402e-07 4.30656e-07 2.78770e-07 1.79505e-07 1.10281e-07 7.07647e-08 4.40895e-08 2.71267e-08 1.62246e-08 9.70372e-09 5.68961e-09 3.27297e-09 1.94876e-09 1.19941e-09 7.59159e-10 4.91600e-10 3.26613e-10 2.20875e-10 1.51627e-10 1.05912e-10 7.48942e-11 5.38008e-11 3.89971e-11
1.21578e+04 6.97818e-04 6.76574e-04 6.43898e-04 5.87374e-04 5.01202e-04 5.57337e-04 3.20809e-04 2.87128e-04 2.29744e-04 2.10116e-04 1.79653e-04 1.63282e-04 1.44695e-04 1.30615e-04 1.15695e-04 1.05112e-04 9.12821e-05 8.06871e-05 6.95600e-05 5.90333e-05 4.56292e-05 3.84908e-05 3.02570e-05 2.30655e-05 1.66771e-05 1.26454e-05 9.23024e-06 6.38739e-06 4.44138e-06 3.03725e-06 2.02328e-06 1.35361e-06 9.62034e-07 5.51057e-07 4.26444e-07 2.75644e-07 1.77743e-07 1.09390e-07 7.01070e-08 4.36744e-08 2.68722e-08 1.60713e-08 9.61235e-09 5.63549e-09 3.24184e-09 1.93009e-09 1.18785e-09 7.51765e-10 4.86867e-10 3.23425e-10 2.18684e-10 1.50113e-10 1.04851e-10 7.41466e-11 5.32580e-11 3.85955e-11
1.21730e+04 6.30097e-04 6.11785e-04 5.83615e-04 5.34875e-04 4.60521e-04 5.27756e-04 2.98348e-04 2.73928e-04 2.19830e-04 2.01502e-04 1.73326e-04 1.57793e-04 1.40420e-04 1.27387e-04 1.13168e-04 1.02910e-04 8.97725e-05 7.93508e-05 6.85208e-05 5.83211e-05 4.51356e-05 3.80388e-05 2.99004e-05 2.28165e-05 1.65480e-05 1.25352e-05 9.14082e-06 6.34244e-06 4.39850e-06 3.01038e-06 2.00541e-06 1.34252e-06 9.54166e-07 5.46447e-07 4.22811e-07 2.72948e-07 1.76224e-07 1.08622e-07 6.95397e-08 4.33163e-08 2.66526e-08 1.59391e-08 9.53354e-09 5.58881e-09 3.21499e-09 1.91399e-09 1.17788e-09 7.45388e-10 4.82785e-10 3.20675e-10 2.16795e-10 1.48807e-10 1.03937e-10 7.35018e-11 5.27898e-11 3.82490e-11
1.21865e+04 5.73888e-04 5.57975e-04 5.33496e-04 4.91139e-04 4.26495e-04 5.01255e-04 2.78226e-04 2.62103e-04 2.10948e-04 1.93785e-04 1.67658e-04 1.52875e-04 1.36591e-04 1.24496e-04 1.10904e-04 1.00937e-04 8.84201e-05 7.81537e-05 6.75897e-05 5.76830e-05 4.46934e-05 3.76338e-05 2.95808e-05 2.25935e-05 1.64324e-05 1.24365e-05 9.06071e-06 6.30217e-06 4.36009e-06 2.98630e-06 1.98940e-06 1.33258e-06 9.47118e-07 5.42316e-07 4.19557e-07 2.70532e-07 1.74863e-07 1.07934e-07 6.90315e-08 4.29955e-08 2.64559e-08 1.58206e-08 9.46294e-09 5.54700e-09 3.19094e-09 1.89956e-09 1.16894e-09 7.39675e-10 4.79129e-10 3.18212e-10 2.15102e-10 1.47637e-10 1.03117e-10 7.29242e-11 5.23704e-11 3.79387e-11
1.22002e+04 5.21133e-04 5.07450e-04 4.86402e-04 4.49981e-04 3.94378e-04 4.74635e-04 2.58013e-04 2.50225e-04 2.02026e-04 1.86033e-04 1.61965e-04 1.47934e-04 1.32745e-04 1.21591e-04 1.08629e-04 9.89555e-05 8.70616e-05 7.69512e-05 6.66545e-05 5.70420e-05 4.42493e-05 3.72270e-05 2.92598e-05 2.23695e-05 1.63162e-05 1.23373e-05 8.98024e-06 6.26171e-06 4.32150e-06 2.96212e-06 1.97333e-06 1.32259e-06 9.40038e-07 5.38167e-07 4.16287e-07 2.68106e-07 1.73495e-07 1.07243e-07 6.85209e-08 4.26733e-08 2.62583e-08 1.57016e-08 9.39202e-09 5.50499e-09 3.16678e-09 1.88507e-09 1.15997e-09 7.33936e-10 4.75455e-10 3.15737e-10 2.13401e-10 1.46462e-10 1.02294e-10 7.23439e-11 5.19491e-11 3.76269e-11
1.22137e+04 4.72144e-04 4.60516e-04 4.42630e-04 4.11677e-04 3.64403e-04 4.48219e-04 2.37956e-04 2.38437e-04 1.93173e-04 1.78340e-04 1.56315e-04 1.43032e-04 1.28928e-04 1.18708e-04 1.06373e-04 9.69889e-05 8.57136e-05 7.57579e-05 6.57264e-05 5.64060e-05 4.38085e-05 3.68234e-05 2.89413e-05 2.21472e-05 1.62009e-05 1.22389e-05 8.90039e-06 6.22157e-06 4.28322e-06 2.93812e-06 1.95737e-06 1.31268e-06 9.33013e-07 5.34050e-07 4.13043e-07 2.65699e-07 1.72138e-07 1.06557e-07 6.80143e-08 4.23535e-08 2.60622e-08 1.55835e-08 9.32164e-09 5.46331e-09 3.14280e-09 1.87069e-09 1.15106e-09 7.28241e-10 4.71810e-10 3.13282e-10 2.11713e-10 1.45296e-10 1.01477e-10 7.17681e-11 5.15310e-11 3.73176e-11
1.22286e+04 4.22127e-04 4.12569e-04 3.97868e-04 3.72429e-04 3.33566e-04 4.19079e-04 2.15829e-04 2.25434e-04 1.83406e-04 1.69854e-04 1.50082e-04 1.37624e-04 1.24717e-04 1.15529e-04 1.03883e-04 9.48195e-05 8.42265e-05 7.44415e-05 6.47026e-05 5.57044e-05 4.33223e-05 3.63781e-05 2.85899e-05 2.19020e-05 1.60738e-05 1.21304e-05 8.81230e-06 6.17729e-06 4.24098e-06 2.91164e-06 1.93977e-06 1.30175e-06 9.25262e-07 5.29508e-07 4.09465e-07 2.63043e-07 1.70642e-07 1.05800e-07 6.74555e-08 4.20008e-08 2.58459e-08 1.54532e-08 9.24400e-09 5.41732e-09 3.11635e-09 1.85483e-09 1.14124e-09 7.21959e-10 4.67789e-10 3.10573e-10 2.09852e-10 1.44010e-10 1.00575e-10 7.11329e-11 5.10698e-11 3.69763e-11
1.22446e+04 3.73428e-04 3.65840e-04 3.54172e-04 3.33994e-04 3.03183e-04 3.87852e-04 1.92119e-04 2.11500e-04 1.72940e-04 1.60761e-04 1.43403e-04 1.31829e-04 1.20205e-04 1.12121e-04 1.01215e-04 9.24948e-05 8.26329e-05 7.30309e-05 6.36056e-05 5.49525e-05 4.28012e-05 3.59009e-05 2.82134e-05 2.16392e-05 1.59375e-05 1.20141e-05 8.71791e-06 6.12984e-06 4.19572e-06 2.88327e-06 1.92091e-06 1.29004e-06 9.16957e-07 5.24641e-07 4.05630e-07 2.60196e-07 1.69038e-07 1.04989e-07 6.68566e-08 4.16228e-08 2.56141e-08 1.53136e-08 9.16080e-09 5.36805e-09 3.08801e-09 1.83783e-09 1.13071e-09 7.15226e-10 4.63480e-10 3.07670e-10 2.07857e-10 1.42631e-10 9.96096e-11 7.04522e-11 5.05756e-11 3.66106e-11
1.22596e+04 3.31377e-04 3.25461e-04 3.16371e-04 3.00664e-04 2.76708e-04 3.58394e-04 1.71968e-04 1.98355e-04 1.63067e-04 1.52182e-04 1.37103e-04 1.26362e-04 1.15949e-04 1.08907e-04 9.86987e-05 9.03017e-05 8.11296e-05 7.17002e-05 6.25706e-05 5.42432e-05 4.23097e-05 3.54507e-05 2.78582e-05 2.13913e-05 1.58090e-05 1.19044e-05 8.62886e-06 6.08507e-06 4.15302e-06 2.85651e-06 1.90311e-06 1.27899e-06 9.09123e-07 5.20049e-07 4.02012e-07 2.57512e-07 1.67525e-07 1.04225e-07 6.62917e-08 4.12662e-08 2.53955e-08 1.51820e-08 9.08232e-09 5.32156e-09 3.06127e-09 1.82180e-09 1.12078e-09 7.08876e-10 4.59415e-10 3.04932e-10 2.05975e-10 1.41331e-10 9.86985e-11 6.98101e-11 5.01093e-11 3.62656e-11
1.22726e+04 2.98260e-04 2.93638e-04 2.86543e-04 2.74299e-04 2.55660e-04 3.44538e-04 1.65006e-04 1.87094e-04 1.54609e-04 1.44833e-04 1.31705e-04 1.21679e-04 1.12302e-04 1.06153e-04 9.65426e-05 8.84229e-05 7.98418e-05 7.05601e-05 6.16840e-05 5.36356e-05 4.18886e-05 3.50651e-05 2.75539e-05 2.11789e-05 1.56988e-05 1.18104e-05 8.55257e-06 6.04672e-06 4.11644e-06 2.83358e-06 1.88787e-06 1.26953e-06 9.02411e-07 5.16116e-07 3.98913e-07 2.55732e-07 1.66228e-07 1.03569e-07 6.58077e-08 4.09607e-08 2.52081e-08 1.50691e-08 9.01508e-09 5.28174e-09 3.03836e-09 1.80806e-09 1.11227e-09 7.03435e-10 4.55932e-10 3.02586e-10 2.04363e-10 1.40217e-10 9.79180e-11 6.92600e-11 4.97099e-11 3.59701e-11
1.22851e+04 2.68914e-04 2.65404e-04 2.60024e-04 2.50767e-04 2.36735e-04 3.31115e-04 1.58226e-04 1.76127e-04 1.46372e-04 1.37676e-04 1.26449e-04 1.17118e-04 1.08751e-04 1.03471e-04 9.44430e-05 8.65933e-05 7.85876e-05 6.94499e-05 6.08205e-05 5.30439e-05 4.14785e-05 3.46895e-05 2.72576e-05 2.09721e-05 1.55916e-05 1.17189e-05 8.47828e-06 6.00937e-06 4.08082e-06 2.81125e-06 1.87303e-06 1.26031e-06 8.95874e-07 5.12285e-07 3.95894e-07 2.53998e-07 1.64966e-07 1.02931e-07 6.53364e-08 4.06632e-08 2.50257e-08 1.49593e-08 8.94961e-09 5.24296e-09 3.01605e-09 1.79468e-09 1.10398e-09 6.98137e-10 4.52541e-10 3.00302e-10 2.02793e-10 1.39132e-10 9.71579e-11 6.87243e-11 4.93209e-11 3.56823e-11
1.22968e+04 2.43819e-04 2.41237e-04 2.37290e-04 2.30530e-04 2.20362e-04 3.18630e-04 1.51920e-04 1.65926e-04 1.38711e-04 1.31019e-04 1.21560e-04 1.12876e-04 1.05448e-04 1.00977e-04 9.24900e-05 8.48914e-05 7.74210e-05 6.84172e-05 6.00174e-05 5.24934e-05 4.10971e-05 3.43402e-05 2.69819e-05 2.07797e-05 1.54919e-05 1.16337e-05 8.40918e-06 5.97464e-06 4.04768e-06 2.79049e-06 1.85922e-06 1.25173e-06 8.89795e-07 5.08722e-07 3.93087e-07 2.52386e-07 1.63792e-07 1.02338e-07 6.48979e-08 4.03865e-08 2.48560e-08 1.48571e-08 8.88870e-09 5.20689e-09 2.99530e-09 1.78224e-09 1.09627e-09 6.93208e-10 4.49387e-10 2.98177e-10 2.01332e-10 1.38123e-10 9.64508e-11 6.82260e-11 4.89591e-11 3.54145e-11
1.23273e+04 1.87522e-04 1.86933e-04 1.86065e-04 1.84682e-04 1.82869e-04 2.86083e-04 1.35480e-04 1.39334e-04 1.18737e-04 1.13665e-04 1.08814e-04 1.01816e-04 9.68370e-05 9.44740e-05 8.73988e-05 8.04549e-05 7.43798e-05 6.57252e-05 5.79237e-05 5.10586e-05 4.01027e-05 3.34295e-05 2.62634e-05 2.02782e-05 1.52318e-05 1.14117e-05 8.22903e-06 5.88408e-06 3.96131e-06 2.73634e-06 1.82322e-06 1.22938e-06 8.73945e-07 4.99434e-07 3.85768e-07 2.48182e-07 1.60731e-07 1.00790e-07 6.37551e-08 3.96651e-08 2.44137e-08 1.45906e-08 8.72993e-09 5.11285e-09 2.94121e-09 1.74980e-09 1.07618e-09 6.80361e-10 4.41163e-10 2.92637e-10 1.97525e-10 1.35493e-10 9.46077e-11 6.69270e-11 4.80159e-11 3.47166e-11
1.28920e+04 7.47703e-06 8.00073e-06 8.92151e-06 1.09337e-05 1.55494e-05 8.59866e-06 7.42441e-06 1.21258e-05 1.49323e-05 2.05253e-05 2.32219e-05 2.86406e-05 3.26608e-05 3.65583e-05 3.91511e-05 3.85568e-05 3.79447e-05 3.61310e-05 3.43430e-05 3.09809e-05 2.57834e-05 2.19291e-05 1.73353e-05 1.34292e-05 1.04452e-05 7.75550e-06 5.58331e-06 4.11425e-06 2.75965e-06 1.91402e-06 1.33458e-06 9.02310e-07 6.39839e-07 3.63246e-07 2.81387e-07 1.80923e-07 1.18714e-07 7.46293e-08 4.69797e-08 2.93152e-08 1.80423e-08 1.08152e-08 6.46968e-09 3.78690e-09 2.17795e-09 1.29554e-09 7.97302e-10 5.05474e-10 3.26713e-10 2.16216e-10 1.45979e-10 1.00195e-10 6.98730e-11 4.94294e-11 3.53901e-11 2.55362e-11
1.40257e+04 1.02409e-07 1.20270e-07 1.55444e-07 2.49464e-07 5.58461e-07 7.06537e-08 5.42793e-08 1.82806e-07 6.66593e-07 1.83451e-06 2.93770e-06 4.55580e-06 6.52418e-06 8.46853e-06 1.04720e-05 1.27334e-05 1.32128e-05 1.40619e-05 1.37245e-05 1.31969e-05 1.15972e-05 1.00786e-05 8.47171e-06 6.85949e-06 5.19625e-06 4.04226e-06 2.94874e-06 2.16737e-06 1.51868e-06 1.05597e-06 7.17010e-07 4.92726e-07 3.53170e-07 1.98037e-07 1.57156e-07 1.02709e-07 6.62287e-08 4.26198e-08 2.63492e-08 1.64707e-08 1.01566e-08 6.09741e-09 3.65525e-09 2.14414e-09 1.23121e-09 7.34107e-10 4.49620e-10 2.84446e-10 1.84457e-10 1.22250e-10 8.26159e-11 5.66554e-11 3.96140e-11 2.79465e-11 2.00464e-11 1.44868e-11
1.51857e+04 4.69411e-09 5.89071e-09 8.45520e-09 1.64180e-08 5.04881e-08 1.00000e-99 1.59062e-08 1.58425e-08 3.67679e-08 2.44675e-07 7.41737e-07 1.33342e-06 1.61493e-06 2.46281e-06 3.60606e-06 4.62368e-06 5.24408e-06 5.76757e-06 6.23175e-06 6.14696e-06 5.55727e-06 4.92150e-06 4.31406e-06 3.48763e-06 2.74230e-06 2.17702e-06 1.60477e-06 1.13150e-06 8.18421e-07 5.63472e-07 3.96132e-07 2.67555e-07 1.96253e-07 1.08917e-07 8.81789e-08 5.64822e-08 3.56605e-08 2.26962e-08 1.46476e-08 9.17588e-09 5.65491e-09 3.40288e-09 2.03733e-09 1.19282e-09 6.86324e-10 4.09558e-10 2.52574e-10 1.59222e-10 1.03607e-10 6.84128e-11 4.63684e-11 3.16556e-11 2.22007e-11 1.56317e-11 1.11877e-11 8.07970e-12
1.63286e+04 5.15649e-10 6.77209e-10 1.04432e-09 2.30876e-09 8.79787e-09 1.00000e-99 1.00000e-99 2.79573e-08 4.47298e-08 2.85030e-08 2.98566e-07 3.95148e-07 6.03556e-07 1.16673e-06 1.38608e-06 2.08088e-06 2.51784e-06 2.76727e-06 2.91036e-06 3.03034e-06 2.78032e-06 2.63693e-06 2.21348e-06 1.80891e-06 1.52212e-06 1.11839e-06 8.34863e-07 6.30717e-07 4.49784e-07 3.18563e-07 2.18400e-07 1.51589e-07 1.12517e-07 6.19524e-08 4.93738e-08 3.35644e-08 2.09588e-08 1.35418e-08 8.36893e-09 5.28359e-09 3.26280e-09 1.96037e-09 1.17775e-09 6.90717e-10 3.97295e-10 2.37158e-10 1.45818e-10 9.22519e-11 5.96720e-11 3.96148e-11 2.68011e-11 1.84086e-11 1.27871e-11 9.03442e-12 6.50698e-12 4.68921e-12
1.74516e+04 1.01215e-10 1.37078e-10 2.21877e-10 5.35304e-10 2.35529e-09 1.00000e-99 1.00000e-99 3.30563e-09 9.77285e-10 3.97929e-09 8.57868e-08 1.87310e-07 3.82895e-07 4.28957e-07 6.82375e-07 9.41216e-07 1.24421e-06 1.46607e-06 1.51809e-06 1.58955e-06 1.52663e-06 1.45302e-06 1.21585e-06 9.88195e-07 8.52751e-07 6.57459e-07 4.72605e-07 3.74087e-07 2.59520e-07 1.85241e-07 1.28010e-07 8.97446e-08 6.60468e-08 3.61332e-08 2.94064e-08 1.94626e-08 1.24946e-08 8.07923e-09 4.96187e-09 3.09732e-09 1.91631e-09 1.15250e-09 6.90519e-10 4.05804e-10 2.34045e-10 1.39249e-10 8.57002e-11 5.42759e-11 3.50575e-11 2.32591e-11 1.56497e-11 1.08318e-11 7.50290e-12 5.34200e-12 3.81154e-12 2.75923e-12
1.85583e+04 2.91067e-11 4.02475e-11 6.73097e-11 1.72243e-10 8.34803e-10 1.00000e-99 1.00000e-99 1.00000e-99 1.00000e-99 6.35840e-10 3.85528e-08 4.72767e-08 1.34438e-07 2.46233e-07 3.03028e-07 5.02721e-07 6.56946e-07 7.87471e-07 8.56136e-07 8.91837e-07 8.48039e-07 8.10825e-07 6.80550e-07 6.02866e-07 4.71938e-07 3.87934e-07 2.73203e-07 2.20644e-07 1.56941e-07 1.09889e-07 7.54794e-08 5.35048e-08 3.95239e-08 2.14888e-08 1.71255e-08 1.17246e-08 7.50140e-09 4.68319e-09 2.93429e-09 1.84100e-09 1.13767e-09 6.85793e-10 4.10930e-10 2.41055e-10 1.39145e-10 8.26910e-11 5.08748e-11 3.21898e-11 2.08629e-11 1.38880e-11 9.36239e-12 6.41962e-12 4.49002e-12 3.17019e-12 2.24873e-12 1.64731e-12
1.96332e+04 1.09587e-11 1.53650e-11 2.62635e-11 6.99015e-11 3.61344e-10 1.00000e-99 1.00000e-99 1.00000e-99 1.00000e-99 1.08537e-10 2.15711e-08 3.35424e-08 5.46684e-08 1.06631e-07 1.81805e-07 3.05987e-07 4.03820e-07 4.41857e-07 5.21466e-07 5.02574e-07 5.11266e-07 4.60589e-07 3.91146e-07 3.54238e-07 3.01366e-07 2.22609e-07 1.75470e-07 1.29342e-07 9.58482e-08 6.79318e-08 4.59223e-08 3.11938e-08 2.40283e-08 1.29702e-08 1.05124e-08 7.02917e-09 4.29633e-09 2.76795e-09 2.00118e-09 1.12830e-09 6.95029e-10 4.18394e-10 2.50935e-10 1.47253e-10 8.53751e-11 5.04135e-11 3.13455e-11 1.96963e-11 1.27680e-11 8.52057e-12 5.69097e-12 3.91518e-12 2.75488e-12 1.95958e-12 1.38839e-12 1.00341e-12
2.06811e+04 4.93165e-12 6.97972e-12 1.21077e-11 3.30918e-11 1.78664e-10 1.00000e-99 1.00000e-99 1.00000e-99 1.00000e-99 2.47797e-11 1.23925e-08 2.25881e-08 2.31556e-08 5.78311e-08 9.38076e-08 1.42989e-07 2.08363e-07 2.67824e-07 2.96567e-07 3.56787e-07 3.06595e-07 2.49798e-07 2.30996e-07 1.92119e-07 1.63445e-07 1.20731e-07 1.14570e-07 7.37468e-08 5.87737e-08 4.18848e-08 2.94385e-08 2.06843e-08 1.50895e-08 8.08023e-09 6.68905e-09 4.50331e-09 2.36057e-09 1.84686e-09 1.13989e-09 7.03693e-10 4.34054e-10 2.62453e-10 1.57297e-10 9.15893e-11 5.31755e-11 3.18286e-11 1.93546e-11 1.23385e-11 7.97858e-12 5.28132e-12 3.59794e-12 2.45737e-12 1.70661e-12 1.21378e-12 8.68546e-13 6.30917e-13
2.17054e+04 2.50454e-12 3.56742e-12 6.25099e-12 1.73968e-11 9.67525e-11 1.00000e-99 1.00000e-99 1.00000e-99 1.00000e-99 5.29911e-12 2.23588e-08 6.23149e-09 9.89515e-09 3.19272e-08 4.92242e-08 6.77404e-08 1.09335e-07 1.54066e-07 1.78259e-07 1.69978e-07 1.74495e-07 1.37908e-07 1.47167e-07 1.06065e-07 9.02343e-08 6.66530e-08 6.70648e-08 4.28264e-08 3.69288e-08 2.64027e-08 1.88381e-08 1.29249e-08 9.49933e-09 5.03756e-09 4.05624e-09 2.66836e-09 1.49849e-09 1.14323e-09 6.86534e-10 4.44863e-10 2.74724e-10 1.65803e-10 9.94604e-11 5.84893e-11 3.36106e-11 2.02386e-11 1.24649e-11 7.77421e-12 5.08570e-12 3.38192e-12 2.27124e-12 1.57561e-12 1.08263e-12 7.68689e-13 5.47915e-13 4.01335e-13
2.26995e+04 1.39039e-12 1.98912e-12 3.50948e-12 9.88863e-12 5.61205e-11 1.00000e-99 1.00000e-99 1.00000e-99 1.00000e-99 1.48879e-12 4.48283e-09 7.50132e-09 4.73238e-09 1.88767e-08 2.78855e-08 3.52477e-08 6.19384e-08 1.08017e-07 1.04624e-07 9.80640e-08 1.03169e-07 8.15372e-08 8.87042e-08 6.27100e-08 5.33503e-08 3.94081e-08 4.37544e-08 2.64311e-08 2.18339e-08 1.74253e-08 1.20472e-08 8.54768e-09 6.18482e-09 3.24602e-09 2.67709e-09 1.64755e-09 8.74012e-10 6.69820e-10 4.36446e-10 2.87455e-10 1.77691e-10 1.06763e-10 6.43575e-11 3.79222e-11 2.18779e-11 1.30212e-11 7.96615e-12 5.04455e-12 3.25718e-12 2.17231e-12 1.44913e-12 1.01345e-12 7.00721e-13 4.94981e-13 3.56103e-13 2.55944e-13
2.36654e+04 8.22704e-13 1.18054e-12 2.09280e-12 5.94745e-12 3.42283e-11 1.00000e-99 1.00000e-99 1.00000e-99 1.00000e-99 4.04100e-13 1.89597e-09 3.59817e-09 2.28398e-09 1.13277e-08 1.60237e-08 1.85659e-08 3.55913e-08 5.86685e-08 6.61541e-08 6.89175e-08 6.19100e-08 4.89293e-08 5.96183e-08 3.76314e-08 3.20148e-08 2.36482e-08 2.74061e-08 1.65619e-08 1.31022e-08 1.13912e-08 7.57279e-09 5.99213e-09 4.03571e-09 2.09442e-09 1.62355e-09 1.15965e-09 5.29365e-10 4.50110e-10 2.96910e-10 1.88593e-10 1.15501e-10 7.00919e-11 4.24161e-11 2.44074e-11 1.42180e-11 8.48627e-12 5.21439e-12 3.28077e-12 2.16749e-12 1.40946e-12 9.51028e-13 6.60480e-13 4.60798e-13 3.22884e-13 2.36934e-13 1.63425e-13
2.46091e+04 5.09004e-13 7.31948e-13 1.30188e-12 3.72197e-12 2.16309e-11 1.00000e-99 1.00000e-99 1.00000e-99 1.00000e-99 1.24684e-13 1.04357e-09 2.66351e-09 1.17741e-09 7.09720e-09 9.65581e-09 1.03484e-08 2.14472e-08 3.73131e-08 4.38501e-08 4.37136e-08 3.87890e-08 3.06561e-08 3.67598e-08 2.35775e-08 2.00585e-08 1.48165e-08 1.67643e-08 1.07887e-08 8.20902e-09 7.17110e-09 4.91963e-09 3.79765e-09 2.69138e-09 1.38079e-09 9.76620e-10 7.49590e-10 3.32278e-10 2.88464e-10 1.85472e-10 1.24542e-10 7.73083e-11 4.62426e-11 2.80746e-11 1.64936e-11 9.45470e-12 5.67545e-12 3.45546e-12 2.17730e-12 1.42338e-12 9.29860e-13 6.45938e-13 4.39203e-13 3.04410e-13 2.13863e-13 1.56167e-13 1.09826e-13
2.55335e+04 3.25505e-13 4.68778e-13 8.35757e-13 2.39949e-12 1.40418e-11 1.00000e-99 1.00000e-99 1.00000e-99 1.00000e-99 4.27090e-14 1.00000e-99 2.36121e-09 6.35705e-10 4.58293e-09 6.01488e-09 6.00043e-09 1.33601e-08 2.93127e-08 2.83156e-08 2.82275e-08 2.50475e-08 1.97958e-08 2.37372e-08 1.52248e-08 1.29525e-08 9.56756e-09 1.04430e-08 7.22236e-09 5.30087e-09 5.16750e-09 3.17679e-09 2.45228e-09 1.82013e-09 9.23713e-10 6.03781e-10 4.79764e-10 2.15450e-10 2.32247e-10 1.19866e-10 8.43869e-11 5.20361e-11 3.12311e-11 1.89073e-11 1.10688e-11 6.41041e-12 3.75985e-12 2.35042e-12 1.48045e-12 9.52698e-13 6.26837e-13 4.35570e-13 2.95007e-13 2.04642e-13 1.44099e-13 1.02411e-13 7.40149e-14
2.64408e+04 2.13440e-13 3.07715e-13 5.49529e-13 1.58248e-12 9.30629e-12 1.00000e-99 1.00000e-99 1.00000e-99 1.00000e-99 1.46536e-14 1.00000e-99 1.80153e-13 3.47999e-10 2.99961e-09 3.79894e-09 3.52852e-09 8.43809e-09 1.79656e-08 1.85331e-08 1.84755e-08 1.63940e-08 1.29567e-08 1.55364e-08 9.96496e-09 8.47765e-09 6.26215e-09 6.59567e-09 4.89857e-09 3.46952e-09 3.54010e-09 2.07927e-09 1.60507e-09 1.23397e-09 6.19503e-10 3.81789e-10 3.18352e-10 1.40721e-10 1.76381e-10 7.86248e-11 5.73729e-11 3.55860e-11 2.12310e-11 1.27559e-11 7.51106e-12 4.32758e-12 2.57028e-12 1.58890e-12 1.00643e-12 6.40233e-13 4.27448e-13 2.88768e-13 2.04604e-13 1.38752e-13 9.82941e-14 6.97563e-14 5.03085e-14
2.73335e+04 1.42656e-13 2.05824e-13 3.68011e-13 1.06205e-12 6.26783e-12 1.00000e-99 1.00000e-99 1.00000e-99 1.00000e-99 5.11167e-15 1.00000e-99 1.00000e-99 1.94500e-10 1.99675e-09 2.44260e-09 2.11580e-09 5.42543e-09 1.21717e-08 1.23369e-08 1.22985e-08 1.09130e-08 8.62485e-09 1.03421e-08 6.63334e-09 5.64330e-09 4.16851e-09 4.24080e-09 3.37550e-09 2.30955e-09 2.26138e-09 1.38410e-09 1.06844e-09 8.41096e-10 4.17495e-10 2.50448e-10 2.13882e-10 9.47648e-11 1.21690e-10 5.28399e-11 3.94663e-11 2.41475e-11 1.46959e-11 8.80531e-12 5.03818e-12 2.97848e-12 1.75958e-12 1.09474e-12 6.93569e-13 4.40440e-13 2.93768e-13 1.99011e-13 1.37019e-13 9.51285e-14 6.76622e-14 4.94700e-14 3.48430e-14
2.82128e+04 9.68127e-14 1.39759e-13 2.50104e-13 7.22908e-13 4.27717e-12 1.00000e-99 1.00000e-99 1.00000e-99 1.00000e-99 2.06224e-15 1.00000e-99 1.00000e-99 1.15208e-10 1.37593e-09 1.63270e-09 1.33110e-09 3.62651e-09 8.38735e-09 8.50116e-09 8.47470e-09 7.51996e-09 5.94325e-09 7.12657e-09 4.57093e-09 3.88870e-09 2.87245e-09 2.83468e-09 2.39809e-09 1.59147e-09 1.45154e-09 9.53761e-10 7.36244e-10 5.85826e-10 2.88158e-10 1.65638e-10 1.44857e-10 6.48040e-11 6.89455e-11 3.60845e-11 2.70267e-11 1.66716e-11 9.99875e-12 6.02083e-12 3.50049e-12 2.03608e-12 1.23071e-12 7.59494e-13 4.76879e-13 3.08879e-13 2.03951e-13 1.41497e-13 9.42234e-14 6.56778e-14 4.62955e-14 3.40477e-14 2.43455e-14
2.90814e+04 6.64823e-14 9.60123e-14 1.71927e-13 4.97504e-13 2.94897e-12 1.00000e-99 1.00000e-99 1.00000e-99 1.00000e-99 8.44787e-16 1.00000e-99 1.00000e-99 6.91544e-11 9.58597e-10 1.10401e-09 8.47958e-10 2.45219e-09 5.84341e-09 5.92270e-09 5.90426e-09 5.23910e-09 4.14062e-09 4.96503e-09 3.18454e-09 2.70923e-09 2.00122e-09 1.91676e-09 1.72148e-09 1.10877e-09 1.02899e-09 6.64479e-10 5.12936e-10 4.08974e-10 1.99441e-10 1.10548e-10 9.99736e-11 4.49472e-11 5.21814e-11 2.51238e-11 1.89463e-11 1.17357e-11 7.00444e-12 4.26012e-12 2.51680e-12 1.43492e-12 8.52087e-13 5.42914e-13 3.29865e-13 2.15507e-13 1.47946e-13 9.39589e-14 6.52446e-14 4.69044e-14 3.37544e-14 2.34549e-14 1.75737e-14
2.99430e+04 4.60459e-14 6.65180e-14 1.19167e-13 3.45118e-13 2.04844e-12 1.00000e-99 1.00000e-99 1.00000e-99 1.00000e-99 3.49782e-16 1.00000e-99 1.00000e-99 4.19777e-11 6.74167e-10 7.53915e-10 5.45952e-10 1.67457e-09 4.10958e-09 4.16534e-09 4.15238e-09 3.68458e-09 2.91204e-09 3.49183e-09 2.23964e-09 1.90536e-09 1.40743e-09 1.30894e-09 1.24684e-09 7.79780e-10 7.23670e-10 4.67318e-10 3.60741e-10 2.85793e-10 1.38139e-10 7.57520e-11 7.08825e-11 3.14903e-11 -9.99999e+99 -9.99999e+99 -9.99999e+99 -9.99999e+99 -9.99999e+99 -9.99999e+99 -9.99999e+99 -9.99999e+99 -9.99999e+99 -9.99999e+99 -9.99999e+99 -9.99999e+99 -9.99999e+99 -9.99999e+99 -9.99999e+99 -9.99999e+99 -9.99999e+99 -9.99999e+99 -9.99999e+99
3.07996e+04 3.20999e-14 4.63815e-14 8.31204e-14 2.40870e-13 1.43108e-12 1.00000e-99 1.00000e-99 1.00000e-99 1.00000e-99 1.45727e-16 1.00000e-99 1.00000e-99 2.57308e-11 4.78138e-10 5.19388e-10 3.54821e-10 1.15365e-09 2.91463e-09 2.95418e-09 2.94498e-09 2.61321e-09 2.06529e-09 2.47650e-09 1.58841e-09 1.35134e-09 9.98185e-10 9.01754e-10 9.10298e-10 5.53041e-10 5.13246e-10 3.31435e-10 2.55847e-10 1.99736e-10 9.56967e-11 5.26389e-11 5.01642e-11 2.24582e-11 -9.99999e+99 -9.99999e+99 -9.99999e+99 -9.99999e+99 -9.99999e+99 -9.99999e+99 -9.99999e+99 -9.99999e+99 -9.99999e+99 -9.99999e+99 -9.99999e+99 -9.99999e+99 -9.99999e+99 -9.99999e+99 -9.99999e+99 -9.99999e+99 -9.99999e+99 -9.99999e+99 -9.99999e+99
3.16530e+04 2.24879e-14 3.24983e-14 5.82546e-14 1.68887e-13 1.00413e-12 1.00000e-99 1.00000e-99 1.00000e-99 1.00000e-99 6.28412e-17 1.00000e-99 1.00000e-99 1.60738e-11 3.43488e-10 3.62876e-10 2.34435e-10 8.06009e-10 2.09383e-09 2.12224e-09 2.11564e-09 1.87729e-09 1.48368e-09 1.77909e-09 1.14109e-09 9.70782e-10 7.17084e-10 6.30020e-10 6.72378e-10 3.97297e-10 3.68710e-10 2.38099e-10 1.83797e-10 1.40298e-10 6.66895e-11 3.68911e-11 3.61222e-11 1.61581e-11 -9.99999e+99 -9.99999e+99 -9.99999e+99 -9.99999e+99 -9.99999e+99 -9.99999e+99 -9.99999e+99 -9.99999e+99 -9.99999e+99 -9.99999e+99 -9.99999e+99 -9.99999e+99 -9.99999e+99 -9.99999e+99 -9.99999e+99 -9.99999e+99 -9.99999e+99 -9.99999e+99 -9.99999e+99
3.25046e+04 1.58128e-14 2.28544e-14 4.09749e-14 1.18830e-13 7.06876e-13 1.00000e-99 1.00000e-99 1.00000e-99 1.00000e-99 2.90783e-17 1.00000e-99 1.00000e-99 1.03264e-11 2.50920e-10 2.58331e-10 1.58526e-10 5.73797e-10 1.52956e-09 1.55031e-09 1.54549e-09 1.37137e-09 1.08384e-09 1.29963e-09 8.33576e-10 7.09162e-10 5.23834e-10 4.48511e-10 5.04041e-10 2.90228e-10 2.69345e-10 1.73932e-10 1.34265e-10 9.95709e-11 4.70904e-11 2.59680e-11 2.63244e-11 1.16888e-11 -9.99999e+99 -9.99999e+99 -9.99999e+99 -9.99999e+99 -9.99999e+99 -9.99999e+99 -9.99999e+99 -9.99999e+99 -9.99999e+99 -9.99999e+99 -9.99999e+99 -9.99999e+99 -9.99999e+99 -9.99999e+99 -9.99999e+99 -9.99999e+99 -9.99999e+99 -9.99999e+99 -9.99999e+99
3.33559e+04 1.11488e-14 1.61149e-14 2.88957e-14 8.38193e-14 4.98800e-13 1.00000e-99 1.00000e-99 1.00000e-99 1.00000e-99 1.35641e-17 1.00000e-99 1.00000e-99 6.68052e-12 1.84356e-10 1.85020e-10 1.07901e-10 4.10962e-10 1.12379e-09 1.13904e-09 1.13550e-09 1.00758e-09 7.96317e-10 9.54867e-10 6.12445e-10 5.21035e-10 3.84871e-10 3.21230e-10 3.79908e-10 2.13236e-10 1.97893e-10 1.27792e-10 9.86470e-11 7.05916e-11 3.31860e-11 1.85888e-11 1.93131e-11 8.57068e-12 -9.99999e+99 -9.99999e+99 -9.99999e+99 -9.99999e+99 -9.99999e+99 -9.99999e+99 -9.99999e+99 -9.99999e+99 -9.99999e+99 -9.99999e+99 -9.99999e+99 -9.99999e+99 -9.99999e+99 -9.99999e+99 -9.99999e+99 -9.99999e+99 -9.99999e+99 -9.99999e+99 -9.99999e+99
3.42081e+04 7.87435e-15 1.13826e-14 2.04121e-14 5.92207e-14 3.52513e-13 1.00000e-99 1.00000e-99 1.00000e-99 1.00000e-99 6.35807e-18 1.00000e-99 1.00000e-99 4.34690e-12 1.36126e-10 1.33204e-10 7.38513e-11 2.95870e-10 8.29796e-10 8.41055e-10 8.38438e-10 7.43981e-10 5.87990e-10 7.05062e-10 4.52221e-10 3.84726e-10 2.84184e-10 2.31268e-10 2.87705e-10 1.57451e-10 1.46122e-10 9.43597e-11 7.28397e-11 4.99511e-11 2.33433e-11 1.34259e-11 1.42147e-11 6.33787e-12 -9.99999e+99 -9.99999e+99 -9.99999e+99 -9.99999e+99 -9.99999e+99 -9.99999e+99 -9.99999e+99 -9.99999e+99 -9.99999e+99 -9.99999e+99 -9.99999e+99 -9.99999e+99 -9.99999e+99 -9.99999e+99 -9.99999e+99 -9.99999e+99 -9.99999e+99 -9.99999e+99 -9.99999e+99
3.50626e+04 5.56682e-15 8.04733e-15 1.44322e-14 4.18765e-14 2.49320e-13 1.00000e-99 1.00000e-99 1.00000e-99 1.00000e-99 2.98285e-18 1.00000e-99 1.00000e-99 2.84111e-12 1.00935e-10 9.63145e-11 5.07725e-11 2.13931e-10 6.15281e-10 6.23630e-10 6.21689e-10 5.51651e-10 4.35986e-10 5.22793e-10 3.35315e-10 2.85268e-10 2.10718e-10 1.67220e-10 2.18758e-10 1.16747e-10 1.08347e-10 6.99663e-11 5.40096e-11 3.52444e-11 1.63835e-11 9.67158e-12 -9.99999e+99 -9.99999e+99 -9.99999e+99 -9.99999e+99 -9.99999e+99 -9.99999e+99 -9.99999e+99 -9.99999e+99 -9.99999e+99 -9.99999e+99 -9.99999e+99 -9.99999e+99 -9.99999e+99 -9.99999e+99 -9.99999e+99 -9.99999e+99 -9.99999e+99 -9.99999e+99 -9.99999e+99 -9.99999e+99 -9.99999e+99
3.59208e+04 3.93634e-15 5.69050e-15 1.02059e-14 2.96163e-14 1.76351e-13 1.00000e-99 1.00000e-99 1.00000e-99 1.00000e-99 1.39925e-18 1.00000e-99 1.00000e-99 1.86516e-12 7.51467e-11 6.99347e-11 3.50595e-11 1.55337e-10 4.58079e-10 4.64294e-10 4.62849e-10 4.10706e-10 3.24593e-10 3.89221e-10 2.49643e-10 2.12383e-10 1.56880e-10 1.21420e-10 1.66980e-10 8.69188e-11 8.06646e-11 5.20901e-11 4.02103e-11 2.47918e-11 1.14783e-11 7.09557e-12 -9.99999e+99 -9.99999e+99 -9.99999e+99 -9.99999e+99 -9.99999e+99 -9.99999e+99 -9.99999e+99 -9.99999e+99 -9.99999e+99 -9.99999e+99 -9.99999e+99 -9.99999e+99 -9.99999e+99 -9.99999e+99 -9.99999e+99 -9.99999e+99 -9.99999e+99 -9.99999e+99 -9.99999e+99 -9.99999e+99 -9.99999e+99
3.67842e+04 2.78172e-15 4.02144e-15 7.21272e-15 2.09317e-14 1.24651e-13 1.00000e-99 1.00000e-99 1.00000e-99 1.00000e-99 7.03141e-19 1.00000e-99 1.00000e-99 1.25611e-12 5.67590e-11 5.16193e-11 2.47160e-11 1.14655e-10 3.45991e-10 3.50686e-10 3.49595e-10 3.10210e-10 2.45168e-10 2.93982e-10 1.88558e-10 1.60415e-10 1.18493e-10 8.96209e-11 1.29068e-10 6.56507e-11 6.09268e-11 3.93442e-11 3.03712e-11 1.76417e-11 8.14757e-12 5.17975e-12 -9.99999e+99 -9.99999e+99 -9.99999e+99 -9.99999e+99 -9.99999e+99 -9.99999e+99 -9.99999e+99 -9.99999e+99 -9.99999e+99 -9.99999e+99 -9.99999e+99 -9.99999e+99 -9.99999e+99 -9.99999e+99 -9.99999e+99 -9.99999e+99 -9.99999e+99 -9.99999e+99 -9.99999e+99 -9.99999e+99 -9.99999e+99
3.76544e+04 1.96317e-15 2.83814e-15 5.09051e-15 1.47736e-14 8.79843e-14 1.00000e-99 1.00000e-99 1.00000e-99 1.00000e-99 3.53509e-19 1.00000e-99 1.00000e-99 8.47823e-13 4.29669e-11 3.81874e-11 1.74640e-11 8.48208e-11 2.61917e-10 2.65471e-10 2.64645e-10 2.34831e-10 1.85594e-10 2.22546e-10 1.42739e-10 1.21435e-10 8.97000e-11 6.63005e-11 9.99821e-11 4.96979e-11 4.61219e-11 2.97837e-11 2.29912e-11 1.25006e-11 5.76945e-12 3.82390e-12 -9.99999e+99 -9.99999e+99 -9.99999e+99 -9.99999e+99 -9.99999e+99 -9.99999e+99 -9.99999e+99 -9.99999e+99 -9.99999e+99 -9.99999e+99 -9.99999e+99 -9.99999e+99 -9.99999e+99 -9.99999e+99 -9.99999e+99 -9.99999e+99 -9.99999e+99 -9.99999e+99 -9.99999e+99 -9.99999e+99 -9.99999e+99
3.85333e+04 1.38256e-15 1.99878e-15 3.58509e-15 1.04049e-14 6.19691e-14 1.00000e-99 1.00000e-99 1.00000e-99 1.00000e-99 1.77210e-19 1.00000e-99 1.00000e-99 5.72793e-13 3.25740e-11 2.82906e-11 1.23551e-11 6.28383e-11 1.98564e-10 2.01259e-10 2.00632e-10 1.78029e-10 1.40702e-10 1.68716e-10 1.08213e-10 9.20622e-11 6.80032e-11 4.91178e-11 7.75668e-11 3.76769e-11 3.49659e-11 2.25796e-11 1.74300e-11 8.80989e-12 4.06671e-12 2.83544e-12 -9.99999e+99 -9.99999e+99 -9.99999e+99 -9.99999e+99 -9.99999e+99 -9.99999e+99 -9.99999e+99 -9.99999e+99 -9.99999e+99 -9.99999e+99 -9.99999e+99 -9.99999e+99 -9.99999e+99 -9.99999e+99 -9.99999e+99 -9.99999e+99 -9.99999e+99 -9.99999e+99 -9.99999e+99 -9.99999e+99 -9.99999e+99
3.94229e+04 9.70642e-16 1.40328e-15 2.51700e-15 7.30516e-15 4.35090e-14 1.00000e-99 1.00000e-99 1.00000e-99 1.00000e-99 8.82210e-20 1.00000e-99 1.00000e-99 3.86841e-13 2.47118e-11 2.09700e-11 8.74204e-12 4.65780e-11 1.50638e-10 1.52682e-10 1.52207e-10 1.35060e-10 1.06742e-10 1.27994e-10 8.20946e-11 6.98417e-11 5.15897e-11 3.64079e-11 6.02248e-11 2.85830e-11 2.65263e-11 1.71297e-11 1.32230e-11 6.16646e-12 2.84574e-12 2.10937e-12 -9.99999e+99 -9.99999e+99 -9.99999e+99 -9.99999e+99 -9.99999e+99 -9.99999e+99 -9.99999e+99 -9.99999e+99 -9.99999e+99 -9.99999e+99 -9.99999e+99 -9.99999e+99 -9.99999e+99 -9.99999e+99 -9.99999e+99 -9.99999e+99 -9.99999e+99 -9.99999e+99 -9.99999e+99 -9.99999e+99 -9.99999e+99
4.03100e+04 6.82921e-16 9.87316e-16 1.77092e-15 5.13985e-15 3.06130e-14 1.00000e-99 1.00000e-99 1.00000e-99 1.00000e-99 4.39773e-20 1.00000e-99 1.00000e-99 2.62629e-13 1.88358e-11 1.56200e-11 6.21749e-12 3.46946e-11 1.14819e-10 1.16377e-10 1.16015e-10 1.02945e-10 8.13603e-11 9.75595e-11 6.25739e-11 5.32346e-11 3.93226e-11 2.71192e-11 4.69704e-11 2.17865e-11 2.02189e-11 1.30566e-11 1.00788e-11 4.30825e-12 1.99019e-12 1.67802e-12 -9.99999e+99 -9.99999e+99 -9.99999e+99 -9.99999e+99 -9.99999e+99 -9.99999e+99 -9.99999e+99 -9.99999e+99 -9.99999e+99 -9.99999e+99 -9.99999e+99 -9.99999e+99 -9.99999e+99 -9.99999e+99 -9.99999e+99 -9.99999e+99 -9.99999e+99 -9.99999e+99 -9.99999e+99 -9.99999e+99 -9.99999e+99
4.03250e+04 6.78872e-16 9.81464e-16 1.76043e-15 5.10939e-15 3.04315e-14 1.00000e-99 1.00000e-99 1.00000e-99 1.00000e-99 4.34990e-20 1.00000e-99 1.00000e-99 2.61018e-13 1.87544e-11 1.55468e-11 6.18387e-12 3.45322e-11 1.14323e-10 1.15874e-10 1.15514e-10 1.02500e-10 8.10089e-11 9.71381e-11 6.23037e-11 5.30047e-11 3.91527e-11 2.69922e-11 4.67846e-11 2.16924e-11 2.01315e-11 1.30002e-11 1.00353e-11 4.28250e-12 1.97862e-12 1.67399e-12 -9.99999e+99 -9.99999e+99 -9.99999e+99 -9.99999e+99 -9.99999e+99 -9.99999e+99 -9.99999e+99 -9.99999e+99 -9.99999e+99 -9.99999e+99 -9.99999e+99 -9.99999e+99 -9.99999e+99 -9.99999e+99 -9.99999e+99 -9.99999e+99 -9.99999e+99 -9.99999e+99 -9.99999e+99 -9.99999e+99 -9.99999e+99
