#NTIMES: 5
#NSTAGES: 3 
#TIMES[d] 100 150 200 300 400

TIME: 100
#NVEL 40
#vel_mid[km/s] 0 1 2
2.500000e+02 2.023000e-06 2.586000e-01 7.414000e-01
7.500000e+02 1.684000e-06 2.366000e-01 7.634000e-01
1.250000e+03 1.423000e-06 2.166000e-01 7.834000e-01
1.750000e+03 1.219000e-06 1.981000e-01 8.019000e-01
2.250000e+03 1.079000e-06 1.827000e-01 8.173000e-01
2.750000e+03 9.576000e-07 1.681000e-01 8.319000e-01
3.250000e+03 8.792000e-07 1.556000e-01 8.444000e-01
3.750000e+03 8.261000e-07 1.439000e-01 8.561000e-01
4.250000e+03 8.003000e-07 1.334000e-01 8.666000e-01
4.750000e+03 7.789000e-07 1.240000e-01 8.760000e-01
5.250000e+03 7.850000e-07 1.152000e-01 8.848000e-01
5.750000e+03 8.019000e-07 1.072000e-01 8.928000e-01
6.250000e+03 8.319000e-07 9.953000e-02 9.005000e-01
6.750000e+03 9.256000e-07 9.411000e-02 9.059000e-01
7.250000e+03 1.197000e-06 1.010000e-01 8.990000e-01
7.750000e+03 1.733000e-06 1.175000e-01 8.825000e-01
8.250000e+03 2.508000e-06 1.349000e-01 8.651000e-01
8.750000e+03 3.448000e-06 1.441000e-01 8.559000e-01
9.250000e+03 4.401000e-06 1.420000e-01 8.580000e-01
9.750000e+03 5.288000e-06 1.306000e-01 8.694000e-01
1.025000e+04 6.011000e-06 1.169000e-01 8.831000e-01
1.075000e+04 6.329000e-06 7.559000e-02 9.244000e-01
1.125000e+04 6.890000e-06 8.130000e-02 9.187000e-01
1.175000e+04 3.230000e-06 8.695000e-02 9.130000e-01
1.225000e+04 2.606000e-06 1.081000e-01 8.919000e-01
1.275000e+04 1.000000e+00 3.339000e-16 2.531000e-16
1.325000e+04 1.000000e+00 3.750000e-16 3.117000e-16
1.375000e+04 1.000000e+00 4.214000e-16 3.814000e-16
1.425000e+04 1.000000e+00 4.734000e-16 4.727000e-16
1.475000e+04 1.000000e+00 5.298000e-16 5.840000e-16
1.525000e+04 1.000000e+00 5.899000e-16 7.175000e-16
1.575000e+04 1.000000e+00 6.629000e-16 8.921000e-16
1.625000e+04 1.000000e+00 7.419000e-16 1.110000e-15
1.675000e+04 1.000000e+00 8.300000e-16 1.383000e-15
1.725000e+04 1.000000e+00 9.293000e-16 1.729000e-15
1.775000e+04 1.000000e+00 1.042000e-15 2.164000e-15
1.825000e+04 1.000000e+00 1.171000e-15 2.726000e-15
1.875000e+04 1.000000e+00 1.314000e-15 3.438000e-15
1.925000e+04 1.000000e+00 1.480000e-15 4.353000e-15
1.975000e+04 1.000000e+00 1.671000e-15 5.547000e-15

TIME: 150
#NVEL 40
#vel_mid[km/s] 0 1 2
2.500000e+02 9.048000e-06 2.592000e-01 7.408000e-01
7.500000e+02 7.806000e-06 2.371000e-01 7.629000e-01
1.250000e+03 6.768000e-06 2.152000e-01 7.848000e-01
1.750000e+03 5.986000e-06 1.956000e-01 8.044000e-01
2.250000e+03 5.589000e-06 1.791000e-01 8.209000e-01
2.750000e+03 5.278000e-06 1.644000e-01 8.356000e-01
3.250000e+03 5.017000e-06 1.500000e-01 8.500000e-01
3.750000e+03 4.848000e-06 1.367000e-01 8.633000e-01
4.250000e+03 4.805000e-06 1.260000e-01 8.740000e-01
4.750000e+03 4.695000e-06 1.145000e-01 8.855000e-01
5.250000e+03 4.683000e-06 1.048000e-01 8.952000e-01
5.750000e+03 4.742000e-06 9.601000e-02 9.040000e-01
6.250000e+03 4.817000e-06 8.697000e-02 9.130000e-01
6.750000e+03 5.249000e-06 8.132000e-02 9.187000e-01
7.250000e+03 6.695000e-06 8.561000e-02 9.144000e-01
7.750000e+03 9.718000e-06 9.857000e-02 9.014000e-01
8.250000e+03 1.393000e-05 1.128000e-01 8.871000e-01
8.750000e+03 1.806000e-05 1.210000e-01 8.789000e-01
9.250000e+03 2.101000e-05 1.202000e-01 8.798000e-01
9.750000e+03 2.180000e-05 1.116000e-01 8.884000e-01
1.025000e+04 2.139000e-05 1.010000e-01 8.990000e-01
1.075000e+04 1.765000e-05 6.094000e-02 9.390000e-01
1.125000e+04 1.845000e-05 7.064000e-02 9.293000e-01
1.175000e+04 1.249000e-05 8.265000e-02 9.173000e-01
1.225000e+04 8.013000e-06 1.097000e-01 8.903000e-01
1.275000e+04 1.000000e+00 1.140000e-15 8.876000e-16
1.325000e+04 1.000000e+00 1.277000e-15 1.086000e-15
1.375000e+04 1.000000e+00 1.425000e-15 1.328000e-15
1.425000e+04 1.000000e+00 1.592000e-15 1.649000e-15
1.475000e+04 1.000000e+00 1.779000e-15 2.031000e-15
1.525000e+04 1.000000e+00 1.982000e-15 2.488000e-15
1.575000e+04 1.000000e+00 2.217000e-15 3.104000e-15
1.625000e+04 1.000000e+00 2.485000e-15 3.863000e-15
1.675000e+04 1.000000e+00 2.777000e-15 4.820000e-15
1.725000e+04 1.000000e+00 3.107000e-15 6.024000e-15
1.775000e+04 1.000000e+00 3.480000e-15 7.560000e-15
1.825000e+04 1.000000e+00 3.905000e-15 9.551000e-15
1.875000e+04 1.000000e+00 4.398000e-15 1.204000e-14
1.925000e+04 1.000000e+00 4.958000e-15 1.532000e-14
1.975000e+04 1.000000e+00 5.621000e-15 1.967000e-14

TIME: 200
#NVEL 40
#vel_mid[km/s] 0 1 2
2.500000e+02 4.040000e-05 2.796000e-01 7.204000e-01
7.500000e+02 3.513000e-05 2.552000e-01 7.447000e-01
1.250000e+03 3.108000e-05 2.314000e-01 7.686000e-01
1.750000e+03 2.725000e-05 2.086000e-01 7.914000e-01
2.250000e+03 2.497000e-05 1.898000e-01 8.102000e-01
2.750000e+03 2.269000e-05 1.717000e-01 8.283000e-01
3.250000e+03 2.108000e-05 1.556000e-01 8.444000e-01
3.750000e+03 1.976000e-05 1.405000e-01 8.595000e-01
4.250000e+03 1.849000e-05 1.267000e-01 8.733000e-01
4.750000e+03 1.726000e-05 1.142000e-01 8.858000e-01
5.250000e+03 1.625000e-05 1.028000e-01 8.972000e-01
5.750000e+03 1.534000e-05 9.214000e-02 9.078000e-01
6.250000e+03 1.465000e-05 8.256000e-02 9.174000e-01
6.750000e+03 1.473000e-05 7.522000e-02 9.248000e-01
7.250000e+03 1.844000e-05 7.804000e-02 9.219000e-01
7.750000e+03 2.724000e-05 8.926000e-02 9.107000e-01
8.250000e+03 3.900000e-05 1.024000e-01 8.976000e-01
8.750000e+03 4.969000e-05 1.101000e-01 8.899000e-01
9.250000e+03 5.553000e-05 1.106000e-01 8.893000e-01
9.750000e+03 5.338000e-05 1.032000e-01 8.967000e-01
1.025000e+04 4.631000e-05 9.373000e-02 9.062000e-01
1.075000e+04 4.019000e-05 8.635000e-02 9.136000e-01
1.125000e+04 2.531000e-05 4.550000e-02 9.545000e-01
1.175000e+04 1.826000e-05 6.199000e-02 9.380000e-01
1.225000e+04 2.085000e-05 9.050000e-02 9.095000e-01
1.275000e+04 1.000000e+00 3.163000e-15 2.141000e-15
1.325000e+04 1.000000e+00 3.502000e-15 2.588000e-15
1.375000e+04 1.000000e+00 3.871000e-15 3.129000e-15
1.425000e+04 1.000000e+00 4.285000e-15 3.851000e-15
1.475000e+04 1.000000e+00 4.776000e-15 4.728000e-15
1.525000e+04 1.000000e+00 5.301000e-15 5.781000e-15
1.575000e+04 1.000000e+00 5.896000e-15 7.177000e-15
1.625000e+04 1.000000e+00 6.573000e-15 8.916000e-15
1.675000e+04 1.000000e+00 7.319000e-15 1.109000e-14
1.725000e+04 1.000000e+00 8.168000e-15 1.385000e-14
1.775000e+04 1.000000e+00 9.108000e-15 1.732000e-14
1.825000e+04 1.000000e+00 1.018000e-14 2.175000e-14
1.875000e+04 1.000000e+00 1.139000e-14 2.749000e-14
1.925000e+04 1.000000e+00 1.282000e-14 3.497000e-14
1.975000e+04 1.000000e+00 1.462000e-14 4.568000e-14

TIME: 300
#NVEL 40
#vel_mid[km/s] 0 1 2
2.500000e+02 1.563000e-04 3.401000e-01 6.597000e-01
7.500000e+02 1.314000e-04 3.096000e-01 6.903000e-01
1.250000e+03 1.115000e-04 2.802000e-01 7.196000e-01
1.750000e+03 9.503000e-05 2.528000e-01 7.471000e-01
2.250000e+03 8.054000e-05 2.270000e-01 7.729000e-01
2.750000e+03 6.770000e-05 2.020000e-01 7.979000e-01
3.250000e+03 5.754000e-05 1.807000e-01 8.192000e-01
3.750000e+03 4.836000e-05 1.595000e-01 8.404000e-01
4.250000e+03 4.150000e-05 1.416000e-01 8.584000e-01
4.750000e+03 3.617000e-05 1.253000e-01 8.746000e-01
5.250000e+03 3.227000e-05 1.102000e-01 8.898000e-01
5.750000e+03 2.906000e-05 9.694000e-02 9.030000e-01
6.250000e+03 2.646000e-05 8.469000e-02 9.153000e-01
6.750000e+03 2.594000e-05 7.589000e-02 9.241000e-01
7.250000e+03 3.195000e-05 7.733000e-02 9.226000e-01
7.750000e+03 4.632000e-05 8.757000e-02 9.124000e-01
8.250000e+03 6.534000e-05 1.003000e-01 8.996000e-01
8.750000e+03 8.332000e-05 1.086000e-01 8.913000e-01
9.250000e+03 8.993000e-05 1.104000e-01 8.895000e-01
9.750000e+03 8.500000e-05 1.050000e-01 8.949000e-01
1.025000e+04 7.048000e-05 9.572000e-02 9.042000e-01
1.075000e+04 5.581000e-05 9.096000e-02 9.090000e-01
1.125000e+04 4.567000e-05 9.115000e-02 9.088000e-01
1.175000e+04 3.813000e-05 9.534000e-02 9.046000e-01
1.225000e+04 1.869000e-05 9.321000e-02 9.068000e-01
1.275000e+04 1.000000e+00 9.002000e-14 6.118000e-14
1.325000e+04 1.000000e+00 1.060000e-13 7.750000e-14
1.375000e+04 1.000000e+00 1.240000e-13 9.745000e-14
1.425000e+04 1.000000e+00 1.455000e-13 1.239000e-13
1.475000e+04 1.000000e+00 1.689000e-13 1.565000e-13
1.525000e+04 1.000000e+00 1.940000e-13 1.945000e-13
1.575000e+04 1.000000e+00 2.195000e-13 2.409000e-13
1.625000e+04 1.000000e+00 2.397000e-13 2.886000e-13
1.675000e+04 1.000000e+00 2.572000e-13 3.395000e-13
1.725000e+04 1.000000e+00 2.644000e-13 3.877000e-13
1.775000e+04 1.000000e+00 2.694000e-13 4.350000e-13
1.825000e+04 1.000000e+00 2.564000e-13 4.597000e-13
1.875000e+04 1.000000e+00 2.344000e-13 4.713000e-13
1.925000e+04 1.000000e+00 2.102000e-13 4.763000e-13
1.975000e+04 1.000000e+00 1.837000e-13 4.397000e-13

TIME: 400
#NVEL 40
#vel_mid[km/s] 0 1 2
2.500000e+02 4.168000e-04 4.213000e-01 5.783000e-01
7.500000e+02 3.338000e-04 3.885000e-01 6.112000e-01
1.250000e+03 2.694000e-04 3.536000e-01 6.461000e-01
1.750000e+03 2.166000e-04 3.194000e-01 6.804000e-01
2.250000e+03 1.764000e-04 2.869000e-01 7.129000e-01
2.750000e+03 1.435000e-04 2.559000e-01 7.439000e-01
3.250000e+03 1.182000e-04 2.275000e-01 7.724000e-01
3.750000e+03 9.766000e-05 2.011000e-01 7.988000e-01
4.250000e+03 8.109000e-05 1.773000e-01 8.227000e-01
4.750000e+03 6.731000e-05 1.555000e-01 8.444000e-01
5.250000e+03 5.604000e-05 1.361000e-01 8.639000e-01
5.750000e+03 4.718000e-05 1.190000e-01 8.810000e-01
6.250000e+03 4.132000e-05 1.037000e-01 8.963000e-01
6.750000e+03 3.893000e-05 9.179000e-02 9.082000e-01
7.250000e+03 4.545000e-05 9.279000e-02 9.072000e-01
7.750000e+03 6.120000e-05 1.031000e-01 8.968000e-01
8.250000e+03 8.158000e-05 1.165000e-01 8.834000e-01
8.750000e+03 9.678000e-05 1.262000e-01 8.737000e-01
9.250000e+03 1.004000e-04 1.275000e-01 8.724000e-01
9.750000e+03 9.187000e-05 1.225000e-01 8.774000e-01
1.025000e+04 8.268000e-05 1.164000e-01 8.835000e-01
1.075000e+04 8.155000e-05 1.167000e-01 8.832000e-01
1.125000e+04 9.203000e-05 1.301000e-01 8.698000e-01
1.175000e+04 1.036000e-04 1.558000e-01 8.441000e-01
1.225000e+04 9.547000e-05 1.732000e-01 8.267000e-01
1.275000e+04 1.000000e+00 1.978000e-13 8.360000e-14
1.325000e+04 1.000000e+00 2.348000e-13 1.065000e-13
1.375000e+04 1.000000e+00 2.779000e-13 1.354000e-13
1.425000e+04 1.000000e+00 3.319000e-13 1.754000e-13
1.475000e+04 1.000000e+00 3.946000e-13 2.259000e-13
1.525000e+04 1.000000e+00 4.665000e-13 2.886000e-13
1.575000e+04 1.000000e+00 5.570000e-13 3.765000e-13
1.625000e+04 1.000000e+00 6.648000e-13 4.911000e-13
1.675000e+04 1.000000e+00 7.931000e-13 6.411000e-13
1.725000e+04 1.000000e+00 9.483000e-13 8.421000e-13
1.775000e+04 1.000000e+00 1.133000e-12 1.106000e-12
1.825000e+04 1.000000e+00 1.355000e-12 1.458000e-12
1.875000e+04 1.000000e+00 1.606000e-12 1.916000e-12
1.925000e+04 1.000000e+00 1.900000e-12 2.520000e-12
1.975000e+04 1.000000e+00 2.239000e-12 3.350000e-12

