#NTIMES: 4
#NSTAGES: 8
#TIMES[d]: 5.0 10.0 15.0 20.0
#
#TIME: 5.0
#NVEL: 290
#vel_mid[km/s] Ni0 Ni1 Ni2 Ni3 Ni4 Ni5 Ni6 Ni7
2.052500E+04        
2.057500E+04        
2.062500E+04        
2.067500E+04        
2.072500E+04        
2.077500E+04        
2.082500E+04        
2.087500E+04        
2.092500E+04        
2.097500E+04        
2.102500E+04        
2.107500E+04        
2.112500E+04        
2.117500E+04        
2.122500E+04        
2.127500E+04        
2.132500E+04        
2.137500E+04        
2.142500E+04        
2.147500E+04        
2.152500E+04        
2.157500E+04        
2.162500E+04        
2.167500E+04        
2.172500E+04        
2.177500E+04        
2.182500E+04        
2.187500E+04        
2.192500E+04        
2.197500E+04        
2.202500E+04        
2.207500E+04        
2.212500E+04        
2.217500E+04        
2.222500E+04        
2.227500E+04        
2.232500E+04        
2.237500E+04        
2.242500E+04        
2.247500E+04        
2.252500E+04        
2.257500E+04        
2.262500E+04        
2.267500E+04        
2.272500E+04        
2.277500E+04        
2.282500E+04        
2.287500E+04        
2.292500E+04        
2.297500E+04        
2.302500E+04        
2.307500E+04        
2.312500E+04        
2.317500E+04        
2.322500E+04        
2.327500E+04        
2.332500E+04        
2.337500E+04        
2.342500E+04        
2.347500E+04        
2.352500E+04        
2.357500E+04        
2.362500E+04        
2.367500E+04        
2.372500E+04        
2.377500E+04        
2.382500E+04        
2.387500E+04        
2.392500E+04        
2.397500E+04        
2.402500E+04        
2.407500E+04        
2.412500E+04        
2.417500E+04        
2.422500E+04        
2.427500E+04        
2.432500E+04        
2.437500E+04        
2.442500E+04        
2.447500E+04        
2.452500E+04        
2.457500E+04        
2.462500E+04        
2.467500E+04        
2.472500E+04        
2.477500E+04        
2.482500E+04        
2.487500E+04        
2.492500E+04        
2.497500E+04        
2.502500E+04        
2.507500E+04        
2.512500E+04        
2.517500E+04        
2.522500E+04        
2.527500E+04        
2.532500E+04        
2.537500E+04        
2.542500E+04        
2.547500E+04        
2.552500E+04        
2.557500E+04        
2.562500E+04        
2.567500E+04        
2.572500E+04        
2.577500E+04        
2.582500E+04        
2.587500E+04        
2.592500E+04        
2.597500E+04        
2.602500E+04        
2.607500E+04        
2.612500E+04        
2.617500E+04        
2.622500E+04        
2.627500E+04        
2.632500E+04        
2.637500E+04        
2.642500E+04        
2.647500E+04        
2.652500E+04        
2.657500E+04        
2.662500E+04        
2.667500E+04        
2.672500E+04        
2.677500E+04        
2.682500E+04        
2.687500E+04        
2.692500E+04        
2.697500E+04        
2.702500E+04        
2.707500E+04        
2.712500E+04        
2.717500E+04        
2.722500E+04        
2.727500E+04        
2.732500E+04        
2.737500E+04        
2.742500E+04        
2.747500E+04        
2.752500E+04        
2.757500E+04        
2.762500E+04        
2.767500E+04        
2.772500E+04        
2.777500E+04        
2.782500E+04        
2.787500E+04        
2.792500E+04        
2.797500E+04        
2.802500E+04        
2.807500E+04        
2.812500E+04        
2.817500E+04        
2.822500E+04        
2.827500E+04        
2.832500E+04        
2.837500E+04        
2.842500E+04        
2.847500E+04        
2.852500E+04        
2.857500E+04        
2.862500E+04        
2.867500E+04        
2.872500E+04        
2.877500E+04        
2.882500E+04        
2.887500E+04        
2.892500E+04        
2.897500E+04        
2.902500E+04        
2.907500E+04        
2.912500E+04        
2.917500E+04        
2.922500E+04        
2.927500E+04        
2.932500E+04        
2.937500E+04        
2.942500E+04        
2.947500E+04        
2.952500E+04        
2.957500E+04        
2.962500E+04        
2.967500E+04        
2.972500E+04        
2.977500E+04        
2.982500E+04        
2.987500E+04        
2.992500E+04        
2.997500E+04        
3.002500E+04        
3.007500E+04        
3.012500E+04        
3.017500E+04        
3.022500E+04        
3.027500E+04        
3.032500E+04        
3.037500E+04        
3.042500E+04        
3.047500E+04        
3.052500E+04        
3.057500E+04        
3.062500E+04        
3.067500E+04        
3.072500E+04        
3.077500E+04        
3.082500E+04        
3.087500E+04        
3.092500E+04        
3.097500E+04        
3.102500E+04        
3.107500E+04        
3.112500E+04        
3.117500E+04        
3.122500E+04        
3.127500E+04        
3.132500E+04        
3.137500E+04        
3.142500E+04        
3.147500E+04        
3.152500E+04        
3.157500E+04        
3.162500E+04        
3.167500E+04        
3.172500E+04        
3.177500E+04        
3.182500E+04        
3.187500E+04        
3.192500E+04        
3.197500E+04        
3.202500E+04        
3.207500E+04        
3.212500E+04        
3.217500E+04        
3.222500E+04        
3.227500E+04        
3.232500E+04        
3.237500E+04        
3.242500E+04        
3.247500E+04        
3.252500E+04        
3.257500E+04        
3.262500E+04        
3.267500E+04        
3.272500E+04        
3.277500E+04        
3.282500E+04        
3.287500E+04        
3.292500E+04        
3.297500E+04        
3.302500E+04        
3.307500E+04        
3.312500E+04        
3.317500E+04        
3.322500E+04        
3.327500E+04        
3.332500E+04        
3.337500E+04        
3.342500E+04        
3.347500E+04        
3.352500E+04        
3.357500E+04        
3.362500E+04        
3.367500E+04        
3.372500E+04        
3.377500E+04        
3.382500E+04        
3.387500E+04        
3.392500E+04        
3.397500E+04        
3.402500E+04        
3.407500E+04        
3.412500E+04        
3.417500E+04        
3.422500E+04        
3.427500E+04        
3.432500E+04        
3.437500E+04        
3.442500E+04        
3.447500E+04        
3.452500E+04        
3.457500E+04        
3.462500E+04        
3.467500E+04        
3.472500E+04        
3.477500E+04        
3.482500E+04        
3.487500E+04        
3.492500E+04        
3.497500E+04        
#
#TIME: 10.0
#NVEL: 360
#vel_mid[km/s] Ni0 Ni1 Ni2 Ni3 Ni4 Ni5 Ni6 Ni7
1.702500E+04        
1.707500E+04        
1.712500E+04        
1.717500E+04        
1.722500E+04        
1.727500E+04        
1.732500E+04        
1.737500E+04        
1.742500E+04        
1.747500E+04        
1.752500E+04        
1.757500E+04        
1.762500E+04        
1.767500E+04        
1.772500E+04        
1.777500E+04        
1.782500E+04        
1.787500E+04        
1.792500E+04        
1.797500E+04        
1.802500E+04        
1.807500E+04        
1.812500E+04        
1.817500E+04        
1.822500E+04        
1.827500E+04        
1.832500E+04        
1.837500E+04        
1.842500E+04        
1.847500E+04        
1.852500E+04        
1.857500E+04        
1.862500E+04        
1.867500E+04        
1.872500E+04        
1.877500E+04        
1.882500E+04        
1.887500E+04        
1.892500E+04        
1.897500E+04        
1.902500E+04        
1.907500E+04        
1.912500E+04        
1.917500E+04        
1.922500E+04        
1.927500E+04        
1.932500E+04        
1.937500E+04        
1.942500E+04        
1.947500E+04        
1.952500E+04        
1.957500E+04        
1.962500E+04        
1.967500E+04        
1.972500E+04        
1.977500E+04        
1.982500E+04        
1.987500E+04        
1.992500E+04        
1.997500E+04        
2.002500E+04        
2.007500E+04        
2.012500E+04        
2.017500E+04        
2.022500E+04        
2.027500E+04        
2.032500E+04        
2.037500E+04        
2.042500E+04        
2.047500E+04        
2.052500E+04        
2.057500E+04        
2.062500E+04        
2.067500E+04        
2.072500E+04        
2.077500E+04        
2.082500E+04        
2.087500E+04        
2.092500E+04        
2.097500E+04        
2.102500E+04        
2.107500E+04        
2.112500E+04        
2.117500E+04        
2.122500E+04        
2.127500E+04        
2.132500E+04        
2.137500E+04        
2.142500E+04        
2.147500E+04        
2.152500E+04        
2.157500E+04        
2.162500E+04        
2.167500E+04        
2.172500E+04        
2.177500E+04        
2.182500E+04        
2.187500E+04        
2.192500E+04        
2.197500E+04        
2.202500E+04        
2.207500E+04        
2.212500E+04        
2.217500E+04        
2.222500E+04        
2.227500E+04        
2.232500E+04        
2.237500E+04        
2.242500E+04        
2.247500E+04        
2.252500E+04        
2.257500E+04        
2.262500E+04        
2.267500E+04        
2.272500E+04        
2.277500E+04        
2.282500E+04        
2.287500E+04        
2.292500E+04        
2.297500E+04        
2.302500E+04        
2.307500E+04        
2.312500E+04        
2.317500E+04        
2.322500E+04        
2.327500E+04        
2.332500E+04        
2.337500E+04        
2.342500E+04        
2.347500E+04        
2.352500E+04        
2.357500E+04        
2.362500E+04        
2.367500E+04        
2.372500E+04        
2.377500E+04        
2.382500E+04        
2.387500E+04        
2.392500E+04        
2.397500E+04        
2.402500E+04        
2.407500E+04        
2.412500E+04        
2.417500E+04        
2.422500E+04        
2.427500E+04        
2.432500E+04        
2.437500E+04        
2.442500E+04        
2.447500E+04        
2.452500E+04        
2.457500E+04        
2.462500E+04        
2.467500E+04        
2.472500E+04        
2.477500E+04        
2.482500E+04        
2.487500E+04        
2.492500E+04        
2.497500E+04        
2.502500E+04        
2.507500E+04        
2.512500E+04        
2.517500E+04        
2.522500E+04        
2.527500E+04        
2.532500E+04        
2.537500E+04        
2.542500E+04        
2.547500E+04        
2.552500E+04        
2.557500E+04        
2.562500E+04        
2.567500E+04        
2.572500E+04        
2.577500E+04        
2.582500E+04        
2.587500E+04        
2.592500E+04        
2.597500E+04        
2.602500E+04        
2.607500E+04        
2.612500E+04        
2.617500E+04        
2.622500E+04        
2.627500E+04        
2.632500E+04        
2.637500E+04        
2.642500E+04        
2.647500E+04        
2.652500E+04        
2.657500E+04        
2.662500E+04        
2.667500E+04        
2.672500E+04        
2.677500E+04        
2.682500E+04        
2.687500E+04        
2.692500E+04        
2.697500E+04        
2.702500E+04        
2.707500E+04        
2.712500E+04        
2.717500E+04        
2.722500E+04        
2.727500E+04        
2.732500E+04        
2.737500E+04        
2.742500E+04        
2.747500E+04        
2.752500E+04        
2.757500E+04        
2.762500E+04        
2.767500E+04        
2.772500E+04        
2.777500E+04        
2.782500E+04        
2.787500E+04        
2.792500E+04        
2.797500E+04        
2.802500E+04        
2.807500E+04        
2.812500E+04        
2.817500E+04        
2.822500E+04        
2.827500E+04        
2.832500E+04        
2.837500E+04        
2.842500E+04        
2.847500E+04        
2.852500E+04        
2.857500E+04        
2.862500E+04        
2.867500E+04        
2.872500E+04        
2.877500E+04        
2.882500E+04        
2.887500E+04        
2.892500E+04        
2.897500E+04        
2.902500E+04        
2.907500E+04        
2.912500E+04        
2.917500E+04        
2.922500E+04        
2.927500E+04        
2.932500E+04        
2.937500E+04        
2.942500E+04        
2.947500E+04        
2.952500E+04        
2.957500E+04        
2.962500E+04        
2.967500E+04        
2.972500E+04        
2.977500E+04        
2.982500E+04        
2.987500E+04        
2.992500E+04        
2.997500E+04        
3.002500E+04        
3.007500E+04        
3.012500E+04        
3.017500E+04        
3.022500E+04        
3.027500E+04        
3.032500E+04        
3.037500E+04        
3.042500E+04        
3.047500E+04        
3.052500E+04        
3.057500E+04        
3.062500E+04        
3.067500E+04        
3.072500E+04        
3.077500E+04        
3.082500E+04        
3.087500E+04        
3.092500E+04        
3.097500E+04        
3.102500E+04        
3.107500E+04        
3.112500E+04        
3.117500E+04        
3.122500E+04        
3.127500E+04        
3.132500E+04        
3.137500E+04        
3.142500E+04        
3.147500E+04        
3.152500E+04        
3.157500E+04        
3.162500E+04        
3.167500E+04        
3.172500E+04        
3.177500E+04        
3.182500E+04        
3.187500E+04        
3.192500E+04        
3.197500E+04        
3.202500E+04        
3.207500E+04        
3.212500E+04        
3.217500E+04        
3.222500E+04        
3.227500E+04        
3.232500E+04        
3.237500E+04        
3.242500E+04        
3.247500E+04        
3.252500E+04        
3.257500E+04        
3.262500E+04        
3.267500E+04        
3.272500E+04        
3.277500E+04        
3.282500E+04        
3.287500E+04        
3.292500E+04        
3.297500E+04        
3.302500E+04        
3.307500E+04        
3.312500E+04        
3.317500E+04        
3.322500E+04        
3.327500E+04        
3.332500E+04        
3.337500E+04        
3.342500E+04        
3.347500E+04        
3.352500E+04        
3.357500E+04        
3.362500E+04        
3.367500E+04        
3.372500E+04        
3.377500E+04        
3.382500E+04        
3.387500E+04        
3.392500E+04        
3.397500E+04        
3.402500E+04        
3.407500E+04        
3.412500E+04        
3.417500E+04        
3.422500E+04        
3.427500E+04        
3.432500E+04        
3.437500E+04        
3.442500E+04        
3.447500E+04        
3.452500E+04        
3.457500E+04        
3.462500E+04        
3.467500E+04        
3.472500E+04        
3.477500E+04        
3.482500E+04        
3.487500E+04        
3.492500E+04        
3.497500E+04        
#
#TIME: 15.0
#NVEL: 500
#vel_mid[km/s] Ni0 Ni1 Ni2 Ni3 Ni4 Ni5 Ni6 Ni7
1.002500E+04 3.332848E-14 2.896955E-05 9.909197E-01 9.051346E-03 7.359238E-13 0.000000E+00 0.000000E+00 0.000000E+00
1.007500E+04 3.765325E-14 3.147934E-05 9.918191E-01 8.149468E-03 5.858024E-13 0.000000E+00 0.000000E+00 0.000000E+00
1.012500E+04 4.391560E-14 3.501834E-05 9.931388E-01 6.826230E-03 3.803535E-13 0.000000E+00 0.000000E+00 0.000000E+00
1.017500E+04 5.257327E-14 3.967769E-05 9.945059E-01 5.454401E-03 2.172441E-13 0.000000E+00 0.000000E+00 0.000000E+00
1.022500E+04 6.144484E-14 4.422530E-05 9.954680E-01 4.487806E-03 1.336064E-13 0.000000E+00 0.000000E+00 0.000000E+00
1.027500E+04 7.472253E-14 5.066231E-05 9.964765E-01 3.472790E-03 6.988543E-14 0.000000E+00 0.000000E+00 0.000000E+00
1.032500E+04 9.006024E-14 5.768501E-05 9.972312E-01 2.711121E-03 3.733438E-14 0.000000E+00 0.000000E+00 0.000000E+00
1.037500E+04 1.090045E-13 6.586073E-05 9.978290E-01 2.105094E-03 1.968145E-14 0.000000E+00 0.000000E+00 0.000000E+00
1.042500E+04 1.338864E-13 7.597270E-05 9.983331E-01 1.590950E-03 9.641048E-15 0.000000E+00 0.000000E+00 0.000000E+00
1.047500E+04 1.643971E-13 8.762667E-05 9.987137E-01 1.198680E-03 4.677320E-15 0.000000E+00 0.000000E+00 0.000000E+00
1.052500E+04 2.021162E-13 1.011470E-04 9.989984E-01 9.004731E-04 2.251084E-15 0.000000E+00 0.000000E+00 0.000000E+00
1.057500E+04 2.474604E-13 1.164118E-04 9.992020E-01 6.816141E-04 1.106316E-15 0.000000E+00 0.000000E+00 0.000000E+00
1.062500E+04 3.025090E-13 1.338668E-04 9.993511E-01 5.150263E-04 5.400400E-16 0.000000E+00 0.000000E+00 0.000000E+00
1.067500E+04 3.707725E-13 1.542134E-04 9.994579E-01 3.878700E-04 2.614853E-16 0.000000E+00 0.000000E+00 0.000000E+00
1.072500E+04 4.480338E-13 1.759553E-04 9.995262E-01 2.978713E-04 1.331551E-16 0.000000E+00 0.000000E+00 0.000000E+00
1.077500E+04 5.470696E-13 2.022329E-04 9.995731E-01 2.246933E-04 6.462593E-17 0.000000E+00 0.000000E+00 0.000000E+00
1.082500E+04 6.722378E-13 2.334523E-04 9.995986E-01 1.679518E-04 3.063557E-17 0.000000E+00 0.000000E+00 0.000000E+00
1.087500E+04 8.140287E-13 2.667992E-04 9.996047E-01 1.284600E-04 1.543487E-17 0.000000E+00 0.000000E+00 0.000000E+00
1.092500E+04 1.002419E-12 3.084879E-04 9.995959E-01 9.564759E-05 7.242419E-18 0.000000E+00 0.000000E+00 0.000000E+00
1.097500E+04 1.236121E-12 3.570408E-04 9.995718E-01 7.113939E-05 3.391165E-18 0.000000E+00 0.000000E+00 0.000000E+00
1.102500E+04 1.525871E-12 4.136563E-04 9.995337E-01 5.260931E-05 1.561085E-18 0.000000E+00 0.000000E+00 0.000000E+00
1.107500E+04 1.874456E-12 4.777526E-04 9.994831E-01 3.913625E-05 7.294636E-19 0.000000E+00 0.000000E+00 0.000000E+00
1.112500E+04 2.292809E-12 5.502550E-04 9.994205E-01 2.927230E-05 3.456448E-19 0.000000E+00 0.000000E+00 0.000000E+00
1.117500E+04 2.791750E-12 6.319192E-04 9.993461E-01 2.200638E-05 1.658641E-19 0.000000E+00 0.000000E+00 0.000000E+00
1.122500E+04 3.408026E-12 7.270896E-04 9.992564E-01 1.647959E-05 7.880498E-20 0.000000E+00 0.000000E+00 0.000000E+00
1.127500E+04 4.185086E-12 8.402298E-04 9.991476E-01 1.221232E-05 3.641350E-20 0.000000E+00 0.000000E+00 0.000000E+00
1.132500E+04 5.137694E-12 9.708443E-04 9.990201E-01 9.065053E-06 1.691411E-20 0.000000E+00 0.000000E+00 0.000000E+00
1.137500E+04 6.404122E-12 1.134415E-03 9.988591E-01 6.516734E-06 7.194590E-21 0.000000E+00 0.000000E+00 0.000000E+00
1.142500E+04 7.781287E-12 1.302308E-03 9.986928E-01 4.891999E-06 3.436496E-21 0.000000E+00 0.000000E+00 0.000000E+00
1.147500E+04 9.689643E-12 1.520968E-03 9.984755E-01 3.536152E-06 1.487204E-21 0.000000E+00 0.000000E+00 0.000000E+00
1.152500E+04 1.209161E-11 1.779666E-03 9.982178E-01 2.539922E-06 6.323152E-22 0.000000E+00 0.000000E+00 0.000000E+00
1.157500E+04 1.482431E-11 2.057867E-03 9.979403E-01 1.865929E-06 2.846191E-22 0.000000E+00 0.000000E+00 0.000000E+00
1.162500E+04 1.824868E-11 2.385980E-03 9.976127E-01 1.365597E-06 1.270668E-22 0.000000E+00 0.000000E+00 0.000000E+00
1.167500E+04 2.248892E-11 2.769845E-03 9.972292E-01 9.909320E-07 5.530466E-23 0.000000E+00 0.000000E+00 0.000000E+00
1.172500E+04 2.820797E-11 3.255319E-03 9.967440E-01 7.001813E-07 2.246779E-23 0.000000E+00 0.000000E+00 0.000000E+00
1.177500E+04 3.438059E-11 3.749027E-03 9.962505E-01 5.204725E-07 1.045809E-23 0.000000E+00 0.000000E+00 0.000000E+00
1.182500E+04 4.351847E-11 4.434612E-03 9.955650E-01 3.617838E-07 4.068034E-24 0.000000E+00 0.000000E+00 0.000000E+00
1.187500E+04 5.453237E-11 5.208160E-03 9.947916E-01 2.558067E-07 1.656325E-24 0.000000E+00 0.000000E+00 0.000000E+00
1.192500E+04 6.907416E-11 6.159906E-03 9.938399E-01 1.786666E-07 6.546437E-25 0.000000E+00 0.000000E+00 0.000000E+00
1.197500E+04 8.827751E-11 7.330336E-03 9.926695E-01 1.227181E-07 2.473810E-25 0.000000E+00 0.000000E+00 0.000000E+00
1.202500E+04 1.094754E-10 8.540384E-03 9.914595E-01 8.847738E-08 1.062402E-25 0.000000E+00 0.000000E+00 0.000000E+00
1.207500E+04 1.410852E-10 1.022000E-02 9.897799E-01 5.961485E-08 0.000000E+00 0.000000E+00 0.000000E+00 0.000000E+00
1.212500E+04 1.794641E-10 1.211089E-02 9.878891E-01 4.132848E-08 0.000000E+00 0.000000E+00 0.000000E+00 0.000000E+00
1.217500E+04 2.221865E-10 1.408481E-02 9.859152E-01 2.980256E-08 0.000000E+00 0.000000E+00 0.000000E+00 0.000000E+00
1.222500E+04 2.807420E-10 1.661424E-02 9.833857E-01 2.065539E-08 0.000000E+00 0.000000E+00 0.000000E+00 0.000000E+00
1.227500E+04 3.285823E-10 1.857936E-02 9.814206E-01 1.631019E-08 0.000000E+00 0.000000E+00 0.000000E+00 0.000000E+00
1.232500E+04 3.860254E-10 2.083222E-02 9.791678E-01 1.275200E-08 0.000000E+00 0.000000E+00 0.000000E+00 0.000000E+00
1.237500E+04 4.500869E-10 2.323681E-02 9.767632E-01 1.006697E-08 0.000000E+00 0.000000E+00 0.000000E+00 0.000000E+00
1.242500E+04 4.830237E-10 2.449466E-02 9.755053E-01 9.008658E-09 0.000000E+00 0.000000E+00 0.000000E+00 0.000000E+00
1.247500E+04        
1.252500E+04        
1.257500E+04        
1.262500E+04        
1.267500E+04        
1.272500E+04        
1.277500E+04        
1.282500E+04        
1.287500E+04        
1.292500E+04        
1.297500E+04        
1.302500E+04        
1.307500E+04        
1.312500E+04        
1.317500E+04        
1.322500E+04        
1.327500E+04        
1.332500E+04        
1.337500E+04        
1.342500E+04        
1.347500E+04        
1.352500E+04        
1.357500E+04        
1.362500E+04        
1.367500E+04        
1.372500E+04        
1.377500E+04        
1.382500E+04        
1.387500E+04        
1.392500E+04        
1.397500E+04        
1.402500E+04        
1.407500E+04        
1.412500E+04        
1.417500E+04        
1.422500E+04        
1.427500E+04        
1.432500E+04        
1.437500E+04        
1.442500E+04        
1.447500E+04        
1.452500E+04        
1.457500E+04        
1.462500E+04        
1.467500E+04        
1.472500E+04        
1.477500E+04        
1.482500E+04        
1.487500E+04        
1.492500E+04        
1.497500E+04        
1.502500E+04        
1.507500E+04        
1.512500E+04        
1.517500E+04        
1.522500E+04        
1.527500E+04        
1.532500E+04        
1.537500E+04        
1.542500E+04        
1.547500E+04        
1.552500E+04        
1.557500E+04        
1.562500E+04        
1.567500E+04        
1.572500E+04        
1.577500E+04        
1.582500E+04        
1.587500E+04        
1.592500E+04        
1.597500E+04        
1.602500E+04        
1.607500E+04        
1.612500E+04        
1.617500E+04        
1.622500E+04        
1.627500E+04        
1.632500E+04        
1.637500E+04        
1.642500E+04        
1.647500E+04        
1.652500E+04        
1.657500E+04        
1.662500E+04        
1.667500E+04        
1.672500E+04        
1.677500E+04        
1.682500E+04        
1.687500E+04        
1.692500E+04        
1.697500E+04        
1.702500E+04        
1.707500E+04        
1.712500E+04        
1.717500E+04        
1.722500E+04        
1.727500E+04        
1.732500E+04        
1.737500E+04        
1.742500E+04        
1.747500E+04        
1.752500E+04        
1.757500E+04        
1.762500E+04        
1.767500E+04        
1.772500E+04        
1.777500E+04        
1.782500E+04        
1.787500E+04        
1.792500E+04        
1.797500E+04        
1.802500E+04        
1.807500E+04        
1.812500E+04        
1.817500E+04        
1.822500E+04        
1.827500E+04        
1.832500E+04        
1.837500E+04        
1.842500E+04        
1.847500E+04        
1.852500E+04        
1.857500E+04        
1.862500E+04        
1.867500E+04        
1.872500E+04        
1.877500E+04        
1.882500E+04        
1.887500E+04        
1.892500E+04        
1.897500E+04        
1.902500E+04        
1.907500E+04        
1.912500E+04        
1.917500E+04        
1.922500E+04        
1.927500E+04        
1.932500E+04        
1.937500E+04        
1.942500E+04        
1.947500E+04        
1.952500E+04        
1.957500E+04        
1.962500E+04        
1.967500E+04        
1.972500E+04        
1.977500E+04        
1.982500E+04        
1.987500E+04        
1.992500E+04        
1.997500E+04        
2.002500E+04        
2.007500E+04        
2.012500E+04        
2.017500E+04        
2.022500E+04        
2.027500E+04        
2.032500E+04        
2.037500E+04        
2.042500E+04        
2.047500E+04        
2.052500E+04        
2.057500E+04        
2.062500E+04        
2.067500E+04        
2.072500E+04        
2.077500E+04        
2.082500E+04        
2.087500E+04        
2.092500E+04        
2.097500E+04        
2.102500E+04        
2.107500E+04        
2.112500E+04        
2.117500E+04        
2.122500E+04        
2.127500E+04        
2.132500E+04        
2.137500E+04        
2.142500E+04        
2.147500E+04        
2.152500E+04        
2.157500E+04        
2.162500E+04        
2.167500E+04        
2.172500E+04        
2.177500E+04        
2.182500E+04        
2.187500E+04        
2.192500E+04        
2.197500E+04        
2.202500E+04        
2.207500E+04        
2.212500E+04        
2.217500E+04        
2.222500E+04        
2.227500E+04        
2.232500E+04        
2.237500E+04        
2.242500E+04        
2.247500E+04        
2.252500E+04        
2.257500E+04        
2.262500E+04        
2.267500E+04        
2.272500E+04        
2.277500E+04        
2.282500E+04        
2.287500E+04        
2.292500E+04        
2.297500E+04        
2.302500E+04        
2.307500E+04        
2.312500E+04        
2.317500E+04        
2.322500E+04        
2.327500E+04        
2.332500E+04        
2.337500E+04        
2.342500E+04        
2.347500E+04        
2.352500E+04        
2.357500E+04        
2.362500E+04        
2.367500E+04        
2.372500E+04        
2.377500E+04        
2.382500E+04        
2.387500E+04        
2.392500E+04        
2.397500E+04        
2.402500E+04        
2.407500E+04        
2.412500E+04        
2.417500E+04        
2.422500E+04        
2.427500E+04        
2.432500E+04        
2.437500E+04        
2.442500E+04        
2.447500E+04        
2.452500E+04        
2.457500E+04        
2.462500E+04        
2.467500E+04        
2.472500E+04        
2.477500E+04        
2.482500E+04        
2.487500E+04        
2.492500E+04        
2.497500E+04        
2.502500E+04        
2.507500E+04        
2.512500E+04        
2.517500E+04        
2.522500E+04        
2.527500E+04        
2.532500E+04        
2.537500E+04        
2.542500E+04        
2.547500E+04        
2.552500E+04        
2.557500E+04        
2.562500E+04        
2.567500E+04        
2.572500E+04        
2.577500E+04        
2.582500E+04        
2.587500E+04        
2.592500E+04        
2.597500E+04        
2.602500E+04        
2.607500E+04        
2.612500E+04        
2.617500E+04        
2.622500E+04        
2.627500E+04        
2.632500E+04        
2.637500E+04        
2.642500E+04        
2.647500E+04        
2.652500E+04        
2.657500E+04        
2.662500E+04        
2.667500E+04        
2.672500E+04        
2.677500E+04        
2.682500E+04        
2.687500E+04        
2.692500E+04        
2.697500E+04        
2.702500E+04        
2.707500E+04        
2.712500E+04        
2.717500E+04        
2.722500E+04        
2.727500E+04        
2.732500E+04        
2.737500E+04        
2.742500E+04        
2.747500E+04        
2.752500E+04        
2.757500E+04        
2.762500E+04        
2.767500E+04        
2.772500E+04        
2.777500E+04        
2.782500E+04        
2.787500E+04        
2.792500E+04        
2.797500E+04        
2.802500E+04        
2.807500E+04        
2.812500E+04        
2.817500E+04        
2.822500E+04        
2.827500E+04        
2.832500E+04        
2.837500E+04        
2.842500E+04        
2.847500E+04        
2.852500E+04        
2.857500E+04        
2.862500E+04        
2.867500E+04        
2.872500E+04        
2.877500E+04        
2.882500E+04        
2.887500E+04        
2.892500E+04        
2.897500E+04        
2.902500E+04        
2.907500E+04        
2.912500E+04        
2.917500E+04        
2.922500E+04        
2.927500E+04        
2.932500E+04        
2.937500E+04        
2.942500E+04        
2.947500E+04        
2.952500E+04        
2.957500E+04        
2.962500E+04        
2.967500E+04        
2.972500E+04        
2.977500E+04        
2.982500E+04        
2.987500E+04        
2.992500E+04        
2.997500E+04        
3.002500E+04        
3.007500E+04        
3.012500E+04        
3.017500E+04        
3.022500E+04        
3.027500E+04        
3.032500E+04        
3.037500E+04        
3.042500E+04        
3.047500E+04        
3.052500E+04        
3.057500E+04        
3.062500E+04        
3.067500E+04        
3.072500E+04        
3.077500E+04        
3.082500E+04        
3.087500E+04        
3.092500E+04        
3.097500E+04        
3.102500E+04        
3.107500E+04        
3.112500E+04        
3.117500E+04        
3.122500E+04        
3.127500E+04        
3.132500E+04        
3.137500E+04        
3.142500E+04        
3.147500E+04        
3.152500E+04        
3.157500E+04        
3.162500E+04        
3.167500E+04        
3.172500E+04        
3.177500E+04        
3.182500E+04        
3.187500E+04        
3.192500E+04        
3.197500E+04        
3.202500E+04        
3.207500E+04        
3.212500E+04        
3.217500E+04        
3.222500E+04        
3.227500E+04        
3.232500E+04        
3.237500E+04        
3.242500E+04        
3.247500E+04        
3.252500E+04        
3.257500E+04        
3.262500E+04        
3.267500E+04        
3.272500E+04        
3.277500E+04        
3.282500E+04        
3.287500E+04        
3.292500E+04        
3.297500E+04        
3.302500E+04        
3.307500E+04        
3.312500E+04        
3.317500E+04        
3.322500E+04        
3.327500E+04        
3.332500E+04        
3.337500E+04        
3.342500E+04        
3.347500E+04        
3.352500E+04        
3.357500E+04        
3.362500E+04        
3.367500E+04        
3.372500E+04        
3.377500E+04        
3.382500E+04        
3.387500E+04        
3.392500E+04        
3.397500E+04        
3.402500E+04        
3.407500E+04        
3.412500E+04        
3.417500E+04        
3.422500E+04        
3.427500E+04        
3.432500E+04        
3.437500E+04        
3.442500E+04        
3.447500E+04        
3.452500E+04        
3.457500E+04        
3.462500E+04        
3.467500E+04        
3.472500E+04        
3.477500E+04        
3.482500E+04        
3.487500E+04        
3.492500E+04        
3.497500E+04        
#
#TIME: 20.0
#NVEL: 590
#vel_mid[km/s] Ni0 Ni1 Ni2 Ni3 Ni4 Ni5 Ni6 Ni7
5.525000E+03 4.149006E-19 2.626621E-09 9.588449E-03 9.902499E-01 1.616220E-04 7.310805E-15 0.000000E+00 0.000000E+00
5.575000E+03 1.944062E-19 1.347151E-09 5.980614E-03 9.936466E-01 3.728145E-04 5.743819E-14 0.000000E+00 0.000000E+00
5.625000E+03 1.100746E-19 8.180426E-10 4.219390E-03 9.950929E-01 6.876884E-04 2.602915E-13 0.000000E+00 0.000000E+00
5.675000E+03 6.963637E-20 5.482119E-10 3.196102E-03 9.956867E-01 1.117150E-03 8.630287E-13 0.000000E+00 0.000000E+00
5.725000E+03 4.540833E-20 3.773835E-10 2.470711E-03 9.957822E-01 1.747136E-03 2.606327E-12 2.221192E-28 0.000000E+00
5.775000E+03 3.106806E-20 2.708860E-10 1.967056E-03 9.954358E-01 2.597114E-03 6.959049E-12 1.389543E-27 0.000000E+00
5.825000E+03 2.233240E-20 2.031289E-10 1.615609E-03 9.947326E-01 3.651784E-03 1.620443E-11 6.732351E-27 0.000000E+00
5.875000E+03 1.626927E-20 1.541017E-10 1.338673E-03 9.936142E-01 5.047104E-03 3.617646E-11 3.013587E-26 0.000000E+00
5.925000E+03 1.217665E-20 1.195592E-10 1.125833E-03 9.920628E-01 6.811415E-03 7.639521E-11 1.220883E-25 0.000000E+00
5.975000E+03 9.262621E-21 9.412465E-11 9.572378E-04 9.900524E-01 8.990337E-03 1.526310E-10 4.452840E-25 0.000000E+00
6.025000E+03 7.303815E-21 7.646618E-11 8.316015E-04 9.877375E-01 1.143087E-02 2.783629E-10 1.372036E-24 0.000000E+00
6.075000E+03 5.917323E-21 6.361148E-11 7.343157E-04 9.851430E-01 1.412264E-02 4.732669E-10 3.712351E-24 0.000000E+00
6.125000E+03 4.866633E-21 5.362627E-11 6.544953E-04 9.822057E-01 1.713983E-02 7.700589E-10 9.252272E-24 0.000000E+00
6.175000E+03 3.948343E-21 4.462048E-11 5.780527E-04 9.783377E-01 2.108425E-02 1.297980E-09 2.465464E-23 0.000000E+00
6.225000E+03 3.262697E-21 3.771757E-11 5.159690E-04 9.740359E-01 2.544814E-02 2.089953E-09 6.040356E-23 0.000000E+00
6.275000E+03 2.781905E-21 3.275550E-11 4.688729E-04 9.696961E-01 2.983498E-02 3.136938E-09 1.302012E-22 0.000000E+00
6.325000E+03 2.370996E-21 2.842549E-11 4.258598E-04 9.646561E-01 3.491807E-02 4.692486E-09 2.789173E-22 0.000000E+00
6.375000E+03 2.110250E-21 2.566149E-11 3.974930E-04 9.605435E-01 3.905897E-02 6.263839E-09 4.827832E-22 0.000000E+00
6.425000E+03 1.869533E-21 2.303590E-11 3.693228E-04 9.556136E-01 4.401702E-02 8.541444E-09 8.721829E-22 0.000000E+00
6.475000E+03 1.690270E-21 2.106933E-11 3.476574E-04 9.511376E-01 4.851475E-02 1.100975E-08 1.417273E-21 0.000000E+00
6.525000E+03 1.514343E-21 1.909840E-11 3.251561E-04 9.457367E-01 5.393814E-02 1.452587E-08 2.408099E-21 0.000000E+00
6.575000E+03 1.393224E-21 1.773887E-11 3.093010E-04 9.413112E-01 5.837946E-02 1.790126E-08 3.600288E-21 0.000000E+00
6.625000E+03 1.297853E-21 1.665079E-11 2.962609E-04 9.371459E-01 6.255781E-02 2.153562E-08 5.154513E-21 0.000000E+00
6.675000E+03 1.204456E-21 1.557559E-11 2.831111E-04 9.325514E-01 6.716549E-02 2.603795E-08 7.445806E-21 0.000000E+00
6.725000E+03 1.129096E-21 1.469885E-11 2.721593E-04 9.282817E-01 7.144609E-02 3.075357E-08 1.029693E-20 0.000000E+00
6.775000E+03 1.086296E-21 1.418970E-11 2.656459E-04 9.252981E-01 7.443625E-02 3.447701E-08 1.293784E-20 0.000000E+00
6.825000E+03 1.038890E-21 1.361549E-11 2.581443E-04 9.217433E-01 7.799850E-02 3.923745E-08 1.672284E-20 0.000000E+00
6.875000E+03 1.002128E-21 1.315471E-11 2.519474E-04 9.184780E-01 8.126999E-02 4.404914E-08 2.109532E-20 0.000000E+00
6.925000E+03 9.944545E-22 1.304423E-11 2.503886E-04 9.171706E-01 8.257898E-02 4.633025E-08 2.354137E-20 0.000000E+00
6.975000E+03 9.898467E-22 1.296101E-11 2.491143E-04 9.159342E-01 8.381659E-02 4.861349E-08 2.617301E-20 0.000000E+00
7.025000E+03 9.878701E-22 1.289212E-11 2.478888E-04 9.146032E-01 8.514889E-02 5.119125E-08 2.935113E-20 0.000000E+00
7.075000E+03 9.950764E-22 1.293187E-11 2.481122E-04 9.139526E-01 8.579927E-02 5.276088E-08 3.160211E-20 0.000000E+00
7.125000E+03 1.027493E-21 1.326890E-11 2.522666E-04 9.150963E-01 8.465141E-02 5.148426E-08 3.070973E-20 0.000000E+00
7.175000E+03 1.080741E-21 1.383898E-11 2.593451E-04 9.174157E-01 8.232489E-02 4.842896E-08 2.788671E-20 0.000000E+00
7.225000E+03 1.137508E-21 1.443768E-11 2.666336E-04 9.196872E-01 8.004612E-02 4.553579E-08 2.530445E-20 0.000000E+00
7.275000E+03 1.188710E-21 1.494467E-11 2.724936E-04 9.211936E-01 7.853386E-02 4.387096E-08 2.407356E-20 0.000000E+00
7.325000E+03 1.276256E-21 1.587384E-11 2.836088E-04 9.246584E-01 7.505793E-02 3.946321E-08 2.010452E-20 0.000000E+00
7.375000E+03 1.373407E-21 1.686568E-11 2.949971E-04 9.278057E-01 7.189930E-02 3.578232E-08 1.709558E-20 0.000000E+00
7.425000E+03 1.523404E-21 1.841676E-11 3.126097E-04 9.325662E-01 6.712120E-02 3.039616E-08 1.288317E-20 0.000000E+00
7.475000E+03 1.684181E-21 2.005904E-11 3.307215E-04 9.369677E-01 6.270159E-02 2.585338E-08 9.719308E-21 0.000000E+00
7.525000E+03 1.862929E-21 2.184165E-11 3.496711E-04 9.410330E-01 5.861731E-02 2.205629E-08 7.383240E-21 0.000000E+00
7.575000E+03 2.076457E-21 2.393735E-11 3.712380E-04 9.451674E-01 5.446136E-02 1.854039E-08 5.461315E-21 0.000000E+00
7.625000E+03 2.300851E-21 2.610699E-11 3.928774E-04 9.488571E-01 5.075000E-02 1.569474E-08 4.087401E-21 0.000000E+00
7.675000E+03 2.624502E-21 2.922437E-11 4.230905E-04 9.534761E-01 4.610078E-02 1.247194E-08 2.723573E-21 0.000000E+00
7.725000E+03 3.045431E-21 3.320460E-11 4.600480E-04 9.582653E-01 4.127460E-02 9.571374E-09 1.704123E-21 0.000000E+00
7.775000E+03 3.501231E-21 3.738210E-11 4.969196E-04 9.622072E-01 3.729583E-02 7.526997E-09 1.117088E-21 0.000000E+00
7.825000E+03 4.085832E-21 4.271724E-11 5.423786E-04 9.663675E-01 3.309011E-02 5.650121E-09 6.702893E-22 0.000000E+00
7.875000E+03 4.797022E-21 4.903557E-11 5.934950E-04 9.701638E-01 2.924275E-02 4.207323E-09 3.971014E-22 0.000000E+00
7.925000E+03 5.772808E-21 5.752258E-11 6.586777E-04 9.740557E-01 2.528563E-02 2.973134E-09 2.139816E-22 0.000000E+00
7.975000E+03 6.906065E-21 6.709354E-11 7.280149E-04 9.772929E-01 2.197910E-02 2.130786E-09 1.184372E-22 0.000000E+00
8.025000E+03 8.412847E-21 7.958326E-11 8.137619E-04 9.804409E-01 1.874534E-02 1.457589E-09 6.013548E-23 0.000000E+00
8.075000E+03 1.017335E-20 9.379107E-11 9.056554E-04 9.830235E-01 1.607086E-02 1.010346E-09 3.127663E-23 0.000000E+00
8.125000E+03 1.270156E-20 1.137410E-10 1.027048E-03 9.856010E-01 1.337191E-02 6.514685E-10 1.425448E-23 0.000000E+00
8.175000E+03 1.570073E-20 1.367730E-10 1.158282E-03 9.876400E-01 1.120169E-02 4.270693E-10 6.690273E-24 0.000000E+00
8.225000E+03 1.985300E-20 1.680118E-10 1.325222E-03 9.895196E-01 9.155220E-03 2.634923E-10 2.804814E-24 0.000000E+00
8.275000E+03 2.505864E-20 2.056599E-10 1.511472E-03 9.909574E-01 7.531106E-03 1.656383E-10 1.221992E-24 0.000000E+00
8.325000E+03 3.096884E-20 2.470860E-10 1.702807E-03 9.919878E-01 6.309397E-03 1.088715E-10 5.773957E-25 0.000000E+00
8.375000E+03 3.941527E-20 3.051023E-10 1.954083E-03 9.929213E-01 5.124617E-03 6.631432E-11 2.368330E-25 0.000000E+00
8.425000E+03 4.957822E-20 3.731992E-10 2.229344E-03 9.935784E-01 4.192256E-03 4.105932E-11 9.985584E-26 0.000000E+00
8.475000E+03 6.140356E-20 4.493281E-10 2.515015E-03 9.939865E-01 3.498442E-03 2.675331E-11 4.641992E-26 0.000000E+00
8.525000E+03 7.663158E-20 5.450913E-10 2.852214E-03 9.942563E-01 2.891440E-03 1.701797E-11 2.061778E-26 0.000000E+00
8.575000E+03 9.729889E-20 6.713381E-10 3.266573E-03 9.943806E-01 2.352834E-03 1.043115E-11 8.561542E-27 0.000000E+00
8.625000E+03 1.254598E-19 8.389577E-10 3.778247E-03 9.943398E-01 1.881968E-03 6.128771E-12 3.283925E-27 0.000000E+00
8.675000E+03 1.558878E-19 1.013374E-09 4.271742E-03 9.941661E-01 1.562172E-03 3.944061E-12 1.490693E-27 0.000000E+00
8.725000E+03 1.925402E-19 1.218198E-09 4.815433E-03 9.938831E-01 1.301508E-03 2.559484E-12 6.862334E-28 0.000000E+00
8.775000E+03 2.416033E-19 1.484880E-09 5.477471E-03 9.934536E-01 1.068913E-03 1.605226E-12 0.000000E+00 0.000000E+00
8.825000E+03 3.034260E-19 1.812727E-09 6.238561E-03 9.928866E-01 8.748279E-04 9.974215E-13 0.000000E+00 0.000000E+00
8.875000E+03 3.838913E-19 2.221981E-09 7.117323E-03 9.921664E-01 7.162919E-04 6.225815E-13 0.000000E+00 0.000000E+00
8.925000E+03 4.791167E-19 2.696523E-09 8.072880E-03 9.913372E-01 5.899641E-04 3.931346E-13 0.000000E+00 0.000000E+00
8.975000E+03 5.993777E-19 3.279335E-09 9.169228E-03 9.903461E-01 4.846545E-04 2.467418E-13 0.000000E+00 0.000000E+00
9.025000E+03 7.536724E-19 4.002592E-09 1.043517E-02 9.891676E-01 3.972127E-04 1.542173E-13 0.000000E+00 0.000000E+00
9.075000E+03 9.427625E-19 4.863355E-09 1.184095E-02 9.878322E-01 3.268871E-04 9.735801E-14 0.000000E+00 0.000000E+00
9.125000E+03 1.217314E-18 6.074117E-09 1.367614E-02 9.860623E-01 2.615280E-04 5.749574E-14 0.000000E+00 0.000000E+00
9.175000E+03 1.547064E-18 7.488507E-09 1.566810E-02 9.841204E-01 2.115057E-04 3.480743E-14 0.000000E+00 0.000000E+00
9.225000E+03 1.933564E-18 9.095793E-09 1.777488E-02 9.820514E-01 1.736852E-04 2.187145E-14 0.000000E+00 0.000000E+00
9.275000E+03 2.411398E-18 1.102818E-08 2.014090E-02 9.797163E-01 1.427751E-04 1.378114E-14 0.000000E+00 0.000000E+00
9.325000E+03 3.065538E-18 1.358377E-08 2.304514E-02 9.768392E-01 1.156076E-04 8.392808E-15 0.000000E+00 0.000000E+00
9.375000E+03 3.837804E-18 1.650909E-08 2.613875E-02 9.737664E-01 9.483472E-05 5.274785E-15 0.000000E+00 0.000000E+00
9.425000E+03 4.939866E-18 2.056621E-08 3.012585E-02 9.697985E-01 7.565801E-05 3.103017E-15 0.000000E+00 0.000000E+00
9.475000E+03 6.170778E-18 2.495246E-08 3.412660E-02 9.658114E-01 6.201396E-05 1.948623E-15 0.000000E+00 0.000000E+00
9.525000E+03 7.873751E-18 3.083199E-08 3.910541E-02 9.608447E-01 4.982123E-05 1.168379E-15 0.000000E+00 0.000000E+00
9.575000E+03 1.010064E-17 3.826069E-08 4.491846E-02 9.550417E-01 3.980776E-05 6.927091E-16 0.000000E+00 0.000000E+00
9.625000E+03 1.281179E-17 4.707759E-08 5.133030E-02 9.486377E-01 3.194067E-05 4.144104E-16 0.000000E+00 0.000000E+00
9.675000E+03 1.681829E-17 5.968229E-08 5.976922E-02 9.402060E-01 2.475473E-05 2.288484E-16 0.000000E+00 0.000000E+00
9.725000E+03 2.119544E-17 7.296071E-08 6.795398E-02 9.320260E-01 1.994114E-05 1.387700E-16 0.000000E+00 0.000000E+00
9.775000E+03 2.705464E-17 9.023762E-08 7.781924E-02 9.221649E-01 1.579394E-05 8.094705E-17 0.000000E+00 0.000000E+00
9.825000E+03 3.551646E-17 1.143629E-07 9.045646E-02 9.095313E-01 1.212315E-05 4.398600E-17 0.000000E+00 0.000000E+00
9.875000E+03 4.588811E-17 1.429121E-07 1.041423E-01 8.958482E-01 9.413566E-06 2.462497E-17 0.000000E+00 0.000000E+00
9.925000E+03 5.975426E-17 1.796201E-07 1.201989E-01 8.797937E-01 7.236868E-06 1.353276E-17 0.000000E+00 0.000000E+00
9.975000E+03 7.956913E-17 2.302275E-07 1.403172E-01 8.596771E-01 5.392651E-06 6.945844E-18 0.000000E+00 0.000000E+00
1.002500E+04 1.077349E-16 2.994425E-07 1.650892E-01 8.349066E-01 3.905359E-06 3.355460E-18 0.000000E+00 0.000000E+00
1.007500E+04 1.412873E-16 3.790421E-07 1.907839E-01 8.092128E-01 2.888774E-06 1.707964E-18 0.000000E+00 0.000000E+00
1.012500E+04 1.912346E-16 4.926443E-07 2.235507E-01 7.764468E-01 2.039344E-06 7.887908E-19 0.000000E+00 0.000000E+00
1.017500E+04 2.645993E-16 6.522101E-07 2.640921E-01 7.359058E-01 1.377004E-06 3.329851E-19 0.000000E+00 0.000000E+00
1.022500E+04 3.575948E-16 8.463915E-07 3.074071E-01 6.925911E-01 9.324849E-07 1.426888E-19 0.000000E+00 0.000000E+00
1.027500E+04 4.887750E-16 1.108123E-06 3.581408E-01 6.418575E-01 6.058515E-07 5.654444E-20 0.000000E+00 0.000000E+00
1.032500E+04 6.577768E-16 1.428688E-06 4.115137E-01 5.884844E-01 3.917058E-07 2.250587E-20 0.000000E+00 0.000000E+00
1.037500E+04 8.848529E-16 1.838250E-06 4.695681E-01 5.304299E-01 2.450693E-07 8.479789E-21 0.000000E+00 0.000000E+00
1.042500E+04 1.204998E-15 2.388639E-06 5.348197E-01 4.651778E-01 1.429055E-07 2.796380E-21 0.000000E+00 0.000000E+00
1.047500E+04 1.605526E-15 3.037790E-06 5.976379E-01 4.023590E-01 8.298028E-08 9.320624E-22 0.000000E+00 0.000000E+00
1.052500E+04 2.123120E-15 3.834373E-06 6.598703E-01 3.401258E-01 4.616881E-08 2.888991E-22 0.000000E+00 0.000000E+00
1.057500E+04 2.848940E-15 4.887352E-06 7.238404E-01 2.761547E-01 2.335627E-08 7.528685E-23 0.000000E+00 0.000000E+00
1.062500E+04 3.809376E-15 6.192043E-06 7.827548E-01 2.172390E-01 1.113040E-08 1.775607E-23 0.000000E+00 0.000000E+00
1.067500E+04 5.044589E-15 7.760048E-06 8.334312E-01 1.665610E-01 5.082732E-09 3.915851E-24 0.000000E+00 0.000000E+00
1.072500E+04 6.750406E-15 9.776972E-06 8.778111E-01 1.221791E-01 2.102269E-09 7.230295E-25 0.000000E+00 0.000000E+00
1.077500E+04 9.154838E-15 1.239250E-05 9.142423E-01 8.574531E-02 7.899927E-10 1.128519E-25 0.000000E+00 0.000000E+00
1.082500E+04 1.220222E-14 1.546182E-05 9.402587E-01 5.972587E-02 2.960940E-10 1.764546E-26 0.000000E+00 0.000000E+00
1.087500E+04 1.602721E-14 1.899629E-05 9.580982E-01 4.188282E-02 1.149649E-10 0.000000E+00 0.000000E+00 0.000000E+00
1.092500E+04 2.189889E-14 2.391659E-05 9.721725E-01 2.780362E-02 3.920334E-11 0.000000E+00 0.000000E+00 0.000000E+00
1.097500E+04 2.967134E-14 2.989515E-05 9.815484E-01 1.842172E-02 1.334844E-11 0.000000E+00 0.000000E+00 0.000000E+00
1.102500E+04 4.089951E-14 3.771546E-05 9.880340E-01 1.192831E-02 4.316551E-12 0.000000E+00 0.000000E+00 0.000000E+00
1.107500E+04 5.695446E-14 4.789234E-05 9.923843E-01 7.567834E-03 1.324734E-12 0.000000E+00 0.000000E+00 0.000000E+00
1.112500E+04 7.767362E-14 5.980282E-05 9.949949E-01 4.945289E-03 4.410066E-13 0.000000E+00 0.000000E+00 0.000000E+00
1.117500E+04 1.058798E-13 7.456526E-05 9.966903E-01 3.235086E-03 1.475794E-13 0.000000E+00 0.000000E+00 0.000000E+00
1.122500E+04 1.465119E-13 9.388838E-05 9.978325E-01 2.073647E-03 4.690879E-14 0.000000E+00 0.000000E+00 0.000000E+00
1.127500E+04 2.025573E-13 1.181522E-04 9.985556E-01 1.326271E-03 1.480326E-14 0.000000E+00 0.000000E+00 0.000000E+00
1.132500E+04 2.786445E-13 1.481723E-04 9.990003E-01 8.515618E-04 4.711590E-15 0.000000E+00 0.000000E+00 0.000000E+00
1.137500E+04 3.896418E-13 1.879358E-04 9.992783E-01 5.338075E-04 1.408302E-15 0.000000E+00 0.000000E+00 0.000000E+00
1.142500E+04 5.275526E-13 2.330484E-04 9.994180E-01 3.489718E-04 4.689233E-16 0.000000E+00 0.000000E+00 0.000000E+00
1.147500E+04 7.150158E-13 2.891598E-04 9.994833E-01 2.275710E-04 1.550707E-16 0.000000E+00 0.000000E+00 0.000000E+00
1.152500E+04 9.954564E-13 3.656375E-04 9.994918E-01 1.425772E-04 4.613209E-17 0.000000E+00 0.000000E+00 0.000000E+00
1.157500E+04 1.345645E-12 4.527222E-04 9.994541E-01 9.313095E-05 1.531639E-17 0.000000E+00 0.000000E+00 0.000000E+00
1.162500E+04 1.857763E-12 5.690032E-04 9.993721E-01 5.890135E-05 4.669889E-18 0.000000E+00 0.000000E+00 0.000000E+00
1.167500E+04 2.442398E-12 6.916938E-04 9.992687E-01 3.961856E-05 1.664812E-18 0.000000E+00 0.000000E+00 0.000000E+00
1.172500E+04 3.351792E-12 8.661964E-04 9.991087E-01 2.511213E-05 5.093155E-19 0.000000E+00 0.000000E+00 0.000000E+00
1.177500E+04 4.531264E-12 1.073164E-03 9.989106E-01 1.627001E-05 1.652474E-19 0.000000E+00 0.000000E+00 0.000000E+00
1.182500E+04 6.105708E-12 1.327086E-03 9.986624E-01 1.055471E-05 5.373680E-20 0.000000E+00 0.000000E+00 0.000000E+00
1.187500E+04 8.047973E-12 1.617674E-03 9.983753E-01 7.008125E-06 1.848921E-20 0.000000E+00 0.000000E+00 0.000000E+00
1.192500E+04 1.061581E-11 1.973132E-03 9.980222E-01 4.642771E-06 6.326884E-21 0.000000E+00 0.000000E+00 0.000000E+00
1.197500E+04 1.451499E-11 2.469816E-03 9.975273E-01 2.903278E-06 1.858034E-21 0.000000E+00 0.000000E+00 0.000000E+00
1.202500E+04 1.892225E-11 2.989376E-03 9.970087E-01 1.946202E-06 6.551052E-22 0.000000E+00 0.000000E+00 0.000000E+00
1.207500E+04 2.480820E-11 3.633624E-03 9.963651E-01 1.290119E-06 2.241529E-22 0.000000E+00 0.000000E+00 0.000000E+00
1.212500E+04 3.206545E-11 4.372794E-03 9.956263E-01 8.719977E-07 8.068634E-23 0.000000E+00 0.000000E+00 0.000000E+00
1.217500E+04 4.051929E-11 5.176852E-03 9.948225E-01 6.110990E-07 3.199840E-23 0.000000E+00 0.000000E+00 0.000000E+00
1.222500E+04 4.979920E-11 6.010617E-03 9.939889E-01 4.449152E-07 1.399898E-23 0.000000E+00 0.000000E+00 0.000000E+00
1.227500E+04 6.021931E-11 6.896653E-03 9.931030E-01 3.324892E-07 6.566764E-24 0.000000E+00 0.000000E+00 0.000000E+00
1.232500E+04 7.101169E-11 7.772609E-03 9.922271E-01 2.583804E-07 3.416219E-24 0.000000E+00 0.000000E+00 0.000000E+00
1.237500E+04 7.778043E-11 8.316537E-03 9.916832E-01 2.245644E-07 0.000000E+00 0.000000E+00 0.000000E+00 0.000000E+00
1.242500E+04 8.505259E-11 8.891809E-03 9.911080E-01 1.947837E-07 0.000000E+00 0.000000E+00 0.000000E+00 0.000000E+00
1.247500E+04        
1.252500E+04        
1.257500E+04        
1.262500E+04        
1.267500E+04        
1.272500E+04        
1.277500E+04        
1.282500E+04        
1.287500E+04        
1.292500E+04        
1.297500E+04        
1.302500E+04        
1.307500E+04        
1.312500E+04        
1.317500E+04        
1.322500E+04        
1.327500E+04        
1.332500E+04        
1.337500E+04        
1.342500E+04        
1.347500E+04        
1.352500E+04        
1.357500E+04        
1.362500E+04        
1.367500E+04        
1.372500E+04        
1.377500E+04        
1.382500E+04        
1.387500E+04        
1.392500E+04        
1.397500E+04        
1.402500E+04        
1.407500E+04        
1.412500E+04        
1.417500E+04        
1.422500E+04        
1.427500E+04        
1.432500E+04        
1.437500E+04        
1.442500E+04        
1.447500E+04        
1.452500E+04        
1.457500E+04        
1.462500E+04        
1.467500E+04        
1.472500E+04        
1.477500E+04        
1.482500E+04        
1.487500E+04        
1.492500E+04        
1.497500E+04        
1.502500E+04        
1.507500E+04        
1.512500E+04        
1.517500E+04        
1.522500E+04        
1.527500E+04        
1.532500E+04        
1.537500E+04        
1.542500E+04        
1.547500E+04        
1.552500E+04        
1.557500E+04        
1.562500E+04        
1.567500E+04        
1.572500E+04        
1.577500E+04        
1.582500E+04        
1.587500E+04        
1.592500E+04        
1.597500E+04        
1.602500E+04        
1.607500E+04        
1.612500E+04        
1.617500E+04        
1.622500E+04        
1.627500E+04        
1.632500E+04        
1.637500E+04        
1.642500E+04        
1.647500E+04        
1.652500E+04        
1.657500E+04        
1.662500E+04        
1.667500E+04        
1.672500E+04        
1.677500E+04        
1.682500E+04        
1.687500E+04        
1.692500E+04        
1.697500E+04        
1.702500E+04        
1.707500E+04        
1.712500E+04        
1.717500E+04        
1.722500E+04        
1.727500E+04        
1.732500E+04        
1.737500E+04        
1.742500E+04        
1.747500E+04        
1.752500E+04        
1.757500E+04        
1.762500E+04        
1.767500E+04        
1.772500E+04        
1.777500E+04        
1.782500E+04        
1.787500E+04        
1.792500E+04        
1.797500E+04        
1.802500E+04        
1.807500E+04        
1.812500E+04        
1.817500E+04        
1.822500E+04        
1.827500E+04        
1.832500E+04        
1.837500E+04        
1.842500E+04        
1.847500E+04        
1.852500E+04        
1.857500E+04        
1.862500E+04        
1.867500E+04        
1.872500E+04        
1.877500E+04        
1.882500E+04        
1.887500E+04        
1.892500E+04        
1.897500E+04        
1.902500E+04        
1.907500E+04        
1.912500E+04        
1.917500E+04        
1.922500E+04        
1.927500E+04        
1.932500E+04        
1.937500E+04        
1.942500E+04        
1.947500E+04        
1.952500E+04        
1.957500E+04        
1.962500E+04        
1.967500E+04        
1.972500E+04        
1.977500E+04        
1.982500E+04        
1.987500E+04        
1.992500E+04        
1.997500E+04        
2.002500E+04        
2.007500E+04        
2.012500E+04        
2.017500E+04        
2.022500E+04        
2.027500E+04        
2.032500E+04        
2.037500E+04        
2.042500E+04        
2.047500E+04        
2.052500E+04        
2.057500E+04        
2.062500E+04        
2.067500E+04        
2.072500E+04        
2.077500E+04        
2.082500E+04        
2.087500E+04        
2.092500E+04        
2.097500E+04        
2.102500E+04        
2.107500E+04        
2.112500E+04        
2.117500E+04        
2.122500E+04        
2.127500E+04        
2.132500E+04        
2.137500E+04        
2.142500E+04        
2.147500E+04        
2.152500E+04        
2.157500E+04        
2.162500E+04        
2.167500E+04        
2.172500E+04        
2.177500E+04        
2.182500E+04        
2.187500E+04        
2.192500E+04        
2.197500E+04        
2.202500E+04        
2.207500E+04        
2.212500E+04        
2.217500E+04        
2.222500E+04        
2.227500E+04        
2.232500E+04        
2.237500E+04        
2.242500E+04        
2.247500E+04        
2.252500E+04        
2.257500E+04        
2.262500E+04        
2.267500E+04        
2.272500E+04        
2.277500E+04        
2.282500E+04        
2.287500E+04        
2.292500E+04        
2.297500E+04        
2.302500E+04        
2.307500E+04        
2.312500E+04        
2.317500E+04        
2.322500E+04        
2.327500E+04        
2.332500E+04        
2.337500E+04        
2.342500E+04        
2.347500E+04        
2.352500E+04        
2.357500E+04        
2.362500E+04        
2.367500E+04        
2.372500E+04        
2.377500E+04        
2.382500E+04        
2.387500E+04        
2.392500E+04        
2.397500E+04        
2.402500E+04        
2.407500E+04        
2.412500E+04        
2.417500E+04        
2.422500E+04        
2.427500E+04        
2.432500E+04        
2.437500E+04        
2.442500E+04        
2.447500E+04        
2.452500E+04        
2.457500E+04        
2.462500E+04        
2.467500E+04        
2.472500E+04        
2.477500E+04        
2.482500E+04        
2.487500E+04        
2.492500E+04        
2.497500E+04        
2.502500E+04        
2.507500E+04        
2.512500E+04        
2.517500E+04        
2.522500E+04        
2.527500E+04        
2.532500E+04        
2.537500E+04        
2.542500E+04        
2.547500E+04        
2.552500E+04        
2.557500E+04        
2.562500E+04        
2.567500E+04        
2.572500E+04        
2.577500E+04        
2.582500E+04        
2.587500E+04        
2.592500E+04        
2.597500E+04        
2.602500E+04        
2.607500E+04        
2.612500E+04        
2.617500E+04        
2.622500E+04        
2.627500E+04        
2.632500E+04        
2.637500E+04        
2.642500E+04        
2.647500E+04        
2.652500E+04        
2.657500E+04        
2.662500E+04        
2.667500E+04        
2.672500E+04        
2.677500E+04        
2.682500E+04        
2.687500E+04        
2.692500E+04        
2.697500E+04        
2.702500E+04        
2.707500E+04        
2.712500E+04        
2.717500E+04        
2.722500E+04        
2.727500E+04        
2.732500E+04        
2.737500E+04        
2.742500E+04        
2.747500E+04        
2.752500E+04        
2.757500E+04        
2.762500E+04        
2.767500E+04        
2.772500E+04        
2.777500E+04        
2.782500E+04        
2.787500E+04        
2.792500E+04        
2.797500E+04        
2.802500E+04        
2.807500E+04        
2.812500E+04        
2.817500E+04        
2.822500E+04        
2.827500E+04        
2.832500E+04        
2.837500E+04        
2.842500E+04        
2.847500E+04        
2.852500E+04        
2.857500E+04        
2.862500E+04        
2.867500E+04        
2.872500E+04        
2.877500E+04        
2.882500E+04        
2.887500E+04        
2.892500E+04        
2.897500E+04        
2.902500E+04        
2.907500E+04        
2.912500E+04        
2.917500E+04        
2.922500E+04        
2.927500E+04        
2.932500E+04        
2.937500E+04        
2.942500E+04        
2.947500E+04        
2.952500E+04        
2.957500E+04        
2.962500E+04        
2.967500E+04        
2.972500E+04        
2.977500E+04        
2.982500E+04        
2.987500E+04        
2.992500E+04        
2.997500E+04        
3.002500E+04        
3.007500E+04        
3.012500E+04        
3.017500E+04        
3.022500E+04        
3.027500E+04        
3.032500E+04        
3.037500E+04        
3.042500E+04        
3.047500E+04        
3.052500E+04        
3.057500E+04        
3.062500E+04        
3.067500E+04        
3.072500E+04        
3.077500E+04        
3.082500E+04        
3.087500E+04        
3.092500E+04        
3.097500E+04        
3.102500E+04        
3.107500E+04        
3.112500E+04        
3.117500E+04        
3.122500E+04        
3.127500E+04        
3.132500E+04        
3.137500E+04        
3.142500E+04        
3.147500E+04        
3.152500E+04        
3.157500E+04        
3.162500E+04        
3.167500E+04        
3.172500E+04        
3.177500E+04        
3.182500E+04        
3.187500E+04        
3.192500E+04        
3.197500E+04        
3.202500E+04        
3.207500E+04        
3.212500E+04        
3.217500E+04        
3.222500E+04        
3.227500E+04        
3.232500E+04        
3.237500E+04        
3.242500E+04        
3.247500E+04        
3.252500E+04        
3.257500E+04        
3.262500E+04        
3.267500E+04        
3.272500E+04        
3.277500E+04        
3.282500E+04        
3.287500E+04        
3.292500E+04        
3.297500E+04        
3.302500E+04        
3.307500E+04        
3.312500E+04        
3.317500E+04        
3.322500E+04        
3.327500E+04        
3.332500E+04        
3.337500E+04        
3.342500E+04        
3.347500E+04        
3.352500E+04        
3.357500E+04        
3.362500E+04        
3.367500E+04        
3.372500E+04        
3.377500E+04        
3.382500E+04        
3.387500E+04        
3.392500E+04        
3.397500E+04        
3.402500E+04        
3.407500E+04        
3.412500E+04        
3.417500E+04        
3.422500E+04        
3.427500E+04        
3.432500E+04        
3.437500E+04        
3.442500E+04        
3.447500E+04        
3.452500E+04        
3.457500E+04        
3.462500E+04        
3.467500E+04        
3.472500E+04        
3.477500E+04        
3.482500E+04        
3.487500E+04        
3.492500E+04        
3.497500E+04        
