#NTIMES: 1357
#time[d] Lbol[erg/s] Edep[erg/s]
2.000012e+00 3.9890e+34 3.8660e+43
2.000035e+00 8.8960e+34 3.8660e+43
2.000080e+00 1.4250e+35 3.8650e+43
2.000172e+00 2.0670e+35 3.8650e+43
2.000283e+00 2.7580e+35 3.8650e+43
2.000410e+00 3.5380e+35 3.8650e+43
2.000551e+00 4.4190e+35 3.8650e+43
2.000706e+00 5.4300e+35 3.8650e+43
2.000876e+00 7.7300e+35 3.8650e+43
2.001062e+00 1.2290e+36 3.8650e+43
2.001263e+00 2.2920e+36 3.8650e+43
2.001483e+00 4.7170e+36 3.8650e+43
2.001724e+00 1.0160e+37 3.8650e+43
2.001989e+00 2.1550e+37 3.8650e+43
2.002279e+00 4.3580e+37 3.8650e+43
2.002597e+00 8.3210e+37 3.8650e+43
2.002941e+00 1.4860e+38 3.8640e+43
2.003303e+00 2.4660e+38 3.8640e+43
2.003687e+00 3.8660e+38 3.8640e+43
2.004097e+00 5.7840e+38 3.8640e+43
2.004535e+00 8.3230e+38 3.8640e+43
2.005005e+00 1.1580e+39 3.8640e+43
2.005510e+00 1.5640e+39 3.8640e+43
2.006040e+00 2.0450e+39 3.8640e+43
2.006598e+00 2.6030e+39 3.8630e+43
2.007189e+00 3.2390e+39 3.8630e+43
2.007816e+00 3.9550e+39 3.8630e+43
2.008483e+00 4.7490e+39 3.8630e+43
2.009183e+00 5.6030e+39 3.8620e+43
2.009917e+00 6.5110e+39 3.8620e+43
2.010690e+00 7.4710e+39 3.8620e+43
2.011508e+00 8.4770e+39 3.8620e+43
2.012367e+00 9.5140e+39 3.8610e+43
2.013265e+00 1.0570e+40 3.8610e+43
2.014208e+00 1.1640e+40 3.8610e+43
2.015203e+00 1.2730e+40 3.8600e+43
2.016241e+00 1.3810e+40 3.8600e+43
2.017327e+00 1.4880e+40 3.8590e+43
2.018467e+00 1.5930e+40 3.8590e+43
2.019660e+00 1.6960e+40 3.8590e+43
2.020904e+00 1.7960e+40 3.8580e+43
2.022207e+00 1.8930e+40 3.8580e+43
2.023570e+00 1.9860e+40 3.8570e+43
2.024988e+00 2.0750e+40 3.8570e+43
2.026472e+00 2.1590e+40 3.8560e+43
2.028020e+00 2.2390e+40 3.8560e+43
2.029632e+00 2.3130e+40 3.8550e+43
2.031316e+00 2.3830e+40 3.8550e+43
2.033068e+00 2.4470e+40 3.8540e+43
2.034894e+00 2.5060e+40 3.8530e+43
2.036798e+00 2.5590e+40 3.8530e+43
2.038777e+00 2.6060e+40 3.8520e+43
2.040840e+00 2.6490e+40 3.8510e+43
2.042984e+00 2.6870e+40 3.8500e+43
2.045215e+00 2.7180e+40 3.8500e+43
2.047535e+00 2.7450e+40 3.8490e+43
2.049947e+00 2.7660e+40 3.8480e+43
2.052454e+00 2.7820e+40 3.8470e+43
2.055059e+00 2.7930e+40 3.8460e+43
2.057765e+00 2.7990e+40 3.8450e+43
2.060577e+00 2.8000e+40 3.8440e+43
2.063496e+00 2.7970e+40 3.8430e+43
2.066529e+00 2.7890e+40 3.8420e+43
2.069676e+00 2.7770e+40 3.8410e+43
2.072945e+00 2.7610e+40 3.8400e+43
2.076334e+00 2.7410e+40 3.8390e+43
2.079852e+00 2.7180e+40 3.8380e+43
2.083502e+00 2.6900e+40 3.8360e+43
2.087287e+00 2.6610e+40 3.8350e+43
2.091214e+00 2.6270e+40 3.8340e+43
2.095286e+00 2.5910e+40 3.8320e+43
2.099507e+00 2.5520e+40 3.8310e+43
2.103884e+00 2.5110e+40 3.8290e+43
2.108423e+00 2.4680e+40 3.8280e+43
2.113125e+00 2.4240e+40 3.8260e+43
2.117999e+00 2.3780e+40 3.8250e+43
2.123052e+00 2.3300e+40 3.8230e+43
2.128289e+00 2.2810e+40 3.8210e+43
2.133714e+00 2.2310e+40 3.8190e+43
2.139334e+00 2.1810e+40 3.8170e+43
2.145157e+00 2.1300e+40 3.8150e+43
2.151189e+00 2.0780e+40 3.8130e+43
2.157440e+00 2.0270e+40 3.8110e+43
2.163915e+00 1.9750e+40 3.8090e+43
2.170623e+00 1.9230e+40 3.8060e+43
2.177573e+00 1.8720e+40 3.8040e+43
2.184771e+00 1.8200e+40 3.8020e+43
2.192227e+00 1.7690e+40 3.7990e+43
2.199950e+00 1.7180e+40 3.7960e+43
2.207950e+00 1.6680e+40 3.7940e+43
2.216237e+00 1.6180e+40 3.7910e+43
2.224822e+00 1.5680e+40 3.7880e+43
2.233717e+00 1.5190e+40 3.7850e+43
2.242934e+00 1.4700e+40 3.7820e+43
2.252485e+00 1.4220e+40 3.7780e+43
2.262381e+00 1.3750e+40 3.7750e+43
2.272638e+00 1.3290e+40 3.7720e+43
2.283270e+00 1.2840e+40 3.7680e+43
2.294288e+00 1.2400e+40 3.7640e+43
2.305709e+00 1.1970e+40 3.7600e+43
2.317548e+00 1.1560e+40 3.7560e+43
2.329820e+00 1.1180e+40 3.7520e+43
2.342538e+00 1.0810e+40 3.7480e+43
2.355719e+00 1.0460e+40 3.7430e+43
2.369377e+00 1.0150e+40 3.7390e+43
2.383525e+00 9.8810e+39 3.7340e+43
2.398176e+00 9.6540e+39 3.7290e+43
2.413340e+00 9.5030e+39 3.7240e+43
2.429027e+00 1.0550e+40 3.7190e+43
2.445247e+00 1.1750e+40 3.7130e+43
2.462004e+00 1.3080e+40 3.7080e+43
2.479304e+00 1.4610e+40 3.7020e+43
2.497146e+00 1.6340e+40 3.6960e+43
2.515527e+00 1.8270e+40 3.6900e+43
2.534442e+00 2.0440e+40 3.6840e+43
2.553880e+00 2.2850e+40 3.6770e+43
2.573830e+00 2.5540e+40 3.6710e+43
2.594274e+00 2.8520e+40 3.6640e+43
2.615196e+00 3.1810e+40 3.6570e+43
2.636584e+00 3.5430e+40 3.6500e+43
2.658427e+00 3.9390e+40 3.6430e+43
2.680720e+00 4.3720e+40 3.6360e+43
2.703454e+00 4.8420e+40 3.6290e+43
2.726376e+00 5.3470e+40 3.6210e+43
2.749478e+00 5.8870e+40 3.6140e+43
2.772794e+00 6.4630e+40 3.6060e+43
2.796367e+00 7.0800e+40 3.5990e+43
2.820245e+00 7.7350e+40 3.5910e+43
2.843473e+00 8.4090e+40 3.5840e+43
2.866379e+00 9.1050e+40 3.5760e+43
2.889190e+00 9.8250e+40 3.5690e+43
2.912076e+00 1.0580e+41 3.5620e+43
2.935176e+00 1.1380e+41 3.5540e+43
2.958608e+00 1.2220e+41 3.5470e+43
2.982474e+00 1.3100e+41 3.5400e+43
3.006870e+00 1.4050e+41 3.5320e+43
3.031885e+00 1.5050e+41 3.5240e+43
3.057606e+00 1.6120e+41 3.5160e+43
3.084116e+00 1.7270e+41 3.5080e+43
3.111497e+00 1.8500e+41 3.4990e+43
3.139832e+00 1.9830e+41 3.4910e+43
3.169205e+00 2.1250e+41 3.4820e+43
3.199702e+00 2.2790e+41 3.4720e+43
3.231413e+00 2.4460e+41 3.4630e+43
3.264431e+00 2.6260e+41 3.4520e+43
3.298855e+00 2.8210e+41 3.4420e+43
3.334789e+00 3.0320e+41 3.4310e+43
3.372349e+00 3.2620e+41 3.4200e+43
3.411655e+00 3.5120e+41 3.4080e+43
3.452846e+00 3.7850e+41 3.3960e+43
3.496074e+00 4.0830e+41 3.3830e+43
3.541513e+00 4.4090e+41 3.3690e+43
3.589360e+00 4.7670e+41 3.3550e+43
3.639842e+00 5.1600e+41 3.3400e+43
3.692244e+00 5.5860e+41 3.3250e+43
3.744453e+00 6.0260e+41 3.3100e+43
3.796335e+00 6.4810e+41 3.2950e+43
3.847828e+00 6.9460e+41 3.2810e+43
3.910108e+00 7.5340e+41 3.2630e+43
3.971534e+00 8.1380e+41 3.2450e+43
4.031003e+00 8.7420e+41 3.2290e+43
4.088554e+00 9.3480e+41 3.2130e+43
4.144286e+00 9.9510e+41 3.1970e+43
4.198312e+00 1.0550e+42 3.1820e+43
4.250749e+00 1.1150e+42 3.1680e+43
4.301718e+00 1.1750e+42 3.1540e+43
4.351335e+00 1.2350e+42 3.1410e+43
4.399711e+00 1.2940e+42 3.1280e+43
4.446952e+00 1.3530e+42 3.1150e+43
4.516429e+00 1.4420e+42 3.0970e+43
4.580545e+00 1.5270e+42 3.0800e+43
4.639721e+00 1.6070e+42 3.0640e+43
4.694987e+00 1.6820e+42 3.0500e+43
4.747114e+00 1.7560e+42 3.0360e+43
4.796676e+00 1.8260e+42 3.0240e+43
4.844115e+00 1.8950e+42 3.0110e+43
4.889774e+00 1.9620e+42 3.0000e+43
4.933929e+00 2.0270e+42 2.9880e+43
5.007744e+00 2.1380e+42 2.9700e+43
5.072173e+00 2.2380e+42 2.9540e+43
5.129555e+00 2.3280e+42 2.9390e+43
5.182023e+00 2.4110e+42 2.9270e+43
5.230881e+00 2.4890e+42 2.9150e+43
5.276974e+00 2.5640e+42 2.9030e+43
5.320891e+00 2.6360e+42 2.8930e+43
5.363058e+00 2.7050e+42 2.8820e+43
5.440288e+00 2.8330e+42 2.8640e+43
5.504047e+00 2.9410e+42 2.8490e+43
5.559306e+00 3.0360e+42 2.8350e+43
5.609166e+00 3.1220e+42 2.8240e+43
5.655272e+00 3.2020e+42 2.8130e+43
5.698613e+00 3.2770e+42 2.8030e+43
5.739837e+00 3.3490e+42 2.7930e+43
5.819660e+00 3.4900e+42 2.7750e+43
5.882590e+00 3.6030e+42 2.7600e+43
5.936183e+00 3.6990e+42 2.7480e+43
5.984193e+00 3.7860e+42 2.7370e+43
6.028446e+00 3.8660e+42 2.7270e+43
6.069990e+00 3.9420e+42 2.7180e+43
6.109493e+00 4.0140e+42 2.7090e+43
6.188103e+00 4.1580e+42 2.6920e+43
6.250739e+00 4.2740e+42 2.6780e+43
6.303197e+00 4.3720e+42 2.6670e+43
6.349836e+00 4.4580e+42 2.6560e+43
6.392672e+00 4.5380e+42 2.6470e+43
6.432819e+00 4.6170e+42 2.6380e+43
6.470968e+00 4.6930e+42 2.6300e+43
6.546886e+00 4.8470e+42 2.6140e+43
6.609412e+00 4.9740e+42 2.6010e+43
6.660942e+00 5.0790e+42 2.5900e+43
6.706425e+00 5.1720e+42 2.5800e+43
6.748062e+00 5.2580e+42 2.5720e+43
6.787023e+00 5.3370e+42 2.5630e+43
6.824022e+00 5.4120e+42 2.5560e+43
6.897648e+00 5.5630e+42 2.5410e+43
6.960523e+00 5.6910e+42 2.5280e+43
7.011623e+00 5.7970e+42 2.5170e+43
7.056463e+00 5.8890e+42 2.5080e+43
7.097405e+00 5.9720e+42 2.5000e+43
7.135669e+00 6.0510e+42 2.4920e+43
7.171988e+00 6.1240e+42 2.4850e+43
7.244261e+00 6.2710e+42 2.4710e+43
7.307000e+00 6.3990e+42 2.4580e+43
7.357371e+00 6.5020e+42 2.4480e+43
7.401375e+00 6.5910e+42 2.4400e+43
7.441484e+00 6.6730e+42 2.4320e+43
7.478943e+00 6.7490e+42 2.4240e+43
7.514491e+00 6.8190e+42 2.4180e+43
7.585230e+00 6.9610e+42 2.4040e+43
7.648513e+00 7.0880e+42 2.3920e+43
7.698740e+00 7.1890e+42 2.3820e+43
7.742433e+00 7.2770e+42 2.3740e+43
7.782188e+00 7.3550e+42 2.3670e+43
7.819288e+00 7.4290e+42 2.3590e+43
7.854484e+00 7.4970e+42 2.3530e+43
7.924525e+00 7.6340e+42 2.3400e+43
7.988001e+00 7.7580e+42 2.3280e+43
8.037914e+00 7.8560e+42 2.3190e+43
8.081207e+00 7.9400e+42 2.3110e+43
8.120556e+00 8.0150e+42 2.3040e+43
8.157264e+00 8.0860e+42 2.2970e+43
8.192086e+00 8.1510e+42 2.2910e+43
8.261383e+00 8.2830e+42 2.2780e+43
8.324963e+00 8.4020e+42 2.2670e+43
8.374510e+00 8.4960e+42 2.2580e+43
8.417368e+00 8.5760e+42 2.2510e+43
8.456283e+00 8.6480e+42 2.2440e+43
8.492574e+00 8.7150e+42 2.2370e+43
8.527001e+00 8.7780e+42 2.2310e+43
8.560050e+00 8.8370e+42 2.2250e+43
8.625818e+00 8.9560e+42 2.2140e+43
8.691406e+00 9.0740e+42 2.2030e+43
8.741578e+00 9.1650e+42 2.1940e+43
8.784687e+00 9.2410e+42 2.1870e+43
8.823717e+00 9.3100e+42 2.1800e+43
8.860058e+00 9.3730e+42 2.1740e+43
8.894502e+00 9.4330e+42 2.1680e+43
8.927552e+00 9.4890e+42 2.1620e+43
8.993322e+00 9.6020e+42 2.1510e+43
9.059005e+00 9.7130e+42 2.1400e+43
9.108896e+00 9.7980e+42 2.1320e+43
9.151697e+00 9.8700e+42 2.1250e+43
9.190432e+00 9.9330e+42 2.1180e+43
9.226498e+00 9.9930e+42 2.1120e+43
9.260686e+00 1.0050e+43 2.1070e+43
9.293499e+00 1.0100e+43 2.1010e+43
9.358795e+00 1.0210e+43 2.0910e+43
9.425554e+00 1.0310e+43 2.0800e+43
9.475814e+00 1.0390e+43 2.0720e+43
9.518829e+00 1.0460e+43 2.0650e+43
9.557721e+00 1.0520e+43 2.0590e+43
9.593920e+00 1.0570e+43 2.0530e+43
9.628231e+00 1.0630e+43 2.0470e+43
9.661162e+00 1.0670e+43 2.0420e+43
9.726695e+00 1.0770e+43 2.0320e+43
9.794030e+00 1.0870e+43 2.0220e+43
9.844430e+00 1.0940e+43 2.0130e+43
9.887511e+00 1.1010e+43 2.0070e+43
9.926451e+00 1.1060e+43 2.0010e+43
9.962693e+00 1.1110e+43 1.9950e+43
9.997048e+00 1.1160e+43 1.9900e+43
1.003003e+01 1.1200e+43 1.9850e+43
1.009565e+01 1.1290e+43 1.9750e+43
1.016344e+01 1.1380e+43 1.9650e+43
1.021388e+01 1.1450e+43 1.9570e+43
1.025694e+01 1.1510e+43 1.9500e+43
1.029585e+01 1.1560e+43 1.9440e+43
1.033206e+01 1.1610e+43 1.9390e+43
1.036639e+01 1.1650e+43 1.9340e+43
1.039935e+01 1.1690e+43 1.9290e+43
1.046494e+01 1.1770e+43 1.9200e+43
1.053408e+01 1.1850e+43 1.9090e+43
1.058516e+01 1.1920e+43 1.9020e+43
1.062868e+01 1.1970e+43 1.8950e+43
1.066799e+01 1.2010e+43 1.8890e+43
1.070456e+01 1.2060e+43 1.8840e+43
1.073922e+01 1.2100e+43 1.8790e+43
1.077250e+01 1.2130e+43 1.8740e+43
1.083873e+01 1.2200e+43 1.8650e+43
1.090829e+01 1.2280e+43 1.8550e+43
1.095950e+01 1.2340e+43 1.8480e+43
1.100312e+01 1.2380e+43 1.8420e+43
1.104251e+01 1.2420e+43 1.8360e+43
1.107916e+01 1.2460e+43 1.8310e+43
1.111391e+01 1.2500e+43 1.8260e+43
1.114728e+01 1.2530e+43 1.8210e+43
1.121368e+01 1.2590e+43 1.8130e+43
1.128479e+01 1.2660e+43 1.8030e+43
1.133680e+01 1.2710e+43 1.7950e+43
1.138104e+01 1.2750e+43 1.7890e+43
1.142096e+01 1.2790e+43 1.7840e+43
1.145810e+01 1.2820e+43 1.7790e+43
1.149331e+01 1.2850e+43 1.7740e+43
1.152712e+01 1.2880e+43 1.7690e+43
1.155989e+01 1.2910e+43 1.7650e+43
1.162511e+01 1.2960e+43 1.7560e+43
1.169840e+01 1.3020e+43 1.7470e+43
1.175132e+01 1.3060e+43 1.7400e+43
1.179618e+01 1.3100e+43 1.7340e+43
1.183662e+01 1.3130e+43 1.7280e+43
1.187422e+01 1.3160e+43 1.7230e+43
1.190984e+01 1.3180e+43 1.7190e+43
1.194405e+01 1.3210e+43 1.7140e+43
1.197721e+01 1.3230e+43 1.7100e+43
1.204319e+01 1.3270e+43 1.7020e+43
1.211731e+01 1.3320e+43 1.6920e+43
1.217065e+01 1.3360e+43 1.6850e+43
1.221585e+01 1.3390e+43 1.6790e+43
1.225659e+01 1.3410e+43 1.6740e+43
1.229448e+01 1.3440e+43 1.6690e+43
1.233038e+01 1.3460e+43 1.6650e+43
1.236486e+01 1.3480e+43 1.6600e+43
1.239828e+01 1.3500e+43 1.6560e+43
1.246480e+01 1.3530e+43 1.6480e+43
1.254089e+01 1.3570e+43 1.6390e+43
1.259533e+01 1.3600e+43 1.6320e+43
1.264141e+01 1.3620e+43 1.6260e+43
1.268291e+01 1.3640e+43 1.6210e+43
1.272150e+01 1.3660e+43 1.6160e+43
1.275807e+01 1.3680e+43 1.6120e+43
1.279319e+01 1.3700e+43 1.6070e+43
1.282724e+01 1.3710e+43 1.6030e+43
1.289499e+01 1.3740e+43 1.5960e+43
1.297194e+01 1.3770e+43 1.5870e+43
1.302693e+01 1.3790e+43 1.5800e+43
1.307347e+01 1.3810e+43 1.5740e+43
1.311540e+01 1.3820e+43 1.5690e+43
1.315439e+01 1.3830e+43 1.5640e+43
1.319136e+01 1.3850e+43 1.5600e+43
1.322686e+01 1.3860e+43 1.5560e+43
1.326128e+01 1.3870e+43 1.5520e+43
1.332978e+01 1.3890e+43 1.5440e+43
1.340896e+01 1.3910e+43 1.5360e+43
1.346525e+01 1.3920e+43 1.5290e+43
1.351283e+01 1.3930e+43 1.5230e+43
1.355568e+01 1.3940e+43 1.5180e+43
1.359552e+01 1.3950e+43 1.5130e+43
1.363329e+01 1.3960e+43 1.5090e+43
1.366956e+01 1.3960e+43 1.5050e+43
1.370473e+01 1.3970e+43 1.5010e+43
1.373909e+01 1.3980e+43 1.4970e+43
1.380746e+01 1.3990e+43 1.4900e+43
1.388931e+01 1.4000e+43 1.4810e+43
1.394694e+01 1.4000e+43 1.4750e+43
1.399556e+01 1.4010e+43 1.4690e+43
1.403932e+01 1.4010e+43 1.4640e+43
1.407998e+01 1.4020e+43 1.4600e+43
1.411852e+01 1.4020e+43 1.4560e+43
1.415553e+01 1.4020e+43 1.4520e+43
1.419142e+01 1.4020e+43 1.4480e+43
1.422647e+01 1.4020e+43 1.4440e+43
1.429623e+01 1.4030e+43 1.4370e+43
1.437954e+01 1.4030e+43 1.4290e+43
1.443811e+01 1.4030e+43 1.4220e+43
1.448751e+01 1.4030e+43 1.4170e+43
1.453198e+01 1.4020e+43 1.4120e+43
1.457331e+01 1.4020e+43 1.4070e+43
1.461248e+01 1.4020e+43 1.4030e+43
1.465011e+01 1.4020e+43 1.3990e+43
1.468660e+01 1.4020e+43 1.3960e+43
1.472225e+01 1.4010e+43 1.3920e+43
1.479319e+01 1.4010e+43 1.3850e+43
1.487934e+01 1.4000e+43 1.3770e+43
1.493962e+01 1.3990e+43 1.3700e+43
1.499041e+01 1.3980e+43 1.3650e+43
1.503612e+01 1.3980e+43 1.3600e+43
1.507860e+01 1.3970e+43 1.3560e+43
1.511886e+01 1.3960e+43 1.3520e+43
1.515753e+01 1.3960e+43 1.3480e+43
1.519503e+01 1.3950e+43 1.3440e+43
1.523167e+01 1.3940e+43 1.3410e+43
1.530458e+01 1.3930e+43 1.3340e+43
1.539227e+01 1.3910e+43 1.3260e+43
1.545365e+01 1.3900e+43 1.3200e+43
1.550541e+01 1.3880e+43 1.3140e+43
1.555200e+01 1.3870e+43 1.3100e+43
1.559530e+01 1.3860e+43 1.3060e+43
1.563634e+01 1.3850e+43 1.3020e+43
1.567578e+01 1.3840e+43 1.2980e+43
1.571403e+01 1.3830e+43 1.2940e+43
1.575140e+01 1.3820e+43 1.2910e+43
1.578813e+01 1.3810e+43 1.2870e+43
1.586123e+01 1.3780e+43 1.2810e+43
1.595321e+01 1.3760e+43 1.2730e+43
1.601690e+01 1.3740e+43 1.2670e+43
1.607048e+01 1.3720e+43 1.2620e+43
1.611865e+01 1.3700e+43 1.2570e+43
1.616341e+01 1.3680e+43 1.2530e+43
1.620583e+01 1.3670e+43 1.2490e+43
1.624658e+01 1.3650e+43 1.2450e+43
1.628610e+01 1.3640e+43 1.2420e+43
1.632471e+01 1.3630e+43 1.2380e+43
1.636265e+01 1.3610e+43 1.2350e+43
1.643817e+01 1.3580e+43 1.2290e+43
1.653273e+01 1.3540e+43 1.2210e+43
1.659825e+01 1.3510e+43 1.2150e+43
1.665338e+01 1.3490e+43 1.2100e+43
1.670296e+01 1.3470e+43 1.2050e+43
1.674903e+01 1.3450e+43 1.2010e+43
1.679271e+01 1.3430e+43 1.1970e+43
1.683466e+01 1.3410e+43 1.1940e+43
1.687535e+01 1.3390e+43 1.1900e+43
1.691512e+01 1.3370e+43 1.1870e+43
1.695421e+01 1.3350e+43 1.1830e+43
1.703199e+01 1.3320e+43 1.1780e+43
1.712903e+01 1.3270e+43 1.1700e+43
1.719626e+01 1.3240e+43 1.1640e+43
1.725284e+01 1.3210e+43 1.1590e+43
1.730373e+01 1.3180e+43 1.1550e+43
1.735104e+01 1.3160e+43 1.1510e+43
1.739588e+01 1.3140e+43 1.1470e+43
1.743896e+01 1.3110e+43 1.1430e+43
1.748075e+01 1.3090e+43 1.1400e+43
1.752160e+01 1.3070e+43 1.1370e+43
1.756175e+01 1.3050e+43 1.1330e+43
1.760140e+01 1.3030e+43 1.1300e+43
1.768030e+01 1.2980e+43 1.1250e+43
1.778248e+01 1.2930e+43 1.1170e+43
1.785268e+01 1.2890e+43 1.1110e+43
1.791166e+01 1.2850e+43 1.1060e+43
1.796467e+01 1.2820e+43 1.1020e+43
1.801392e+01 1.2800e+43 1.0980e+43
1.806060e+01 1.2770e+43 1.0950e+43
1.810545e+01 1.2740e+43 1.0910e+43
1.814895e+01 1.2720e+43 1.0880e+43
1.819147e+01 1.2690e+43 1.0840e+43
1.823326e+01 1.2670e+43 1.0810e+43
1.827453e+01 1.2640e+43 1.0780e+43
1.835666e+01 1.2590e+43 1.0730e+43
1.846176e+01 1.2530e+43 1.0660e+43
1.853415e+01 1.2480e+43 1.0600e+43
1.859500e+01 1.2450e+43 1.0550e+43
1.864973e+01 1.2410e+43 1.0510e+43
1.870058e+01 1.2380e+43 1.0470e+43
1.874879e+01 1.2350e+43 1.0430e+43
1.879511e+01 1.2320e+43 1.0400e+43
1.884005e+01 1.2290e+43 1.0370e+43
1.888398e+01 1.2260e+43 1.0340e+43
1.892717e+01 1.2240e+43 1.0300e+43
1.896982e+01 1.2210e+43 1.0270e+43
1.901210e+01 1.2180e+43 1.0240e+43
1.909625e+01 1.2130e+43 1.0190e+43
1.920731e+01 1.2050e+43 1.0120e+43
1.928332e+01 1.2010e+43 1.0060e+43
1.934714e+01 1.1960e+43 1.0020e+43
1.940450e+01 1.1930e+43 9.9760e+42
1.945779e+01 1.1890e+43 9.9390e+42
1.950831e+01 1.1860e+43 9.9040e+42
1.955684e+01 1.1820e+43 9.8710e+42
1.960393e+01 1.1790e+43 9.8390e+42
1.964995e+01 1.1760e+43 9.8080e+42
1.969519e+01 1.1730e+43 9.7780e+42
1.973988e+01 1.1700e+43 9.7480e+42
1.978418e+01 1.1670e+43 9.7190e+42
1.987235e+01 1.1610e+43 9.6700e+42
1.998799e+01 1.1530e+43 9.6010e+42
2.006733e+01 1.1480e+43 9.5420e+42
2.013398e+01 1.1440e+43 9.4970e+42
2.019390e+01 1.1400e+43 9.4570e+42
2.024958e+01 1.1360e+43 9.4210e+42
2.030236e+01 1.1320e+43 9.3870e+42
2.035308e+01 1.1290e+43 9.3550e+42
2.040230e+01 1.1250e+43 9.3240e+42
2.045041e+01 1.1220e+43 9.2940e+42
2.049771e+01 1.1190e+43 9.2640e+42
2.054443e+01 1.1160e+43 9.2350e+42
2.059075e+01 1.1130e+43 9.2070e+42
2.063683e+01 1.1100e+43 9.1780e+42
2.072853e+01 1.1040e+43 9.1320e+42
2.084949e+01 1.0970e+43 9.0650e+42
2.093245e+01 1.0920e+43 9.0080e+42
2.100213e+01 1.0870e+43 8.9640e+42
2.106478e+01 1.0830e+43 8.9260e+42
2.112300e+01 1.0800e+43 8.8910e+42
2.117820e+01 1.0760e+43 8.8580e+42
2.123124e+01 1.0730e+43 8.8270e+42
2.128271e+01 1.0700e+43 8.7960e+42
2.133303e+01 1.0670e+43 8.7670e+42
2.138251e+01 1.0640e+43 8.7390e+42
2.143138e+01 1.0610e+43 8.7110e+42
2.147985e+01 1.0580e+43 8.6830e+42
2.152806e+01 1.0540e+43 8.6560e+42
2.162400e+01 1.0480e+43 8.6120e+42
2.175227e+01 1.0400e+43 8.5470e+42
2.184012e+01 1.0350e+43 8.4900e+42
2.191389e+01 1.0300e+43 8.4470e+42
2.198021e+01 1.0260e+43 8.4090e+42
2.204184e+01 1.0220e+43 8.3750e+42
2.210026e+01 1.0190e+43 8.3430e+42
2.215641e+01 1.0150e+43 8.3130e+42
2.221089e+01 1.0120e+43 8.2830e+42
2.226416e+01 1.0090e+43 8.2550e+42
2.231653e+01 1.0050e+43 8.2270e+42
2.236827e+01 1.0020e+43 8.2000e+42
2.241958e+01 9.9890e+42 8.1730e+42
2.247062e+01 9.9580e+42 8.1460e+42
2.252153e+01 9.9250e+42 8.1200e+42
2.262284e+01 9.8630e+42 8.0770e+42
2.275750e+01 9.7800e+42 8.0150e+42
2.285002e+01 9.7240e+42 7.9600e+42
2.292777e+01 9.6760e+42 7.9190e+42
2.299768e+01 9.6330e+42 7.8820e+42
2.306266e+01 9.5940e+42 7.8490e+42
2.312428e+01 9.5560e+42 7.8180e+42
2.318350e+01 9.5200e+42 7.7890e+42
2.324097e+01 9.4860e+42 7.7600e+42
2.329716e+01 9.4520e+42 7.7330e+42
2.335242e+01 9.4180e+42 7.7060e+42
2.340701e+01 9.3860e+42 7.6800e+42
2.346115e+01 9.3530e+42 7.6540e+42
2.351502e+01 9.3210e+42 7.6280e+42
2.356875e+01 9.2890e+42 7.6030e+42
2.362247e+01 9.2560e+42 7.5770e+42
2.372938e+01 9.1920e+42 7.5370e+42
2.387377e+01 9.1070e+42 7.4770e+42
2.397294e+01 9.0490e+42 7.4240e+42
2.405624e+01 9.0000e+42 7.3830e+42
2.413114e+01 8.9570e+42 7.3470e+42
2.420076e+01 8.9160e+42 7.3150e+42
2.426677e+01 8.8780e+42 7.2850e+42
2.433021e+01 8.8420e+42 7.2560e+42
2.439178e+01 8.8060e+42 7.2290e+42
2.445198e+01 8.7720e+42 7.2020e+42
2.451118e+01 8.7380e+42 7.1760e+42
2.456967e+01 8.7040e+42 7.1510e+42
2.462768e+01 8.6710e+42 7.1250e+42
2.468538e+01 8.6390e+42 7.1010e+42
2.474295e+01 8.6060e+42 7.0760e+42
2.480051e+01 8.5740e+42 7.0510e+42
2.485817e+01 8.5410e+42 7.0270e+42
2.497292e+01 8.4770e+42 6.9890e+42
2.512682e+01 8.3920e+42 6.9320e+42
2.523307e+01 8.3340e+42 6.8800e+42
2.532240e+01 8.2860e+42 6.8400e+42
2.540276e+01 8.2420e+42 6.8060e+42
2.547746e+01 8.2020e+42 6.7750e+42
2.554830e+01 8.1640e+42 6.7460e+42
2.561640e+01 8.1270e+42 6.7180e+42
2.568250e+01 8.0920e+42 6.6920e+42
2.574712e+01 8.0580e+42 6.6660e+42
2.581068e+01 8.0240e+42 6.6410e+42
2.587348e+01 7.9910e+42 6.6160e+42
2.593576e+01 7.9590e+42 6.5920e+42
2.599772e+01 7.9260e+42 6.5680e+42
2.605954e+01 7.8940e+42 6.5440e+42
2.612135e+01 7.8620e+42 6.5210e+42
2.618327e+01 7.8300e+42 6.4970e+42
2.624542e+01 7.7980e+42 6.4740e+42
2.636910e+01 7.7350e+42 6.4380e+42
2.653339e+01 7.6530e+42 6.3840e+42
2.664747e+01 7.5960e+42 6.3340e+42
2.674348e+01 7.5490e+42 6.2960e+42
2.682988e+01 7.5060e+42 6.2630e+42
2.691022e+01 7.4670e+42 6.2330e+42
2.698643e+01 7.4300e+42 6.2060e+42
2.705969e+01 7.3950e+42 6.1790e+42
2.713080e+01 7.3600e+42 6.1540e+42
2.720034e+01 7.3270e+42 6.1290e+42
2.726874e+01 7.2950e+42 6.1060e+42
2.733631e+01 7.2630e+42 6.0820e+42
2.740334e+01 7.2310e+42 6.0590e+42
2.747002e+01 7.2000e+42 6.0360e+42
2.753655e+01 7.1690e+42 6.0130e+42
2.760308e+01 7.1380e+42 5.9910e+42
2.766973e+01 7.1070e+42 5.9690e+42
2.773662e+01 7.0770e+42 5.9460e+42
2.780386e+01 7.0460e+42 5.9240e+42
2.793767e+01 6.9850e+42 5.8900e+42
2.811658e+01 6.9060e+42 5.8390e+42
2.824124e+01 6.8510e+42 5.7900e+42
2.834621e+01 6.8050e+42 5.7540e+42
2.844068e+01 6.7640e+42 5.7220e+42
2.852853e+01 6.7260e+42 5.6940e+42
2.861186e+01 6.6910e+42 5.6670e+42
2.869198e+01 6.6570e+42 5.6420e+42
2.876974e+01 6.6240e+42 5.6170e+42
2.884578e+01 6.5920e+42 5.5940e+42
2.892056e+01 6.5610e+42 5.5710e+42
2.899446e+01 6.5310e+42 5.5480e+42
2.906774e+01 6.5010e+42 5.5260e+42
2.914066e+01 6.4710e+42 5.5040e+42
2.921340e+01 6.4410e+42 5.4830e+42
2.928613e+01 6.4120e+42 5.4610e+42
2.935900e+01 6.3830e+42 5.4400e+42
2.943214e+01 6.3540e+42 5.4180e+42
2.950564e+01 6.3250e+42 5.3970e+42
2.957963e+01 6.2950e+42 5.3760e+42
2.972685e+01 6.2380e+42 5.3440e+42
2.991967e+01 6.1640e+42 5.2960e+42
3.005525e+01 6.1130e+42 5.2500e+42
3.016961e+01 6.0710e+42 5.2150e+42
3.027262e+01 6.0320e+42 5.1850e+42
3.036845e+01 5.9970e+42 5.1580e+42
3.045936e+01 5.9640e+42 5.1330e+42
3.054678e+01 5.9330e+42 5.1090e+42
3.063164e+01 5.9020e+42 5.0860e+42
3.071463e+01 5.8730e+42 5.0640e+42
3.079626e+01 5.8440e+42 5.0420e+42
3.087691e+01 5.8160e+42 5.0210e+42
3.095690e+01 5.7880e+42 5.0000e+42
3.103649e+01 5.7600e+42 4.9790e+42
3.111589e+01 5.7330e+42 4.9590e+42
3.119528e+01 5.7060e+42 4.9380e+42
3.127482e+01 5.6790e+42 4.9180e+42
3.135464e+01 5.6520e+42 4.8980e+42
3.143488e+01 5.6260e+42 4.8780e+42
3.151563e+01 5.5990e+42 4.8580e+42
3.159699e+01 5.5720e+42 4.8380e+42
3.167907e+01 5.5450e+42 4.8180e+42
3.184240e+01 5.4920e+42 4.7880e+42
3.205481e+01 5.4250e+42 4.7440e+42
3.220537e+01 5.3780e+42 4.7000e+42
3.233255e+01 5.3390e+42 4.6670e+42
3.244717e+01 5.3040e+42 4.6380e+42
3.255382e+01 5.2710e+42 4.6130e+42
3.265503e+01 5.2410e+42 4.5890e+42
3.275234e+01 5.2120e+42 4.5660e+42
3.284681e+01 5.1840e+42 4.5440e+42
3.293920e+01 5.1570e+42 4.5230e+42
3.303006e+01 5.1310e+42 4.5020e+42
3.311984e+01 5.1050e+42 4.4820e+42
3.320888e+01 5.0800e+42 4.4620e+42
3.329747e+01 5.0550e+42 4.4430e+42
3.338584e+01 5.0300e+42 4.4240e+42
3.347419e+01 5.0050e+42 4.4050e+42
3.356271e+01 4.9800e+42 4.3850e+42
3.365153e+01 4.9560e+42 4.3670e+42
3.374081e+01 4.9320e+42 4.3480e+42
3.383065e+01 4.9070e+42 4.3290e+42
3.392117e+01 4.8830e+42 4.3100e+42
3.401247e+01 4.8580e+42 4.2910e+42
3.410465e+01 4.8340e+42 4.2720e+42
3.419779e+01 4.8090e+42 4.2530e+42
3.438313e+01 4.7610e+42 4.2260e+42
3.461686e+01 4.7010e+42 4.1840e+42
3.478473e+01 4.6590e+42 4.1430e+42
3.492694e+01 4.6240e+42 4.1130e+42
3.505525e+01 4.5920e+42 4.0860e+42
3.517471e+01 4.5630e+42 4.0620e+42
3.528811e+01 4.5360e+42 4.0400e+42
3.539718e+01 4.5100e+42 4.0180e+42
3.550307e+01 4.4850e+42 3.9980e+42
3.560663e+01 4.4610e+42 3.9780e+42
3.570850e+01 4.4370e+42 3.9590e+42
3.580914e+01 4.4140e+42 3.9400e+42
3.590896e+01 4.3910e+42 3.9220e+42
3.600826e+01 4.3690e+42 3.9040e+42
3.610733e+01 4.3460e+42 3.8860e+42
3.620637e+01 4.3240e+42 3.8680e+42
3.630558e+01 4.3020e+42 3.8500e+42
3.640514e+01 4.2800e+42 3.8330e+42
3.650519e+01 4.2580e+42 3.8150e+42
3.660587e+01 4.2360e+42 3.7980e+42
3.670731e+01 4.2140e+42 3.7800e+42
3.680962e+01 4.1920e+42 3.7630e+42
3.691289e+01 4.1700e+42 3.7450e+42
3.701724e+01 4.1480e+42 3.7270e+42
3.712274e+01 4.1260e+42 3.7090e+42
3.722949e+01 4.1040e+42 3.6920e+42
3.744193e+01 4.0600e+42 3.6670e+42
3.770078e+01 4.0080e+42 3.6290e+42
3.788921e+01 3.9710e+42 3.5920e+42
3.804936e+01 3.9400e+42 3.5630e+42
3.819403e+01 3.9120e+42 3.5390e+42
3.832883e+01 3.8860e+42 3.5170e+42
3.845683e+01 3.8620e+42 3.4960e+42
3.857997e+01 3.8390e+42 3.4770e+42
3.869955e+01 3.8170e+42 3.4580e+42
3.881652e+01 3.7950e+42 3.4400e+42
3.893156e+01 3.7740e+42 3.4230e+42
3.904524e+01 3.7540e+42 3.4050e+42
3.915798e+01 3.7340e+42 3.3880e+42
3.927014e+01 3.7140e+42 3.3720e+42
3.938203e+01 3.6940e+42 3.3550e+42
3.949388e+01 3.6740e+42 3.3390e+42
3.960593e+01 3.6550e+42 3.3230e+42
3.971836e+01 3.6350e+42 3.3070e+42
3.983135e+01 3.6160e+42 3.2910e+42
3.994504e+01 3.5960e+42 3.2750e+42
4.005957e+01 3.5770e+42 3.2590e+42
4.017508e+01 3.5580e+42 3.2430e+42
4.029167e+01 3.5380e+42 3.2260e+42
4.040946e+01 3.5190e+42 3.2100e+42
4.052856e+01 3.4990e+42 3.1940e+42
4.064904e+01 3.4800e+42 3.1780e+42
4.077102e+01 3.4600e+42 3.1620e+42
4.089458e+01 3.4400e+42 3.1450e+42
4.114045e+01 3.4010e+42 3.1230e+42
4.143420e+01 3.3560e+42 3.0890e+42
4.165059e+01 3.3230e+42 3.0540e+42
4.183502e+01 3.2950e+42 3.0280e+42
4.200180e+01 3.2710e+42 3.0060e+42
4.215729e+01 3.2480e+42 2.9850e+42
4.230499e+01 3.2270e+42 2.9670e+42
4.244711e+01 3.2060e+42 2.9490e+42
4.258513e+01 3.1870e+42 2.9320e+42
4.272014e+01 3.1680e+42 2.9150e+42
4.285293e+01 3.1490e+42 2.8990e+42
4.298414e+01 3.1310e+42 2.8840e+42
4.311427e+01 3.1130e+42 2.8680e+42
4.324372e+01 3.0960e+42 2.8530e+42
4.337284e+01 3.0780e+42 2.8380e+42
4.350191e+01 3.0610e+42 2.8230e+42
4.363120e+01 3.0440e+42 2.8080e+42
4.376092e+01 3.0270e+42 2.7940e+42
4.389127e+01 3.0100e+42 2.7790e+42
4.402241e+01 2.9930e+42 2.7640e+42
4.415452e+01 2.9750e+42 2.7500e+42
4.428773e+01 2.9580e+42 2.7350e+42
4.442218e+01 2.9410e+42 2.7210e+42
4.455800e+01 2.9240e+42 2.7060e+42
4.469531e+01 2.9070e+42 2.6910e+42
4.483420e+01 2.8900e+42 2.6760e+42
4.497480e+01 2.8720e+42 2.6620e+42
4.511720e+01 2.8550e+42 2.6470e+42
4.526150e+01 2.8380e+42 2.6320e+42
4.540779e+01 2.8200e+42 2.6170e+42
4.569890e+01 2.7860e+42 2.5970e+42
4.603209e+01 2.7470e+42 2.5660e+42
4.628141e+01 2.7190e+42 2.5360e+42
4.649482e+01 2.6950e+42 2.5130e+42
4.668818e+01 2.6740e+42 2.4920e+42
4.686862e+01 2.6550e+42 2.4740e+42
4.704013e+01 2.6360e+42 2.4570e+42
4.720522e+01 2.6190e+42 2.4410e+42
4.736559e+01 2.6020e+42 2.4260e+42
4.752249e+01 2.5860e+42 2.4110e+42
4.767683e+01 2.5700e+42 2.3970e+42
4.782934e+01 2.5540e+42 2.3830e+42
4.798060e+01 2.5390e+42 2.3690e+42
4.813108e+01 2.5230e+42 2.3560e+42
4.828116e+01 2.5080e+42 2.3420e+42
4.843120e+01 2.4940e+42 2.3290e+42
4.858148e+01 2.4790e+42 2.3160e+42
4.873225e+01 2.4640e+42 2.3030e+42
4.888374e+01 2.4490e+42 2.2900e+42
4.903615e+01 2.4350e+42 2.2770e+42
4.918966e+01 2.4200e+42 2.2640e+42
4.934445e+01 2.4050e+42 2.2510e+42
4.950067e+01 2.3910e+42 2.2380e+42
4.965846e+01 2.3760e+42 2.2250e+42
4.981797e+01 2.3610e+42 2.2120e+42
4.997931e+01 2.3460e+42 2.1990e+42
5.014261e+01 2.3320e+42 2.1860e+42
5.030800e+01 2.3170e+42 2.1730e+42
5.047556e+01 2.3020e+42 2.1590e+42
5.064543e+01 2.2870e+42 2.1460e+42
5.081770e+01 2.2720e+42 2.1320e+42
5.099247e+01 2.2570e+42 2.1190e+42
5.116984e+01 2.2410e+42 2.1060e+42
5.152282e+01 2.2120e+42 2.0880e+42
5.191174e+01 2.1800e+42 2.0610e+42
5.220767e+01 2.1560e+42 2.0340e+42
5.246220e+01 2.1360e+42 2.0140e+42
5.269328e+01 2.1180e+42 1.9960e+42
5.290917e+01 2.1010e+42 1.9800e+42
5.311451e+01 2.0860e+42 1.9650e+42
5.331225e+01 2.0710e+42 1.9510e+42
5.350439e+01 2.0570e+42 1.9370e+42
5.369240e+01 2.0430e+42 1.9240e+42
5.387737e+01 2.0290e+42 1.9120e+42
5.406015e+01 2.0160e+42 1.8990e+42
5.424143e+01 2.0030e+42 1.8870e+42
5.442177e+01 1.9900e+42 1.8750e+42
5.460163e+01 1.9780e+42 1.8630e+42
5.478143e+01 1.9650e+42 1.8520e+42
5.496149e+01 1.9520e+42 1.8400e+42
5.514213e+01 1.9400e+42 1.8290e+42
5.532362e+01 1.9270e+42 1.8170e+42
5.550619e+01 1.9150e+42 1.8060e+42
5.569006e+01 1.9020e+42 1.7950e+42
5.587544e+01 1.8900e+42 1.7830e+42
5.606251e+01 1.8780e+42 1.7720e+42
5.625143e+01 1.8650e+42 1.7600e+42
5.644239e+01 1.8530e+42 1.7490e+42
5.663552e+01 1.8400e+42 1.7380e+42
5.683096e+01 1.8280e+42 1.7260e+42
5.702887e+01 1.8150e+42 1.7150e+42
5.722937e+01 1.8020e+42 1.7030e+42
5.743260e+01 1.7900e+42 1.6920e+42
5.763866e+01 1.7770e+42 1.6800e+42
5.784770e+01 1.7640e+42 1.6680e+42
5.805981e+01 1.7510e+42 1.6570e+42
5.827513e+01 1.7380e+42 1.6450e+42
5.849375e+01 1.7250e+42 1.6330e+42
5.871580e+01 1.7120e+42 1.6210e+42
5.894139e+01 1.6990e+42 1.6090e+42
5.939030e+01 1.6740e+42 1.5940e+42
5.985165e+01 1.6480e+42 1.5700e+42
6.021077e+01 1.6290e+42 1.5480e+42
6.052202e+01 1.6120e+42 1.5300e+42
6.080558e+01 1.5980e+42 1.5150e+42
6.107103e+01 1.5840e+42 1.5020e+42
6.132381e+01 1.5710e+42 1.4890e+42
6.156744e+01 1.5590e+42 1.4770e+42
6.180431e+01 1.5470e+42 1.4660e+42
6.203618e+01 1.5360e+42 1.4550e+42
6.226436e+01 1.5240e+42 1.4440e+42
6.248989e+01 1.5130e+42 1.4330e+42
6.271360e+01 1.5030e+42 1.4230e+42
6.293617e+01 1.4920e+42 1.4130e+42
6.315816e+01 1.4810e+42 1.4030e+42
6.338007e+01 1.4710e+42 1.3930e+42
6.360232e+01 1.4600e+42 1.3830e+42
6.382527e+01 1.4500e+42 1.3740e+42
6.404925e+01 1.4390e+42 1.3640e+42
6.427456e+01 1.4290e+42 1.3540e+42
6.450146e+01 1.4190e+42 1.3450e+42
6.473020e+01 1.4080e+42 1.3350e+42
6.496101e+01 1.3980e+42 1.3260e+42
6.519409e+01 1.3880e+42 1.3160e+42
6.542965e+01 1.3770e+42 1.3070e+42
6.566788e+01 1.3670e+42 1.2970e+42
6.590894e+01 1.3570e+42 1.2880e+42
6.615301e+01 1.3460e+42 1.2780e+42
6.640025e+01 1.3360e+42 1.2690e+42
6.665082e+01 1.3250e+42 1.2590e+42
6.690488e+01 1.3150e+42 1.2490e+42
6.716256e+01 1.3040e+42 1.2390e+42
6.742402e+01 1.2940e+42 1.2300e+42
6.768939e+01 1.2830e+42 1.2200e+42
6.795881e+01 1.2730e+42 1.2100e+42
6.823243e+01 1.2620e+42 1.2000e+42
6.851037e+01 1.2510e+42 1.1900e+42
6.879276e+01 1.2410e+42 1.1800e+42
6.907975e+01 1.2300e+42 1.1700e+42
6.937145e+01 1.2190e+42 1.1600e+42
6.966800e+01 1.2080e+42 1.1500e+42
6.996953e+01 1.1970e+42 1.1400e+42
7.054823e+01 1.1770e+42 1.1270e+42
7.112118e+01 1.1570e+42 1.1080e+42
7.157700e+01 1.1420e+42 1.0910e+42
7.197512e+01 1.1290e+42 1.0770e+42
7.233916e+01 1.1170e+42 1.0650e+42
7.268065e+01 1.1060e+42 1.0540e+42
7.300629e+01 1.0960e+42 1.0440e+42
7.332042e+01 1.0860e+42 1.0340e+42
7.362603e+01 1.0770e+42 1.0250e+42
7.392532e+01 1.0680e+42 1.0160e+42
7.421994e+01 1.0590e+42 1.0070e+42
7.451120e+01 1.0500e+42 9.9880e+41
7.480016e+01 1.0410e+42 9.9060e+41
7.508767e+01 1.0330e+42 9.8250e+41
7.537446e+01 1.0240e+42 9.7460e+41
7.566114e+01 1.0160e+42 9.6670e+41
7.594826e+01 1.0080e+42 9.5890e+41
7.623629e+01 9.9940e+41 9.5120e+41
7.652564e+01 9.9110e+41 9.4360e+41
7.681669e+01 9.8290e+41 9.3600e+41
7.710979e+01 9.7470e+41 9.2840e+41
7.740524e+01 9.6650e+41 9.2080e+41
7.770334e+01 9.5840e+41 9.1330e+41
7.800435e+01 9.5020e+41 9.0580e+41
7.830854e+01 9.4210e+41 8.9830e+41
7.861614e+01 9.3400e+41 8.9070e+41
7.892738e+01 9.2590e+41 8.8320e+41
7.924247e+01 9.1770e+41 8.7570e+41
7.956163e+01 9.0960e+41 8.6820e+41
7.988506e+01 9.0150e+41 8.6070e+41
8.021295e+01 8.9340e+41 8.5310e+41
8.054550e+01 8.8530e+41 8.4550e+41
8.088288e+01 8.7710e+41 8.3800e+41
8.122528e+01 8.6900e+41 8.3040e+41
8.157288e+01 8.6080e+41 8.2270e+41
8.192585e+01 8.5260e+41 8.1510e+41
8.228436e+01 8.4440e+41 8.0740e+41
8.264859e+01 8.3620e+41 7.9970e+41
8.301869e+01 8.2800e+41 7.9200e+41
8.339485e+01 8.1980e+41 7.8420e+41
8.377722e+01 8.1150e+41 7.7650e+41
8.416597e+01 8.0320e+41 7.6870e+41
8.456126e+01 7.9490e+41 7.6090e+41
8.496326e+01 7.8660e+41 7.5300e+41
8.537213e+01 7.7830e+41 7.4520e+41
8.578804e+01 7.6990e+41 7.3730e+41
8.621114e+01 7.6160e+41 7.2940e+41
8.664161e+01 7.5320e+41 7.2140e+41
8.722031e+01 7.4210e+41 7.1260e+41
8.779901e+01 7.3130e+41 7.0210e+41
8.837772e+01 7.2070e+41 6.9190e+41
8.895642e+01 7.1030e+41 6.8190e+41
8.949278e+01 7.0090e+41 6.7230e+41
8.998941e+01 6.9240e+41 6.6360e+41
9.045861e+01 6.8440e+41 6.5560e+41
9.090818e+01 6.7690e+41 6.4810e+41
9.134333e+01 6.6970e+41 6.4110e+41
9.176775e+01 6.6280e+41 6.3430e+41
9.218419e+01 6.5610e+41 6.2770e+41
9.259474e+01 6.4960e+41 6.2140e+41
9.300109e+01 6.4320e+41 6.1520e+41
9.340460e+01 6.3680e+41 6.0920e+41
9.380639e+01 6.3060e+41 6.0330e+41
9.420742e+01 6.2450e+41 5.9750e+41
9.460850e+01 6.1840e+41 5.9170e+41
9.501035e+01 6.1240e+41 5.8600e+41
9.541359e+01 6.0640e+41 5.8040e+41
9.581879e+01 6.0050e+41 5.7490e+41
9.622645e+01 5.9460e+41 5.6930e+41
9.663703e+01 5.8870e+41 5.6380e+41
9.705097e+01 5.8290e+41 5.5840e+41
9.746864e+01 5.7710e+41 5.5290e+41
9.789042e+01 5.7130e+41 5.4750e+41
9.831665e+01 5.6560e+41 5.4210e+41
9.874766e+01 5.5990e+41 5.3670e+41
9.918376e+01 5.5410e+41 5.3130e+41
9.962525e+01 5.4850e+41 5.2600e+41
1.000724e+02 5.4280e+41 5.2060e+41
1.005255e+02 5.3710e+41 5.1520e+41
1.009848e+02 5.3140e+41 5.0990e+41
1.014506e+02 5.2580e+41 5.0450e+41
1.019231e+02 5.2010e+41 4.9920e+41
1.024026e+02 5.1450e+41 4.9380e+41
1.028894e+02 5.0890e+41 4.8840e+41
1.033835e+02 5.0320e+41 4.8310e+41
1.038854e+02 4.9760e+41 4.7770e+41
1.043952e+02 4.9200e+41 4.7230e+41
1.049131e+02 4.8630e+41 4.6700e+41
1.054394e+02 4.8070e+41 4.6160e+41
1.059743e+02 4.7510e+41 4.5620e+41
1.065181e+02 4.6940e+41 4.5080e+41
1.070709e+02 4.6380e+41 4.4540e+41
1.076330e+02 4.5820e+41 4.4010e+41
1.082047e+02 4.5250e+41 4.3470e+41
1.087834e+02 4.4690e+41 4.2930e+41
1.093621e+02 4.4140e+41 4.2390e+41
1.099408e+02 4.3600e+41 4.1870e+41
1.105195e+02 4.3060e+41 4.1350e+41
1.110982e+02 4.2540e+41 4.0850e+41
1.116769e+02 4.2020e+41 4.0350e+41
1.122556e+02 4.1510e+41 3.9860e+41
1.128343e+02 4.1010e+41 3.9370e+41
1.134130e+02 4.0520e+41 3.8900e+41
1.139917e+02 4.0030e+41 3.8430e+41
1.145704e+02 3.9550e+41 3.7970e+41
1.151491e+02 3.9080e+41 3.7520e+41
1.157278e+02 3.8620e+41 3.7070e+41
1.163065e+02 3.8160e+41 3.6630e+41
1.168852e+02 3.7710e+41 3.6200e+41
1.174639e+02 3.7270e+41 3.5770e+41
1.180426e+02 3.6830e+41 3.5350e+41
1.186213e+02 3.6400e+41 3.4940e+41
1.192000e+02 3.5980e+41 3.4530e+41
1.197787e+02 3.5560e+41 3.4130e+41
1.203574e+02 3.5150e+41 3.3740e+41
1.209362e+02 3.4740e+41 3.3350e+41
1.215149e+02 3.4350e+41 3.2970e+41
1.220936e+02 3.3950e+41 3.2590e+41
1.226723e+02 3.3570e+41 3.2220e+41
1.232510e+02 3.3190e+41 3.1860e+41
1.238297e+02 3.2810e+41 3.1500e+41
1.244084e+02 3.2440e+41 3.1150e+41
1.249871e+02 3.2080e+41 3.0800e+41
1.255658e+02 3.1720e+41 3.0450e+41
1.261445e+02 3.1370e+41 3.0110e+41
1.267232e+02 3.1020e+41 2.9780e+41
1.273019e+02 3.0670e+41 2.9450e+41
1.278806e+02 3.0340e+41 2.9130e+41
1.284593e+02 3.0000e+41 2.8810e+41
1.290380e+02 2.9680e+41 2.8490e+41
1.296167e+02 2.9350e+41 2.8180e+41
1.301954e+02 2.9030e+41 2.7880e+41
1.307741e+02 2.8720e+41 2.7580e+41
1.313528e+02 2.8410e+41 2.7280e+41
1.319315e+02 2.8100e+41 2.6990e+41
1.325102e+02 2.7800e+41 2.6700e+41
1.330889e+02 2.7510e+41 2.6410e+41
1.336676e+02 2.7210e+41 2.6130e+41
1.342463e+02 2.6930e+41 2.5860e+41
1.348250e+02 2.6640e+41 2.5580e+41
1.354037e+02 2.6360e+41 2.5310e+41
1.359824e+02 2.6080e+41 2.5050e+41
1.365612e+02 2.5810e+41 2.4790e+41
1.371399e+02 2.5540e+41 2.4530e+41
1.377186e+02 2.5280e+41 2.4270e+41
1.382973e+02 2.5020e+41 2.4020e+41
1.388760e+02 2.4760e+41 2.3770e+41
1.394547e+02 2.4500e+41 2.3530e+41
1.400334e+02 2.4250e+41 2.3290e+41
1.406121e+02 2.4000e+41 2.3050e+41
1.411908e+02 2.3760e+41 2.2820e+41
1.417695e+02 2.3520e+41 2.2590e+41
1.423482e+02 2.3280e+41 2.2360e+41
1.429269e+02 2.3050e+41 2.2130e+41
1.435056e+02 2.2810e+41 2.1910e+41
1.440843e+02 2.2590e+41 2.1690e+41
1.446630e+02 2.2360e+41 2.1470e+41
1.452417e+02 2.2140e+41 2.1260e+41
1.458204e+02 2.1920e+41 2.1050e+41
1.463991e+02 2.1700e+41 2.0840e+41
1.469778e+02 2.1490e+41 2.0630e+41
1.475565e+02 2.1280e+41 2.0430e+41
1.481352e+02 2.1070e+41 2.0230e+41
1.487139e+02 2.0860e+41 2.0030e+41
1.492926e+02 2.0660e+41 1.9840e+41
1.498713e+02 2.0460e+41 1.9640e+41
1.504500e+02 2.0260e+41 1.9450e+41
1.510287e+02 2.0060e+41 1.9260e+41
1.516074e+02 1.9870e+41 1.9080e+41
1.521862e+02 1.9680e+41 1.8900e+41
1.527649e+02 1.9490e+41 1.8720e+41
1.533436e+02 1.9310e+41 1.8540e+41
1.539223e+02 1.9120e+41 1.8360e+41
1.545010e+02 1.8940e+41 1.8190e+41
1.550797e+02 1.8760e+41 1.8010e+41
1.556584e+02 1.8590e+41 1.7840e+41
1.562371e+02 1.8410e+41 1.7680e+41
1.568158e+02 1.8240e+41 1.7510e+41
1.573945e+02 1.8070e+41 1.7350e+41
1.579732e+02 1.7900e+41 1.7180e+41
1.585519e+02 1.7730e+41 1.7020e+41
1.591306e+02 1.7570e+41 1.6860e+41
1.597093e+02 1.7410e+41 1.6710e+41
1.602880e+02 1.7250e+41 1.6550e+41
1.608667e+02 1.7090e+41 1.6400e+41
1.614454e+02 1.6930e+41 1.6250e+41
1.620241e+02 1.6780e+41 1.6100e+41
1.626028e+02 1.6620e+41 1.5960e+41
1.631815e+02 1.6470e+41 1.5810e+41
1.637602e+02 1.6320e+41 1.5670e+41
1.643389e+02 1.6180e+41 1.5530e+41
1.649176e+02 1.6030e+41 1.5390e+41
1.654963e+02 1.5890e+41 1.5250e+41
1.660750e+02 1.5740e+41 1.5110e+41
1.666537e+02 1.5600e+41 1.4970e+41
1.672324e+02 1.5460e+41 1.4840e+41
1.678112e+02 1.5330e+41 1.4710e+41
1.683899e+02 1.5190e+41 1.4580e+41
1.689686e+02 1.5060e+41 1.4450e+41
1.695473e+02 1.4920e+41 1.4320e+41
1.701260e+02 1.4790e+41 1.4190e+41
1.707047e+02 1.4660e+41 1.4070e+41
1.712834e+02 1.4530e+41 1.3940e+41
1.718621e+02 1.4410e+41 1.3820e+41
1.724408e+02 1.4280e+41 1.3700e+41
1.730195e+02 1.4160e+41 1.3580e+41
1.735982e+02 1.4040e+41 1.3460e+41
1.741769e+02 1.3910e+41 1.3350e+41
1.747556e+02 1.3790e+41 1.3230e+41
1.753343e+02 1.3680e+41 1.3120e+41
1.759130e+02 1.3560e+41 1.3000e+41
1.764917e+02 1.3440e+41 1.2890e+41
1.770704e+02 1.3330e+41 1.2780e+41
1.776491e+02 1.3210e+41 1.2670e+41
1.782278e+02 1.3100e+41 1.2560e+41
1.788065e+02 1.2990e+41 1.2460e+41
1.793852e+02 1.2880e+41 1.2350e+41
1.799639e+02 1.2770e+41 1.2250e+41
1.805426e+02 1.2670e+41 1.2140e+41
1.811213e+02 1.2560e+41 1.2040e+41
1.817000e+02 1.2450e+41 1.1940e+41
1.822787e+02 1.2350e+41 1.1840e+41
1.828574e+02 1.2250e+41 1.1740e+41
1.834362e+02 1.2150e+41 1.1640e+41
1.840149e+02 1.2040e+41 1.1540e+41
1.845936e+02 1.1950e+41 1.1450e+41
1.851723e+02 1.1850e+41 1.1350e+41
1.857510e+02 1.1750e+41 1.1260e+41
1.863297e+02 1.1650e+41 1.1170e+41
1.869084e+02 1.1560e+41 1.1070e+41
1.874871e+02 1.1460e+41 1.0980e+41
1.880658e+02 1.1370e+41 1.0890e+41
1.886445e+02 1.1280e+41 1.0800e+41
1.892232e+02 1.1180e+41 1.0720e+41
1.898019e+02 1.1090e+41 1.0630e+41
1.903806e+02 1.1000e+41 1.0540e+41
1.909593e+02 1.0920e+41 1.0460e+41
1.915380e+02 1.0830e+41 1.0370e+41
1.921167e+02 1.0740e+41 1.0290e+41
1.926954e+02 1.0650e+41 1.0200e+41
1.932741e+02 1.0570e+41 1.0120e+41
1.938528e+02 1.0490e+41 1.0040e+41
1.944315e+02 1.0400e+41 9.9600e+40
1.950102e+02 1.0320e+41 9.8800e+40
1.955889e+02 1.0240e+41 9.8020e+40
1.961676e+02 1.0160e+41 9.7230e+40
1.967463e+02 1.0080e+41 9.6460e+40
1.973250e+02 9.9960e+40 9.5690e+40
1.979037e+02 9.9180e+40 9.4930e+40
1.984824e+02 9.8400e+40 9.4180e+40
1.990612e+02 9.7630e+40 9.3440e+40
1.996399e+02 9.6860e+40 9.2700e+40
2.002186e+02 9.6110e+40 9.1970e+40
2.007973e+02 9.5360e+40 9.1250e+40
2.013760e+02 9.4620e+40 9.0540e+40
2.019547e+02 9.3890e+40 8.9830e+40
2.025334e+02 9.3160e+40 8.9130e+40
2.031121e+02 9.2440e+40 8.8430e+40
2.036908e+02 9.1730e+40 8.7750e+40
2.042695e+02 9.1020e+40 8.7070e+40
2.048482e+02 9.0320e+40 8.6390e+40
2.054269e+02 8.9630e+40 8.5720e+40
2.060056e+02 8.8950e+40 8.5060e+40
2.065843e+02 8.8270e+40 8.4410e+40
2.071630e+02 8.7590e+40 8.3760e+40
2.077417e+02 8.6930e+40 8.3120e+40
2.083204e+02 8.6270e+40 8.2480e+40
2.088991e+02 8.5610e+40 8.1850e+40
2.094778e+02 8.4970e+40 8.1220e+40
2.100565e+02 8.4330e+40 8.0600e+40
2.106352e+02 8.3690e+40 7.9990e+40
2.112139e+02 8.3060e+40 7.9380e+40
2.117926e+02 8.2440e+40 7.8780e+40
2.123713e+02 8.1820e+40 7.8190e+40
2.129500e+02 8.1210e+40 7.7600e+40
2.135287e+02 8.0600e+40 7.7010e+40
2.141074e+02 8.0000e+40 7.6430e+40
2.146862e+02 7.9410e+40 7.5860e+40
2.152649e+02 7.8820e+40 7.5290e+40
2.158436e+02 7.8230e+40 7.4720e+40
2.164223e+02 7.7650e+40 7.4170e+40
2.170010e+02 7.7080e+40 7.3610e+40
2.175797e+02 7.6510e+40 7.3060e+40
2.181584e+02 7.5950e+40 7.2520e+40
2.187371e+02 7.5390e+40 7.1980e+40
2.193158e+02 7.4840e+40 7.1450e+40
2.198945e+02 7.4290e+40 7.0920e+40
2.204732e+02 7.3750e+40 7.0400e+40
2.210519e+02 7.3210e+40 6.9880e+40
2.216306e+02 7.2680e+40 6.9360e+40
2.222093e+02 7.2150e+40 6.8850e+40
2.227880e+02 7.1630e+40 6.8350e+40
2.233667e+02 7.1110e+40 6.7850e+40
2.239454e+02 7.0590e+40 6.7350e+40
2.245241e+02 7.0080e+40 6.6860e+40
2.251028e+02 6.9580e+40 6.6370e+40
2.256815e+02 6.9080e+40 6.5890e+40
2.262602e+02 6.8580e+40 6.5410e+40
2.268389e+02 6.8090e+40 6.4930e+40
2.274176e+02 6.7600e+40 6.4460e+40
2.279963e+02 6.7120e+40 6.4000e+40
2.285750e+02 6.6640e+40 6.3530e+40
2.291537e+02 6.6160e+40 6.3070e+40
2.297324e+02 6.5690e+40 6.2620e+40
2.303112e+02 6.5220e+40 6.2170e+40
2.308899e+02 6.4760e+40 6.1720e+40
2.314686e+02 6.4300e+40 6.1280e+40
2.320473e+02 6.3850e+40 6.0840e+40
2.326260e+02 6.3400e+40 6.0410e+40
2.332047e+02 6.2950e+40 5.9970e+40
2.337834e+02 6.2510e+40 5.9550e+40
2.343621e+02 6.2070e+40 5.9120e+40
2.349408e+02 6.1630e+40 5.8700e+40
2.355195e+02 6.1200e+40 5.8280e+40
2.360982e+02 6.0770e+40 5.7870e+40
2.366769e+02 6.0350e+40 5.7460e+40
2.372556e+02 5.9930e+40 5.7050e+40
2.378343e+02 5.9510e+40 5.6650e+40
2.384130e+02 5.9090e+40 5.6250e+40
2.389917e+02 5.8680e+40 5.5860e+40
2.395704e+02 5.8280e+40 5.5460e+40
2.401491e+02 5.7870e+40 5.5070e+40
2.407278e+02 5.7470e+40 5.4690e+40
2.413065e+02 5.7080e+40 5.4310e+40
2.418852e+02 5.6680e+40 5.3920e+40
2.424639e+02 5.6290e+40 5.3550e+40
2.430426e+02 5.5910e+40 5.3180e+40
2.436213e+02 5.5520e+40 5.2800e+40
2.442000e+02 5.5140e+40 5.2440e+40
2.447787e+02 5.4760e+40 5.2070e+40
2.453574e+02 5.4390e+40 5.1710e+40
2.459362e+02 5.4020e+40 5.1350e+40
2.465149e+02 5.3650e+40 5.1000e+40
2.470936e+02 5.3280e+40 5.0650e+40
2.476723e+02 5.2920e+40 5.0300e+40
2.482510e+02 5.2560e+40 4.9950e+40
2.488297e+02 5.2210e+40 4.9600e+40
2.494084e+02 5.1850e+40 4.9260e+40
2.499871e+02 5.1500e+40 4.8930e+40
2.505658e+02 5.1150e+40 4.8590e+40
2.511445e+02 5.0810e+40 4.8260e+40
2.517232e+02 5.0470e+40 4.7930e+40
2.523019e+02 5.0130e+40 4.7600e+40
2.528806e+02 4.9790e+40 4.7280e+40
2.534593e+02 4.9460e+40 4.6950e+40
2.540380e+02 4.9120e+40 4.6630e+40
2.546167e+02 4.8790e+40 4.6320e+40
2.551954e+02 4.8470e+40 4.6000e+40
2.557741e+02 4.8150e+40 4.5690e+40
2.563528e+02 4.7820e+40 4.5380e+40
2.569315e+02 4.7510e+40 4.5070e+40
2.575102e+02 4.7190e+40 4.4770e+40
2.580889e+02 4.6880e+40 4.4470e+40
2.586676e+02 4.6570e+40 4.4170e+40
2.592463e+02 4.6260e+40 4.3870e+40
2.598250e+02 4.5950e+40 4.3570e+40
2.604037e+02 4.5650e+40 4.3280e+40
2.609824e+02 4.5350e+40 4.2990e+40
2.615612e+02 4.5050e+40 4.2700e+40
2.621399e+02 4.4750e+40 4.2410e+40
2.627186e+02 4.4450e+40 4.2130e+40
2.632973e+02 4.4160e+40 4.1850e+40
2.638760e+02 4.3870e+40 4.1570e+40
2.644547e+02 4.3590e+40 4.1290e+40
2.650334e+02 4.3300e+40 4.1020e+40
2.656121e+02 4.3020e+40 4.0740e+40
2.661908e+02 4.2740e+40 4.0470e+40
2.667695e+02 4.2460e+40 4.0210e+40
2.673482e+02 4.2180e+40 3.9940e+40
2.679269e+02 4.1910e+40 3.9670e+40
2.685056e+02 4.1630e+40 3.9410e+40
2.690843e+02 4.1360e+40 3.9150e+40
2.696630e+02 4.1090e+40 3.8890e+40
2.702417e+02 4.0830e+40 3.8640e+40
2.708204e+02 4.0560e+40 3.8380e+40
2.713991e+02 4.0300e+40 3.8130e+40
2.719778e+02 4.0040e+40 3.7880e+40
2.725565e+02 3.9780e+40 3.7630e+40
2.731352e+02 3.9530e+40 3.7380e+40
2.737139e+02 3.9270e+40 3.7140e+40
2.742926e+02 3.9020e+40 3.6890e+40
2.748713e+02 3.8770e+40 3.6650e+40
2.754500e+02 3.8520e+40 3.6410e+40
2.760287e+02 3.8270e+40 3.6170e+40
2.766074e+02 3.8030e+40 3.5940e+40
2.771862e+02 3.7780e+40 3.5700e+40
2.777649e+02 3.7540e+40 3.5470e+40
2.783436e+02 3.7300e+40 3.5240e+40
2.789223e+02 3.7070e+40 3.5010e+40
2.795010e+02 3.6830e+40 3.4790e+40
2.800797e+02 3.6590e+40 3.4560e+40
2.806584e+02 3.6360e+40 3.4340e+40
2.812371e+02 3.6130e+40 3.4110e+40
2.818158e+02 3.5900e+40 3.3890e+40
2.823945e+02 3.5670e+40 3.3670e+40
2.829732e+02 3.5450e+40 3.3460e+40
2.835519e+02 3.5220e+40 3.3240e+40
2.841306e+02 3.5000e+40 3.3030e+40
2.847093e+02 3.4780e+40 3.2810e+40
2.852880e+02 3.4560e+40 3.2600e+40
2.858667e+02 3.4340e+40 3.2390e+40
2.864454e+02 3.4130e+40 3.2190e+40
2.870241e+02 3.3910e+40 3.1980e+40
2.876028e+02 3.3700e+40 3.1770e+40
2.881815e+02 3.3490e+40 3.1570e+40
2.887602e+02 3.3280e+40 3.1370e+40
2.893389e+02 3.3070e+40 3.1170e+40
2.899176e+02 3.2860e+40 3.0970e+40
2.904963e+02 3.2660e+40 3.0770e+40
2.910750e+02 3.2450e+40 3.0570e+40
2.916537e+02 3.2250e+40 3.0380e+40
2.922324e+02 3.2050e+40 3.0190e+40
2.928112e+02 3.1850e+40 2.9990e+40
2.933899e+02 3.1650e+40 2.9800e+40
2.939686e+02 3.1460e+40 2.9620e+40
2.945473e+02 3.1260e+40 2.9430e+40
2.951260e+02 3.1070e+40 2.9240e+40
2.957047e+02 3.0870e+40 2.9060e+40
2.962834e+02 3.0680e+40 2.8870e+40
2.968621e+02 3.0490e+40 2.8690e+40
2.974408e+02 3.0300e+40 2.8510e+40
2.980195e+02 3.0120e+40 2.8330e+40
2.985982e+02 2.9930e+40 2.8150e+40
2.991769e+02 2.9750e+40 2.7970e+40
2.997556e+02 2.9560e+40 2.7800e+40
3.003343e+02 2.9380e+40 2.7620e+40
3.009130e+02 2.9200e+40 2.7450e+40
3.014917e+02 2.9020e+40 2.7280e+40
3.020704e+02 2.8840e+40 2.7110e+40
3.026491e+02 2.8670e+40 2.6930e+40
3.032278e+02 2.8490e+40 2.6770e+40
3.038065e+02 2.8320e+40 2.6600e+40
3.043852e+02 2.8140e+40 2.6430e+40
3.049639e+02 2.7970e+40 2.6270e+40
3.055426e+02 2.7800e+40 2.6100e+40
3.061213e+02 2.7630e+40 2.5940e+40
3.067000e+02 2.7460e+40 2.5780e+40
3.072787e+02 2.7290e+40 2.5620e+40
3.078574e+02 2.7130e+40 2.5460e+40
3.084362e+02 2.6960e+40 2.5300e+40
3.090149e+02 2.6800e+40 2.5140e+40
3.095936e+02 2.6640e+40 2.4990e+40
3.101723e+02 2.6470e+40 2.4830e+40
3.107510e+02 2.6310e+40 2.4680e+40
3.113297e+02 2.6150e+40 2.4520e+40
3.119084e+02 2.6000e+40 2.4370e+40
3.124871e+02 2.5840e+40 2.4220e+40
3.130658e+02 2.5680e+40 2.4070e+40
3.136445e+02 2.5530e+40 2.3920e+40
3.142232e+02 2.5370e+40 2.3770e+40
3.148019e+02 2.5220e+40 2.3630e+40
3.153806e+02 2.5070e+40 2.3480e+40
3.159593e+02 2.4920e+40 2.3340e+40
3.165380e+02 2.4770e+40 2.3190e+40
3.171167e+02 2.4620e+40 2.3050e+40
3.176954e+02 2.4470e+40 2.2910e+40
3.182741e+02 2.4320e+40 2.2770e+40
3.188528e+02 2.4180e+40 2.2630e+40
3.194315e+02 2.4030e+40 2.2490e+40
3.200102e+02 2.3890e+40 2.2350e+40
3.205889e+02 2.3740e+40 2.2210e+40
3.211676e+02 2.3600e+40 2.2080e+40
3.217463e+02 2.3460e+40 2.1940e+40
3.223250e+02 2.3320e+40 2.1810e+40
3.229037e+02 2.3180e+40 2.1680e+40
3.234824e+02 2.3040e+40 2.1540e+40
3.240612e+02 2.2910e+40 2.1410e+40
3.246399e+02 2.2770e+40 2.1280e+40
3.252186e+02 2.2630e+40 2.1150e+40
3.257973e+02 2.2500e+40 2.1020e+40
3.263760e+02 2.2370e+40 2.0900e+40
3.269547e+02 2.2230e+40 2.0770e+40
3.275334e+02 2.2100e+40 2.0640e+40
3.281121e+02 2.1970e+40 2.0520e+40
3.286908e+02 2.1840e+40 2.0390e+40
3.292695e+02 2.1710e+40 2.0270e+40
3.298482e+02 2.1580e+40 2.0140e+40
3.304269e+02 2.1450e+40 2.0020e+40
3.310056e+02 2.1330e+40 1.9900e+40
3.315843e+02 2.1200e+40 1.9780e+40
3.321630e+02 2.1080e+40 1.9660e+40
3.327417e+02 2.0950e+40 1.9540e+40
3.333204e+02 2.0830e+40 1.9420e+40
3.338991e+02 2.0710e+40 1.9310e+40
3.344778e+02 2.0580e+40 1.9190e+40
3.350565e+02 2.0460e+40 1.9070e+40
3.356352e+02 2.0340e+40 1.8960e+40
3.362139e+02 2.0220e+40 1.8840e+40
3.367926e+02 2.0100e+40 1.8730e+40
3.373713e+02 1.9990e+40 1.8620e+40
3.379500e+02 1.9870e+40 1.8510e+40
3.385287e+02 1.9750e+40 1.8400e+40
3.391074e+02 1.9640e+40 1.8290e+40
3.396862e+02 1.9520e+40 1.8180e+40
3.402649e+02 1.9410e+40 1.8070e+40
3.408436e+02 1.9290e+40 1.7960e+40
3.414223e+02 1.9180e+40 1.7850e+40
3.420010e+02 1.9070e+40 1.7740e+40
3.425797e+02 1.8960e+40 1.7640e+40
3.431584e+02 1.8850e+40 1.7530e+40
3.437371e+02 1.8740e+40 1.7430e+40
3.443158e+02 1.8630e+40 1.7320e+40
3.448945e+02 1.8520e+40 1.7220e+40
3.454732e+02 1.8410e+40 1.7120e+40
3.460519e+02 1.8310e+40 1.7010e+40
3.466306e+02 1.8200e+40 1.6910e+40
3.472093e+02 1.8090e+40 1.6810e+40
3.477880e+02 1.7990e+40 1.6710e+40
