#NTIMES: 912
#time[d] Lbol[erg/s] Edep[erg/s]
2.00000e+00 2.63200e+41 3.86600e+43
2.00000e+00 3.29300e+41 3.86600e+43
2.00000e+00 3.58900e+41 3.86500e+43
2.00000e+00 3.70700e+41 3.86500e+43
2.00000e+00 3.71300e+41 3.86500e+43
2.00000e+00 3.67600e+41 3.86500e+43
2.00100e+00 3.62200e+41 3.86500e+43
2.00100e+00 3.56000e+41 3.86500e+43
2.00100e+00 3.49400e+41 3.86500e+43
2.00100e+00 3.42700e+41 3.86500e+43
2.00100e+00 3.34600e+41 3.86500e+43
2.00200e+00 3.30400e+41 3.86500e+43
2.00200e+00 3.23900e+41 3.86500e+43
2.00200e+00 3.16900e+41 3.86500e+43
2.00200e+00 3.09800e+41 3.86500e+43
2.00300e+00 3.02600e+41 3.86500e+43
2.00300e+00 2.95500e+41 3.86400e+43
2.00300e+00 2.88800e+41 3.86400e+43
2.00400e+00 2.82200e+41 3.86400e+43
2.00400e+00 2.75700e+41 3.86400e+43
2.00500e+00 2.69400e+41 3.86400e+43
2.00500e+00 2.63200e+41 3.86400e+43
2.00600e+00 2.57000e+41 3.86400e+43
2.00600e+00 2.51000e+41 3.86400e+43
2.00700e+00 2.45200e+41 3.86300e+43
2.00700e+00 2.39500e+41 3.86300e+43
2.00800e+00 2.33800e+41 3.86300e+43
2.00800e+00 2.28200e+41 3.86300e+43
2.00900e+00 2.22800e+41 3.86200e+43
2.01000e+00 2.17400e+41 3.86200e+43
2.01100e+00 2.12200e+41 3.86200e+43
2.01100e+00 2.07000e+41 3.86200e+43
2.01200e+00 2.01800e+41 3.86100e+43
2.01300e+00 1.96800e+41 3.86100e+43
2.01400e+00 1.91900e+41 3.86100e+43
2.01500e+00 1.87100e+41 3.86000e+43
2.01600e+00 1.82300e+41 3.86000e+43
2.01700e+00 1.77600e+41 3.85900e+43
2.01900e+00 1.73000e+41 3.85900e+43
2.02000e+00 1.68500e+41 3.85900e+43
2.02100e+00 1.64000e+41 3.85800e+43
2.02200e+00 1.59600e+41 3.85800e+43
2.02400e+00 1.55300e+41 3.85700e+43
2.02500e+00 1.51100e+41 3.85700e+43
2.02700e+00 1.46900e+41 3.85600e+43
2.02800e+00 1.42800e+41 3.85600e+43
2.03000e+00 1.38800e+41 3.85500e+43
2.03100e+00 1.34800e+41 3.85500e+43
2.03300e+00 1.31000e+41 3.85400e+43
2.03500e+00 1.27100e+41 3.85300e+43
2.03700e+00 1.23400e+41 3.85300e+43
2.03900e+00 1.19800e+41 3.85200e+43
2.04100e+00 1.16200e+41 3.85100e+43
2.04300e+00 1.12600e+41 3.85000e+43
2.04500e+00 1.09200e+41 3.85000e+43
2.04800e+00 1.05800e+41 3.84900e+43
2.05000e+00 1.02500e+41 3.84800e+43
2.05200e+00 9.92800e+40 3.84700e+43
2.05500e+00 9.61100e+40 3.84600e+43
2.05800e+00 9.30200e+40 3.84500e+43
2.06100e+00 8.99900e+40 3.84400e+43
2.06400e+00 8.70300e+40 3.84300e+43
2.06700e+00 8.41400e+40 3.84200e+43
2.07000e+00 8.13200e+40 3.84100e+43
2.07300e+00 7.85600e+40 3.84000e+43
2.07600e+00 7.58800e+40 3.83900e+43
2.08000e+00 7.32600e+40 3.83800e+43
2.08300e+00 7.07000e+40 3.83600e+43
2.08700e+00 6.82100e+40 3.83500e+43
2.09100e+00 6.57800e+40 3.83400e+43
2.09500e+00 6.34100e+40 3.83200e+43
2.10000e+00 6.11100e+40 3.83100e+43
2.10400e+00 5.88700e+40 3.82900e+43
2.10800e+00 5.66800e+40 3.82800e+43
2.11300e+00 5.45600e+40 3.82600e+43
2.11800e+00 5.25000e+40 3.82500e+43
2.12300e+00 5.04900e+40 3.82300e+43
2.12800e+00 4.85400e+40 3.82100e+43
2.13400e+00 4.66400e+40 3.81900e+43
2.13900e+00 4.48100e+40 3.81700e+43
2.14500e+00 4.30200e+40 3.81500e+43
2.15100e+00 4.12900e+40 3.81300e+43
2.15700e+00 3.96100e+40 3.81100e+43
2.16400e+00 3.79900e+40 3.80900e+43
2.17100e+00 3.64100e+40 3.80600e+43
2.17800e+00 3.48900e+40 3.80400e+43
2.18500e+00 3.34200e+40 3.80200e+43
2.19200e+00 3.19900e+40 3.79900e+43
2.20000e+00 3.06100e+40 3.79600e+43
2.20800e+00 2.92800e+40 3.79400e+43
2.21600e+00 2.80000e+40 3.79100e+43
2.22500e+00 2.67600e+40 3.78800e+43
2.23400e+00 2.55700e+40 3.78500e+43
2.24300e+00 2.44200e+40 3.78200e+43
2.25200e+00 2.33100e+40 3.77800e+43
2.26200e+00 2.22400e+40 3.77500e+43
2.27300e+00 2.12200e+40 3.77200e+43
2.28300e+00 2.02300e+40 3.76800e+43
2.29400e+00 1.92900e+40 3.76400e+43
2.30600e+00 1.83800e+40 3.76000e+43
2.31800e+00 1.75100e+40 3.75600e+43
2.33000e+00 1.66800e+40 3.75200e+43
2.34300e+00 1.58900e+40 3.74800e+43
2.35600e+00 1.51200e+40 3.74300e+43
2.36900e+00 1.44000e+40 3.73900e+43
2.38400e+00 1.37300e+40 3.73400e+43
2.39800e+00 1.30900e+40 3.72900e+43
2.41300e+00 1.25000e+40 3.72400e+43
2.42900e+00 1.19600e+40 3.71900e+43
2.44500e+00 1.14600e+40 3.71300e+43
2.46200e+00 1.10100e+40 3.70800e+43
2.47900e+00 1.06300e+40 3.70200e+43
2.49700e+00 1.03100e+40 3.69600e+43
2.51600e+00 1.00600e+40 3.69000e+43
2.53400e+00 9.89300e+39 3.68400e+43
2.55400e+00 9.81200e+39 3.67700e+43
2.57400e+00 9.82700e+39 3.67100e+43
2.59400e+00 9.95000e+39 3.66400e+43
2.61500e+00 1.01900e+40 3.65700e+43
2.63700e+00 1.05600e+40 3.65000e+43
2.65800e+00 1.10800e+40 3.64300e+43
2.68100e+00 1.17500e+40 3.63600e+43
2.70300e+00 1.26100e+40 3.62900e+43
2.72600e+00 1.36400e+40 3.62100e+43
2.74900e+00 1.48700e+40 3.61400e+43
2.77300e+00 1.63000e+40 3.60600e+43
2.79600e+00 1.79700e+40 3.59900e+43
2.82000e+00 1.98500e+40 3.59100e+43
2.84400e+00 2.19300e+40 3.58400e+43
2.86600e+00 2.42100e+40 3.57600e+43
2.88900e+00 2.66400e+40 3.56900e+43
2.91200e+00 2.93000e+40 3.56200e+43
2.93500e+00 3.22900e+40 3.55400e+43
2.95900e+00 3.54900e+40 3.54700e+43
2.98300e+00 3.90100e+40 3.54000e+43
3.00700e+00 4.28700e+40 3.53200e+43
3.03200e+00 4.71300e+40 3.52400e+43
3.05800e+00 5.17400e+40 3.51600e+43
3.08400e+00 5.69000e+40 3.50800e+43
3.11100e+00 6.26000e+40 3.49900e+43
3.14000e+00 6.88900e+40 3.49100e+43
3.16900e+00 7.58400e+40 3.48200e+43
3.20000e+00 8.35300e+40 3.47200e+43
3.23100e+00 9.20400e+40 3.46300e+43
3.26400e+00 1.01500e+41 3.45200e+43
3.29900e+00 1.11900e+41 3.44200e+43
3.33500e+00 1.23500e+41 3.43100e+43
3.37200e+00 1.36400e+41 3.42000e+43
3.41200e+00 1.50700e+41 3.40800e+43
3.45300e+00 1.66700e+41 3.39600e+43
3.49600e+00 1.84500e+41 3.38300e+43
3.54200e+00 2.04300e+41 3.36900e+43
3.58900e+00 2.26500e+41 3.35500e+43
3.64000e+00 2.51400e+41 3.34000e+43
3.69200e+00 2.78700e+41 3.32500e+43
3.74400e+00 3.07400e+41 3.31000e+43
3.79600e+00 3.37400e+41 3.29500e+43
3.84800e+00 3.69700e+41 3.28100e+43
3.91000e+00 4.09200e+41 3.26300e+43
3.97200e+00 4.50800e+41 3.24500e+43
4.03100e+00 4.92800e+41 3.22900e+43
4.08900e+00 5.35400e+41 3.21300e+43
4.14400e+00 5.78300e+41 3.19700e+43
4.19800e+00 6.21400e+41 3.18200e+43
4.25100e+00 6.64900e+41 3.16800e+43
4.30200e+00 7.08400e+41 3.15400e+43
4.35100e+00 7.52000e+41 3.14100e+43
4.40000e+00 7.95900e+41 3.12800e+43
4.44700e+00 8.42200e+41 3.11500e+43
4.51600e+00 9.08500e+41 3.09700e+43
4.58100e+00 9.72700e+41 3.08000e+43
4.64000e+00 1.03400e+42 3.06400e+43
4.69500e+00 1.09200e+42 3.05000e+43
4.74700e+00 1.14800e+42 3.03600e+43
4.79700e+00 1.20300e+42 3.02400e+43
4.84400e+00 1.25600e+42 3.01100e+43
4.89000e+00 1.30900e+42 3.00000e+43
4.93400e+00 1.36400e+42 2.98800e+43
5.00800e+00 1.45100e+42 2.97000e+43
5.07200e+00 1.53000e+42 2.95400e+43
5.13000e+00 1.60200e+42 2.93900e+43
5.18200e+00 1.66900e+42 2.92700e+43
5.23100e+00 1.73200e+42 2.91500e+43
5.27700e+00 1.79200e+42 2.90300e+43
5.32100e+00 1.85100e+42 2.89300e+43
5.36300e+00 1.91200e+42 2.88200e+43
5.44000e+00 2.01600e+42 2.86400e+43
5.50400e+00 2.10500e+42 2.84900e+43
5.55900e+00 2.18300e+42 2.83500e+43
5.60900e+00 2.25400e+42 2.82400e+43
5.65500e+00 2.32100e+42 2.81300e+43
5.69900e+00 2.38400e+42 2.80300e+43
5.74000e+00 2.45000e+42 2.79300e+43
5.82000e+00 2.56700e+42 2.77500e+43
5.88300e+00 2.66200e+42 2.76000e+43
5.93600e+00 2.74300e+42 2.74800e+43
5.98400e+00 2.81700e+42 2.73700e+43
6.02800e+00 2.88500e+42 2.72700e+43
6.07000e+00 2.95000e+42 2.71800e+43
6.10900e+00 3.01900e+42 2.70900e+43
6.18800e+00 3.14000e+42 2.69200e+43
6.25100e+00 3.23900e+42 2.67800e+43
6.30300e+00 3.32300e+42 2.66700e+43
6.35000e+00 3.39900e+42 2.65600e+43
6.39300e+00 3.46800e+42 2.64700e+43
6.43300e+00 3.53300e+42 2.63800e+43
6.47100e+00 3.60400e+42 2.63000e+43
6.54700e+00 3.72400e+42 2.61400e+43
6.60900e+00 3.82700e+42 2.60100e+43
6.66100e+00 3.91200e+42 2.59000e+43
6.70600e+00 3.98800e+42 2.58000e+43
6.74800e+00 4.05700e+42 2.57200e+43
6.78700e+00 4.12200e+42 2.56300e+43
6.82400e+00 4.19400e+42 2.55600e+43
6.89800e+00 4.31300e+42 2.54100e+43
6.96100e+00 4.41800e+42 2.52800e+43
7.01200e+00 4.50400e+42 2.51700e+43
7.05600e+00 4.58000e+42 2.50800e+43
7.09700e+00 4.64900e+42 2.50000e+43
7.13600e+00 4.71400e+42 2.49200e+43
7.17200e+00 4.78600e+42 2.48500e+43
7.24400e+00 4.90300e+42 2.47100e+43
7.30700e+00 5.00800e+42 2.45800e+43
7.35700e+00 5.09400e+42 2.44800e+43
7.40100e+00 5.16800e+42 2.44000e+43
7.44100e+00 5.23700e+42 2.43200e+43
7.47900e+00 5.30000e+42 2.42400e+43
7.51400e+00 5.37100e+42 2.41800e+43
7.58500e+00 5.48500e+42 2.40400e+43
7.64800e+00 5.59100e+42 2.39200e+43
7.69900e+00 5.67600e+42 2.38200e+43
7.74200e+00 5.75000e+42 2.37400e+43
7.78200e+00 5.81600e+42 2.36700e+43
7.81900e+00 5.87800e+42 2.35900e+43
7.85500e+00 5.95000e+42 2.35300e+43
7.92500e+00 6.06000e+42 2.34000e+43
7.98800e+00 6.16500e+42 2.32800e+43
8.03800e+00 6.24800e+42 2.31900e+43
8.08100e+00 6.32000e+42 2.31100e+43
8.12100e+00 6.38400e+42 2.30400e+43
8.15700e+00 6.44500e+42 2.29700e+43
8.19200e+00 6.51500e+42 2.29100e+43
8.26100e+00 6.62200e+42 2.27800e+43
8.32500e+00 6.72400e+42 2.26700e+43
8.37500e+00 6.80500e+42 2.25800e+43
8.41700e+00 6.87400e+42 2.25100e+43
8.45600e+00 6.93700e+42 2.24400e+43
8.49300e+00 6.99500e+42 2.23700e+43
8.52700e+00 7.05000e+42 2.23100e+43
8.56000e+00 7.11700e+42 2.22500e+43
8.62600e+00 7.21300e+42 2.21400e+43
8.69100e+00 7.31500e+42 2.20300e+43
8.74200e+00 7.39500e+42 2.19400e+43
8.78500e+00 7.46100e+42 2.18700e+43
8.82400e+00 7.52200e+42 2.18000e+43
8.86000e+00 7.57800e+42 2.17400e+43
8.89400e+00 7.63100e+42 2.16800e+43
8.92800e+00 7.69700e+42 2.16200e+43
8.99300e+00 7.78900e+42 2.15100e+43
9.05900e+00 7.88600e+42 2.14000e+43
9.10900e+00 7.96200e+42 2.13200e+43
9.15200e+00 8.02600e+42 2.12500e+43
9.19000e+00 8.08300e+42 2.11800e+43
9.22700e+00 8.13600e+42 2.11200e+43
9.26100e+00 8.18600e+42 2.10700e+43
9.29400e+00 8.25000e+42 2.10100e+43
9.35900e+00 8.33600e+42 2.09100e+43
9.42600e+00 8.43000e+42 2.08000e+43
9.47600e+00 8.50200e+42 2.07200e+43
9.51900e+00 8.56300e+42 2.06500e+43
9.55800e+00 8.61800e+42 2.05900e+43
9.59400e+00 8.66900e+42 2.05300e+43
9.62800e+00 8.71600e+42 2.04700e+43
9.66100e+00 8.77700e+42 2.04200e+43
9.72700e+00 8.85800e+42 2.03200e+43
9.79400e+00 8.94800e+42 2.02200e+43
9.84400e+00 9.01600e+42 2.01300e+43
9.88700e+00 9.07300e+42 2.00700e+43
9.92700e+00 9.12400e+42 2.00100e+43
9.96300e+00 9.17200e+42 1.99500e+43
9.99700e+00 9.21700e+42 1.99000e+43
1.00300e+01 9.27600e+42 1.98500e+43
1.01000e+01 9.35100e+42 1.97500e+43
1.01600e+01 9.43500e+42 1.96500e+43
1.02100e+01 9.49800e+42 1.95700e+43
1.02600e+01 9.55200e+42 1.95000e+43
1.03000e+01 9.59900e+42 1.94400e+43
1.03300e+01 9.64400e+42 1.93900e+43
1.03700e+01 9.68500e+42 1.93400e+43
1.04000e+01 9.74100e+42 1.92900e+43
1.04600e+01 9.81000e+42 1.92000e+43
1.05300e+01 9.88900e+42 1.90900e+43
1.05900e+01 9.94900e+42 1.90200e+43
1.06300e+01 9.99900e+42 1.89500e+43
1.06700e+01 1.00400e+43 1.88900e+43
1.07000e+01 1.00800e+43 1.88400e+43
1.07400e+01 1.01200e+43 1.87900e+43
1.07700e+01 1.01800e+43 1.87400e+43
1.08400e+01 1.02400e+43 1.86500e+43
1.09100e+01 1.03100e+43 1.85500e+43
1.09600e+01 1.03700e+43 1.84800e+43
1.10000e+01 1.04100e+43 1.84200e+43
1.10400e+01 1.04500e+43 1.83600e+43
1.10800e+01 1.04900e+43 1.83100e+43
1.11100e+01 1.05300e+43 1.82600e+43
1.11500e+01 1.05800e+43 1.82100e+43
1.12100e+01 1.06300e+43 1.81300e+43
1.12800e+01 1.07000e+43 1.80300e+43
1.13400e+01 1.07500e+43 1.79500e+43
1.13800e+01 1.07900e+43 1.78900e+43
1.14200e+01 1.08300e+43 1.78400e+43
1.14600e+01 1.08600e+43 1.77900e+43
1.14900e+01 1.09000e+43 1.77400e+43
1.15300e+01 1.09300e+43 1.76900e+43
1.15600e+01 1.09700e+43 1.76500e+43
1.16200e+01 1.10200e+43 1.75600e+43
1.17000e+01 1.10800e+43 1.74700e+43
1.17500e+01 1.11300e+43 1.74000e+43
1.18000e+01 1.11700e+43 1.73400e+43
1.18400e+01 1.12000e+43 1.72800e+43
1.18700e+01 1.12300e+43 1.72300e+43
1.19100e+01 1.12600e+43 1.71900e+43
1.19400e+01 1.12900e+43 1.71400e+43
1.19800e+01 1.13300e+43 1.71000e+43
1.20400e+01 1.13700e+43 1.70200e+43
1.21200e+01 1.14200e+43 1.69200e+43
1.21700e+01 1.14600e+43 1.68500e+43
1.22200e+01 1.15000e+43 1.67900e+43
1.22600e+01 1.15200e+43 1.67400e+43
1.22900e+01 1.15500e+43 1.66900e+43
1.23300e+01 1.15800e+43 1.66500e+43
1.23600e+01 1.16000e+43 1.66000e+43
1.24000e+01 1.16400e+43 1.65600e+43
1.24700e+01 1.16700e+43 1.64800e+43
1.25400e+01 1.17200e+43 1.63900e+43
1.25900e+01 1.17500e+43 1.63200e+43
1.26400e+01 1.17800e+43 1.62600e+43
1.26800e+01 1.18100e+43 1.62100e+43
1.27200e+01 1.18300e+43 1.61600e+43
1.27600e+01 1.18500e+43 1.61200e+43
1.27900e+01 1.18700e+43 1.60700e+43
1.28300e+01 1.19100e+43 1.60300e+43
1.28900e+01 1.19300e+43 1.59600e+43
1.29700e+01 1.19700e+43 1.58700e+43
1.30300e+01 1.20000e+43 1.58000e+43
1.30700e+01 1.20200e+43 1.57400e+43
1.31200e+01 1.20500e+43 1.56900e+43
1.31500e+01 1.20600e+43 1.56400e+43
1.31900e+01 1.20800e+43 1.56000e+43
1.32300e+01 1.21000e+43 1.55600e+43
1.32600e+01 1.21300e+43 1.55200e+43
1.33300e+01 1.21500e+43 1.54400e+43
1.34100e+01 1.21800e+43 1.53600e+43
1.34700e+01 1.22100e+43 1.52900e+43
1.35100e+01 1.22200e+43 1.52300e+43
1.35600e+01 1.22400e+43 1.51800e+43
1.36000e+01 1.22600e+43 1.51300e+43
1.36300e+01 1.22700e+43 1.50900e+43
1.36700e+01 1.22800e+43 1.50500e+43
1.37000e+01 1.22900e+43 1.50100e+43
1.37400e+01 1.23200e+43 1.49700e+43
1.38100e+01 1.23300e+43 1.49000e+43
1.38900e+01 1.23600e+43 1.48100e+43
1.39500e+01 1.23800e+43 1.47500e+43
1.40000e+01 1.23900e+43 1.46900e+43
1.40400e+01 1.24000e+43 1.46400e+43
1.40800e+01 1.24100e+43 1.46000e+43
1.41200e+01 1.24200e+43 1.45600e+43
1.41600e+01 1.24300e+43 1.45200e+43
1.41900e+01 1.24400e+43 1.44800e+43
1.42300e+01 1.24600e+43 1.44400e+43
1.43000e+01 1.24700e+43 1.43700e+43
1.43800e+01 1.24800e+43 1.42900e+43
1.44400e+01 1.24900e+43 1.42200e+43
1.44900e+01 1.25000e+43 1.41700e+43
1.45300e+01 1.25100e+43 1.41200e+43
1.45700e+01 1.25200e+43 1.40700e+43
1.46100e+01 1.25200e+43 1.40300e+43
1.46500e+01 1.25300e+43 1.39900e+43
1.46900e+01 1.25300e+43 1.39600e+43
1.47200e+01 1.25500e+43 1.39200e+43
1.47900e+01 1.25500e+43 1.38500e+43
1.48800e+01 1.25600e+43 1.37700e+43
1.49400e+01 1.25600e+43 1.37000e+43
1.49900e+01 1.25600e+43 1.36500e+43
1.50400e+01 1.25700e+43 1.36000e+43
1.50800e+01 1.25700e+43 1.35600e+43
1.51200e+01 1.25700e+43 1.35200e+43
1.51600e+01 1.25700e+43 1.34800e+43
1.52000e+01 1.25700e+43 1.34400e+43
1.52300e+01 1.25900e+43 1.34100e+43
1.53000e+01 1.25800e+43 1.33400e+43
1.53900e+01 1.25800e+43 1.32600e+43
1.54500e+01 1.25800e+43 1.32000e+43
1.55100e+01 1.25800e+43 1.31400e+43
1.55500e+01 1.25800e+43 1.31000e+43
1.55900e+01 1.25700e+43 1.30600e+43
1.56400e+01 1.25700e+43 1.30200e+43
1.56800e+01 1.25700e+43 1.29800e+43
1.57100e+01 1.25700e+43 1.29400e+43
1.57500e+01 1.25600e+43 1.29100e+43
1.57900e+01 1.25700e+43 1.28700e+43
1.58600e+01 1.25600e+43 1.28100e+43
1.59500e+01 1.25500e+43 1.27300e+43
1.60200e+01 1.25400e+43 1.26700e+43
1.60700e+01 1.25400e+43 1.26200e+43
1.61200e+01 1.25300e+43 1.25700e+43
1.61600e+01 1.25200e+43 1.25300e+43
1.62100e+01 1.25200e+43 1.24900e+43
1.62500e+01 1.25100e+43 1.24500e+43
1.62900e+01 1.25000e+43 1.24200e+43
1.63300e+01 1.25000e+43 1.23800e+43
1.63600e+01 1.25000e+43 1.23500e+43
1.64400e+01 1.24800e+43 1.22900e+43
1.65300e+01 1.24600e+43 1.22100e+43
1.66000e+01 1.24500e+43 1.21500e+43
1.66500e+01 1.24400e+43 1.21000e+43
1.67000e+01 1.24300e+43 1.20500e+43
1.67500e+01 1.24200e+43 1.20100e+43
1.67900e+01 1.24100e+43 1.19700e+43
1.68300e+01 1.24000e+43 1.19400e+43
1.68800e+01 1.23900e+43 1.19000e+43
1.69200e+01 1.23800e+43 1.18700e+43
1.69500e+01 1.23800e+43 1.18300e+43
1.70300e+01 1.23500e+43 1.17800e+43
1.71300e+01 1.23300e+43 1.17000e+43
1.72000e+01 1.23100e+43 1.16400e+43
1.72500e+01 1.22900e+43 1.15900e+43
1.73000e+01 1.22700e+43 1.15500e+43
1.73500e+01 1.22600e+43 1.15100e+43
1.74000e+01 1.22500e+43 1.14700e+43
1.74400e+01 1.22300e+43 1.14300e+43
1.74800e+01 1.22200e+43 1.14000e+43
1.75200e+01 1.22100e+43 1.13700e+43
1.75600e+01 1.21900e+43 1.13300e+43
1.76000e+01 1.21900e+43 1.13000e+43
1.76800e+01 1.21600e+43 1.12500e+43
1.77800e+01 1.21200e+43 1.11700e+43
1.78500e+01 1.21000e+43 1.11100e+43
1.79100e+01 1.20800e+43 1.10600e+43
1.79600e+01 1.20600e+43 1.10200e+43
1.80100e+01 1.20400e+43 1.09800e+43
1.80600e+01 1.20200e+43 1.09500e+43
1.81100e+01 1.20000e+43 1.09100e+43
1.81500e+01 1.19900e+43 1.08800e+43
1.81900e+01 1.19700e+43 1.08400e+43
1.82300e+01 1.19500e+43 1.08100e+43
1.82700e+01 1.19500e+43 1.07800e+43
1.83600e+01 1.19100e+43 1.07300e+43
1.84600e+01 1.18600e+43 1.06600e+43
1.85300e+01 1.18300e+43 1.06000e+43
1.85900e+01 1.18100e+43 1.05500e+43
1.86500e+01 1.17800e+43 1.05100e+43
1.87000e+01 1.17600e+43 1.04700e+43
1.87500e+01 1.17400e+43 1.04300e+43
1.88000e+01 1.17200e+43 1.04000e+43
1.88400e+01 1.17000e+43 1.03700e+43
1.88800e+01 1.16800e+43 1.03400e+43
1.89300e+01 1.16600e+43 1.03000e+43
1.89700e+01 1.16400e+43 1.02700e+43
1.90100e+01 1.16300e+43 1.02400e+43
1.91000e+01 1.15800e+43 1.01900e+43
1.92100e+01 1.15300e+43 1.01200e+43
1.92800e+01 1.14900e+43 1.00600e+43
1.93500e+01 1.14600e+43 1.00200e+43
1.94000e+01 1.14400e+43 9.97600e+42
1.94600e+01 1.14100e+43 9.93900e+42
1.95100e+01 1.13900e+43 9.90400e+42
1.95600e+01 1.13600e+43 9.87100e+42
1.96000e+01 1.13400e+43 9.83900e+42
1.96500e+01 1.13200e+43 9.80800e+42
1.97000e+01 1.12900e+43 9.77800e+42
1.97400e+01 1.12700e+43 9.74800e+42
1.97800e+01 1.12600e+43 9.71900e+42
1.98700e+01 1.12100e+43 9.67000e+42
1.99900e+01 1.11500e+43 9.60100e+42
2.00700e+01 1.11000e+43 9.54200e+42
2.01300e+01 1.10700e+43 9.49700e+42
2.01900e+01 1.10400e+43 9.45700e+42
2.02500e+01 1.10100e+43 9.42100e+42
2.03000e+01 1.09800e+43 9.38700e+42
2.03500e+01 1.09500e+43 9.35500e+42
2.04000e+01 1.09300e+43 9.32400e+42
2.04500e+01 1.09000e+43 9.29400e+42
2.05000e+01 1.08800e+43 9.26400e+42
2.05400e+01 1.08500e+43 9.23500e+42
2.05900e+01 1.08300e+43 9.20700e+42
2.06400e+01 1.08100e+43 9.17800e+42
2.07300e+01 1.07600e+43 9.13200e+42
2.08500e+01 1.06900e+43 9.06500e+42
2.09300e+01 1.06400e+43 9.00800e+42
2.10000e+01 1.06000e+43 8.96400e+42
2.10600e+01 1.05700e+43 8.92600e+42
2.11200e+01 1.05400e+43 8.89100e+42
2.11800e+01 1.05100e+43 8.85800e+42
2.12300e+01 1.04800e+43 8.82700e+42
2.12800e+01 1.04500e+43 8.79600e+42
2.13300e+01 1.04200e+43 8.76700e+42
2.13800e+01 1.03900e+43 8.73900e+42
2.14300e+01 1.03700e+43 8.71100e+42
2.14800e+01 1.03400e+43 8.68300e+42
2.15300e+01 1.03200e+43 8.65600e+42
2.16200e+01 1.02600e+43 8.61200e+42
2.17500e+01 1.01900e+43 8.54700e+42
2.18400e+01 1.01400e+43 8.49000e+42
2.19100e+01 1.01000e+43 8.44700e+42
2.19800e+01 1.00600e+43 8.40900e+42
2.20400e+01 1.00300e+43 8.37500e+42
2.21000e+01 9.99200e+42 8.34300e+42
2.21600e+01 9.96000e+42 8.31300e+42
2.22100e+01 9.92900e+42 8.28300e+42
2.22600e+01 9.89900e+42 8.25500e+42
2.23200e+01 9.87000e+42 8.22700e+42
2.23700e+01 9.84100e+42 8.20000e+42
2.24200e+01 9.81100e+42 8.17300e+42
2.24700e+01 9.78300e+42 8.14600e+42
2.25200e+01 9.75800e+42 8.12000e+42
2.26200e+01 9.69800e+42 8.07700e+42
2.27600e+01 9.62200e+42 8.01500e+42
2.28500e+01 9.57000e+42 7.96000e+42
2.29300e+01 9.52600e+42 7.91900e+42
2.30000e+01 9.48600e+42 7.88200e+42
2.30600e+01 9.45000e+42 7.84900e+42
2.31200e+01 9.41500e+42 7.81800e+42
2.31800e+01 9.38200e+42 7.78900e+42
2.32400e+01 9.34900e+42 7.76000e+42
2.33000e+01 9.31800e+42 7.73300e+42
2.33500e+01 9.28700e+42 7.70600e+42
2.34100e+01 9.25600e+42 7.68000e+42
2.34600e+01 9.22600e+42 7.65400e+42
2.35200e+01 9.19600e+42 7.62800e+42
2.35700e+01 9.16600e+42 7.60300e+42
2.36200e+01 9.14000e+42 7.57700e+42
2.37300e+01 9.07800e+42 7.53700e+42
2.38700e+01 8.99800e+42 7.47700e+42
2.39700e+01 8.94300e+42 7.42400e+42
2.40600e+01 8.89700e+42 7.38300e+42
2.41300e+01 8.85600e+42 7.34700e+42
2.42000e+01 8.81800e+42 7.31500e+42
2.42700e+01 8.78200e+42 7.28500e+42
2.43300e+01 8.74800e+42 7.25600e+42
2.43900e+01 8.71400e+42 7.22900e+42
2.44500e+01 8.68200e+42 7.20200e+42
2.45100e+01 8.64900e+42 7.17600e+42
2.45700e+01 8.61800e+42 7.15100e+42
2.46300e+01 8.58700e+42 7.12500e+42
2.46900e+01 8.55600e+42 7.10100e+42
2.47400e+01 8.52500e+42 7.07600e+42
2.48000e+01 8.49400e+42 7.05100e+42
2.48600e+01 8.46600e+42 7.02700e+42
2.49700e+01 8.40400e+42 6.98900e+42
2.51300e+01 8.32200e+42 6.93200e+42
2.52300e+01 8.26700e+42 6.88000e+42
2.53200e+01 8.22000e+42 6.84000e+42
2.54000e+01 8.17800e+42 6.80600e+42
2.54800e+01 8.14000e+42 6.77500e+42
2.55500e+01 8.10300e+42 6.74600e+42
2.56200e+01 8.06800e+42 6.71800e+42
2.56800e+01 8.03500e+42 6.69200e+42
2.57500e+01 8.00200e+42 6.66600e+42
2.58100e+01 7.96900e+42 6.64100e+42
2.58700e+01 7.93700e+42 6.61600e+42
2.59400e+01 7.90600e+42 6.59200e+42
2.60000e+01 7.87500e+42 6.56800e+42
2.60600e+01 7.84400e+42 6.54400e+42
2.61200e+01 7.81300e+42 6.52100e+42
2.61800e+01 7.78200e+42 6.49700e+42
2.62500e+01 7.75400e+42 6.47400e+42
2.63700e+01 7.69200e+42 6.43800e+42
2.65300e+01 7.61200e+42 6.38400e+42
2.66500e+01 7.55600e+42 6.33400e+42
2.67400e+01 7.51000e+42 6.29600e+42
2.68300e+01 7.46900e+42 6.26300e+42
2.69100e+01 7.43100e+42 6.23300e+42
2.69900e+01 7.39500e+42 6.20600e+42
2.70600e+01 7.36100e+42 6.17900e+42
2.71300e+01 7.32700e+42 6.15400e+42
2.72000e+01 7.29500e+42 6.12900e+42
2.72700e+01 7.26300e+42 6.10600e+42
2.73400e+01 7.23200e+42 6.08200e+42
2.74000e+01 7.20200e+42 6.05900e+42
2.74700e+01 7.17100e+42 6.03600e+42
2.75400e+01 7.14100e+42 6.01300e+42
2.76000e+01 7.11100e+42 5.99100e+42
2.76700e+01 7.08100e+42 5.96900e+42
2.77400e+01 7.05100e+42 5.94600e+42
2.78000e+01 7.02300e+42 5.92400e+42
2.79400e+01 6.96300e+42 5.89000e+42
2.81200e+01 6.88400e+42 5.83900e+42
2.82400e+01 6.83100e+42 5.79000e+42
2.83500e+01 6.78600e+42 5.75400e+42
2.84400e+01 6.74600e+42 5.72200e+42
2.85300e+01 6.70900e+42 5.69400e+42
2.86100e+01 6.67400e+42 5.66700e+42
2.86900e+01 6.64000e+42 5.64200e+42
2.87700e+01 6.60800e+42 5.61700e+42
2.88500e+01 6.57700e+42 5.59400e+42
2.89200e+01 6.54600e+42 5.57100e+42
2.89900e+01 6.51600e+42 5.54800e+42
2.90700e+01 6.48600e+42 5.52600e+42
2.91400e+01 6.45700e+42 5.50400e+42
2.92100e+01 6.42800e+42 5.48300e+42
2.92900e+01 6.39900e+42 5.46100e+42
2.93600e+01 6.37000e+42 5.44000e+42
2.94300e+01 6.34100e+42 5.41800e+42
2.95100e+01 6.31300e+42 5.39700e+42
2.95800e+01 6.28500e+42 5.37600e+42
2.97300e+01 6.22800e+42 5.34400e+42
2.99200e+01 6.15500e+42 5.29600e+42
3.00600e+01 6.10400e+42 5.25000e+42
3.01700e+01 6.06200e+42 5.21500e+42
3.02700e+01 6.02400e+42 5.18500e+42
3.03700e+01 5.98900e+42 5.15800e+42
3.04600e+01 5.95700e+42 5.13300e+42
3.05500e+01 5.92500e+42 5.10900e+42
3.06300e+01 5.89500e+42 5.08600e+42
3.07100e+01 5.86600e+42 5.06400e+42
3.08000e+01 5.83700e+42 5.04200e+42
3.08800e+01 5.80900e+42 5.02100e+42
3.09600e+01 5.78100e+42 5.00000e+42
3.10400e+01 5.75400e+42 4.97900e+42
3.11200e+01 5.72700e+42 4.95900e+42
3.12000e+01 5.70000e+42 4.93800e+42
3.12700e+01 5.67300e+42 4.91800e+42
3.13500e+01 5.64600e+42 4.89800e+42
3.14400e+01 5.61900e+42 4.87800e+42
3.15200e+01 5.59300e+42 4.85800e+42
3.16000e+01 5.56600e+42 4.83800e+42
3.16800e+01 5.54000e+42 4.81800e+42
3.18400e+01 5.48700e+42 4.78800e+42
3.20500e+01 5.42000e+42 4.74400e+42
3.22000e+01 5.37300e+42 4.70000e+42
3.23300e+01 5.33400e+42 4.66700e+42
3.24500e+01 5.29800e+42 4.63800e+42
3.25500e+01 5.26600e+42 4.61300e+42
3.26600e+01 5.23600e+42 4.58900e+42
3.27500e+01 5.20700e+42 4.56600e+42
3.28500e+01 5.17900e+42 4.54400e+42
3.29400e+01 5.15200e+42 4.52300e+42
3.30300e+01 5.12500e+42 4.50200e+42
3.31200e+01 5.09900e+42 4.48200e+42
3.32100e+01 5.07400e+42 4.46200e+42
3.33000e+01 5.04900e+42 4.44300e+42
3.33900e+01 5.02400e+42 4.42400e+42
3.34700e+01 4.99900e+42 4.40500e+42
3.35600e+01 4.97400e+42 4.38500e+42
3.36500e+01 4.95000e+42 4.36700e+42
3.37400e+01 4.92500e+42 4.34800e+42
3.38300e+01 4.90100e+42 4.32900e+42
3.39200e+01 4.87600e+42 4.31000e+42
3.40100e+01 4.85200e+42 4.29100e+42
3.41000e+01 4.82700e+42 4.27200e+42
3.42000e+01 4.80400e+42 4.25300e+42
3.43800e+01 4.75500e+42 4.22600e+42
3.46200e+01 4.69500e+42 4.18400e+42
3.47800e+01 4.65300e+42 4.14300e+42
3.49300e+01 4.61800e+42 4.11300e+42
3.50600e+01 4.58600e+42 4.08600e+42
3.51700e+01 4.55700e+42 4.06200e+42
3.52900e+01 4.53000e+42 4.04000e+42
3.54000e+01 4.50300e+42 4.01800e+42
3.55000e+01 4.47800e+42 3.99800e+42
3.56100e+01 4.45400e+42 3.97800e+42
3.57100e+01 4.43000e+42 3.95900e+42
3.58100e+01 4.40700e+42 3.94000e+42
3.59100e+01 4.38400e+42 3.92200e+42
3.60100e+01 4.36100e+42 3.90400e+42
3.61100e+01 4.33900e+42 3.88600e+42
3.62100e+01 4.31700e+42 3.86800e+42
3.63100e+01 4.29400e+42 3.85000e+42
3.64100e+01 4.27200e+42 3.83300e+42
3.65000e+01 4.25100e+42 3.81500e+42
3.66100e+01 4.22900e+42 3.79800e+42
3.67100e+01 4.20700e+42 3.78000e+42
3.68100e+01 4.18500e+42 3.76300e+42
3.69100e+01 4.16300e+42 3.74500e+42
3.70200e+01 4.14100e+42 3.72700e+42
3.71200e+01 4.11900e+42 3.70900e+42
3.72300e+01 4.09700e+42 3.69200e+42
3.74400e+01 4.05400e+42 3.66700e+42
3.77000e+01 4.00200e+42 3.62900e+42
3.78900e+01 3.96500e+42 3.59200e+42
3.80500e+01 3.93300e+42 3.56300e+42
3.81900e+01 3.90500e+42 3.53900e+42
3.83300e+01 3.88000e+42 3.51700e+42
3.84600e+01 3.85500e+42 3.49600e+42
3.85800e+01 3.83200e+42 3.47700e+42
3.87000e+01 3.81000e+42 3.45800e+42
3.88200e+01 3.78800e+42 3.44000e+42
3.89300e+01 3.76700e+42 3.42300e+42
3.90500e+01 3.74700e+42 3.40500e+42
3.91600e+01 3.72600e+42 3.38800e+42
3.92700e+01 3.70600e+42 3.37200e+42
3.93800e+01 3.68700e+42 3.35500e+42
3.94900e+01 3.66700e+42 3.33900e+42
3.96100e+01 3.64800e+42 3.32300e+42
3.97200e+01 3.62800e+42 3.30700e+42
3.98300e+01 3.60900e+42 3.29100e+42
3.99500e+01 3.59000e+42 3.27500e+42
4.00600e+01 3.57000e+42 3.25900e+42
4.01700e+01 3.55100e+42 3.24300e+42
4.02900e+01 3.53200e+42 3.22600e+42
4.04100e+01 3.51200e+42 3.21000e+42
4.05300e+01 3.49300e+42 3.19400e+42
4.06500e+01 3.47400e+42 3.17800e+42
4.07700e+01 3.45400e+42 3.16200e+42
4.08900e+01 3.43500e+42 3.14500e+42
4.11400e+01 3.39600e+42 3.12300e+42
4.14300e+01 3.35100e+42 3.08900e+42
4.16500e+01 3.31800e+42 3.05400e+42
4.18300e+01 3.29000e+42 3.02800e+42
4.20000e+01 3.26600e+42 3.00600e+42
4.21600e+01 3.24300e+42 2.98500e+42
4.23100e+01 3.22100e+42 2.96700e+42
4.24500e+01 3.20100e+42 2.94900e+42
4.25900e+01 3.18100e+42 2.93200e+42
4.27200e+01 3.16200e+42 2.91500e+42
4.28500e+01 3.14400e+42 2.89900e+42
4.29800e+01 3.12600e+42 2.88400e+42
4.31100e+01 3.10800e+42 2.86800e+42
4.32400e+01 3.09000e+42 2.85300e+42
4.33700e+01 3.07300e+42 2.83800e+42
4.35000e+01 3.05600e+42 2.82300e+42
4.36300e+01 3.03800e+42 2.80800e+42
4.37600e+01 3.02100e+42 2.79400e+42
4.38900e+01 3.00400e+42 2.77900e+42
4.40200e+01 2.98800e+42 2.76400e+42
4.41600e+01 2.97100e+42 2.75000e+42
4.42900e+01 2.95400e+42 2.73500e+42
4.44200e+01 2.93700e+42 2.72100e+42
4.45600e+01 2.92000e+42 2.70600e+42
4.47000e+01 2.90300e+42 2.69100e+42
4.48300e+01 2.88600e+42 2.67600e+42
4.49700e+01 2.86900e+42 2.66200e+42
4.51200e+01 2.85100e+42 2.64700e+42
4.52600e+01 2.83400e+42 2.63200e+42
4.54100e+01 2.81700e+42 2.61700e+42
4.57000e+01 2.78300e+42 2.59700e+42
4.60300e+01 2.74500e+42 2.56600e+42
4.62800e+01 2.71600e+42 2.53600e+42
4.65000e+01 2.69200e+42 2.51300e+42
4.66900e+01 2.67100e+42 2.49200e+42
4.68700e+01 2.65100e+42 2.47400e+42
4.70400e+01 2.63300e+42 2.45700e+42
4.72000e+01 2.61500e+42 2.44100e+42
4.73700e+01 2.59800e+42 2.42600e+42
4.75200e+01 2.58200e+42 2.41100e+42
4.76800e+01 2.56600e+42 2.39700e+42
4.78300e+01 2.55000e+42 2.38300e+42
4.79800e+01 2.53500e+42 2.36900e+42
4.81300e+01 2.52000e+42 2.35600e+42
4.82800e+01 2.50500e+42 2.34200e+42
4.84300e+01 2.49000e+42 2.32900e+42
4.85800e+01 2.47500e+42 2.31600e+42
4.87300e+01 2.46100e+42 2.30300e+42
4.88800e+01 2.44600e+42 2.29000e+42
4.90400e+01 2.43200e+42 2.27700e+42
4.91900e+01 2.41700e+42 2.26400e+42
4.93400e+01 2.40300e+42 2.25100e+42
4.95000e+01 2.38800e+42 2.23800e+42
4.96600e+01 2.37400e+42 2.22500e+42
4.98200e+01 2.35900e+42 2.21200e+42
4.99800e+01 2.34400e+42 2.19900e+42
5.01400e+01 2.33000e+42 2.18600e+42
5.03100e+01 2.31500e+42 2.17300e+42
5.04800e+01 2.30000e+42 2.15900e+42
5.06500e+01 2.28500e+42 2.14600e+42
5.08200e+01 2.27000e+42 2.13200e+42
5.09900e+01 2.25500e+42 2.11900e+42
5.11700e+01 2.24000e+42 2.10600e+42
5.15200e+01 2.21100e+42 2.08800e+42
5.19100e+01 2.17900e+42 2.06100e+42
5.22100e+01 2.15500e+42 2.03400e+42
5.24600e+01 2.13500e+42 2.01400e+42
5.26900e+01 2.11600e+42 1.99600e+42
5.29100e+01 2.10000e+42 1.98000e+42
5.31100e+01 2.08400e+42 1.96500e+42
5.33100e+01 2.06900e+42 1.95100e+42
5.35000e+01 2.05500e+42 1.93700e+42
5.36900e+01 2.04100e+42 1.92400e+42
5.38800e+01 2.02700e+42 1.91200e+42
5.40600e+01 2.01400e+42 1.89900e+42
5.42400e+01 2.00100e+42 1.88700e+42
5.44200e+01 1.98800e+42 1.87500e+42
5.46000e+01 1.97600e+42 1.86300e+42
5.47800e+01 1.96300e+42 1.85200e+42
5.49600e+01 1.95100e+42 1.84000e+42
5.51400e+01 1.93800e+42 1.82900e+42
5.53200e+01 1.92600e+42 1.81700e+42
5.55100e+01 1.91400e+42 1.80600e+42
5.56900e+01 1.90200e+42 1.79500e+42
5.58800e+01 1.88900e+42 1.78300e+42
5.60600e+01 1.87700e+42 1.77200e+42
5.62500e+01 1.86500e+42 1.76000e+42
5.64400e+01 1.85300e+42 1.74900e+42
5.66400e+01 1.84000e+42 1.73800e+42
5.68300e+01 1.82800e+42 1.72600e+42
5.70300e+01 1.81500e+42 1.71500e+42
5.72300e+01 1.80300e+42 1.70300e+42
5.74300e+01 1.79000e+42 1.69200e+42
5.76400e+01 1.77800e+42 1.68000e+42
5.78500e+01 1.76500e+42 1.66800e+42
5.80600e+01 1.75200e+42 1.65700e+42
5.82800e+01 1.73900e+42 1.64500e+42
5.84900e+01 1.72700e+42 1.63300e+42
5.87200e+01 1.71400e+42 1.62100e+42
5.89400e+01 1.70100e+42 1.60900e+42
5.93900e+01 1.67500e+42 1.59400e+42
5.98500e+01 1.65000e+42 1.57000e+42
6.02100e+01 1.63000e+42 1.54800e+42
6.05200e+01 1.61300e+42 1.53000e+42
6.08100e+01 1.59900e+42 1.51500e+42
6.10700e+01 1.58500e+42 1.50200e+42
6.13200e+01 1.57200e+42 1.48900e+42
6.15700e+01 1.55900e+42 1.47700e+42
6.18000e+01 1.54700e+42 1.46600e+42
6.20400e+01 1.53600e+42 1.45500e+42
6.22600e+01 1.52500e+42 1.44400e+42
6.24900e+01 1.51400e+42 1.43300e+42
6.27100e+01 1.50300e+42 1.42300e+42
6.29400e+01 1.49300e+42 1.41300e+42
6.31600e+01 1.48200e+42 1.40300e+42
6.33800e+01 1.47200e+42 1.39300e+42
6.36000e+01 1.46200e+42 1.38300e+42
6.38300e+01 1.45200e+42 1.37400e+42
6.40500e+01 1.44200e+42 1.36400e+42
6.42700e+01 1.43100e+42 1.35400e+42
6.45000e+01 1.42100e+42 1.34500e+42
6.47300e+01 1.41100e+42 1.33500e+42
6.49600e+01 1.40100e+42 1.32600e+42
6.51900e+01 1.39100e+42 1.31600e+42
6.54300e+01 1.38100e+42 1.30700e+42
6.56700e+01 1.37100e+42 1.29700e+42
6.59100e+01 1.36000e+42 1.28800e+42
6.61500e+01 1.35000e+42 1.27800e+42
6.64000e+01 1.34000e+42 1.26900e+42
6.66500e+01 1.32900e+42 1.25900e+42
6.69100e+01 1.31900e+42 1.24900e+42
6.71600e+01 1.30900e+42 1.23900e+42
6.74200e+01 1.29800e+42 1.23000e+42
6.76900e+01 1.28800e+42 1.22000e+42
6.79600e+01 1.27700e+42 1.21000e+42
6.82300e+01 1.26600e+42 1.20000e+42
6.85100e+01 1.25600e+42 1.19000e+42
6.87900e+01 1.24500e+42 1.18000e+42
6.90800e+01 1.23400e+42 1.17000e+42
6.93700e+01 1.22300e+42 1.16000e+42
6.96700e+01 1.21200e+42 1.15000e+42
6.99700e+01 1.20200e+42 1.14000e+42
7.05500e+01 1.18100e+42 1.12700e+42
7.11200e+01 1.16100e+42 1.10800e+42
7.15800e+01 1.14600e+42 1.09100e+42
7.19800e+01 1.13300e+42 1.07700e+42
7.23400e+01 1.12100e+42 1.06500e+42
7.26800e+01 1.11000e+42 1.05400e+42
7.30100e+01 1.10000e+42 1.04400e+42
7.33200e+01 1.09000e+42 1.03400e+42
7.36300e+01 1.08000e+42 1.02500e+42
7.39200e+01 1.07100e+42 1.01600e+42
7.42200e+01 1.06200e+42 1.00700e+42
7.45100e+01 1.05400e+42 9.98800e+41
7.48000e+01 1.04500e+42 9.90600e+41
7.50900e+01 1.03700e+42 9.82500e+41
7.53800e+01 1.02900e+42 9.74600e+41
7.56600e+01 1.02000e+42 9.66700e+41
7.59500e+01 1.01200e+42 9.58900e+41
7.62400e+01 1.00400e+42 9.51200e+41
7.65300e+01 9.96300e+41 9.43600e+41
7.68200e+01 9.88300e+41 9.36000e+41
7.71100e+01 9.80300e+41 9.28400e+41
7.74100e+01 9.72300e+41 9.20800e+41
7.77000e+01 9.64200e+41 9.13300e+41
7.80000e+01 9.56200e+41 9.05800e+41
7.83100e+01 9.48200e+41 8.98300e+41
7.86200e+01 9.40100e+41 8.90700e+41
7.89300e+01 9.32000e+41 8.83200e+41
7.92400e+01 9.23900e+41 8.75700e+41
7.95600e+01 9.15800e+41 8.68200e+41
7.98900e+01 9.07700e+41 8.60700e+41
8.02100e+01 8.99500e+41 8.53100e+41
8.05500e+01 8.91400e+41 8.45500e+41
8.08800e+01 8.83200e+41 8.38000e+41
8.12300e+01 8.75000e+41 8.30400e+41
8.15700e+01 8.66800e+41 8.22700e+41
8.19300e+01 8.58500e+41 8.15100e+41
8.22800e+01 8.50300e+41 8.07400e+41
8.26500e+01 8.42000e+41 7.99700e+41
8.30200e+01 8.33700e+41 7.92000e+41
8.33900e+01 8.25500e+41 7.84200e+41
8.37800e+01 8.17100e+41 7.76500e+41
8.41700e+01 8.08800e+41 7.68700e+41
8.45600e+01 8.00500e+41 7.60900e+41
8.49600e+01 7.92100e+41 7.53000e+41
8.53700e+01 7.83800e+41 7.45200e+41
8.57900e+01 7.75400e+41 7.37300e+41
8.62100e+01 7.67000e+41 7.29400e+41
8.66400e+01 7.58600e+41 7.21400e+41
8.72200e+01 7.47500e+41 7.12600e+41
8.78000e+01 7.36600e+41 7.02100e+41
8.83800e+01 7.26000e+41 6.91900e+41
8.89600e+01 7.15500e+41 6.81900e+41
8.94900e+01 7.06000e+41 6.72300e+41
8.99900e+01 6.97400e+41 6.63600e+41
9.04600e+01 6.89400e+41 6.55600e+41
9.09100e+01 6.81800e+41 6.48100e+41
9.13400e+01 6.74600e+41 6.41100e+41
9.17700e+01 6.67700e+41 6.34300e+41
9.21800e+01 6.61000e+41 6.27700e+41
9.25900e+01 6.54500e+41 6.21400e+41
9.30000e+01 6.48100e+41 6.15200e+41
9.34100e+01 6.41900e+41 6.09200e+41
9.38100e+01 6.35800e+41 6.03300e+41
