#NTIMES: 250
#NBANDS:   8
#OPTSET: Bessell
#NIRSET: 2MASS
#time[d] U B V R I J H K
5.00000e-01  99.999  99.999  99.999  99.999  99.999  99.999  99.999  99.999
1.50000e+00  99.999  99.999  99.999  99.999  99.999  99.999  99.999  99.999
2.50000e+00  99.999  99.999  99.999  99.999  99.999  99.999  99.999  99.999
3.50000e+00  99.999  99.999  99.999  99.999  99.999  99.999  99.999  99.999
4.50000e+00  99.999  99.999  99.999  99.999  99.999  99.999  99.999  99.999
5.50000e+00  99.999  99.999  99.999  99.999  99.999  99.999  99.999  99.999
6.50000e+00 -11.996 -11.597 -12.948 -13.561 -13.793 -13.637 -14.298 -15.202
7.50000e+00 -10.026 -12.350 -12.631 -13.286 -13.985 -14.690 -15.110 -16.005
8.50000e+00 -12.555 -14.321 -14.471 -15.080 -15.334 -16.323 -16.376 -17.118
9.50000e+00 -14.917 -15.858 -16.172 -16.403 -16.380 -16.990 -16.850 -17.673
1.05000e+01 -16.106 -16.671 -16.813 -17.013 -17.243 -17.507 -17.098 -17.430
1.15000e+01 -16.907 -17.185 -17.308 -17.556 -17.760 -17.769 -17.473 -17.472
1.25000e+01 -17.548 -17.614 -17.702 -17.903 -18.093 -17.814 -17.645 -17.576
1.35000e+01 -17.873 -17.932 -17.982 -18.182 -18.350 -17.856 -17.782 -17.371
1.45000e+01 -18.164 -18.191 -18.219 -18.377 -18.545 -17.870 -17.613 -17.708
1.55000e+01 -18.384 -18.413 -18.427 -18.556 -18.775 -17.862 -17.765 -17.449
1.65000e+01 -18.555 -18.595 -18.592 -18.680 -18.913 -17.799 -17.563 -17.317
1.75000e+01 -18.680 -18.746 -18.724 -18.781 -19.030 -17.740 -17.492 -17.193
1.85000e+01 -18.768 -18.871 -18.865 -18.883 -19.100 -17.771 -17.518 -17.138
1.95000e+01 -18.836 -18.962 -18.963 -18.936 -19.201 -17.718 -17.316 -17.204
2.05000e+01 -18.910 -19.049 -19.058 -18.981 -19.263 -17.617 -17.311 -17.249
2.15000e+01 -18.909 -19.106 -19.104 -19.024 -19.315 -17.556 -17.292 -17.346
2.25000e+01 -18.888 -19.161 -19.174 -19.050 -19.342 -17.488 -17.238 -17.156
2.35000e+01 -18.865 -19.177 -19.208 -19.051 -19.353 -17.408 -16.977 -17.184
2.45000e+01 -18.786 -19.204 -19.250 -19.069 -19.354 -17.364 -17.266 -17.063
2.55000e+01 -18.708 -19.206 -19.283 -19.069 -19.319 -17.313 -17.060 -17.139
2.65000e+01 -18.635 -19.205 -19.288 -19.053 -19.301 -17.234 -17.038 -17.182
2.75000e+01 -18.557 -19.197 -19.304 -19.055 -19.246 -17.106 -17.119 -17.073
2.85000e+01 -18.462 -19.178 -19.297 -19.036 -19.217 -17.074 -17.018 -16.995
2.95000e+01 -18.369 -19.150 -19.286 -19.007 -19.167 -17.049 -17.152 -17.206
3.05000e+01 -18.271 -19.107 -19.282 -19.007 -19.086 -17.046 -17.216 -17.282
3.15000e+01 -18.119 -19.058 -19.271 -18.993 -19.030 -17.047 -17.405 -17.222
3.25000e+01 -17.976 -18.981 -19.224 -18.952 -18.964 -17.115 -17.534 -17.433
3.35000e+01 -17.806 -18.891 -19.187 -18.919 -18.923 -17.092 -17.729 -17.690
3.45000e+01 -17.617 -18.789 -19.137 -18.880 -18.847 -17.130 -17.819 -17.806
3.55000e+01 -17.380 -18.669 -19.097 -18.846 -18.790 -17.264 -18.091 -18.042
3.65000e+01 -17.120 -18.522 -19.039 -18.814 -18.741 -17.305 -18.279 -18.053
3.75000e+01 -16.875 -18.380 -18.981 -18.773 -18.736 -17.414 -18.421 -18.129
3.85000e+01 -16.606 -18.243 -18.907 -18.729 -18.690 -17.433 -18.571 -18.396
3.95000e+01 -16.273 -18.106 -18.840 -18.699 -18.686 -17.524 -18.636 -18.485
4.05000e+01 -15.981 -17.958 -18.758 -18.674 -18.676 -17.624 -18.823 -18.625
4.15000e+01 -15.716 -17.809 -18.697 -18.638 -18.652 -17.555 -18.863 -18.632
4.25000e+01 -15.288 -17.658 -18.627 -18.625 -18.672 -17.657 -18.966 -18.683
4.35000e+01 -15.024 -17.525 -18.548 -18.604 -18.680 -17.660 -19.000 -18.878
4.45000e+01 -14.852 -17.385 -18.474 -18.579 -18.690 -17.741 -19.047 -18.834
4.55000e+01 -14.523 -17.249 -18.390 -18.572 -18.695 -17.712 -19.106 -18.935
4.65000e+01 -14.291 -17.134 -18.343 -18.556 -18.689 -17.784 -19.102 -18.949
4.75000e+01 -14.229 -17.003 -18.275 -18.537 -18.679 -17.777 -19.148 -18.903
4.85000e+01 -14.078 -16.915 -18.211 -18.511 -18.686 -17.779 -19.143 -19.025
4.95000e+01 -13.985 -16.819 -18.146 -18.499 -18.693 -17.804 -19.139 -19.009
5.05000e+01 -13.893 -16.713 -18.087 -18.458 -18.665 -17.764 -19.119 -18.966
5.15000e+01 -13.724 -16.628 -18.024 -18.420 -18.661 -17.825 -19.122 -19.016
5.25000e+01 -13.560 -16.554 -17.968 -18.383 -18.637 -17.802 -19.097 -19.010
5.35000e+01 -13.336 -16.487 -17.889 -18.329 -18.619 -17.785 -19.047 -18.990
5.45000e+01 -13.097 -16.398 -17.849 -18.292 -18.603 -17.776 -19.003 -18.920
5.55000e+01 -13.244 -16.359 -17.789 -18.242 -18.588 -17.726 -18.998 -18.890
5.65000e+01 -13.275 -16.297 -17.730 -18.178 -18.541 -17.699 -18.943 -18.898
5.75000e+01 -12.934 -16.235 -17.691 -18.130 -18.496 -17.689 -18.934 -18.799
5.85000e+01 -12.707 -16.176 -17.636 -18.078 -18.478 -17.681 -18.845 -18.750
5.95000e+01 -12.862 -16.155 -17.551 -18.008 -18.417 -17.553 -18.861 -18.784
6.05000e+01 -12.609 -16.096 -17.516 -17.941 -18.391 -17.537 -18.750 -18.697
6.15000e+01 -12.460 -16.048 -17.478 -17.899 -18.355 -17.495 -18.712 -18.669
6.25000e+01 -12.412 -16.005 -17.397 -17.808 -18.298 -17.363 -18.641 -18.654
6.35000e+01 -12.335 -15.945 -17.361 -17.730 -18.271 -17.296 -18.592 -18.518
6.45000e+01 -12.268 -15.936 -17.280 -17.644 -18.239 -17.174 -18.554 -18.517
6.55000e+01 -12.082 -15.864 -17.203 -17.570 -18.180 -17.089 -18.493 -18.518
6.65000e+01 -12.200 -15.841 -17.157 -17.481 -18.134 -17.017 -18.431 -18.475
6.75000e+01 -12.022 -15.769 -17.109 -17.401 -18.109 -16.863 -18.407 -18.444
6.85000e+01 -12.027 -15.744 -17.077 -17.336 -18.082 -16.837 -18.367 -18.459
6.95000e+01 -11.789 -15.725 -17.010 -17.261 -18.051 -16.764 -18.259 -18.553
7.05000e+01 -11.674 -15.657 -16.963 -17.200 -18.027 -16.761 -18.274 -18.488
7.15000e+01 -11.781 -15.648 -16.940 -17.147 -18.002 -16.673 -18.116 -18.586
7.25000e+01 -11.882 -15.615 -16.899 -17.103 -17.975 -16.611 -18.178 -18.677
7.35000e+01 -10.920 -15.578 -16.855 -17.046 -17.949 -16.642 -18.023 -18.707
7.45000e+01 -11.539 -15.518 -16.796 -17.037 -17.927 -16.568 -18.010 -18.688
7.55000e+01 -11.455 -15.507 -16.742 -16.960 -17.924 -16.629 -17.950 -18.738
7.65000e+01 -11.336 -15.467 -16.726 -16.931 -17.879 -16.552 -17.872 -18.808
7.75000e+01 -11.301 -15.409 -16.691 -16.865 -17.849 -16.608 -17.779 -18.721
7.85000e+01 -11.087 -15.380 -16.682 -16.814 -17.809 -16.534 -17.742 -18.839
7.95000e+01 -11.117 -15.352 -16.655 -16.788 -17.794 -16.535 -17.696 -18.739
8.05000e+01 -11.121 -15.307 -16.600 -16.757 -17.796 -16.559 -17.658 -18.807
8.15000e+01 -11.140 -15.255 -16.546 -16.722 -17.758 -16.566 -17.558 -18.804
8.25000e+01 -10.686 -15.244 -16.540 -16.698 -17.734 -16.585 -17.494 -18.711
8.35000e+01 -10.811 -15.203 -16.505 -16.635 -17.704 -16.642 -17.455 -18.742
8.45000e+01 -10.758 -15.174 -16.469 -16.644 -17.686 -16.612 -17.377 -18.747
8.55000e+01 -10.619 -15.132 -16.434 -16.567 -17.647 -16.574 -17.295 -18.688
8.65000e+01 -10.816 -15.062 -16.391 -16.539 -17.632 -16.695 -17.157 -18.695
8.75000e+01 -10.362 -15.020 -16.354 -16.522 -17.618 -16.720 -17.186 -18.696
8.85000e+01 -10.593 -14.973 -16.311 -16.470 -17.593 -16.779 -17.117 -18.631
8.95000e+01 -10.128 -14.886 -16.258 -16.428 -17.551 -16.878 -17.026 -18.633
9.05000e+01 -10.595 -14.898 -16.205 -16.373 -17.500 -16.842 -16.999 -18.564
9.15000e+01  -9.865 -14.857 -16.186 -16.371 -17.497 -16.917 -16.899 -18.559
9.25000e+01  -9.988 -14.800 -16.150 -16.293 -17.494 -16.940 -16.848 -18.527
9.35000e+01  -9.696 -14.746 -16.080 -16.286 -17.477 -17.020 -16.732 -18.523
9.45000e+01 -10.230 -14.719 -16.053 -16.242 -17.416 -17.070 -16.628 -18.509
9.55000e+01  -9.516 -14.654 -16.027 -16.221 -17.394 -17.102 -16.682 -18.462
9.65000e+01  -9.554 -14.621 -15.957 -16.197 -17.385 -17.151 -16.516 -18.549
9.75000e+01  -9.291 -14.539 -15.949 -16.125 -17.329 -17.175 -16.453 -18.409
9.85000e+01  -9.521 -14.475 -15.899 -16.106 -17.297 -17.273 -16.383 -18.438
9.95000e+01  -9.217 -14.453 -15.818 -16.064 -17.293 -17.267 -16.403 -18.367
1.00500e+02  -8.955 -14.344 -15.800 -16.009 -17.242 -17.321 -16.323 -18.357
1.01500e+02  -8.058 -14.322 -15.749 -15.970 -17.230 -17.340 -16.236 -18.365
1.02500e+02  -8.292 -14.220 -15.718 -15.943 -17.185 -17.407 -16.266 -18.327
1.03500e+02  -7.958 -14.194 -15.695 -15.926 -17.157 -17.437 -16.151 -18.326
1.04500e+02  -7.913 -14.139 -15.607 -15.867 -17.129 -17.420 -15.985 -18.265
1.05500e+02  -6.667 -14.045 -15.513 -15.793 -17.068 -17.447 -15.830 -18.321
1.06500e+02  -8.190 -13.979 -15.515 -15.772 -17.092 -17.485 -15.989 -18.215
1.07500e+02  -8.265 -13.949 -15.469 -15.750 -17.046 -17.528 -15.871 -18.218
1.08500e+02  99.999 -13.826 -15.431 -15.685 -16.995 -17.528 -15.855 -18.188
1.09500e+02  -8.007 -13.788 -15.365 -15.682 -16.986 -17.524 -15.717 -18.138
1.10500e+02  -6.922 -13.731 -15.330 -15.641 -16.972 -17.544 -15.692 -18.194
1.11500e+02  99.999 -13.655 -15.307 -15.592 -16.939 -17.552 -15.616 -18.127
1.12500e+02  -7.416 -13.597 -15.247 -15.559 -16.940 -17.567 -15.461 -18.137
1.13500e+02  -6.708 -13.556 -15.189 -15.531 -16.906 -17.569 -15.600 -18.064
1.14500e+02  99.999 -13.489 -15.160 -15.492 -16.902 -17.563 -15.427 -18.076
1.15500e+02  99.999 -13.436 -15.124 -15.451 -16.802 -17.575 -15.468 -18.007
1.16500e+02  -7.737 -13.379 -15.065 -15.437 -16.803 -17.591 -15.331 -17.980
1.17500e+02  -7.470 -13.326 -14.962 -15.369 -16.789 -17.555 -15.237 -17.958
1.18500e+02  99.999 -13.202 -14.974 -15.379 -16.780 -17.592 -15.249 -17.906
1.19500e+02  -6.745 -13.178 -14.939 -15.345 -16.735 -17.556 -15.249 -17.908
1.20500e+02  99.999 -13.147 -14.919 -15.345 -16.732 -17.580 -15.105 -17.907
1.21500e+02  99.999 -13.095 -14.900 -15.288 -16.712 -17.598 -15.056 -17.831
1.22500e+02  99.999 -12.968 -14.791 -15.254 -16.679 -17.534 -15.046 -17.775
1.23500e+02  99.999 -12.989 -14.790 -15.210 -16.664 -17.606 -15.047 -17.734
1.24500e+02  -6.605 -12.805 -14.717 -15.173 -16.631 -17.590 -14.912 -17.747
1.25500e+02  -6.355 -12.762 -14.628 -15.135 -16.648 -17.594 -14.854 -17.686
1.26500e+02  -6.349 -12.604 -14.585 -15.124 -16.613 -17.570 -14.917 -17.702
1.27500e+02  99.999 -12.559 -14.552 -15.124 -16.605 -17.597 -15.063 -17.668
1.28500e+02  99.999 -12.393 -14.468 -15.055 -16.565 -17.569 -14.650 -17.709
1.29500e+02  99.999 -12.450 -14.410 -15.039 -16.535 -17.526 -14.727 -17.723
1.30500e+02  99.999 -12.224 -14.296 -15.043 -16.533 -17.584 -14.621 -17.600
1.31500e+02  99.999 -12.198 -14.284 -14.973 -16.545 -17.535 -14.615 -17.620
1.32500e+02  99.999 -11.956 -14.233 -15.002 -16.482 -17.536 -14.607 -17.630
1.33500e+02  99.999 -11.826 -14.088 -14.918 -16.483 -17.534 -14.464 -17.590
1.34500e+02  99.999 -11.587 -13.988 -14.954 -16.468 -17.494 -14.587 -17.620
1.35500e+02  99.999 -11.526 -13.982 -14.898 -16.422 -17.502 -14.329 -17.593
1.36500e+02  99.999 -11.501 -13.846 -14.871 -16.401 -17.512 -14.447 -17.523
1.37500e+02  99.999 -11.447 -13.793 -14.883 -16.424 -17.487 -14.405 -17.469
1.38500e+02  99.999 -11.012 -13.682 -14.850 -16.427 -17.460 -14.213 -17.465
1.39500e+02  99.999 -11.197 -13.680 -14.783 -16.363 -17.467 -14.094 -17.457
1.40500e+02  -6.635 -10.985 -13.609 -14.742 -16.328 -17.398 -14.243 -17.359
1.41500e+02  99.999 -10.901 -13.517 -14.762 -16.310 -17.386 -14.206 -17.443
1.42500e+02  99.999 -10.571 -13.487 -14.740 -16.287 -17.381 -13.933 -17.395
1.43500e+02  99.999 -10.746 -13.351 -14.693 -16.263 -17.356 -14.204 -17.352
1.44500e+02  99.999 -10.727 -13.332 -14.686 -16.268 -17.327 -14.057 -17.351
1.45500e+02  99.999 -10.486 -13.256 -14.621 -16.238 -17.303 -14.013 -17.202
1.46500e+02  99.999 -10.223 -13.166 -14.602 -16.210 -17.277 -13.935 -17.288
1.47500e+02  99.999 -10.195 -13.010 -14.605 -16.255 -17.257 -13.823 -17.202
1.48500e+02  99.999  -9.886 -12.996 -14.554 -16.209 -17.229 -13.884 -17.187
1.49500e+02  99.999  -9.894 -13.124 -14.584 -16.147 -17.205 -13.859 -17.190
1.50500e+02  99.999 -10.209 -12.858 -14.489 -16.160 -17.168 -13.882 -17.178
1.51500e+02  99.999  -9.774 -12.778 -14.410 -16.110 -17.155 -13.738 -17.134
1.52500e+02  99.999  -9.818 -12.759 -14.362 -16.136 -17.125 -13.669 -17.057
1.53500e+02  99.999 -10.011 -12.750 -14.342 -16.087 -17.118 -13.718 -17.076
1.54500e+02  99.999  -9.555 -12.733 -14.316 -16.071 -17.119 -13.576 -17.024
1.55500e+02  99.999  -9.990 -12.586 -14.291 -16.064 -17.057 -13.638 -17.067
1.56500e+02  99.999  -9.593 -12.623 -14.228 -15.999 -17.066 -13.407 -17.027
1.57500e+02  99.999  -9.714 -12.568 -14.164 -16.033 -17.032 -13.229 -16.971
1.58500e+02  99.999  -9.958 -12.549 -14.148 -15.984 -17.016 -13.331 -17.021
1.59500e+02  99.999  -9.709 -12.449 -14.098 -15.976 -16.988 -13.097 -16.971
1.60500e+02  99.999  -9.777 -12.335 -14.065 -15.976 -16.995 -12.893 -16.847
1.61500e+02  99.999  -9.760 -12.369 -14.043 -15.960 -16.981 -13.143 -16.914
1.62500e+02  99.999  -9.386 -12.263 -13.948 -15.962 -16.949 -13.054 -16.911
1.63500e+02  99.999  -9.463 -12.388 -13.896 -15.911 -16.956 -12.860 -16.885
1.64500e+02  99.999  -9.990 -12.157 -13.895 -15.910 -16.913 -12.689 -16.857
1.65500e+02  99.999  -9.888 -12.240 -13.895 -15.949 -16.906 -12.856 -16.843
1.66500e+02  99.999  -9.489 -12.174 -13.844 -15.893 -16.895 -12.823 -16.799
1.67500e+02  99.999  -9.406 -12.139 -13.832 -15.863 -16.871 -12.682 -16.769
1.68500e+02  99.999  -9.332 -12.098 -13.807 -15.852 -16.878 -12.325 -16.812
1.69500e+02  99.999  -9.409 -12.120 -13.744 -15.881 -16.827 -12.248 -16.857
1.70500e+02  99.999  -9.240 -11.952 -13.682 -15.857 -16.838 -12.626 -16.679
1.71500e+02  99.999  -9.404 -11.994 -13.638 -15.811 -16.793 -12.754 -16.664
1.72500e+02  99.999  -9.227 -11.984 -13.643 -15.780 -16.786 -12.690 -16.698
1.73500e+02  99.999  -9.432 -11.978 -13.697 -15.799 -16.786 -12.017 -16.619
1.74500e+02  99.999  -9.353 -12.110 -13.616 -15.776 -16.782 -12.039 -16.688
1.75500e+02  -6.205  -9.037 -11.869 -13.593 -15.794 -16.762 -12.129 -16.644
1.76500e+02  99.999  -8.713 -11.844 -13.573 -15.718 -16.750 -11.764 -16.611
1.77500e+02  99.999  -9.021 -11.719 -13.467 -15.714 -16.765 -11.507 -16.648
1.78500e+02  99.999  -9.186 -11.789 -13.522 -15.750 -16.739 -11.731 -16.580
1.79500e+02  99.999  -9.073 -11.765 -13.453 -15.746 -16.738 -11.873 -16.486
1.80500e+02  99.999  -9.318 -11.701 -13.410 -15.677 -16.677 -11.848 -16.532
1.81500e+02  99.999  -9.209 -11.715 -13.391 -15.692 -16.685 -11.515 -16.585
1.82500e+02  99.999  -9.289 -11.772 -13.400 -15.705 -16.723 -11.889 -16.563
1.83500e+02  99.999  -9.140 -11.528 -13.298 -15.651 -16.635 -11.638 -16.506
1.84500e+02  99.999  -8.963 -11.473 -13.264 -15.636 -16.654 -11.778 -16.422
1.85500e+02  99.999  -9.240 -11.650 -13.257 -15.665 -16.611 -12.158 -16.415
1.86500e+02  99.999  -8.722 -11.665 -13.320 -15.622 -16.631 -11.351 -16.434
1.87500e+02  99.999  -9.166 -11.623 -13.258 -15.628 -16.581 -11.839 -16.400
1.88500e+02  99.999  -9.010 -11.552 -13.191 -15.643 -16.613 -11.470 -16.352
1.89500e+02  -5.841  -9.008 -11.212 -13.112 -15.568 -16.559 -11.464 -16.340
1.90500e+02  99.999  -9.180 -11.349 -13.163 -15.579 -16.595 -11.569 -16.249
1.91500e+02  99.999  -9.038 -11.320 -13.082 -15.566 -16.550 -11.743 -16.313
1.92500e+02  99.999  -8.739 -11.421 -13.108 -15.572 -16.537 -10.993 -16.427
1.93500e+02  99.999  -8.829 -11.365 -13.112 -15.568 -16.547 -10.812 -16.281
1.94500e+02  99.999  -8.634 -11.163 -13.055 -15.506 -16.541 -11.830 -16.270
1.95500e+02  99.999  -8.871 -11.270 -13.050 -15.512 -16.482 -10.965 -16.241
1.96500e+02  99.999  -9.086 -11.318 -13.052 -15.515 -16.482  -9.953 -16.239
1.97500e+02  99.999  -8.869 -11.392 -12.955 -15.489 -16.448 -11.028 -16.213
1.98500e+02  -5.493  -8.790 -11.335 -13.004 -15.478 -16.439 -10.892 -16.203
1.99500e+02  99.999  -8.691 -11.216 -12.953 -15.457 -16.440 -10.966 -16.248
2.00500e+02  99.999  -8.829 -11.064 -12.900 -15.453 -16.430 -10.839 -16.122
2.01500e+02  99.999  -8.846 -11.046 -12.900 -15.447 -16.374 -10.436 -16.134
2.02500e+02  99.999  -8.951 -11.034 -12.864 -15.422 -16.400 -11.440 -16.124
2.03500e+02  99.999  -8.620 -11.036 -12.825 -15.404 -16.388 -11.401 -16.090
2.04500e+02  -5.825  -8.447 -10.964 -12.836 -15.373 -16.379 -10.737 -16.096
2.05500e+02  99.999  -8.986 -11.091 -12.802 -15.388 -16.343 -10.585 -16.166
2.06500e+02  99.999  -8.990 -10.973 -12.775 -15.377 -16.348 -10.903 -16.127
2.07500e+02  99.999  -8.630 -10.861 -12.808 -15.369 -16.339 -10.419 -15.993
2.08500e+02  99.999  -8.792 -10.807 -12.748 -15.328 -16.307 -11.109 -16.074
2.09500e+02  99.999  -8.337 -11.071 -12.727 -15.287 -16.273 -10.636 -16.117
2.10500e+02  99.999  -8.135 -10.963 -12.732 -15.270 -16.235 -10.803 -16.084
2.11500e+02  99.999  -8.459 -11.001 -12.727 -15.326 -16.283 -10.168 -16.068
2.12500e+02  99.999  -8.531 -10.784 -12.661 -15.290 -16.229 -10.193 -16.070
2.13500e+02  99.999  -8.659 -10.737 -12.578 -15.217 -16.193 -10.154 -16.063
2.14500e+02  99.999  -8.678 -10.897 -12.622 -15.255 -16.172 -10.315 -16.074
2.15500e+02  99.999  -8.508 -10.854 -12.589 -15.234 -16.202 -10.629 -16.010
2.16500e+02  99.999  -8.381 -10.860 -12.585 -15.209 -16.178 -10.570 -15.915
2.17500e+02  99.999  -8.573 -10.858 -12.619 -15.232 -16.143 -10.400 -15.935
2.18500e+02  99.999  -8.784 -10.890 -12.599 -15.149 -16.123 -10.158 -15.933
2.19500e+02  99.999  -8.933 -10.760 -12.505 -15.161 -16.162 -10.315 -15.963
2.20500e+02  99.999  -8.179 -10.740 -12.579 -15.124 -16.085 -10.517 -15.962
2.21500e+02  99.999  -8.492 -10.882 -12.598 -15.163 -16.103 -10.466 -15.899
2.22500e+02  99.999  -7.238  -9.588 -11.225 -13.796 -14.690     nan -15.337
2.23500e+02  99.999  99.999  -5.180  -7.556  99.999  -4.330     nan -12.799
2.24500e+02  99.999  99.999  -5.544  -8.376  99.999  99.999     nan -11.423
2.25500e+02  99.999  99.999  -5.047  -7.494  99.999  99.999  -2.386  -8.074
2.26500e+02  99.999  99.999  99.999  99.999  99.999  99.999  99.999  -8.014
2.27500e+02  99.999  99.999  99.999  99.999  99.999  99.999     nan  99.999
2.28500e+02  99.999  99.999  -3.292  -6.021  99.999  99.999  99.999  -4.009
2.29500e+02  99.999  99.999  99.999  99.999  99.999  99.999  99.999  99.999
2.30500e+02  99.999  99.999  99.999  99.999  99.999  99.999  99.999  99.999
2.31500e+02  99.999  99.999  99.999  99.999  99.999  99.999  99.999  99.999
2.32500e+02  99.999  99.999  99.999  99.999  99.999  99.999  99.999  99.999
2.33500e+02  99.999  99.999  99.999  99.999  99.999  99.999  99.999  99.999
2.34500e+02  99.999  99.999  99.999  99.999  99.999  99.999  99.999  99.999
2.35500e+02  99.999  99.999  99.999  99.999  99.999  99.999  99.999  99.999
2.36500e+02  99.999  99.999  99.999  99.999  99.999  99.999  99.999  99.999
2.37500e+02  99.999  99.999  99.999  99.999  99.999  99.999  99.999  99.999
2.38500e+02  99.999  99.999  99.999  99.999  99.999  99.999  99.999  99.999
2.39500e+02  99.999  99.999  99.999  99.999  99.999  99.999  99.999  99.999
2.40500e+02  99.999  99.999  99.999  99.999  99.999  99.999  99.999  99.999
2.41500e+02  99.999  99.999  99.999  99.999  99.999  99.999  99.999  99.999
2.42500e+02  99.999  99.999  99.999  99.999  99.999  99.999  99.999  99.999
2.43500e+02  99.999  99.999  99.999  99.999  99.999  99.999  99.999  99.999
2.44500e+02  99.999  99.999  99.999  99.999  99.999  99.999  99.999  99.999
2.45500e+02  99.999  99.999  99.999  99.999  99.999  99.999  99.999  99.999
2.46500e+02  99.999  99.999  99.999  99.999  99.999  99.999  99.999  99.999
2.47500e+02  99.999  99.999  99.999  99.999  99.999  99.999  99.999  99.999
2.48500e+02  99.999  99.999  99.999  99.999  99.999  99.999  99.999  99.999
2.49500e+02  99.999  99.999  99.999  99.999  99.999  99.999  99.999  99.999
