#NTIMES: 250
#NBANDS:   8
#OPTSET: Bessell
#NIRSET: 2MASS
#time[d] U B V R I J H K
5.00000e-01  99.999  99.999  99.999  99.999  99.999  99.999  99.999  99.999
1.50000e+00  99.999  99.999  99.999  99.999  99.999  99.999  99.999  99.999
2.50000e+00  99.999  99.999  99.999  99.999  99.999  99.999  99.999  99.999
3.50000e+00  99.999  99.999  99.999  99.999  99.999  99.999  99.999  99.999
4.50000e+00  99.999  99.999  99.999  99.999  99.999  99.999  99.999  99.999
5.50000e+00  99.999  99.999  99.999  99.999  99.999  99.999  99.999  99.999
6.50000e+00 -11.996 -11.866 -12.659 -13.178 -13.490 -14.268 -14.459 -14.289
7.50000e+00 -14.612 -14.933 -15.282 -15.487 -15.502 -16.065 -16.101 -16.294
8.50000e+00 -16.893 -16.605 -16.661 -16.828 -17.061 -16.761 -16.644 -16.434
9.50000e+00 -17.891 -17.418 -17.427 -17.523 -17.686 -16.920 -16.867 -16.574
1.05000e+01 -18.442 -17.868 -17.848 -17.844 -17.866 -17.160 -16.936 -16.847
1.15000e+01 -18.755 -18.125 -18.119 -18.040 -18.025 -17.327 -16.909 -16.966
1.25000e+01 -19.015 -18.320 -18.295 -18.181 -18.178 -17.460 -16.958 -16.999
1.35000e+01 -19.194 -18.472 -18.418 -18.278 -18.275 -17.484 -16.847 -17.024
1.45000e+01 -19.330 -18.601 -18.507 -18.354 -18.340 -17.478 -16.789 -17.025
1.55000e+01 -19.443 -18.717 -18.595 -18.420 -18.402 -17.456 -16.732 -16.840
1.65000e+01 -19.528 -18.826 -18.662 -18.464 -18.460 -17.408 -16.674 -16.675
1.75000e+01 -19.576 -18.913 -18.730 -18.500 -18.515 -17.356 -16.628 -16.707
1.85000e+01 -19.611 -18.985 -18.808 -18.521 -18.551 -17.280 -16.467 -16.580
1.95000e+01 -19.620 -19.055 -18.877 -18.545 -18.593 -17.219 -16.452 -16.472
2.05000e+01 -19.612 -19.098 -18.944 -18.563 -18.640 -17.085 -16.331 -16.209
2.15000e+01 -19.594 -19.132 -19.003 -18.588 -18.708 -16.967 -16.243 -16.000
2.25000e+01 -19.549 -19.157 -19.051 -18.620 -18.759 -16.805 -16.207 -15.875
2.35000e+01 -19.475 -19.156 -19.085 -18.638 -18.816 -16.671 -16.064 -15.583
2.45000e+01 -19.360 -19.147 -19.112 -18.679 -18.862 -16.498 -16.085 -15.320
2.55000e+01 -19.222 -19.137 -19.138 -18.698 -18.910 -16.341 -16.078 -15.342
2.65000e+01 -19.074 -19.120 -19.146 -18.713 -18.961 -16.242 -16.130 -15.255
2.75000e+01 -18.947 -19.094 -19.150 -18.714 -18.986 -16.125 -16.214 -15.321
2.85000e+01 -18.816 -19.066 -19.141 -18.710 -19.012 -16.110 -16.309 -15.340
2.95000e+01 -18.683 -19.029 -19.127 -18.698 -19.027 -16.122 -16.464 -15.565
3.05000e+01 -18.564 -18.982 -19.094 -18.661 -19.021 -16.169 -16.593 -15.832
3.15000e+01 -18.440 -18.933 -19.050 -18.610 -18.988 -16.218 -16.816 -16.137
3.25000e+01 -18.303 -18.873 -18.997 -18.559 -18.954 -16.297 -17.081 -16.364
3.35000e+01 -18.169 -18.798 -18.937 -18.487 -18.917 -16.396 -17.330 -16.815
3.45000e+01 -18.023 -18.714 -18.872 -18.421 -18.867 -16.491 -17.549 -16.991
3.55000e+01 -17.873 -18.619 -18.797 -18.340 -18.830 -16.643 -17.799 -17.257
3.65000e+01 -17.712 -18.523 -18.730 -18.273 -18.799 -16.798 -17.980 -17.474
3.75000e+01 -17.567 -18.422 -18.662 -18.206 -18.761 -16.924 -18.153 -17.713
3.85000e+01 -17.394 -18.316 -18.598 -18.162 -18.739 -17.063 -18.294 -17.841
3.95000e+01 -17.223 -18.203 -18.549 -18.128 -18.719 -17.152 -18.417 -17.997
4.05000e+01 -17.026 -18.097 -18.490 -18.104 -18.694 -17.264 -18.528 -18.134
4.15000e+01 -16.827 -17.981 -18.444 -18.105 -18.698 -17.375 -18.619 -18.246
4.25000e+01 -16.633 -17.877 -18.406 -18.111 -18.692 -17.463 -18.707 -18.307
4.35000e+01 -16.431 -17.770 -18.359 -18.126 -18.699 -17.548 -18.721 -18.361
4.45000e+01 -16.240 -17.661 -18.320 -18.141 -18.696 -17.610 -18.794 -18.456
4.55000e+01 -16.059 -17.560 -18.284 -18.161 -18.706 -17.660 -18.825 -18.514
4.65000e+01 -15.867 -17.459 -18.249 -18.178 -18.712 -17.688 -18.847 -18.497
4.75000e+01 -15.700 -17.361 -18.205 -18.186 -18.708 -17.725 -18.858 -18.558
4.85000e+01 -15.531 -17.256 -18.158 -18.192 -18.709 -17.758 -18.864 -18.571
4.95000e+01 -15.349 -17.170 -18.112 -18.197 -18.703 -17.779 -18.856 -18.565
5.05000e+01 -15.217 -17.081 -18.070 -18.187 -18.693 -17.796 -18.862 -18.600
5.15000e+01 -15.076 -16.993 -18.025 -18.174 -18.674 -17.802 -18.853 -18.590
5.25000e+01 -14.910 -16.903 -17.977 -18.155 -18.656 -17.811 -18.837 -18.571
5.35000e+01 -14.773 -16.832 -17.930 -18.131 -18.632 -17.801 -18.818 -18.564
5.45000e+01 -14.652 -16.755 -17.881 -18.107 -18.605 -17.789 -18.795 -18.540
5.55000e+01 -14.494 -16.677 -17.832 -18.063 -18.573 -17.788 -18.774 -18.489
5.65000e+01 -14.368 -16.626 -17.783 -18.023 -18.536 -17.759 -18.742 -18.462
5.75000e+01 -14.196 -16.557 -17.731 -17.980 -18.498 -17.724 -18.707 -18.430
5.85000e+01 -14.112 -16.505 -17.688 -17.935 -18.452 -17.698 -18.676 -18.392
5.95000e+01 -13.984 -16.448 -17.630 -17.886 -18.407 -17.645 -18.630 -18.311
6.05000e+01 -13.838 -16.408 -17.581 -17.832 -18.359 -17.586 -18.585 -18.287
6.15000e+01 -13.728 -16.360 -17.540 -17.787 -18.309 -17.504 -18.543 -18.212
6.25000e+01 -13.557 -16.315 -17.488 -17.723 -18.263 -17.456 -18.522 -18.174
6.35000e+01 -13.385 -16.267 -17.444 -17.671 -18.214 -17.369 -18.447 -18.151
6.45000e+01 -13.245 -16.226 -17.404 -17.616 -18.176 -17.281 -18.412 -18.080
6.55000e+01 -13.115 -16.185 -17.361 -17.561 -18.130 -17.191 -18.384 -18.030
6.65000e+01 -12.952 -16.146 -17.322 -17.514 -18.089 -17.094 -18.345 -18.008
6.75000e+01 -12.804 -16.110 -17.287 -17.468 -18.049 -17.033 -18.293 -17.963
6.85000e+01 -12.550 -16.062 -17.254 -17.420 -18.017 -16.933 -18.268 -17.937
6.95000e+01 -12.429 -16.012 -17.214 -17.376 -17.984 -16.873 -18.222 -17.900
7.05000e+01 -12.240 -15.983 -17.187 -17.330 -17.953 -16.804 -18.167 -17.879
7.15000e+01 -12.036 -15.934 -17.132 -17.287 -17.925 -16.741 -18.132 -17.826
7.25000e+01 -11.895 -15.893 -17.098 -17.243 -17.892 -16.689 -18.096 -17.837
7.35000e+01 -11.801 -15.850 -17.065 -17.203 -17.865 -16.620 -18.061 -17.816
7.45000e+01 -11.704 -15.822 -17.026 -17.166 -17.838 -16.579 -17.988 -17.822
7.55000e+01 -11.493 -15.771 -16.981 -17.120 -17.803 -16.524 -17.952 -17.803
7.65000e+01 -11.283 -15.723 -16.942 -17.071 -17.778 -16.504 -17.895 -17.820
7.75000e+01 -11.275 -15.682 -16.900 -17.045 -17.755 -16.473 -17.878 -17.813
7.85000e+01 -11.088 -15.635 -16.849 -17.007 -17.726 -16.447 -17.825 -17.847
7.95000e+01 -10.907 -15.591 -16.802 -16.976 -17.702 -16.445 -17.753 -17.854
8.05000e+01 -10.698 -15.549 -16.769 -16.945 -17.674 -16.430 -17.725 -17.861
8.15000e+01 -10.561 -15.489 -16.721 -16.921 -17.642 -16.399 -17.677 -17.883
8.25000e+01 -10.378 -15.440 -16.672 -16.891 -17.608 -16.394 -17.635 -17.900
8.35000e+01 -10.533 -15.405 -16.638 -16.865 -17.594 -16.419 -17.572 -17.916
8.45000e+01 -10.217 -15.348 -16.589 -16.839 -17.561 -16.389 -17.520 -17.941
8.55000e+01 -10.260 -15.281 -16.537 -16.809 -17.531 -16.416 -17.474 -17.944
8.65000e+01  -9.901 -15.228 -16.488 -16.790 -17.509 -16.430 -17.448 -17.926
8.75000e+01  -9.819 -15.165 -16.446 -16.768 -17.492 -16.447 -17.372 -17.968
8.85000e+01  -9.786 -15.083 -16.411 -16.742 -17.453 -16.462 -17.328 -17.927
8.95000e+01  -9.593 -15.018 -16.355 -16.735 -17.439 -16.499 -17.276 -17.906
9.05000e+01  -9.514 -14.927 -16.312 -16.707 -17.421 -16.541 -17.260 -17.904
9.15000e+01  -9.492 -14.841 -16.263 -16.686 -17.391 -16.579 -17.193 -17.860
9.25000e+01  -9.331 -14.771 -16.217 -16.666 -17.368 -16.616 -17.181 -17.844
9.35000e+01  -9.220 -14.679 -16.175 -16.649 -17.335 -16.665 -17.137 -17.839
9.45000e+01  -8.791 -14.579 -16.113 -16.629 -17.330 -16.710 -17.086 -17.791
9.55000e+01  -8.784 -14.492 -16.070 -16.607 -17.308 -16.769 -17.040 -17.792
9.65000e+01  -8.922 -14.387 -16.004 -16.581 -17.274 -16.807 -17.019 -17.758
9.75000e+01  -8.454 -14.278 -15.952 -16.564 -17.255 -16.862 -16.977 -17.746
9.85000e+01  -8.106 -14.169 -15.913 -16.533 -17.236 -16.911 -16.959 -17.711
9.95000e+01  -7.754 -14.058 -15.848 -16.510 -17.207 -16.963 -16.903 -17.676
1.00500e+02  -7.951 -13.965 -15.808 -16.492 -17.199 -17.016 -16.899 -17.638
1.01500e+02  -7.710 -13.849 -15.747 -16.461 -17.172 -17.063 -16.853 -17.639
1.02500e+02  -7.854 -13.746 -15.701 -16.444 -17.143 -17.079 -16.799 -17.593
1.03500e+02  -6.825 -13.611 -15.666 -16.416 -17.139 -17.134 -16.796 -17.584
1.04500e+02  -7.022 -13.515 -15.606 -16.390 -17.110 -17.165 -16.751 -17.566
1.05500e+02  -7.156 -13.399 -15.559 -16.357 -17.088 -17.202 -16.706 -17.498
1.06500e+02  -7.020 -13.287 -15.504 -16.333 -17.070 -17.223 -16.685 -17.481
1.07500e+02  -6.597 -13.180 -15.456 -16.307 -17.049 -17.247 -16.640 -17.453
1.08500e+02  -5.359 -13.067 -15.398 -16.276 -17.031 -17.272 -16.595 -17.442
1.09500e+02  -6.151 -12.977 -15.356 -16.248 -17.009 -17.292 -16.558 -17.436
1.10500e+02  -5.680 -12.859 -15.298 -16.214 -16.990 -17.319 -16.562 -17.406
1.11500e+02  -5.585 -12.738 -15.259 -16.187 -16.972 -17.331 -16.516 -17.379
1.12500e+02  -5.799 -12.672 -15.197 -16.157 -16.958 -17.343 -16.483 -17.351
1.13500e+02  -5.596 -12.521 -15.147 -16.133 -16.927 -17.371 -16.463 -17.362
1.14500e+02  -5.756 -12.439 -15.089 -16.096 -16.917 -17.366 -16.393 -17.314
1.15500e+02  -5.049 -12.364 -15.050 -16.068 -16.898 -17.370 -16.387 -17.280
1.16500e+02  -5.137 -12.216 -14.972 -16.018 -16.875 -17.393 -16.355 -17.256
1.17500e+02  -5.605 -12.123 -14.937 -16.004 -16.865 -17.388 -16.295 -17.255
1.18500e+02  -5.620 -12.003 -14.863 -15.972 -16.840 -17.393 -16.296 -17.221
1.19500e+02  -4.395 -11.829 -14.796 -15.938 -16.825 -17.402 -16.262 -17.205
1.20500e+02  -1.235 -11.738 -14.737 -15.908 -16.819 -17.415 -16.216 -17.179
1.21500e+02  -3.110 -11.554 -14.655 -15.875 -16.804 -17.407 -16.213 -17.157
1.22500e+02  -1.985 -11.459 -14.610 -15.842 -16.794 -17.406 -16.157 -17.136
1.23500e+02  -2.328 -11.294 -14.517 -15.802 -16.785 -17.424 -16.174 -17.126
1.24500e+02  -5.286 -11.163 -14.437 -15.759 -16.769 -17.417 -16.131 -17.089
1.25500e+02  -4.373 -11.047 -14.356 -15.724 -16.752 -17.406 -16.088 -17.064
1.26500e+02  -1.950 -10.922 -14.293 -15.680 -16.726 -17.404 -16.112 -17.019
1.27500e+02  -4.783 -10.865 -14.211 -15.646 -16.719 -17.407 -16.052 -17.016
1.28500e+02  99.999 -10.759 -14.159 -15.603 -16.711 -17.388 -16.014 -17.018
1.29500e+02  99.999 -10.667 -14.059 -15.559 -16.702 -17.382 -16.038 -16.987
1.30500e+02  -2.206 -10.559 -14.006 -15.518 -16.659 -17.368 -16.029 -16.961
1.31500e+02  99.999 -10.443 -13.921 -15.464 -16.655 -17.353 -15.971 -16.941
1.32500e+02  -2.278 -10.394 -13.839 -15.426 -16.649 -17.331 -15.974 -16.906
1.33500e+02  -1.102 -10.303 -13.762 -15.386 -16.615 -17.324 -15.939 -16.891
1.34500e+02  -0.714 -10.204 -13.759 -15.348 -16.586 -17.304 -15.937 -16.884
1.35500e+02  99.999 -10.131 -13.653 -15.299 -16.573 -17.272 -15.880 -16.863
1.36500e+02  -1.485 -10.053 -13.580 -15.258 -16.545 -17.265 -15.899 -16.838
1.37500e+02  99.999 -10.039 -13.540 -15.212 -16.525 -17.230 -15.935 -16.809
1.38500e+02  99.999 -10.045 -13.491 -15.155 -16.488 -17.218 -15.892 -16.761
1.39500e+02  99.999  -9.975 -13.429 -15.116 -16.465 -17.192 -15.855 -16.778
1.40500e+02  99.999  -9.929 -13.357 -15.066 -16.433 -17.173 -15.890 -16.746
1.41500e+02  99.999  -9.854 -13.294 -15.022 -16.404 -17.138 -15.863 -16.719
1.42500e+02  99.999  -9.758 -13.246 -14.969 -16.362 -17.127 -15.864 -16.715
1.43500e+02  -4.752  -9.867 -13.222 -14.933 -16.321 -17.106 -15.833 -16.682
1.44500e+02  99.999  -9.759 -13.142 -14.910 -16.308 -17.093 -15.797 -16.630
1.45500e+02  99.999  -9.826 -13.101 -14.854 -16.263 -17.074 -15.751 -16.630
1.46500e+02  99.999  -9.562 -13.074 -14.834 -16.238 -17.052 -15.751 -16.625
1.47500e+02  99.999  -9.716 -13.057 -14.798 -16.218 -17.031 -15.737 -16.602
1.48500e+02  -0.942  -9.629 -13.005 -14.779 -16.184 -17.019 -15.707 -16.568
1.49500e+02  99.999  -9.665 -13.003 -14.749 -16.172 -16.991 -15.675 -16.533
1.50500e+02  99.999  -9.590 -12.954 -14.705 -16.150 -16.978 -15.648 -16.510
1.51500e+02  99.999  -9.519 -12.943 -14.685 -16.122 -16.991 -15.599 -16.506
1.52500e+02  99.999  -9.514 -12.941 -14.675 -16.104 -16.957 -15.586 -16.462
1.53500e+02  99.999  -9.508 -12.889 -14.665 -16.092 -16.938 -15.568 -16.478
1.54500e+02  -4.119  -9.527 -12.877 -14.617 -16.068 -16.935 -15.555 -16.453
1.55500e+02  99.999  -9.612 -12.839 -14.590 -16.046 -16.927 -15.537 -16.426
1.56500e+02  99.999  -9.557 -12.830 -14.564 -16.022 -16.902 -15.513 -16.421
1.57500e+02  99.999  -9.471 -12.816 -14.559 -16.005 -16.897 -15.486 -16.376
1.58500e+02  99.999  -9.409 -12.773 -14.538 -15.991 -16.875 -15.509 -16.336
1.59500e+02  99.999  -9.433 -12.757 -14.507 -15.981 -16.855 -15.488 -16.331
1.60500e+02  99.999  -9.430 -12.738 -14.493 -15.968 -16.856 -15.421 -16.319
1.61500e+02  99.999  -9.402 -12.704 -14.451 -15.941 -16.851 -15.446 -16.255
1.62500e+02  99.999  -9.402 -12.698 -14.440 -15.928 -16.839 -15.427 -16.240
1.63500e+02  99.999  -9.474 -12.634 -14.418 -15.899 -16.818 -15.422 -16.239
1.64500e+02  -3.193  -9.428 -12.637 -14.393 -15.878 -16.817 -15.365 -16.214
1.65500e+02  99.999  -9.348 -12.572 -14.359 -15.870 -16.798 -15.352 -16.181
1.66500e+02  99.999  -9.457 -12.581 -14.346 -15.851 -16.772 -15.360 -16.182
1.67500e+02  -3.829  -9.453 -12.587 -14.337 -15.818 -16.771 -15.358 -16.146
1.68500e+02  99.999  -9.242 -12.524 -14.295 -15.816 -16.766 -15.345 -16.143
1.69500e+02  99.999  -9.309 -12.512 -14.279 -15.794 -16.750 -15.300 -16.081
1.70500e+02  99.999  -9.227 -12.511 -14.262 -15.767 -16.730 -15.296 -16.126
1.71500e+02  99.999  -9.200 -12.471 -14.235 -15.760 -16.728 -15.307 -16.101
1.72500e+02  -2.850  -9.269 -12.441 -14.202 -15.729 -16.708 -15.314 -16.051
1.73500e+02  99.999  -9.248 -12.404 -14.179 -15.732 -16.700 -15.286 -16.041
1.74500e+02  99.999  -9.217 -12.365 -14.171 -15.694 -16.695 -15.260 -16.034
1.75500e+02  99.999  -9.237 -12.333 -14.139 -15.685 -16.676 -15.288 -16.048
1.76500e+02  99.999  -9.250 -12.339 -14.116 -15.658 -16.668 -15.262 -16.021
1.77500e+02  99.999  -9.258 -12.325 -14.094 -15.659 -16.663 -15.239 -15.987
1.78500e+02  -2.122  -9.272 -12.263 -14.083 -15.640 -16.634 -15.233 -15.940
1.79500e+02  -3.091  -9.174 -12.276 -14.049 -15.615 -16.627 -15.231 -15.913
1.80500e+02  99.999  -9.083 -12.237 -14.022 -15.614 -16.623 -15.248 -15.927
1.81500e+02  99.999  -9.242 -12.253 -14.019 -15.593 -16.589 -15.224 -15.902
1.82500e+02  99.999  -9.227 -12.225 -13.973 -15.582 -16.616 -15.170 -15.865
1.83500e+02  99.999  -9.129 -12.187 -13.963 -15.564 -16.595 -15.179 -15.808
1.84500e+02  -0.595  -9.103 -12.167 -13.927 -15.540 -16.584 -15.188 -15.814
1.85500e+02  99.999  -9.129 -12.172 -13.922 -15.516 -16.572 -15.172 -15.810
1.86500e+02  99.999  -9.192 -12.125 -13.892 -15.485 -16.561 -15.187 -15.754
1.87500e+02  99.999  -9.129 -12.096 -13.864 -15.500 -16.535 -15.177 -15.739
1.88500e+02  -1.700  -9.156 -12.052 -13.866 -15.469 -16.531 -15.169 -15.722
1.89500e+02  99.999  -9.053 -12.014 -13.824 -15.459 -16.525 -15.169 -15.688
1.90500e+02  99.999  -9.217 -12.026 -13.792 -15.441 -16.520 -15.106 -15.684
1.91500e+02  99.999  -8.968 -12.023 -13.790 -15.423 -16.513 -15.155 -15.609
1.92500e+02  99.999  -9.167 -11.994 -13.745 -15.415 -16.487 -15.134 -15.598
1.93500e+02  99.999  -9.125 -11.973 -13.728 -15.390 -16.472 -15.114 -15.617
1.94500e+02  99.999  -9.018 -11.955 -13.720 -15.385 -16.476 -15.108 -15.579
1.95500e+02  99.999  -9.160 -11.945 -13.679 -15.357 -16.457 -15.084 -15.579
1.96500e+02  99.999  -9.042 -11.903 -13.669 -15.354 -16.445 -15.091 -15.568
1.97500e+02  99.999  -8.920 -11.884 -13.633 -15.335 -16.425 -15.080 -15.529
1.98500e+02  99.999  -8.971 -11.876 -13.618 -15.323 -16.414 -15.048 -15.532
1.99500e+02  99.999  -9.002 -11.832 -13.613 -15.298 -16.400 -15.096 -15.486
2.00500e+02  99.999  -9.020 -11.823 -13.577 -15.273 -16.405 -15.058 -15.468
2.01500e+02  -0.441  -9.069 -11.829 -13.564 -15.282 -16.380 -15.077 -15.418
2.02500e+02  99.999  -8.947 -11.813 -13.541 -15.255 -16.368 -15.051 -15.454
2.03500e+02  99.999  -8.985 -11.783 -13.514 -15.229 -16.353 -15.030 -15.389
2.04500e+02  -0.376  -8.946 -11.740 -13.481 -15.223 -16.346 -15.093 -15.409
2.05500e+02  99.999  -8.958 -11.685 -13.437 -15.206 -16.332 -15.015 -15.372
2.06500e+02  99.999  -9.015 -11.687 -13.432 -15.206 -16.318 -15.013 -15.351
2.07500e+02  99.999  -8.892 -11.708 -13.410 -15.168 -16.294 -14.999 -15.337
2.08500e+02  99.999  -8.927 -11.630 -13.392 -15.163 -16.294 -14.952 -15.325
2.09500e+02  99.999  -8.941 -11.655 -13.387 -15.143 -16.281 -14.977 -15.334
2.10500e+02  99.999  -8.921 -11.619 -13.361 -15.134 -16.270 -14.975 -15.297
2.11500e+02  99.999  -8.842 -11.595 -13.339 -15.107 -16.264 -14.995 -15.277
2.12500e+02  99.999  -8.825 -11.558 -13.286 -15.101 -16.241 -14.979 -15.248
2.13500e+02  99.999  -8.775 -11.580 -13.284 -15.069 -16.228 -14.963 -15.251
2.14500e+02  99.999  -8.980 -11.551 -13.254 -15.071 -16.218 -14.978 -15.228
2.15500e+02  99.999  -8.906 -11.550 -13.243 -15.041 -16.206 -14.919 -15.228
2.16500e+02  99.999  -8.912 -11.504 -13.219 -15.026 -16.200 -14.918 -15.161
2.17500e+02  99.999  -8.866 -11.538 -13.193 -15.016 -16.190 -14.942 -15.208
2.18500e+02  99.999  -8.932 -11.484 -13.179 -14.989 -16.173 -14.938 -15.182
2.19500e+02  99.999  -8.807 -11.494 -13.148 -14.977 -16.166 -14.916 -15.157
2.20500e+02  99.999  -8.898 -11.448 -13.149 -14.957 -16.130 -14.868 -15.120
2.21500e+02  99.999  -8.811 -11.414 -13.134 -14.948 -16.127 -14.896 -15.093
2.22500e+02  99.999  -7.680 -10.178 -11.830 -13.658 -14.856 -14.585 -14.382
2.23500e+02  99.999  99.999  -4.372  -7.448  -3.170  -9.538 -12.614 -10.681
2.24500e+02  99.999  99.999  -3.263  -6.533  -2.573  -8.430 -11.114  -9.472
2.25500e+02  99.999  99.999  -3.109  -6.291  99.999  -7.666 -10.244  -7.944
2.26500e+02  99.999  99.999  -0.839  -3.568  99.999  -6.599  -9.076  -7.398
2.27500e+02  99.999  99.999  -1.578  -4.725  99.999  -6.256  -8.270  -7.207
2.28500e+02  99.999  99.999  -0.814  -3.543  99.999  -2.944  -8.251  -7.120
2.29500e+02  99.999  99.999  99.999  99.999  99.999  99.999  -7.484  99.999
2.30500e+02  99.999  99.999  -0.600  -3.519  99.999  99.999  -7.114  99.999
2.31500e+02  99.999  99.999  99.999  99.999  99.999  -2.436  99.999  99.999
2.32500e+02  99.999  99.999  99.999  99.999  99.999  99.999  99.999  99.999
2.33500e+02  99.999  99.999  99.999  99.999  99.999  99.999  -6.395  99.999
2.34500e+02  99.999  99.999  99.999  99.999  99.999  99.999  99.999  99.999
2.35500e+02  99.999  99.999  99.999  99.999  99.999  99.999  99.999  99.999
2.36500e+02  99.999  99.999  99.999  99.999  99.999  99.999  99.999  99.999
2.37500e+02  99.999  99.999  99.999  99.999  99.999  -3.070  99.999  99.999
2.38500e+02  99.999  99.999  99.999  99.999  99.999  99.999  99.999  99.999
2.39500e+02  99.999  99.999  99.999  99.999  99.999  99.999  99.999  99.999
2.40500e+02  99.999  99.999  99.999  99.999  99.999  99.999  99.999  99.999
2.41500e+02  99.999  99.999  99.999  99.999  99.999  99.999  99.999  99.999
2.42500e+02  99.999  99.999  99.999  99.999  99.999  99.999  -6.287  99.999
2.43500e+02  99.999  99.999  99.999  99.999  99.999  99.999  99.999  99.999
2.44500e+02  99.999  99.999  99.999  99.999  99.999  99.999  99.999  99.999
2.45500e+02  99.999  99.999  99.999  99.999  99.999  99.999  99.999  99.999
2.46500e+02  99.999  99.999  99.999  99.999  99.999  99.999  99.999  99.999
2.47500e+02  99.999  99.999  99.999  99.999  99.999  99.999  99.999  99.999
2.48500e+02  99.999  99.999  99.999  99.999  99.999  99.999  99.999  99.999
2.49500e+02  99.999  99.999  99.999  99.999  99.999  99.999  99.999  99.999
