#NTIMES:  38
#NVEL:   111
#TIMES: 2.02000e+00 2.05000e+00 2.10000e+00 2.20000e+00 2.40000e+00 2.64000e+00 2.90000e+00 3.19000e+00 3.51000e+00 3.86000e+00 4.25000e+00 4.67000e+00 5.14000e+00 5.65000e+00 6.21000e+00 6.83000e+00 7.51000e+00 8.26000e+00 9.09000e+00 1.00000e+01 1.10000e+01 1.21000e+01 1.33100e+01 1.46400e+01 1.61000e+01 1.77100e+01 1.94800e+01 2.14300e+01 2.35700e+01 2.59300e+01 2.85200e+01 3.13700e+01 3.45100e+01 3.80000e+01 4.10000e+01 4.51000e+01 4.96100e+01 5.45700e+01
#vel_mid[km/s] Tgas_t0[K] Tgas_t1[K] ... Tgas_tn[K]
1.02500e+03 1.13436e+05 1.12246e+05 1.10461e+05 1.07272e+05 1.01783e+05 9.62536e+04 9.12216e+04 8.63340e+04 8.15886e+04 7.71697e+04 7.28870e+04 6.88825e+04 6.49350e+04 6.11156e+04 5.73549e+04 5.36111e+04 4.98691e+04 4.61571e+04 4.27289e+04 3.97663e+04 3.71900e+04 3.48513e+04 3.25461e+04 3.00501e+04 2.75688e+04 2.52727e+04 2.30209e+04 2.07443e+04 1.85198e+04 1.64896e+04 1.44119e+04 1.27018e+04 1.18863e+04 1.13733e+04 1.13905e+04 9.09415e+03 7.43060e+03 6.97954e+03
1.03712e+03 1.13438e+05 1.12249e+05 1.10464e+05 1.07275e+05 1.01787e+05 9.62559e+04 9.12307e+04 8.63197e+04 8.15946e+04 7.71770e+04 7.28953e+04 6.88907e+04 6.49415e+04 6.11199e+04 5.73581e+04 5.36151e+04 4.98738e+04 4.61605e+04 4.27305e+04 3.97671e+04 3.71906e+04 3.48520e+04 3.25467e+04 3.00505e+04 2.75690e+04 2.52728e+04 2.30211e+04 2.07438e+04 1.85221e+04 1.64883e+04 1.44125e+04 1.27053e+04 1.18870e+04 1.13739e+04 1.13903e+04 9.03008e+03 7.45379e+03 6.98190e+03
1.06136e+03 1.13394e+05 1.12217e+05 1.10441e+05 1.07259e+05 1.01777e+05 9.62500e+04 9.12383e+04 8.63368e+04 8.16080e+04 7.71998e+04 7.29291e+04 6.89356e+04 6.49969e+04 6.11819e+04 5.74200e+04 5.36690e+04 4.99141e+04 4.61876e+04 4.27503e+04 3.97804e+04 3.72010e+04 3.48638e+04 3.25639e+04 3.00702e+04 2.75854e+04 2.52826e+04 2.30268e+04 2.07612e+04 1.85229e+04 1.64845e+04 1.44158e+04 1.27097e+04 1.18904e+04 1.13805e+04 1.13879e+04 9.09259e+03 7.55517e+03 7.02488e+03
1.10984e+03 1.13147e+05 1.12034e+05 1.10299e+05 1.07151e+05 1.01697e+05 9.61866e+04 9.11929e+04 8.63145e+04 8.15786e+04 7.71825e+04 7.29245e+04 6.89443e+04 6.50200e+04 6.12181e+04 5.74651e+04 5.37157e+04 4.99541e+04 4.62174e+04 4.27696e+04 3.97915e+04 3.72083e+04 3.48723e+04 3.25775e+04 3.00876e+04 2.76004e+04 2.52899e+04 2.30273e+04 2.07643e+04 1.85097e+04 1.64838e+04 1.44211e+04 1.27156e+04 1.18991e+04 1.14013e+04 1.13808e+04 9.18638e+03 7.56533e+03 7.06050e+03
1.21302e+03 1.12283e+05 1.11298e+05 1.09694e+05 1.06676e+05 1.01337e+05 9.58950e+04 9.09105e+04 8.60500e+04 8.13980e+04 7.70347e+04 7.28044e+04 6.88487e+04 6.49477e+04 6.11667e+04 5.74315e+04 5.36946e+04 4.99390e+04 4.62038e+04 4.27529e+04 3.97706e+04 3.71870e+04 3.48572e+04 3.25712e+04 3.00874e+04 2.76016e+04 2.52803e+04 2.30050e+04 2.07488e+04 1.84850e+04 1.64622e+04 1.44086e+04 1.27074e+04 1.19161e+04 1.14475e+04 1.13547e+04 9.26225e+03 7.57403e+03 7.10592e+03
1.32572e+03 1.11228e+05 1.10301e+05 1.08792e+05 1.05912e+05 1.00728e+05 9.53869e+04 9.04557e+04 8.56551e+04 8.10705e+04 7.67548e+04 7.25635e+04 6.86400e+04 6.47672e+04 6.10100e+04 5.72950e+04 5.35747e+04 4.98330e+04 4.61116e+04 4.26709e+04 3.96942e+04 3.71179e+04 3.48002e+04 3.25248e+04 3.00495e+04 2.75685e+04 2.52377e+04 2.29517e+04 2.06999e+04 1.84381e+04 1.64337e+04 1.43743e+04 1.26976e+04 1.19296e+04 1.14895e+04 1.13091e+04 9.33354e+03 7.63985e+03 7.15118e+03
1.44890e+03 1.10059e+05 1.09159e+05 1.07705e+05 1.04934e+05 9.99095e+04 9.46933e+04 8.98255e+04 8.51134e+04 8.06093e+04 7.63532e+04 7.22114e+04 6.83281e+04 6.44900e+04 6.07617e+04 5.70717e+04 5.33730e+04 4.96506e+04 4.59510e+04 4.25296e+04 3.95668e+04 3.70053e+04 3.47047e+04 3.24403e+04 2.99749e+04 2.75003e+04 2.51622e+04 2.28671e+04 2.06330e+04 1.83832e+04 1.63731e+04 1.43122e+04 1.26746e+04 1.19391e+04 1.15258e+04 1.12711e+04 9.37843e+03 7.64597e+03 7.18175e+03
1.58353e+03 1.08787e+05 1.07905e+05 1.06486e+05 1.03796e+05 9.89160e+04 9.38346e+04 8.90705e+04 8.44540e+04 8.00201e+04 7.58332e+04 7.17497e+04 6.79138e+04 6.41165e+04 6.04221e+04 5.67621e+04 5.30898e+04 4.93918e+04 4.57216e+04 4.23290e+04 3.93894e+04 3.68503e+04 3.45715e+04 3.23178e+04 2.98635e+04 2.73966e+04 2.50528e+04 2.27497e+04 2.05396e+04 1.83002e+04 1.62897e+04 1.42303e+04 1.26448e+04 1.19448e+04 1.15568e+04 1.13083e+04 9.43929e+03 7.68586e+03 7.19998e+03
1.73066e+03 1.07411e+05 1.06545e+05 1.05155e+05 1.02527e+05 9.77743e+04 9.28239e+04 8.81832e+04 8.36621e+04 7.93059e+04 7.51965e+04 7.11793e+04 6.73967e+04 6.36458e+04 5.99901e+04 5.63647e+04 5.27233e+04 4.90544e+04 4.54214e+04 4.20677e+04 3.91612e+04 3.66530e+04 3.44007e+04 3.21569e+04 2.97149e+04 2.72567e+04 2.49077e+04 2.25982e+04 2.04157e+04 1.81847e+04 1.61891e+04 1.41167e+04 1.26087e+04 1.19471e+04 1.15834e+04 1.13491e+04 9.50420e+03 7.68206e+03 7.25429e+03
1.89146e+03 1.05932e+05 1.05080e+05 1.03715e+05 1.01141e+05 9.65016e+04 9.16768e+04 8.71294e+04 8.27037e+04 7.84632e+04 7.44374e+04 7.04929e+04 6.67671e+04 6.30702e+04 5.94574e+04 5.58712e+04 5.22648e+04 4.86301e+04 4.50429e+04 4.17397e+04 3.88781e+04 3.64100e+04 3.41889e+04 3.19535e+04 2.95255e+04 2.70761e+04 2.47209e+04 2.24097e+04 2.02471e+04 1.80304e+04 1.60629e+04 1.39835e+04 1.25625e+04 1.19462e+04 1.16057e+04 1.13897e+04 9.56844e+03 7.72176e+03 7.29164e+03
2.06720e+03 1.04337e+05 1.03501e+05 1.02162e+05 9.96412e+04 9.51069e+04 9.04022e+04 8.59424e+04 8.16262e+04 7.75039e+04 7.35604e+04 6.96964e+04 6.60250e+04 6.23944e+04 5.88280e+04 5.52850e+04 5.17170e+04 4.81217e+04 4.45864e+04 4.13479e+04 3.85427e+04 3.61239e+04 3.39378e+04 3.17092e+04 2.92965e+04 2.68549e+04 2.44920e+04 2.21865e+04 2.00478e+04 1.78451e+04 1.59023e+04 1.38250e+04 1.25095e+04 1.19429e+04 1.16250e+04 1.14259e+04 9.62126e+03 7.73183e+03 7.31980e+03
2.25928e+03 1.02626e+05 1.01804e+05 1.00492e+05 9.80237e+04 9.35933e+04 8.90037e+04 8.46501e+04 8.04593e+04 7.64326e+04 7.25965e+04 6.88066e+04 6.52074e+04 6.16163e+04 5.80992e+04 5.46031e+04 5.10768e+04 4.75272e+04 4.40577e+04 4.08914e+04 3.81549e+04 3.57942e+04 3.36460e+04 3.14228e+04 2.90260e+04 2.65901e+04 2.42174e+04 2.19292e+04 1.98055e+04 1.76377e+04 1.57151e+04 1.36450e+04 1.24509e+04 1.19381e+04 1.16418e+04 1.14529e+04 9.63053e+03 7.73091e+03 7.38148e+03
2.46920e+03 1.00782e+05 9.99782e+04 9.86947e+04 9.62834e+04 9.19601e+04 8.74894e+04 8.32427e+04 7.91648e+04 7.52489e+04 7.15258e+04 6.78070e+04 6.42767e+04 6.07315e+04 5.72670e+04 5.38215e+04 5.03399e+04 4.68436e+04 4.34604e+04 4.03694e+04 3.77145e+04 3.54207e+04 3.33118e+04 3.10931e+04 2.87113e+04 2.62778e+04 2.38927e+04 2.16381e+04 1.95144e+04 1.73987e+04 1.54799e+04 1.34516e+04 1.23902e+04 1.19324e+04 1.16562e+04 1.14762e+04 9.62200e+03 7.74872e+03 7.40944e+03
2.69862e+03 9.88068e+04 9.80211e+04 9.67681e+04 9.44164e+04 9.02049e+04 8.58522e+04 8.17168e+04 7.77609e+04 7.39531e+04 7.02956e+04 6.66586e+04 6.31937e+04 5.97348e+04 5.63266e+04 5.29350e+04 4.95013e+04 4.60686e+04 4.27728e+04 3.97814e+04 3.72216e+04 3.50029e+04 3.29328e+04 3.07190e+04 2.83481e+04 2.59124e+04 2.35140e+04 2.13120e+04 1.91781e+04 1.71253e+04 1.52023e+04 1.32499e+04 1.23412e+04 1.19268e+04 1.16678e+04 1.14935e+04 9.62065e+03 7.75391e+03 7.48068e+03
2.94936e+03 9.66962e+04 9.59293e+04 9.47080e+04 9.24189e+04 8.83250e+04 8.40936e+04 8.00986e+04 7.62487e+04 7.25451e+04 6.89614e+04 6.54057e+04 6.20270e+04 5.86205e+04 5.52683e+04 5.19343e+04 4.85534e+04 4.52007e+04 4.20083e+04 3.91301e+04 3.66752e+04 3.45400e+04 3.25057e+04 3.02977e+04 2.79299e+04 2.54848e+04 2.30770e+04 2.09425e+04 1.88066e+04 1.68176e+04 1.48747e+04 1.30576e+04 1.22950e+04 1.19216e+04 1.16754e+04 1.15116e+04 9.59159e+03 7.81448e+03 7.54672e+03
3.22340e+03 9.44414e+04 9.36954e+04 9.25083e+04 9.02862e+04 8.63174e+04 8.22238e+04 7.83728e+04 7.46309e+04 7.10260e+04 6.75505e+04 6.40661e+04 6.07312e+04 5.73822e+04 5.40889e+04 5.08227e+04 4.74965e+04 4.42435e+04 4.11658e+04 3.84202e+04 3.60822e+04 3.40329e+04 3.20308e+04 2.98339e+04 2.74554e+04 2.49917e+04 2.25900e+04 2.05169e+04 1.83922e+04 1.64682e+04 1.44935e+04 1.28783e+04 1.22519e+04 1.19166e+04 1.16779e+04 1.15156e+04 9.57158e+03 7.86837e+03 7.63504e+03
3.52290e+03 9.20402e+04 9.13166e+04 9.01662e+04 8.80155e+04 8.41794e+04 8.02331e+04 7.65259e+04 7.28927e+04 6.93944e+04 6.60157e+04 6.25991e+04 5.93334e+04 5.60362e+04 5.28093e+04 4.96061e+04 4.63437e+04 4.31874e+04 4.02379e+04 3.76527e+04 3.54497e+04 3.34889e+04 3.15080e+04 2.93240e+04 2.69012e+04 2.44226e+04 2.20710e+04 2.00320e+04 1.79406e+04 1.60777e+04 1.40671e+04 1.27116e+04 1.22135e+04 1.19115e+04 1.16724e+04 1.14948e+04 9.55565e+03 7.92643e+03 7.74187e+03
3.85023e+03 8.94893e+04 8.87901e+04 8.76793e+04 8.56050e+04 8.19096e+04 7.81091e+04 7.45414e+04 7.10193e+04 6.76173e+04 6.43247e+04 6.09785e+04 5.77809e+04 5.45695e+04 5.14025e+04 4.82671e+04 4.50919e+04 4.20396e+04 3.92539e+04 3.68494e+04 3.47799e+04 3.29013e+04 3.09380e+04 2.87370e+04 2.62587e+04 2.37625e+04 2.15156e+04 1.94742e+04 1.74546e+04 1.56335e+04 1.36406e+04 1.25663e+04 1.21796e+04 1.19052e+04 1.16541e+04 1.14175e+04 9.51341e+03 7.99182e+03 7.83506e+03
4.20797e+03 8.67872e+04 8.61149e+04 8.50469e+04 8.30542e+04 7.95072e+04 7.58617e+04 7.24151e+04 6.90165e+04 6.57249e+04 6.25120e+04 5.92416e+04 5.61028e+04 5.29618e+04 4.98668e+04 4.67824e+04 4.37281e+04 4.08232e+04 3.82254e+04 3.60147e+04 3.40868e+04 3.22777e+04 3.03212e+04 2.80687e+04 2.55322e+04 2.30249e+04 2.09227e+04 1.88568e+04 1.69280e+04 1.51080e+04 1.32566e+04 1.24506e+04 1.21653e+04 1.18955e+04 1.16127e+04 1.13051e+04 9.43329e+03 8.07637e+03 7.97139e+03
4.59895e+03 8.39339e+04 8.32913e+04 8.22698e+04 8.03643e+04 7.69726e+04 7.34770e+04 7.01457e+04 6.68754e+04 6.36663e+04 6.05396e+04 5.73540e+04 5.42913e+04 5.12233e+04 4.81960e+04 4.51998e+04 4.22709e+04 3.95385e+04 3.71735e+04 3.51588e+04 3.33611e+04 3.16282e+04 2.96469e+04 2.72945e+04 2.46797e+04 2.22453e+04 2.02422e+04 1.81838e+04 1.63565e+04 1.44792e+04 1.29517e+04 1.23714e+04 1.21444e+04 1.18759e+04 1.15264e+04 1.10796e+04 9.35436e+03 8.18980e+03 8.12126e+03
5.02626e+03 8.09324e+04 8.03227e+04 7.93520e+04 7.75394e+04 7.43072e+04 7.09610e+04 6.77440e+04 6.45749e+04 6.14463e+04 5.83949e+04 5.52857e+04 5.23196e+04 4.93315e+04 4.63848e+04 4.35098e+04 4.07405e+04 3.82353e+04 3.61184e+04 3.42822e+04 3.26094e+04 3.09001e+04 2.88768e+04 2.63698e+04 2.36864e+04 2.14509e+04 1.94337e+04 1.74659e+04 1.57158e+04 1.38232e+04 1.27122e+04 1.23058e+04 1.21256e+04 1.18377e+04 1.13573e+04 1.06708e+04 9.27192e+03 8.32255e+03 8.27844e+03
5.32274e+03 7.89172e+04 7.83298e+04 7.73928e+04 7.56414e+04 7.25092e+04 6.92484e+04 6.60976e+04 6.29817e+04 5.99017e+04 5.69011e+04 5.38503e+04 5.09486e+04 4.80176e+04 4.51472e+04 4.23657e+04 3.97228e+04 3.73995e+04 3.54349e+04 3.37048e+04 3.20951e+04 3.03913e+04 2.83080e+04 2.56656e+04 2.29909e+04 2.09032e+04 1.88584e+04 1.69869e+04 1.52426e+04 1.34440e+04 1.25903e+04 1.22726e+04 1.21095e+04 1.17931e+04 1.11750e+04 1.03438e+04 9.19380e+03 8.41399e+03 8.36751e+03
5.63679e+03 7.68452e+04 7.62802e+04 7.53782e+04 7.36870e+04 7.06448e+04 6.74453e+04 6.43429e+04 6.12801e+04 5.82386e+04 5.52939e+04 5.23031e+04 4.94741e+04 4.66201e+04 4.38504e+04 4.11832e+04 3.86941e+04 3.65648e+04 3.47445e+04 3.31094e+04 3.15497e+04 2.98517e+04 2.76600e+04 2.48518e+04 2.22653e+04 2.02860e+04 1.82467e+04 1.64875e+04 1.47069e+04 1.31223e+04 1.24903e+04 1.22428e+04 1.20849e+04 1.17246e+04 1.09200e+04 1.00613e+04 9.12557e+03 8.51274e+03 8.45846e+03
5.96925e+03 7.47174e+04 7.41769e+04 7.33075e+04 7.16644e+04 6.86854e+04 6.55218e+04 6.24162e+04 5.93929e+04 5.64024e+04 5.35220e+04 5.06186e+04 4.78730e+04 4.51174e+04 4.24740e+04 3.99556e+04 3.76669e+04 3.57167e+04 3.40134e+04 3.24383e+04 3.08878e+04 2.91391e+04 2.67889e+04 2.38635e+04 2.15124e+04 1.95094e+04 1.76047e+04 1.59450e+04 1.41139e+04 1.28822e+04 1.24118e+04 1.22110e+04 1.20467e+04 1.16466e+04 1.05439e+04 9.83973e+03 9.08765e+03 8.60503e+03 8.53275e+03
6.32463e+03 7.25353e+04 7.19960e+04 7.11281e+04 6.94902e+04 6.65267e+04 6.32954e+04 6.02322e+04 5.72046e+04 5.42883e+04 5.14887e+04 4.86975e+04 4.60693e+04 4.34603e+04 4.09788e+04 3.86570e+04 3.65737e+04 3.47601e+04 3.31182e+04 3.15547e+04 2.99686e+04 2.80791e+04 2.54780e+04 2.26887e+04 2.05135e+04 1.86073e+04 1.69171e+04 1.53050e+04 1.35798e+04 1.26854e+04 1.23341e+04 1.21512e+04 1.19671e+04 1.14284e+04 1.01403e+04 9.66058e+03 8.97563e+03 8.64349e+03 8.55704e+03
6.69679e+03 7.01071e+04 6.95215e+04 6.86133e+04 6.69387e+04 6.39564e+04 6.08062e+04 5.77877e+04 5.48105e+04 5.19851e+04 4.92916e+04 4.66458e+04 4.41705e+04 4.17327e+04 3.94298e+04 3.73031e+04 3.53744e+04 3.36319e+04 3.20035e+04 3.04190e+04 2.87143e+04 2.65508e+04 2.38641e+04 2.13736e+04 1.93881e+04 1.76946e+04 1.61891e+04 1.45770e+04 1.31355e+04 1.25146e+04 1.22451e+04 1.20595e+04 1.18163e+04 1.10532e+04 9.80520e+03 9.48184e+03 8.85705e+03 8.60678e+03 8.54269e+03
7.07980e+03 6.74487e+04 6.68488e+04 6.59119e+04 6.41962e+04 6.11932e+04 5.80972e+04 5.51671e+04 5.23074e+04 4.95935e+04 4.70314e+04 4.45584e+04 4.22549e+04 3.99887e+04 3.78591e+04 3.58881e+04 3.40470e+04 3.23256e+04 3.06777e+04 2.90241e+04 2.71100e+04 2.46597e+04 2.21161e+04 2.00002e+04 1.82547e+04 1.68168e+04 1.54104e+04 1.38206e+04 1.27786e+04 1.23502e+04 1.21259e+04 1.19106e+04 1.15474e+04 1.05288e+04 9.53275e+03 9.25461e+03 8.73243e+03 8.54474e+03 8.52822e+03
7.40713e+03 6.48828e+04 6.43042e+04 6.33795e+04 6.16770e+04 5.87233e+04 5.57253e+04 5.29299e+04 5.02089e+04 4.76208e+04 4.51875e+04 4.28700e+04 4.06957e+04 3.85442e+04 3.65250e+04 3.46088e+04 3.27870e+04 3.10836e+04 2.94134e+04 2.76133e+04 2.54484e+04 2.30133e+04 2.07486e+04 1.89114e+04 1.74385e+04 1.61153e+04 1.46787e+04 1.32649e+04 1.25310e+04 1.21904e+04 1.19674e+04 1.16837e+04 1.11368e+04 1.00291e+04 9.30808e+03 9.00209e+03 8.58800e+03 8.47423e+03 8.47310e+03
7.69282e+03 6.24452e+04 6.18945e+04 6.10035e+04 5.93612e+04 5.65231e+04 5.36486e+04 5.09853e+04 4.84246e+04 4.59633e+04 4.36409e+04 4.14338e+04 3.93409e+04 3.72669e+04 3.53029e+04 3.34206e+04 3.16366e+04 2.99292e+04 2.81901e+04 2.62717e+04 2.40480e+04 2.17286e+04 1.97245e+04 1.81315e+04 1.67886e+04 1.54799e+04 1.40427e+04 1.28932e+04 1.23280e+04 1.20174e+04 1.17477e+04 1.13430e+04 1.06764e+04 9.75918e+03 9.07376e+03 8.78664e+03 8.47421e+03 8.41309e+03 8.42603e+03
7.94379e+03 6.01050e+04 5.95924e+04 5.87557e+04 5.72095e+04 5.45320e+04 5.18208e+04 4.93005e+04 4.68694e+04 4.45237e+04 4.22973e+04 4.01783e+04 3.81482e+04 3.61347e+04 3.42092e+04 3.23549e+04 3.06072e+04 2.88903e+04 2.70816e+04 2.50672e+04 2.28365e+04 2.06514e+04 1.88797e+04 1.74932e+04 1.62317e+04 1.49117e+04 1.34935e+04 1.25987e+04 1.21508e+04 1.18511e+04 1.15248e+04 1.10027e+04 1.02589e+04 9.56800e+03 8.85907e+03 8.60649e+03 8.39599e+03 8.35799e+03 8.38809e+03
8.17826e+03 5.77687e+04 5.72999e+04 5.65339e+04 5.51123e+04 5.26301e+04 5.00953e+04 4.77237e+04 4.54228e+04 4.31851e+04 4.10353e+04 3.89677e+04 3.69834e+04 3.50042e+04 3.31183e+04 3.13101e+04 2.95717e+04 2.78311e+04 2.59983e+04 2.39619e+04 2.17826e+04 1.98101e+04 1.82456e+04 1.69479e+04 1.56920e+04 1.43272e+04 1.30879e+04 1.23707e+04 1.19581e+04 1.16214e+04 1.11994e+04 1.06197e+04 1.00208e+04 9.44389e+03 8.66740e+03 8.48210e+03 8.33923e+03 8.30551e+03 8.35509e+03
8.39691e+03 5.54705e+04 5.50557e+04 5.43748e+04 5.30973e+04 5.08292e+04 4.84792e+04 4.62495e+04 4.40644e+04 4.19226e+04 3.98417e+04 3.78162e+04 3.58716e+04 3.39299e+04 3.20868e+04 3.03192e+04 2.85928e+04 2.68433e+04 2.49883e+04 2.29363e+04 2.08428e+04 1.90716e+04 1.76714e+04 1.64361e+04 1.51681e+04 1.37998e+04 1.27398e+04 1.21580e+04 1.17649e+04 1.13850e+04 1.08943e+04 1.03090e+04 9.83500e+03 9.33126e+03 8.50574e+03 8.37697e+03 8.30617e+03 8.28788e+03 8.33665e+03
8.60003e+03 5.32481e+04 5.28965e+04 5.23102e+04 5.11858e+04 4.91359e+04 4.69596e+04 4.48618e+04 4.27840e+04 4.07214e+04 3.86996e+04 3.67015e+04 3.47879e+04 3.28923e+04 3.11005e+04 2.93656e+04 2.76572e+04 2.59254e+04 2.40504e+04 2.19939e+04 2.00549e+04 1.84773e+04 1.71718e+04 1.59540e+04 1.46408e+04 1.33451e+04 1.24762e+04 1.19602e+04 1.15587e+04 1.11217e+04 1.06076e+04 1.01125e+04 9.73431e+03 9.23280e+03 8.38951e+03 8.31797e+03 8.27826e+03 8.27578e+03 8.32121e+03
8.79495e+03 5.10638e+04 5.07786e+04 5.02920e+04 4.93255e+04 4.74942e+04 4.54867e+04 4.35194e+04 4.15266e+04 3.95348e+04 3.75669e+04 3.55949e+04 3.37212e+04 3.18787e+04 3.01379e+04 2.84435e+04 2.67629e+04 2.50328e+04 2.31338e+04 2.11264e+04 1.93574e+04 1.79318e+04 1.66914e+04 1.54658e+04 1.41311e+04 1.29575e+04 1.22334e+04 1.17598e+04 1.13432e+04 1.08686e+04 1.03739e+04 9.96633e+03 9.64286e+03 9.14399e+03 8.30039e+03 8.26862e+03 8.25394e+03 8.28855e+03 8.33364e+03
8.97962e+03 4.89597e+04 4.87437e+04 4.83561e+04 4.75426e+04 4.59195e+04 4.40663e+04 4.22011e+04 4.03050e+04 3.83748e+04 3.64549e+04 3.45073e+04 3.26821e+04 3.08993e+04 2.92087e+04 2.75625e+04 2.59194e+04 2.41748e+04 2.22477e+04 2.03436e+04 1.87585e+04 1.74412e+04 1.62352e+04 1.49759e+04 1.36442e+04 1.26418e+04 1.20139e+04 1.15589e+04 1.11203e+04 1.06284e+04 1.01962e+04 9.87281e+03 9.56171e+03 9.06587e+03 8.23975e+03 8.25185e+03 8.25032e+03 8.30108e+03 8.34590e+03
9.14509e+03 4.70572e+04 4.69030e+04 4.66028e+04 4.59239e+04 4.44832e+04 4.27600e+04 4.10039e+04 3.91610e+04 3.72874e+04 3.54168e+04 3.35104e+04 3.17425e+04 3.00209e+04 2.83858e+04 2.67856e+04 2.51504e+04 2.33779e+04 2.14777e+04 1.97096e+04 1.82584e+04 1.70080e+04 1.58033e+04 1.45139e+04 1.32566e+04 1.23886e+04 1.18197e+04 1.13739e+04 1.09255e+04 1.04519e+04 1.00884e+04 9.82396e+03 9.50365e+03 9.00787e+03 8.20522e+03 8.23682e+03 8.25254e+03 8.32487e+03 8.38381e+03
9.30734e+03 4.51806e+04 4.50814e+04 4.48606e+04 4.43070e+04 4.30386e+04 4.14427e+04 3.97648e+04 3.80095e+04 3.61924e+04 3.43738e+04 3.25195e+04 3.08160e+04 2.91590e+04 2.75848e+04 2.60313e+04 2.43884e+04 2.25796e+04 2.07372e+04 1.91286e+04 1.77900e+04 1.65871e+04 1.53659e+04 1.40469e+04 1.29061e+04 1.21583e+04 1.16308e+04 1.11895e+04 1.07375e+04 1.03022e+04 1.00136e+04 9.79715e+03 9.45556e+03 8.95825e+03 8.18330e+03 8.24539e+03 8.27973e+03 8.34932e+03 8.42340e+03
9.46711e+03 4.33211e+04 4.32654e+04 4.31114e+04 4.26704e+04 4.15653e+04 4.00890e+04 3.85249e+04 3.68207e+04 3.50703e+04 3.33143e+04 3.15382e+04 2.99104e+04 2.83233e+04 2.68048e+04 2.52677e+04 2.35964e+04 2.17939e+04 2.00653e+04 1.85960e+04 1.73400e+04 1.61568e+04 1.49041e+04 1.36085e+04 1.26009e+04 1.19398e+04 1.14416e+04 1.10054e+04 1.05697e+04 1.01842e+04 9.96269e+03 9.77258e+03 9.40230e+03 8.92375e+03 8.17507e+03 8.25466e+03 8.31324e+03 8.37875e+03 8.45712e+03
9.61135e+03 4.16305e+04 4.15981e+04 4.14890e+04 4.11377e+04 4.01760e+04 3.88323e+04 3.73251e+04 3.57155e+04 3.40316e+04 3.23388e+04 3.06489e+04 2.90967e+04 2.75762e+04 2.61055e+04 2.45661e+04 2.28571e+04 2.10848e+04 1.94918e+04 1.81380e+04 1.69403e+04 1.57592e+04 1.44690e+04 1.32253e+04 1.23486e+04 1.17472e+04 1.12689e+04 1.08376e+04 1.04281e+04 1.00947e+04 9.92986e+03 9.75145e+03 9.35079e+03 8.90095e+03 8.17538e+03 8.27284e+03 8.34055e+03 8.40881e+03 8.48413e+03
9.74962e+03 4.00000e+04 3.99720e+04 3.98879e+04 3.96084e+04 3.87825e+04 3.75508e+04 3.61623e+04 3.46190e+04 3.30149e+04 3.13986e+04 2.98150e+04 2.83366e+04 2.68698e+04 2.54135e+04 2.38480e+04 2.21360e+04 2.04560e+04 1.89870e+04 1.77174e+04 1.65517e+04 1.53504e+04 1.40471e+04 1.29056e+04 1.21258e+04 1.15661e+04 1.11028e+04 1.06931e+04 1.03163e+04 1.00479e+04 9.91807e+03 9.72845e+03 9.29395e+03 8.88950e+03 8.18525e+03 8.29951e+03 8.36538e+03 8.43836e+03 8.51063e+03
9.88472e+03 3.84000e+04 3.83604e+04 3.82821e+04 3.80563e+04 3.73611e+04 3.62721e+04 3.49692e+04 3.35328e+04 3.20129e+04 3.04777e+04 2.90075e+04 2.76019e+04 2.61834e+04 2.47286e+04 2.31282e+04 2.14264e+04 1.98620e+04 1.85118e+04 1.73139e+04 1.61699e+04 1.49398e+04 1.36330e+04 1.26125e+04 1.19157e+04 1.13905e+04 1.09403e+04 1.05585e+04 1.02166e+04 1.00177e+04 9.91444e+03 9.70488e+03 9.23541e+03 8.88250e+03 8.19872e+03 8.32556e+03 8.39640e+03 8.48454e+03 8.55058e+03
1.00113e+04 3.68960e+04 3.68362e+04 3.67504e+04 3.65613e+04 3.59880e+04 3.50301e+04 3.38467e+04 3.25091e+04 3.10882e+04 2.96478e+04 2.82775e+04 2.69233e+04 2.55154e+04 2.40349e+04 2.24305e+04 2.08120e+04 1.93618e+04 1.80965e+04 1.69393e+04 1.57895e+04 1.45291e+04 1.32855e+04 1.23735e+04 1.17300e+04 1.12327e+04 1.08074e+04 1.04484e+04 1.01544e+04 9.99814e+03 9.92061e+03 9.71101e+03 9.17622e+03 8.88244e+03 8.21893e+03 8.35657e+03 8.43797e+03 8.52780e+03 8.58801e+03
1.01329e+04 3.54486e+04 3.53696e+04 3.52724e+04 3.51097e+04 3.46497e+04 3.38310e+04 3.27587e+04 3.15244e+04 3.02016e+04 2.88548e+04 2.75793e+04 2.62721e+04 2.48695e+04 2.33607e+04 2.17567e+04 2.02286e+04 1.88889e+04 1.77014e+04 1.65796e+04 1.54204e+04 1.41308e+04 1.29572e+04 1.21489e+04 1.15530e+04 1.10820e+04 1.06823e+04 1.03449e+04 1.00991e+04 9.98068e+03 9.92780e+03 9.72048e+03 9.11866e+03 8.88326e+03 8.23943e+03 8.38890e+03 8.47793e+03 8.57107e+03 8.62916e+03
1.02519e+04 3.40345e+04 3.39448e+04 3.38409e+04 3.37014e+04 3.33476e+04 3.26584e+04 3.17167e+04 3.05959e+04 2.93775e+04 2.81240e+04 2.69037e+04 2.56042e+04 2.41785e+04 2.26644e+04 2.11358e+04 1.97174e+04 1.84646e+04 1.73267e+04 1.62126e+04 1.50248e+04 1.37468e+04 1.26864e+04 1.19454e+04 1.13820e+04 1.09388e+04 1.05684e+04 1.02628e+04 1.00773e+04 9.98087e+03 9.92547e+03 9.67954e+03 9.05313e+03 8.88333e+03 8.26489e+03 8.42052e+03 8.52078e+03 8.61850e+03 8.68496e+03
1.03652e+04 3.26937e+04 3.26054e+04 3.25048e+04 3.23905e+04 3.21336e+04 3.15753e+04 3.07399e+04 2.97249e+04 2.86041e+04 2.74351e+04 2.62537e+04 2.49552e+04 2.35122e+04 2.20094e+04 2.05595e+04 1.92417e+04 1.80656e+04 1.69688e+04 1.58568e+04 1.46433e+04 1.33918e+04 1.24360e+04 1.17549e+04 1.12234e+04 1.08071e+04 1.04643e+04 1.01942e+04 1.00604e+04 9.98327e+03 9.92349e+03 9.64216e+03 8.99723e+03 8.88204e+03 8.29020e+03 8.45658e+03 8.56257e+03 8.66367e+03 8.73810e+03
1.04743e+04 3.14138e+04 3.13385e+04 3.12519e+04 3.11685e+04 3.10024e+04 3.05594e+04 2.98387e+04 2.89255e+04 2.78929e+04 2.67925e+04 2.56079e+04 2.42919e+04 2.28461e+04 2.14031e+04 2.00492e+04 1.88167e+04 1.76964e+04 1.66214e+04 1.54952e+04 1.42621e+04 1.30822e+04 1.22176e+04 1.15810e+04 1.10835e+04 1.06939e+04 1.03774e+04 1.01567e+04 1.00558e+04 9.99218e+03 9.92228e+03 9.61097e+03 8.96284e+03 8.87674e+03 8.31780e+03 8.49475e+03 8.60285e+03 8.70760e+03 8.78994e+03
1.05809e+04 3.01772e+04 3.01240e+04 3.00606e+04 3.00154e+04 2.99383e+04 2.95977e+04 2.89717e+04 2.81571e+04 2.72046e+04 2.61645e+04 2.49626e+04 2.36347e+04 2.22059e+04 2.08315e+04 1.95679e+04 1.84108e+04 1.73373e+04 1.62760e+04 1.51324e+04 1.38951e+04 1.27947e+04 1.20096e+04 1.14139e+04 1.09489e+04 1.05895e+04 1.03015e+04 1.01292e+04 1.00603e+04 1.00036e+04 9.92021e+03 9.57104e+03 8.92313e+03 8.87036e+03 8.34577e+03 8.53202e+03 8.64338e+03 8.75207e+03 8.84299e+03
1.06836e+04 2.89903e+04 2.89639e+04 2.89301e+04 2.89314e+04 2.89450e+04 2.87063e+04 2.81765e+04 2.74400e+04 2.65530e+04 2.55581e+04 2.43121e+04 2.29828e+04 2.16089e+04 2.03201e+04 1.91367e+04 1.80373e+04 1.69938e+04 1.59312e+04 1.47639e+04 1.35518e+04 1.25460e+04 1.18192e+04 1.12579e+04 1.08229e+04 1.05009e+04 1.02456e+04 1.01201e+04 1.00821e+04 1.00200e+04 9.91651e+03 9.51427e+03 8.87302e+03 8.86190e+03 8.37472e+03 8.56829e+03 8.68245e+03 8.79494e+03 8.89412e+03
1.07818e+04 2.78455e+04 2.78451e+04 2.78455e+04 2.79022e+04 2.80121e+04 2.78654e+04 2.74178e+04 2.67551e+04 2.59279e+04 2.49753e+04 2.36873e+04 2.23690e+04 2.10543e+04 1.98453e+04 1.87330e+04 1.76829e+04 1.66622e+04 1.55938e+04 1.44094e+04 1.32347e+04 1.23151e+04 1.16404e+04 1.11153e+04 1.07089e+04 1.04208e+04 1.02005e+04 1.01155e+04 1.01052e+04 1.00323e+04 9.90460e+03 9.45271e+03 8.82052e+03 8.85355e+03 8.40304e+03 8.60417e+03 8.72012e+03 8.83593e+03 8.94301e+03
1.08742e+04 2.67428e+04 2.67634e+04 2.68010e+04 2.69213e+04 2.71340e+04 2.70807e+04 2.67102e+04 2.61117e+04 2.53340e+04 2.44191e+04 2.30914e+04 2.18148e+04 2.05730e+04 1.94338e+04 1.83744e+04 1.73560e+04 1.63420e+04 1.52569e+04 1.40701e+04 1.29639e+04 1.21148e+04 1.14803e+04 1.09975e+04 1.06178e+04 1.03569e+04 1.01786e+04 1.01211e+04 1.01326e+04 1.00356e+04 9.87248e+03 9.37659e+03 8.75960e+03 8.84508e+03 8.43130e+03 8.63795e+03 8.76427e+03 8.87994e+03 8.97820e+03
1.09614e+04 2.56802e+04 2.57172e+04 2.57929e+04 2.59790e+04 2.62954e+04 2.63415e+04 2.60431e+04 2.55050e+04 2.47739e+04 2.38948e+04 2.25299e+04 2.12927e+04 2.01196e+04 1.90460e+04 1.80364e+04 1.70476e+04 1.60399e+04 1.49392e+04 1.37502e+04 1.27089e+04 1.19260e+04 1.13294e+04 1.08864e+04 1.05322e+04 1.02967e+04 1.01582e+04 1.01267e+04 1.01584e+04 1.00385e+04 9.84186e+03 9.30469e+03 8.70257e+03 8.83712e+03 8.45796e+03 8.66980e+03 8.80590e+03 8.92181e+03 9.01064e+03
1.10443e+04 2.46645e+04 2.47189e+04 2.48319e+04 2.50785e+04 2.54882e+04 2.56317e+04 2.54034e+04 2.49244e+04 2.42412e+04 2.34057e+04 2.20341e+04 2.08492e+04 1.97338e+04 1.87064e+04 1.77267e+04 1.67491e+04 1.57321e+04 1.46197e+04 1.34666e+04 1.24980e+04 1.17610e+04 1.11996e+04 1.07889e+04 1.04707e+04 1.02549e+04 1.01648e+04 1.01556e+04 1.01806e+04 1.00226e+04 9.77354e+03 9.22192e+03 8.69535e+03 8.83385e+03 8.48472e+03 8.70165e+03 8.84546e+03 8.96160e+03 9.04146e+03
1.11696e+04 2.31757e+04 2.32767e+04 2.34528e+04 2.37856e+04 2.43088e+04 2.45691e+04 2.44414e+04 2.40483e+04 2.34380e+04 2.26687e+04 2.12900e+04 2.01837e+04 1.91537e+04 1.81940e+04 1.72578e+04 1.62952e+04 1.52635e+04 1.41366e+04 1.30413e+04 1.21813e+04 1.15134e+04 1.10052e+04 1.06426e+04 1.03780e+04 1.01967e+04 1.01767e+04 1.01970e+04 1.02105e+04 9.99551e+03 9.66691e+03 9.09428e+03 8.68125e+03 8.83024e+03 8.52557e+03 8.75765e+03 8.90688e+03 9.01800e+03 9.08985e+03
1.12859e+04 2.18206e+04 2.19894e+04 2.22382e+04 2.26554e+04 2.32684e+04 2.36042e+04 2.35729e+04 2.32602e+04 2.27209e+04 2.20166e+04 2.06642e+04 1.96226e+04 1.86524e+04 1.77349e+04 1.68190e+04 1.58508e+04 1.47984e+04 1.36902e+04 1.26883e+04 1.19132e+04 1.13041e+04 1.08456e+04 1.05193e+04 1.02949e+04 1.01960e+04 1.02057e+04 1.02094e+04 1.01995e+04 9.93964e+03 9.53410e+03 8.95098e+03 8.63536e+03 8.84090e+03 8.56708e+03 8.80959e+03 8.96444e+03 9.06577e+03 9.13683e+03
1.13872e+04 2.06389e+04 2.08858e+04 2.12150e+04 2.17191e+04 2.24113e+04 2.28269e+04 2.28470e+04 2.25968e+04 2.21162e+04 2.14663e+04 2.01440e+04 1.91515e+04 1.82248e+04 1.73357e+04 1.64292e+04 1.54517e+04 1.43902e+04 1.33188e+04 1.23993e+04 1.16910e+04 1.11333e+04 1.07201e+04 1.04286e+04 1.02426e+04 1.02074e+04 1.02307e+04 1.02249e+04 1.01855e+04 9.86893e+03 9.40077e+03 8.85181e+03 8.60937e+03 8.86005e+03 8.60501e+03 8.85481e+03 9.01470e+03 9.10737e+03 9.17773e+03
1.14836e+04 1.94906e+04 1.98274e+04 2.02521e+04 2.08576e+04 2.16353e+04 2.21018e+04 2.21778e+04 2.19912e+04 2.15633e+04 2.09627e+04 1.96767e+04 1.87230e+04 1.78279e+04 1.69562e+04 1.60494e+04 1.50581e+04 1.39980e+04 1.29851e+04 1.21449e+04 1.14924e+04 1.09837e+04 1.06159e+04 1.03611e+04 1.02157e+04 1.02319e+04 1.02542e+04 1.02449e+04 1.01670e+04 9.77661e+03 9.25382e+03 8.78648e+03 8.60049e+03 8.88947e+03 8.64313e+03 8.89685e+03 9.06366e+03 9.15047e+03 9.20453e+03
1.15759e+04 1.83490e+04 1.87875e+04 1.93249e+04 2.00470e+04 2.09212e+04 2.14496e+04 2.15777e+04 2.14317e+04 2.10507e+04 2.04939e+04 1.92433e+04 1.83200e+04 1.74480e+04 1.65864e+04 1.56750e+04 1.46748e+04 1.36351e+04 1.26871e+04 1.19178e+04 1.13173e+04 1.08506e+04 1.05237e+04 1.03065e+04 1.02069e+04 1.02586e+04 1.02661e+04 1.02450e+04 1.01330e+04 9.66802e+03 9.14041e+03 8.75570e+03 8.63992e+03 8.93529e+03 8.68510e+03 8.93711e+03 9.11056e+03 9.19479e+03 9.21968e+03
1.16579e+04 1.72768e+04 1.78233e+04 1.84844e+04 1.93296e+04 2.03031e+04 2.08848e+04 2.10564e+04 2.09572e+04 2.06141e+04 2.00926e+04 1.88738e+04 1.79703e+04 1.71107e+04 1.62508e+04 1.53308e+04 1.43274e+04 1.33265e+04 1.24461e+04 1.17342e+04 1.11782e+04 1.07435e+04 1.04500e+04 1.02690e+04 1.02178e+04 1.02857e+04 1.02650e+04 1.02243e+04 1.00849e+04 9.54944e+03 9.06969e+03 8.76329e+03 8.72759e+03 8.99535e+03 8.72839e+03 8.97288e+03 9.15221e+03 9.23415e+03 9.23313e+03
1.17297e+04 1.62990e+04 1.69413e+04 1.77279e+04 1.86988e+04 1.97702e+04 2.04106e+04 2.06140e+04 2.05443e+04 2.02339e+04 1.97429e+04 1.85514e+04 1.76644e+04 1.68150e+04 1.59560e+04 1.50292e+04 1.40258e+04 1.30608e+04 1.22388e+04 1.15762e+04 1.10584e+04 1.06521e+04 1.03879e+04 1.02384e+04 1.02285e+04 1.03072e+04 1.02648e+04 1.02054e+04 1.00412e+04 9.45350e+03 9.01592e+03 8.77607e+03 8.80674e+03 9.05176e+03 8.76789e+03 9.00420e+03 9.19065e+03 9.26862e+03 9.24491e+03
1.17960e+04 1.54197e+04 1.61261e+04 1.70133e+04 1.81114e+04 1.92826e+04 1.99723e+04 2.02204e+04 2.01884e+04 1.99046e+04 1.94371e+04 1.82653e+04 1.73849e+04 1.65367e+04 1.56737e+04 1.47479e+04 1.37745e+04 1.28614e+04 1.20864e+04 1.14597e+04 1.09690e+04 1.05911e+04 1.03547e+04 1.02341e+04 1.02507e+04 1.03024e+04 1.02721e+04 1.01796e+04 9.98438e+03 9.44798e+03 9.05222e+03 8.85278e+03 8.90527e+03 9.14434e+03 8.82126e+03 9.06191e+03 9.22647e+03 9.29608e+03 9.25963e+03
1.18562e+04 1.46823e+04 1.54268e+04 1.63661e+04 1.75731e+04 1.88428e+04 1.95914e+04 1.98632e+04 1.98654e+04 1.96056e+04 1.91596e+04 1.80056e+04 1.71313e+04 1.62841e+04 1.54176e+04 1.44926e+04 1.35463e+04 1.26805e+04 1.19481e+04 1.13541e+04 1.08878e+04 1.05358e+04 1.03245e+04 1.02302e+04 1.02709e+04 1.02981e+04 1.02788e+04 1.01562e+04 9.93283e+03 9.44297e+03 9.08515e+03 8.92240e+03 8.99468e+03 9.22835e+03 8.86969e+03 9.12065e+03 9.25899e+03 9.31984e+03 9.27400e+03
1.19114e+04 1.40495e+04 1.48418e+04 1.57955e+04 1.70769e+04 1.84417e+04 1.92430e+04 1.95477e+04 1.95696e+04 1.93318e+04 1.89054e+04 1.77677e+04 1.68990e+04 1.60528e+04 1.51829e+04 1.42588e+04 1.33374e+04 1.25148e+04 1.18214e+04 1.12573e+04 1.08135e+04 1.04851e+04 1.02969e+04 1.02267e+04 1.02894e+04 1.02942e+04 1.02848e+04 1.01347e+04 9.88561e+03 9.43838e+03 9.11532e+03 8.98616e+03 9.07658e+03 9.30531e+03 8.91405e+03 9.17445e+03 9.28877e+03 9.34159e+03 9.28717e+03
1.19631e+04 1.34773e+04 1.43352e+04 1.52972e+04 1.66146e+04 1.80672e+04 1.89184e+04 1.92594e+04 1.93056e+04 1.90874e+04 1.86778e+04 1.75509e+04 1.66843e+04 1.58385e+04 1.49724e+04 1.40654e+04 1.31771e+04 1.23898e+04 1.17253e+04 1.11824e+04 1.07559e+04 1.04378e+04 1.02715e+04 1.02225e+04 1.02904e+04 1.02849e+04 1.02832e+04 1.01416e+04 9.89772e+03 9.50120e+03 9.21333e+03 9.08768e+03 9.15470e+03 9.38389e+03 8.96208e+03 9.22490e+03 9.31558e+03 9.36199e+03 9.29952e+03
1.20090e+04 1.29768e+04 1.39094e+04 1.48862e+04 1.62118e+04 1.77359e+04 1.86387e+04 1.90034e+04 1.90771e+04 1.88757e+04 1.84804e+04 1.73611e+04 1.64951e+04 1.56493e+04 1.47896e+04 1.39051e+04 1.30505e+04 1.22923e+04 1.16500e+04 1.11229e+04 1.07103e+04 1.03958e+04 1.02493e+04 1.02184e+04 1.02841e+04 1.02741e+04 1.02785e+04 1.01597e+04 9.93367e+03 9.58700e+03 9.33155e+03 9.19651e+03 9.22468e+03 9.45657e+03 9.00762e+03 9.26970e+03 9.33015e+03 9.38011e+03 9.31048e+03
1.20496e+04 1.25384e+04 1.35473e+04 1.45453e+04 1.58685e+04 1.74448e+04 1.83918e+04 1.87774e+04 1.88754e+04 1.86888e+04 1.83062e+04 1.71935e+04 1.63280e+04 1.54822e+04 1.46282e+04 1.37636e+04 1.29389e+04 1.22063e+04 1.15835e+04 1.10703e+04 1.06699e+04 1.03588e+04 1.02296e+04 1.02148e+04 1.02784e+04 1.02646e+04 1.02743e+04 1.01757e+04 9.96540e+03 9.66272e+03 9.43589e+03 9.29255e+03 9.28645e+03 9.52071e+03 9.04782e+03 9.30925e+03 9.34301e+03 9.39610e+03 9.32016e+03
1.20872e+04 1.21364e+04 1.32207e+04 1.42445e+04 1.55641e+04 1.71768e+04 1.81625e+04 1.85784e+04 1.86879e+04 1.85152e+04 1.81444e+04 1.70378e+04 1.61728e+04 1.53270e+04 1.44783e+04 1.36322e+04 1.28351e+04 1.21263e+04 1.15218e+04 1.10215e+04 1.06325e+04 1.03244e+04 1.02113e+04 1.02115e+04 1.02732e+04 1.02557e+04 1.02704e+04 1.01905e+04 9.99488e+03 9.73309e+03 9.53285e+03 9.38181e+03 9.34386e+03 9.58032e+03 9.08517e+03 9.34600e+03 9.35496e+03 9.40350e+03 9.33200e+03
1.21178e+04 1.18165e+04 1.29617e+04 1.40099e+04 1.53289e+04 1.69621e+04 1.79877e+04 1.84278e+04 1.85359e+04 1.83744e+04 1.80130e+04 1.69114e+04 1.60468e+04 1.52011e+04 1.43567e+04 1.35255e+04 1.27509e+04 1.20614e+04 1.14717e+04 1.09819e+04 1.06021e+04 1.02965e+04 1.01965e+04 1.02087e+04 1.02690e+04 1.02485e+04 1.02673e+04 1.02026e+04 1.00188e+04 9.79018e+03 9.61151e+03 9.45423e+03 9.39042e+03 9.62868e+03 9.11548e+03 9.36116e+03 9.36466e+03 9.40746e+03 9.34238e+03
1.21403e+04 1.15859e+04 1.27740e+04 1.38418e+04 1.51627e+04 1.68060e+04 1.78647e+04 1.83170e+04 1.84325e+04 1.82789e+04 1.79243e+04 1.68273e+04 1.59638e+04 1.51205e+04 1.42828e+04 1.34633e+04 1.27018e+04 1.20231e+04 1.14408e+04 1.09563e+04 1.05820e+04 1.02797e+04 1.01866e+04 1.02044e+04 1.02650e+04 1.02474e+04 1.02685e+04 1.02111e+04 1.00398e+04 9.82310e+03 9.65506e+03 9.49465e+03 9.42008e+03 9.65512e+03 9.13296e+03 9.36801e+03 9.37179e+03 9.41037e+03 9.35002e+03
1.21578e+04 1.14099e+04 1.26293e+04 1.37132e+04 1.50371e+04 1.66856e+04 1.77686e+04 1.82306e+04 1.83577e+04 1.82102e+04 1.78605e+04 1.67679e+04 1.59057e+04 1.50661e+04 1.42360e+04 1.34262e+04 1.26725e+04 1.19998e+04 1.14208e+04 1.09389e+04 1.05678e+04 1.02692e+04 1.01795e+04 1.01994e+04 1.02614e+04 1.02493e+04 1.02721e+04 1.02174e+04 1.00586e+04 9.84246e+03 9.67905e+03 9.51723e+03 9.44000e+03 9.66939e+03 9.14324e+03 9.37335e+03 9.37736e+03 9.41265e+03 9.35599e+03
1.21730e+04 1.12620e+04 1.25063e+04 1.36045e+04 1.49322e+04 1.65833e+04 1.76858e+04 1.81560e+04 1.82932e+04 1.81509e+04 1.78055e+04 1.67166e+04 1.58556e+04 1.50192e+04 1.41957e+04 1.33941e+04 1.26473e+04 1.19797e+04 1.14036e+04 1.09238e+04 1.05557e+04 1.02602e+04 1.01733e+04 1.01951e+04 1.02582e+04 1.02510e+04 1.02751e+04 1.02229e+04 1.00747e+04 9.85915e+03 9.69975e+03 9.53671e+03 9.45718e+03 9.68169e+03 9.15210e+03 9.37795e+03 9.38216e+03 9.41461e+03 9.36113e+03
1.21865e+04 1.11329e+04 1.23973e+04 1.35086e+04 1.48407e+04 1.64930e+04 1.76116e+04 1.80892e+04 1.82355e+04 1.80978e+04 1.77563e+04 1.66707e+04 1.58107e+04 1.49771e+04 1.41595e+04 1.33654e+04 1.26246e+04 1.19617e+04 1.13881e+04 1.09103e+04 1.05447e+04 1.02520e+04 1.01679e+04 1.01912e+04 1.02554e+04 1.02525e+04 1.02778e+04 1.02278e+04 1.00892e+04 9.87410e+03 9.71829e+03 9.55416e+03 9.47257e+03 9.69271e+03 9.16005e+03 9.38208e+03 9.38646e+03 9.41636e+03 9.36574e+03
1.22002e+04 1.10066e+04 1.22889e+04 1.34135e+04 1.47510e+04 1.64033e+04 1.75371e+04 1.80221e+04 1.81774e+04 1.80445e+04 1.77068e+04 1.66246e+04 1.57656e+04 1.49349e+04 1.41232e+04 1.33366e+04 1.26019e+04 1.19436e+04 1.13726e+04 1.08967e+04 1.05338e+04 1.02439e+04 1.01623e+04 1.01873e+04 1.02525e+04 1.02540e+04 1.02805e+04 1.02327e+04 1.01038e+04 9.88913e+03 9.73692e+03 9.57169e+03 9.48803e+03 9.70378e+03 9.16803e+03 9.38622e+03 9.39078e+03 9.41813e+03 9.37037e+03
1.22137e+04 1.08850e+04 1.21828e+04 1.33207e+04 1.46645e+04 1.63158e+04 1.74631e+04 1.79555e+04 1.81198e+04 1.79916e+04 1.76577e+04 1.65788e+04 1.57208e+04 1.48929e+04 1.40872e+04 1.33080e+04 1.25794e+04 1.19257e+04 1.13572e+04 1.08832e+04 1.05229e+04 1.02358e+04 1.01569e+04 1.01834e+04 1.02497e+04 1.02555e+04 1.02832e+04 1.02376e+04 1.01182e+04 9.90403e+03 9.75540e+03 9.58908e+03 9.50337e+03 9.71477e+03 9.17595e+03 9.39033e+03 9.39507e+03 9.41988e+03 9.37496e+03
1.22286e+04 1.07562e+04 1.20679e+04 1.32206e+04 1.45723e+04 1.62217e+04 1.73816e+04 1.78820e+04 1.80563e+04 1.79332e+04 1.76035e+04 1.65283e+04 1.56715e+04 1.48467e+04 1.40474e+04 1.32764e+04 1.25545e+04 1.19059e+04 1.13403e+04 1.08684e+04 1.05109e+04 1.02268e+04 1.01508e+04 1.01792e+04 1.02466e+04 1.02572e+04 1.02862e+04 1.02430e+04 1.01342e+04 9.92048e+03 9.77579e+03 9.60827e+03 9.52030e+03 9.72689e+03 9.18468e+03 9.39487e+03 9.39980e+03 9.42181e+03 9.38002e+03
1.22446e+04 1.06242e+04 1.19472e+04 1.31154e+04 1.44767e+04 1.61232e+04 1.72941e+04 1.78033e+04 1.79883e+04 1.78706e+04 1.75455e+04 1.64741e+04 1.56186e+04 1.47971e+04 1.40049e+04 1.32426e+04 1.25278e+04 1.18847e+04 1.13221e+04 1.08524e+04 1.04980e+04 1.02173e+04 1.01444e+04 1.01746e+04 1.02433e+04 1.02589e+04 1.02894e+04 1.02487e+04 1.01513e+04 9.93810e+03 9.79764e+03 9.62883e+03 9.53844e+03 9.73987e+03 9.19404e+03 9.39973e+03 9.40487e+03 9.42388e+03 9.38545e+03
1.22596e+04 1.05049e+04 1.18356e+04 1.30183e+04 1.43898e+04 1.60328e+04 1.72117e+04 1.77310e+04 1.79240e+04 1.78116e+04 1.74907e+04 1.64231e+04 1.55687e+04 1.47504e+04 1.39647e+04 1.32107e+04 1.25027e+04 1.18646e+04 1.13049e+04 1.08374e+04 1.04859e+04 1.02082e+04 1.01383e+04 1.01703e+04 1.02401e+04 1.02606e+04 1.02924e+04 1.02542e+04 1.01674e+04 9.95473e+03 9.81825e+03 9.64823e+03 9.55555e+03 9.75213e+03 9.20287e+03 9.40432e+03 9.40965e+03 9.42583e+03 9.39058e+03
1.22726e+04 1.04080e+04 1.17428e+04 1.29374e+04 1.43185e+04 1.59583e+04 1.71521e+04 1.76779e+04 1.78690e+04 1.77610e+04 1.74438e+04 1.63793e+04 1.55259e+04 1.47103e+04 1.39303e+04 1.31834e+04 1.24811e+04 1.18475e+04 1.12902e+04 1.08245e+04 1.04755e+04 1.02005e+04 1.01331e+04 1.01666e+04 1.02374e+04 1.02620e+04 1.02950e+04 1.02588e+04 1.01812e+04 9.96897e+03 9.83591e+03 9.66484e+03 9.57021e+03 9.76262e+03 9.21044e+03 9.40825e+03 9.41069e+03 9.42750e+03 9.39496e+03
1.22851e+04 1.03182e+04 1.16547e+04 1.28602e+04 1.42514e+04 1.58878e+04 1.70941e+04 1.76262e+04 1.78155e+04 1.77118e+04 1.73982e+04 1.63367e+04 1.54843e+04 1.46713e+04 1.38967e+04 1.31567e+04 1.24601e+04 1.18308e+04 1.12759e+04 1.08120e+04 1.04653e+04 1.01930e+04 1.01280e+04 1.01631e+04 1.02348e+04 1.02634e+04 1.02975e+04 1.02634e+04 1.01946e+04 9.98284e+03 9.85310e+03 9.68102e+03 9.58448e+03 9.77284e+03 9.21781e+03 9.41208e+03 9.41170e+03 9.42913e+03 9.39924e+03
1.22968e+04 1.02377e+04 1.15743e+04 1.27894e+04 1.41905e+04 1.58237e+04 1.70402e+04 1.75781e+04 1.77656e+04 1.76660e+04 1.73557e+04 1.62971e+04 1.54455e+04 1.46350e+04 1.38656e+04 1.31320e+04 1.24406e+04 1.18153e+04 1.12626e+04 1.08004e+04 1.04559e+04 1.01860e+04 1.01232e+04 1.01597e+04 1.02323e+04 1.02647e+04 1.02999e+04 1.02676e+04 1.02071e+04 9.99574e+03 9.86910e+03 9.69608e+03 9.59776e+03 9.78235e+03 9.22466e+03 9.41563e+03 9.41264e+03 9.43065e+03 9.40321e+03
1.23273e+04 1.00551e+04 1.13791e+04 1.26134e+04 1.40444e+04 1.56710e+04 1.68996e+04 1.74528e+04 1.76357e+04 1.75465e+04 1.72449e+04 1.61938e+04 1.53446e+04 1.45405e+04 1.37843e+04 1.30674e+04 1.23897e+04 1.17748e+04 1.12279e+04 1.07700e+04 1.04314e+04 1.01677e+04 1.01109e+04 1.01510e+04 1.02260e+04 1.02681e+04 1.03060e+04 1.02786e+04 1.02397e+04 1.00294e+04 9.91079e+03 9.73532e+03 9.63237e+03 9.80714e+03 9.24252e+03 9.42491e+03 9.41509e+03 9.43460e+03 9.41357e+03
1.28920e+04 8.21110e+03 8.99355e+03 1.00902e+04 1.16677e+04 1.34473e+04 1.46693e+04 1.53665e+04 1.56842e+04 1.57431e+04 1.55696e+04 1.47300e+04 1.40229e+04 1.33915e+04 1.28089e+04 1.22396e+04 1.16750e+04 1.11385e+04 1.06544e+04 1.02640e+04 9.99124e+03 9.83755e+03 9.86480e+03 9.92122e+03 9.98802e+03 1.00812e+04 1.01339e+04 1.01359e+04 1.01798e+04 1.00192e+04 9.93382e+03 9.86436e+03 9.75204e+03 9.88506e+03 9.30711e+03 9.52587e+03 9.45405e+03 9.50316e+03 9.48712e+03
1.40257e+04 6.84106e+03 7.15102e+03 7.66215e+03 8.61362e+03 1.04965e+04 1.18509e+04 1.26656e+04 1.30934e+04 1.32903e+04 1.32920e+04 1.28534e+04 1.24150e+04 1.19952e+04 1.15782e+04 1.11399e+04 1.06851e+04 1.02360e+04 9.84115e+03 9.53666e+03 9.39616e+03 9.36083e+03 9.42173e+03 9.51822e+03 9.62177e+03 9.67750e+03 9.80218e+03 9.82791e+03 9.88589e+03 9.83083e+03 9.77485e+03 9.67490e+03 9.62691e+03 9.80685e+03 9.27543e+03 9.55959e+03 9.60130e+03 9.66054e+03 9.73570e+03
1.51857e+04 6.01010e+03 6.20040e+03 6.50243e+03 7.12672e+03 8.37780e+03 9.57577e+03 1.05468e+04 1.12311e+04 1.16214e+04 1.17885e+04 1.15625e+04 1.12597e+04 1.09368e+04 1.05995e+04 1.02375e+04 9.85802e+03 9.49028e+03 9.18598e+03 9.00929e+03 8.95238e+03 8.94707e+03 9.00754e+03 9.13660e+03 9.22601e+03 9.33234e+03 9.50216e+03 9.55494e+03 9.55593e+03 9.57377e+03 9.51792e+03 9.52907e+03 9.49640e+03 9.78301e+03 9.31538e+03 9.69354e+03 9.76596e+03 9.80581e+03 9.86281e+03
1.63286e+04 5.45057e+03 5.54987e+03 5.73722e+03 6.25186e+03 7.24119e+03 8.17318e+03 8.98799e+03 9.68172e+03 1.02229e+04 1.05561e+04 1.04756e+04 1.02745e+04 1.00398e+04 9.78665e+03 9.50530e+03 9.21730e+03 8.94816e+03 8.73592e+03 8.60458e+03 8.58197e+03 8.57583e+03 8.68055e+03 8.75098e+03 8.84271e+03 9.05192e+03 9.10318e+03 9.18836e+03 9.33667e+03 9.35795e+03 9.40340e+03 9.41203e+03 9.50736e+03 9.90046e+03 9.48417e+03 9.88815e+03 1.01719e+04 1.01710e+04 1.02596e+04
1.74516e+04 5.12423e+03 5.13083e+03 5.20220e+03 5.60096e+03 6.54599e+03 7.31945e+03 7.98055e+03 8.63000e+03 9.16810e+03 9.54697e+03 9.57810e+03 9.47429e+03 9.32651e+03 9.15025e+03 8.95185e+03 8.73786e+03 8.54216e+03 8.38798e+03 8.27504e+03 8.25929e+03 8.27660e+03 8.39070e+03 8.45804e+03 8.55555e+03 8.80235e+03 8.95404e+03 8.99684e+03 9.26591e+03 9.28375e+03 9.39918e+03 9.48408e+03 9.70461e+03 1.01602e+04 9.76082e+03 1.02869e+04 1.05043e+04 1.05447e+04 1.05554e+04
1.85583e+04 4.93160e+03 4.87651e+03 4.86704e+03 5.12295e+03 5.99183e+03 6.73136e+03 7.30431e+03 7.90135e+03 8.47324e+03 8.87830e+03 8.96748e+03 8.91806e+03 8.81643e+03 8.68748e+03 8.53040e+03 8.36721e+03 8.20553e+03 8.07510e+03 7.98989e+03 7.97173e+03 8.01595e+03 8.14511e+03 8.22692e+03 8.44973e+03 8.57038e+03 8.85065e+03 8.88307e+03 9.24558e+03 9.36874e+03 9.51110e+03 9.66486e+03 9.98807e+03 1.05355e+04 1.01056e+04 1.05907e+04 1.08585e+04 1.08236e+04 1.05952e+04
1.96332e+04 4.79484e+03 4.68969e+03 4.61931e+03 4.79254e+03 5.54673e+03 6.27808e+03 6.83196e+03 7.39593e+03 7.97455e+03 8.41378e+03 8.54580e+03 8.52025e+03 8.43027e+03 8.31530e+03 8.18559e+03 8.05129e+03 7.91917e+03 7.79567e+03 7.75807e+03 7.73930e+03 7.83429e+03 7.93225e+03 8.04743e+03 8.31849e+03 8.60540e+03 8.73056e+03 9.02684e+03 9.24831e+03 9.53629e+03 9.79425e+03 9.99612e+03 1.02502e+04 1.09549e+04 1.04425e+04 1.09399e+04 1.10530e+04 1.07147e+04 1.05712e+04
2.06811e+04 4.67978e+03 4.52397e+03 4.39711e+03 4.50413e+03 5.19087e+03 5.92909e+03 6.49545e+03 7.07847e+03 7.64890e+03 8.08895e+03 8.23239e+03 8.20640e+03 8.10753e+03 7.99269e+03 7.87216e+03 7.74413e+03 7.62861e+03 7.54741e+03 7.51456e+03 7.63482e+03 7.65331e+03 7.66222e+03 7.88713e+03 8.07135e+03 8.37220e+03 8.51042e+03 9.23916e+03 9.19527e+03 9.72239e+03 1.00794e+04 1.04413e+04 1.08615e+04 1.13423e+04 1.06929e+04 1.12384e+04 1.13465e+04 1.03065e+04 1.10320e+04
2.17054e+04 4.58063e+03 4.37778e+03 4.20437e+03 4.25252e+03 4.88893e+03 5.64177e+03 6.26097e+03 6.90385e+03 7.45263e+03 7.87140e+03 7.99700e+03 7.94240e+03 7.81803e+03 7.70018e+03 7.59414e+03 7.48201e+03 7.38965e+03 7.34360e+03 7.33448e+03 7.32524e+03 7.46063e+03 7.46079e+03 7.88739e+03 7.90274e+03 8.22305e+03 8.38053e+03 9.25941e+03 9.23940e+03 1.00495e+04 1.04875e+04 1.09214e+04 1.11958e+04 1.16660e+04 1.08614e+04 1.13316e+04 1.12943e+04 1.04194e+04 1.12247e+04
2.26995e+04 4.50052e+03 4.25801e+03 4.04550e+03 4.03603e+03 4.63245e+03 5.38855e+03 6.08581e+03 6.84503e+03 7.35662e+03 7.73375e+03 7.81193e+03 7.70844e+03 7.55968e+03 7.45713e+03 7.37953e+03 7.29009e+03 7.21777e+03 7.23089e+03 7.18250e+03 7.17317e+03 7.31861e+03 7.33164e+03 7.80866e+03 7.80654e+03 8.15032e+03 8.32951e+03 9.49039e+03 9.37557e+03 1.01265e+04 1.09457e+04 1.12446e+04 1.15954e+04 1.19563e+04 1.10045e+04 1.16773e+04 1.13491e+04 1.01165e+04 1.10457e+04
2.36654e+04 4.43715e+03 4.16235e+03 3.92075e+03 3.86116e+03 4.41156e+03 5.15343e+03 5.94056e+03 6.83256e+03 7.29740e+03 7.62259e+03 7.63625e+03 7.48337e+03 7.33759e+03 7.26767e+03 7.21726e+03 7.14128e+03 7.07763e+03 7.06864e+03 7.07435e+03 7.14588e+03 7.21270e+03 7.23818e+03 7.89463e+03 7.75064e+03 8.12190e+03 8.32546e+03 9.69502e+03 9.57034e+03 1.02436e+04 1.13337e+04 1.14047e+04 1.21490e+04 1.22754e+04 1.11950e+04 1.15950e+04 1.21903e+04 1.00441e+04 1.18579e+04
2.46091e+04 4.38670e+03 4.08770e+03 3.82732e+03 3.73419e+03 4.20783e+03 4.93013e+03 5.80123e+03 6.81371e+03 7.23189e+03 7.50142e+03 7.44777e+03 7.27469e+03 7.16025e+03 7.12166e+03 7.08554e+03 7.01244e+03 6.95287e+03 6.96378e+03 6.99591e+03 7.06130e+03 7.13607e+03 7.17757e+03 7.83802e+03 7.73867e+03 8.14281e+03 8.36997e+03 9.76041e+03 9.81691e+03 1.03739e+04 1.14821e+04 1.16008e+04 1.22810e+04 1.26975e+04 1.15200e+04 1.14769e+04 1.25897e+04 1.02438e+04 1.24183e+04
2.55335e+04 4.34433e+03 4.02841e+03 3.75499e+03 3.64083e+03 4.03566e+03 4.72821e+03 5.65752e+03 6.75188e+03 7.13165e+03 7.35371e+03 7.25314e+03 7.09338e+03 7.01493e+03 6.99583e+03 6.96668e+03 6.89503e+03 6.84143e+03 6.92481e+03 6.91172e+03 6.99145e+03 7.08426e+03 7.14551e+03 7.84986e+03 7.76351e+03 8.20315e+03 8.44907e+03 9.83330e+03 1.00934e+04 1.04880e+04 1.20272e+04 1.17068e+04 1.24808e+04 1.32349e+04 1.20061e+04 1.15510e+04 1.30652e+04 1.07171e+04 1.46638e+04
2.64408e+04 4.30513e+03 3.97753e+03 3.69575e+03 3.56825e+03 3.91597e+03 4.54784e+03 5.51251e+03 6.64154e+03 6.98732e+03 7.17825e+03 7.06335e+03 6.93624e+03 6.88951e+03 6.88335e+03 6.85889e+03 6.78657e+03 6.73694e+03 6.81017e+03 6.83789e+03 6.93822e+03 7.05617e+03 7.14062e+03 7.89729e+03 7.81690e+03 8.29129e+03 8.54843e+03 9.92453e+03 1.03839e+04 1.05975e+04 1.24741e+04 1.19193e+04 1.28206e+04 1.38791e+04 1.26380e+04 1.18559e+04 1.37574e+04 1.14113e+04 1.64674e+04
2.73335e+04 4.26224e+03 3.92927e+03 3.64872e+03 3.51851e+03 3.84253e+03 4.40307e+03 5.39053e+03 6.49600e+03 6.79794e+03 6.97522e+03 6.88136e+03 6.79931e+03 6.77869e+03 6.78243e+03 6.75787e+03 6.67885e+03 6.63020e+03 6.73284e+03 6.77092e+03 6.89826e+03 7.04631e+03 7.15790e+03 7.97755e+03 7.89677e+03 8.40471e+03 8.66383e+03 1.00205e+04 1.07016e+04 1.07498e+04 1.25953e+04 1.22834e+04 1.33261e+04 1.46331e+04 1.34120e+04 1.24236e+04 1.46279e+04 1.24563e+04 1.76300e+04
2.82128e+04 4.21171e+03 3.88312e+03 3.61760e+03 3.49615e+03 3.80501e+03 4.32046e+03 5.32057e+03 6.34233e+03 6.57519e+03 6.74978e+03 6.70400e+03 6.66890e+03 6.67190e+03 6.68335e+03 6.65388e+03 6.56426e+03 6.51706e+03 6.64422e+03 6.70158e+03 6.85461e+03 7.03023e+03 7.16728e+03 8.06379e+03 7.97469e+03 8.52107e+03 8.77858e+03 1.01120e+04 1.10971e+04 1.10118e+04 1.27114e+04 1.28390e+04 1.40202e+04 1.55065e+04 1.43354e+04 1.31988e+04 1.56614e+04 1.36965e+04 1.76744e+04
2.90814e+04 4.15446e+03 3.84424e+03 3.60771e+03 3.50096e+03 3.80255e+03 4.31295e+03 5.30964e+03 6.19872e+03 6.34697e+03 6.52107e+03 6.53147e+03 6.53809e+03 6.56477e+03 6.58367e+03 6.54618e+03 6.44319e+03 6.39507e+03 6.54632e+03 6.62103e+03 6.80021e+03 7.00262e+03 7.16149e+03 8.14850e+03 8.04060e+03 8.63356e+03 8.89587e+03 1.02244e+04 1.16082e+04 1.14194e+04 1.34078e+04 1.35729e+04 1.48726e+04 1.64787e+04 1.53601e+04 1.41594e+04 1.68660e+04 1.50454e+04 1.96494e+04
2.99430e+04 4.10057e+03 3.82390e+03 3.62556e+03 3.53250e+03 3.83382e+03 4.37155e+03 5.36347e+03 6.06811e+03 6.13130e+03 6.30942e+03 6.37559e+03 6.42046e+03 6.46962e+03 6.49008e+03 6.43625e+03 6.31283e+03 6.25988e+03 6.44058e+03 6.53790e+03 6.75189e+03 6.98880e+03 7.17137e+03 8.26278e+03 8.12769e+03 8.77627e+03 9.05499e+03 1.04037e+04 1.22708e+04 1.20096e+04 1.41863e+04 1.44723e+04 1.58745e+04 1.75501e+04 1.64681e+04 1.53072e+04 1.82346e+04 1.65036e+04 -9.99999e+99
3.07996e+04 4.07103e+03 3.84101e+03 3.68216e+03 3.59014e+03 3.89062e+03 4.47645e+03 5.47520e+03 5.95151e+03 5.94013e+03 6.13259e+03 6.25224e+03 6.33297e+03 6.39474e+03 6.40150e+03 6.31954e+03 6.16961e+03 6.11421e+03 6.33657e+03 6.47084e+03 6.73258e+03 7.01424e+03 7.22489e+03 8.43663e+03 8.27212e+03 8.98891e+03 9.30023e+03 1.06972e+04 1.31016e+04 1.27999e+04 1.51226e+04 1.55202e+04 1.70158e+04 1.87263e+04 1.76561e+04 1.65493e+04 1.97147e+04 1.80660e+04 -9.99999e+99
3.16530e+04 4.09033e+03 3.91340e+03 3.78854e+03 3.68165e+03 3.97052e+03 4.60738e+03 5.61721e+03 5.85066e+03 5.77683e+03 5.99309e+03 6.16221e+03 6.27412e+03 6.33160e+03 6.30678e+03 6.18892e+03 6.01398e+03 5.96640e+03 6.25008e+03 6.43151e+03 6.74762e+03 7.07731e+03 7.31759e+03 8.67815e+03 8.49026e+03 9.30213e+03 9.68014e+03 1.11580e+04 1.41060e+04 1.37871e+04 1.62098e+04 1.67068e+04 1.83047e+04 2.00244e+04 1.89396e+04 1.79027e+04 2.13947e+04 1.97602e+04 -9.99999e+99
3.25046e+04 4.17745e+03 4.05366e+03 3.94594e+03 3.79696e+03 4.06094e+03 4.74984e+03 5.75493e+03 5.76626e+03 5.63009e+03 5.87206e+03 6.08519e+03 6.22132e+03 6.25789e+03 6.19391e+03 6.04429e+03 5.85241e+03 5.82468e+03 6.18569e+03 6.41440e+03 6.78404e+03 7.16091e+03 7.43432e+03 8.99636e+03 8.80046e+03 9.75772e+03 1.02599e+04 1.18370e+04 1.52742e+04 1.49407e+04 1.74433e+04 1.80353e+04 1.97663e+04 2.14731e+04 2.03532e+04 1.93851e+04 2.33699e+04 2.16413e+04 -9.99999e+99
3.33559e+04 4.31119e+03 4.22214e+03 4.12492e+03 3.93786e+03 4.17714e+03 4.89039e+03 5.86631e+03 5.69675e+03 5.48939e+03 5.75511e+03 6.01003e+03 6.16239e+03 6.17044e+03 6.07062e+03 5.89629e+03 5.69462e+03 5.69400e+03 6.13609e+03 6.41201e+03 6.83894e+03 7.27182e+03 7.59296e+03 9.42297e+03 9.23819e+03 1.04015e+04 1.10784e+04 1.27320e+04 1.65795e+04 1.62154e+04 1.88199e+04 1.95125e+04 2.14229e+04 2.30914e+04 2.18975e+04 2.10229e+04 2.56585e+04 2.38143e+04 -9.99999e+99
3.42081e+04 4.42739e+03 4.38346e+03 4.28785e+03 4.05661e+03 4.28932e+03 5.02286e+03 5.94891e+03 5.64197e+03 5.36629e+03 5.65982e+03 5.95719e+03 6.11381e+03 6.09098e+03 5.95556e+03 5.75705e+03 5.54780e+03 5.57793e+03 6.10552e+03 6.43357e+03 6.93155e+03 7.44269e+03 7.83663e+03 1.00108e+04 9.86613e+03 1.12878e+04 1.21616e+04 1.38201e+04 1.80237e+04 1.76038e+04 2.03646e+04 2.11749e+04 2.33299e+04 2.49227e+04 2.36174e+04 2.29024e+04 2.83641e+04 2.63748e+04 -9.99999e+99
3.50626e+04 4.49541e+03 4.49008e+03 4.43317e+03 4.19854e+03 4.42869e+03 5.14234e+03 6.01028e+03 5.60685e+03 5.28297e+03 5.62189e+03 5.95908e+03 6.10818e+03 6.04660e+03 5.86291e+03 5.63268e+03 5.41584e+03 5.48001e+03 6.10494e+03 6.49638e+03 7.08725e+03 7.70722e+03 8.20468e+03 1.08074e+04 1.07444e+04 1.24348e+04 1.34698e+04 1.50567e+04 1.96306e+04 1.91244e+04 2.21211e+04 2.30788e+04 2.55688e+04 2.70270e+04 2.55707e+04 2.50458e+04 -9.99999e+99 -9.99999e+99 -9.99999e+99
3.59208e+04 4.63910e+03 4.70068e+03 4.62383e+03 4.30782e+03 4.49389e+03 5.24798e+03 6.06349e+03 5.58976e+03 5.24524e+03 5.65639e+03 6.02322e+03 6.15424e+03 6.03948e+03 5.79099e+03 5.52244e+03 5.30200e+03 5.40684e+03 6.14707e+03 6.61767e+03 7.32735e+03 8.09269e+03 8.73440e+03 1.18486e+04 1.19112e+04 1.37951e+04 1.49252e+04 1.64062e+04 2.14470e+04 2.08184e+04 2.41577e+04 2.53090e+04 2.82632e+04 2.94868e+04 2.78356e+04 2.76522e+04 -9.99999e+99 -9.99999e+99 -9.99999e+99
3.67842e+04 4.82541e+03 4.89520e+03 4.82095e+03 4.47322e+03 4.63258e+03 5.34139e+03 6.11019e+03 5.59687e+03 5.24247e+03 5.73768e+03 6.11432e+03 6.20930e+03 6.03543e+03 5.73011e+03 5.43296e+03 5.21792e+03 5.37165e+03 6.25116e+03 6.82151e+03 7.68764e+03 8.65575e+03 9.51453e+03 1.31490e+04 1.33472e+04 1.53017e+04 1.64848e+04 1.78730e+04 2.35866e+04 2.27847e+04 2.66338e+04 2.80616e+04 3.16902e+04 3.24855e+04 3.05691e+04 3.07608e+04 -9.99999e+99 -9.99999e+99 -9.99999e+99
3.76544e+04 4.95621e+03 5.10429e+03 4.96325e+03 4.54440e+03 4.70366e+03 5.41546e+03 6.14732e+03 5.63088e+03 5.26479e+03 5.81266e+03 6.17893e+03 6.22166e+03 6.01508e+03 5.69099e+03 5.37571e+03 5.16596e+03 5.37226e+03 6.41964e+03 7.11546e+03 8.19067e+03 9.44283e+03 1.05961e+04 1.46187e+04 1.49214e+04 1.69027e+04 1.81428e+04 1.94727e+04 2.61321e+04 2.50948e+04 2.96667e+04 3.14801e+04 3.60502e+04 3.61146e+04 3.38690e+04 3.46936e+04 -9.99999e+99 -9.99999e+99 -9.99999e+99
3.85333e+04 5.08961e+03 5.22881e+03 5.11960e+03 4.70056e+03 4.82742e+03 5.47404e+03 6.17023e+03 5.70125e+03 5.33468e+03 5.89388e+03 6.21384e+03 6.20245e+03 6.01911e+03 5.69714e+03 5.35442e+03 5.13948e+03 5.40399e+03 6.66319e+03 7.52522e+03 8.89119e+03 1.05301e+04 1.20148e+04 1.62146e+04 1.65879e+04 1.86184e+04 1.99483e+04 2.12553e+04 2.92469e+04 2.78856e+04 3.34727e+04 3.58345e+04 4.18021e+04 4.06401e+04 3.79088e+04 3.97520e+04 -9.99999e+99 -9.99999e+99 -9.99999e+99
3.94229e+04 5.11556e+03 5.35894e+03 5.23371e+03 4.77453e+03 4.85606e+03 5.50746e+03 6.17686e+03 5.81545e+03 5.51675e+03 6.05081e+03 6.27891e+03 6.24875e+03 6.12211e+03 5.77160e+03 5.38443e+03 5.15398e+03 5.47613e+03 7.00039e+03 8.08783e+03 9.86301e+03 1.19656e+04 1.37086e+04 1.79345e+04 1.83614e+04 2.05043e+04 2.19740e+04 2.32929e+04 3.31706e+04 3.13636e+04 3.83897e+04 4.15852e+04 4.97118e+04 4.64599e+04 4.29963e+04 4.65499e+04 -9.99999e+99 -9.99999e+99 -9.99999e+99
4.03100e+04 5.13445e+03 5.41252e+03 5.35297e+03 4.87653e+03 4.97149e+03 5.52530e+03 6.16388e+03 5.95321e+03 5.59718e+03 6.03566e+03 6.23905e+03 6.32496e+03 6.24768e+03 5.85568e+03 5.44693e+03 5.18140e+03 5.56833e+03 7.43782e+03 8.84228e+03 1.11635e+04 1.36843e+04 1.55323e+04 1.97920e+04 2.02735e+04 2.26097e+04 2.42811e+04 2.56451e+04 3.81706e+04 3.57204e+04 4.48762e+04 4.93515e+04 6.08730e+04 5.40477e+04 4.95219e+04 5.77296e+04 -9.99999e+99 -9.99999e+99 -9.99999e+99
4.03250e+04 5.13309e+03 5.41446e+03 5.35615e+03 4.88107e+03 4.97918e+03 5.52005e+03 6.16078e+03 5.95586e+03 5.57937e+03 6.01008e+03 6.21160e+03 6.28853e+03 6.20337e+03 5.82809e+03 5.43871e+03 5.18088e+03 5.57051e+03 7.44714e+03 8.85848e+03 1.11906e+04 1.37170e+04 1.55653e+04 1.98262e+04 2.03088e+04 2.26491e+04 2.43248e+04 2.56901e+04 3.82712e+04 3.58077e+04 4.50100e+04 4.95143e+04 6.11149e+04 5.42014e+04 4.96405e+04 5.79933e+04 -9.99999e+99 -9.99999e+99 -9.99999e+99
