#Magnitudes for spectra_toy06_stella calculated by wsynphot
#with vega calibration file: https://archive.stsci.edu/hlsps/reference-atlases/cdbs/calspec/alpha_lyr_stis_003.fits 
#and with scipy 1D interpolation kind='cubic'.
#U,B,V,R,I are Generic Bessell filters and J, H, K are 2MASS filters, taken from http://svo2.cab.inta-csic.es/theory/fps/index.php 
#The spectra file used was last modified at: 2022-03-19 15:02:02 UTC
#and had md5 hash: 3e47435afa71e8a86b15b1defa8e94c0
#
#NTIMES: 675
#NBANDS: 8
#time[d] U B V R I J H K
3.327280e-04 -4.609975 -4.622738 -5.392063 -5.991678 -6.736199 -7.002923 -7.593272 -7.836255
1.174150e-03 -4.488065 -4.535286 -5.341673 -5.960921 -6.722530 -7.007131 -7.603972 -7.855907
2.170890e-03 -4.384990 -4.464903 -5.303512 -5.938306 -6.713874 -7.016338 -7.622169 -7.878060
3.229110e-03 -4.298325 -4.407322 -5.271193 -5.921296 -6.707731 -7.027254 -7.640369 -7.904867
4.286130e-03 -4.240135 -4.369453 -5.251914 -5.911684 -6.706520 -7.038965 -7.658572 -7.929867
5.383420e-03 -4.222889 -4.356017 -5.241880 -5.900249 -6.694019 -7.028968 -7.654977 -7.934522
6.496340e-03 -4.140294 -4.288789 -5.192578 -5.860317 -6.666601 -7.026607 -7.668179 -7.958833
6.496700e-03 -4.140294 -4.288789 -5.192578 -5.860317 -6.666601 -7.026607 -7.668179 -7.958833
7.996580e-03 -4.082533 -4.249046 -5.169170 -5.848314 -6.664188 -7.043325 -7.694594 -7.993490
8.982460e-03 -4.054072 -4.229561 -5.157879 -5.842915 -6.664282 -7.055040 -7.712094 -8.015647
9.968340e-03 -4.025929 -4.210890 -5.149094 -5.840479 -6.668080 -7.069258 -7.730302 -8.037805
1.172030e-02 -3.982167 -4.182990 -5.136692 -5.836025 -6.673181 -7.090979 -7.761725 -8.077464
1.317990e-02 -3.947495 -4.159424 -5.125966 -5.834604 -6.678288 -7.110198 -7.786722 -8.107464
1.549210e-02 -3.898642 -4.128158 -5.112622 -5.833228 -6.688401 -7.138646 -7.825648 -8.154623
1.718280e-02 -3.863869 -4.106604 -5.103736 -5.832306 -6.694711 -7.160370 -7.853863 -8.188944
1.881140e-02 -3.822870 -4.079309 -5.089692 -5.826469 -6.697332 -7.177096 -7.878858 -8.218944
2.098290e-02 -3.763972 -4.038231 -5.068726 -5.817194 -6.698776 -7.198050 -7.909574 -8.256105
2.403320e-02 -3.673365 -3.977380 -5.036559 -5.803035 -6.700232 -7.226510 -7.949230 -8.305767
2.847270e-02 -3.532838 -3.880402 -4.982290 -5.774131 -6.694354 -7.259211 -8.000669 -8.372257
3.128260e-02 -3.434849 -3.813514 -4.942734 -5.752627 -6.688345 -7.277682 -8.028892 -8.409423
3.362990e-02 -3.343168 -3.747517 -4.904960 -5.729019 -6.676012 -7.287685 -8.047841 -8.436589
3.642710e-02 -3.215117 -3.655258 -4.846112 -5.691797 -6.657706 -7.297901 -8.069295 -8.466255
3.943990e-02 -3.054485 -3.536710 -4.769577 -5.640305 -6.629240 -7.303887 -8.090023 -8.495920
4.260850e-02 -2.860009 -3.390119 -4.670274 -5.572738 -6.588701 -7.304121 -8.103982 -8.520259
4.575730e-02 -2.644483 -3.223814 -4.555312 -5.490883 -6.534367 -7.294368 -8.107215 -8.530258
4.844060e-02 -2.446928 -3.070804 -4.444854 -5.407573 -6.476210 -7.272873 -8.098682 -8.527425
5.024030e-02 -2.312338 -2.962438 -4.364024 -5.346672 -6.430335 -7.251380 -8.084416 -8.517098
5.193150e-02 -2.184284 -2.860271 -4.285944 -5.284282 -6.381971 -7.225639 -8.064417 -8.502093
5.351940e-02 -2.063896 -2.761437 -4.209457 -5.222169 -6.331120 -7.196652 -8.042653 -8.482099
5.482490e-02 -1.966012 -2.680569 -4.144097 -5.168998 -6.287506 -7.168410 -8.020889 -8.466434
5.637240e-02 -1.846946 -2.582940 -4.066122 -5.102892 -6.231674 -7.134435 -7.994129 -8.443940
5.684910e-02 -1.811833 -2.551634 -4.041717 -5.082187 -6.214458 -7.121935 -7.986628 -8.438936
5.780240e-02 -1.737929 -2.491079 -3.990800 -5.039315 -6.178351 -7.098700 -7.969868 -8.426111
5.930140e-02 -1.621458 -2.393962 -3.912813 -4.972216 -6.121145 -7.064728 -7.943853 -8.410784
5.979450e-02 -1.583880 -2.362191 -3.886104 -4.951116 -6.103646 -7.052232 -7.936356 -8.405453
6.078070e-02 -1.507531 -2.300381 -3.835083 -4.907813 -6.067844 -7.030764 -7.922099 -8.397627
6.262060e-02 -1.368707 -2.184506 -3.742881 -4.830571 -6.003153 -6.992538 -7.897841 -8.382302
6.331780e-02 -1.318585 -2.143429 -3.709459 -4.803076 -5.980966 -6.981078 -7.888590 -8.379476
6.471230e-02 -1.218458 -2.061506 -3.645774 -4.749533 -5.936284 -6.955350 -7.874337 -8.371654
6.733200e-02 -1.034728 -1.914053 -3.530301 -4.656569 -5.861938 -6.915676 -7.849088 -8.358506
7.085130e-02 -0.794825 -1.723181 -3.383007 -4.537932 -5.767963 -6.866017 -7.820592 -8.343184
7.477820e-02 -0.530387 -1.514603 -3.224977 -4.414247 -5.670102 -6.815647 -7.787106 -8.322536
7.904140e-02 -0.264980 -1.303950 -3.065432 -4.289220 -5.571219 -6.761010 -7.749381 -8.294716
8.364160e-02 0.012833 -1.079871 -2.892752 -4.151094 -5.459888 -6.697089 -7.697642 -8.251896
8.705150e-02 0.230460 -0.900189 -2.754320 -4.040529 -5.368195 -6.640677 -7.650139 -8.206897
9.023880e-02 0.451969 -0.717803 -2.610277 -3.925195 -5.275483 -6.581057 -7.595901 -8.154396
9.351100e-02 0.696972 -0.514475 -2.449661 -3.795037 -5.167808 -6.510355 -7.530901 -8.094078
9.669580e-02 0.959336 -0.297352 -2.277614 -3.655844 -5.052667 -6.436452 -7.461664 -8.026577
9.750870e-02 1.027591 -0.239494 -2.230373 -3.617892 -5.020625 -6.415755 -7.444164 -8.009078
9.913450e-02 1.173048 -0.118638 -2.134024 -3.539444 -4.955063 -6.372555 -7.406661 -7.973758
1.019920e-01 1.438707 0.104038 -1.952358 -3.390745 -4.831481 -6.291165 -7.334159 -7.906258
1.029560e-01 1.531873 0.183160 -1.887619 -3.337014 -4.786962 -6.262970 -7.307427 -7.883440
1.048840e-01 1.725660 0.346572 -1.753263 -3.225587 -4.692952 -6.201582 -7.254925 -7.835622
1.087820e-01 2.139019 0.704605 -1.453858 -2.974299 -4.478995 -6.060641 -7.134726 -7.729989
1.098280e-01 2.253613 0.803765 -1.369320 -2.901864 -4.416035 -6.019273 -7.100499 -7.702173
1.121740e-01 2.497087 1.021093 -1.182713 -2.741164 -4.276130 -5.922909 -7.022039 -7.636544
1.128820e-01 2.581651 1.096144 -1.117226 -2.684350 -4.226677 -5.891549 -6.997813 -7.616232
1.142980e-01 2.758108 1.251283 -0.984708 -2.570771 -4.127788 -5.825192 -6.943587 -7.570918
1.171300e-01 3.130367 1.581992 -0.697658 -2.325926 -3.915077 -5.683656 -6.829979 -7.482171
1.227920e-01 4.011286 2.362397 -0.026970 -1.752173 -3.416178 -5.357551 -6.577061 -7.284709
1.243800e-01 4.275878 2.600482 0.180447 -1.573729 -3.260611 -5.256791 -6.499445 -7.226599
1.275560e-01 4.834907 3.111286 0.626065 -1.192560 -2.927815 -5.043496 -6.340049 -7.106988
1.287080e-01 5.180193 3.448775 0.935414 -0.934224 -2.711166 -4.928399 -6.268278 -7.058590
1.310120e-01 5.601071 3.845797 1.285008 -0.634978 -2.449856 -4.761546 -6.143163 -6.967109
1.315720e-01 5.701856 3.940224 1.370022 -0.561058 -2.384736 -4.722191 -6.113980 -6.944315
1.326900e-01 5.899260 4.130289 1.541480 -0.414296 -2.257904 -4.639741 -6.051443 -6.898727
1.349270e-01 6.291430 4.511397 1.883007 -0.121640 -2.000977 -4.477990 -5.930574 -6.807559
1.380590e-01 6.826737 5.037829 2.360325 0.287621 -1.641708 -4.248917 -5.761409 -6.680824
1.381140e-01 6.834239 5.045329 2.367700 0.293987 -1.635877 -4.246417 -5.758909 -6.678323
1.420740e-01 7.297911 5.512594 2.813597 0.699429 -1.265136 -3.988053 -5.559006 -6.524110
1.429040e-01 7.404374 5.619878 2.915986 0.792358 -1.180190 -3.931312 -5.514855 -6.491043
1.445630e-01 7.605686 5.824469 3.113188 0.970644 -1.017828 -3.818435 -5.428273 -6.422698
1.479310e-01 7.977461 6.204464 3.480065 1.307531 -0.706417 -3.601384 -5.259299 -6.293801
1.514770e-01 8.358365 6.602604 3.866882 1.661375 -0.379302 -3.370783 -5.082015 -6.157147
1.560660e-01 8.996077 7.301404 4.541429 2.267096 0.170395 -3.010081 -4.812591 -5.954692
1.561200e-01 9.002415 7.308904 4.548928 2.273369 0.175392 -3.007037 -4.810091 -5.951930
1.585670e-01 9.251683 7.617914 4.855763 2.556994 0.436451 -2.825793 -4.672949 -5.848092
1.626810e-01 9.519894 8.066922 5.309960 2.983545 0.836408 -2.542499 -4.453578 -5.681237
1.668920e-01 9.645589 8.511898 5.772852 3.423598 1.251249 -2.248812 -4.227737 -5.509155
1.711900e-01 9.591204 8.944700 6.242092 3.873017 1.675969 -1.947259 -3.996094 -5.332106
1.733620e-01 9.551648 9.224562 6.558923 4.173787 1.956662 -1.758314 -3.857670 -5.228594
1.777100e-01 9.358333 9.762719 7.230022 4.815307 2.556007 -1.368687 -3.572559 -5.018356
1.822760e-01 8.277538 9.731150 7.858570 5.514587 3.257612 -0.862607 -3.209571 -4.766981
1.864730e-01 7.863704 9.790387 8.300791 5.962320 3.695999 -0.518146 -2.927529 -4.530562
1.912420e-01 7.356964 9.636082 8.784418 6.467351 4.192527 -0.127461 -2.608616 -4.270966
1.961830e-01 6.814115 9.277329 9.259847 6.991502 4.712688 0.277645 -2.284877 -4.013679
2.032070e-01 6.173738 8.739057 10.184795 8.175363 5.882590 1.068480 -1.700721 -3.576535
2.032500e-01 6.169524 8.734928 10.189367 8.181677 5.890090 1.073483 -1.696792 -3.574035
2.081320e-01 5.698862 8.258675 10.448852 8.792881 6.516423 1.513634 -1.364414 -3.321479
2.114220e-01 5.397864 7.944869 10.509934 9.205998 6.953957 1.820949 -1.130388 -3.147095
2.191310e-01 4.655523 7.143370 10.167211 9.940649 7.857091 2.494853 -0.612527 -2.753242
2.241870e-01 4.233125 6.685797 9.823628 10.420356 8.682011 3.059644 -0.199196 -2.452616
2.298440e-01 3.752754 6.159659 9.312630 10.624653 9.783778 3.762824 0.287511 -2.103854
2.298450e-01 3.752754 6.159659 9.312630 10.624653 9.783778 3.762824 0.287511 -2.103854
2.298450e-01 3.947871 6.257596 8.882133 10.101421 9.575794 4.028587 0.496551 -1.927937
2.298480e-01 3.952158 6.262480 8.886257 10.104245 9.580794 4.033588 0.501553 -1.922940
2.299050e-01 3.937953 6.237488 8.836230 10.063529 9.580820 4.049174 0.507840 -1.922758
2.383050e-01 3.070588 5.239394 7.746423 9.325990 10.408997 4.891509 1.142008 -1.451003
2.479920e-01 2.117965 4.200671 6.663898 8.316810 10.546144 5.984577 1.929283 -0.880661
2.544000e-01 1.447334 3.472059 5.873455 7.519071 10.028605 6.756626 2.431673 -0.529701
2.582430e-01 1.029146 3.015624 5.377235 7.012067 9.587086 7.232450 2.728107 -0.322582
2.628310e-01 0.514979 2.458231 4.768703 6.383973 8.988258 7.827456 3.089783 -0.070093
2.671010e-01 0.048191 1.953831 4.220402 5.820658 8.427462 8.360176 3.432609 0.172029
2.671020e-01 0.048191 1.952965 4.220400 5.820228 8.425282 8.360176 3.432609 0.172029
2.671210e-01 0.045690 1.951332 4.217900 5.817762 8.424963 8.362677 3.433665 0.174389
2.677890e-01 -0.026497 1.871625 4.132746 5.730227 8.335282 8.443854 3.486823 0.212308
2.722320e-01 -0.504505 1.353935 3.568847 5.149360 7.534344 9.120170 3.925698 0.522386
2.755910e-01 -0.880599 0.951635 3.131764 4.689017 7.050515 9.520091 4.178218 0.706201
2.800690e-01 -1.369759 0.431418 2.552398 4.061471 6.346248 9.944011 4.487928 0.940238
2.820990e-01 -1.552518 0.237678 2.341175 3.835946 6.094410 10.168613 4.656608 1.065993
2.865670e-01 -1.937094 -0.167924 1.877560 3.318873 5.482513 10.448315 4.974887 1.312477
2.898760e-01 -2.176868 -0.420875 1.591867 2.998380 5.108715 10.608301 5.241061 1.518558
2.939980e-01 -2.441662 -0.701472 1.257300 2.613215 4.631737 10.582104 5.549537 1.759857
2.939980e-01 -2.441662 -0.701472 1.257116 2.611229 4.631737 10.582104 5.549537 1.759857
2.939990e-01 -2.442121 -0.703056 1.256505 2.611174 4.629743 10.580697 5.549537 1.759857
2.940060e-01 -2.442121 -0.703060 1.254801 2.610658 4.626736 10.577124 5.550443 1.759974
2.941730e-01 -2.447121 -0.709351 1.242335 2.588096 4.569014 10.517511 5.583152 1.780087
2.972100e-01 -2.610018 -0.883561 1.023947 2.324319 4.210667 10.382893 5.841377 1.978739
2.999490e-01 -2.745885 -1.030592 0.841475 2.104523 3.934320 10.247430 6.060047 2.157028
3.024010e-01 -2.856295 -1.151284 0.684483 1.917874 3.704044 10.103210 6.262781 2.317804
3.042400e-01 -2.935726 -1.237979 0.573397 1.784064 3.542366 9.988961 6.422969 2.445851
3.127950e-01 -3.269906 -1.607529 0.111645 1.237182 2.881338 8.658760 7.188262 3.086918
3.153030e-01 -3.360350 -1.709377 -0.023630 1.077482 2.690361 8.457243 7.438203 3.277917
3.202620e-01 -3.531212 -1.906133 -0.284724 0.770370 2.321396 8.025348 7.963483 3.677445
3.258080e-01 -3.711656 -2.106905 -0.547100 0.458609 1.950406 7.594812 8.188396 4.188117
3.263640e-01 -3.729644 -2.128329 -0.576083 0.427232 1.911696 7.544818 8.244873 4.233381
3.271260e-01 -3.754636 -2.158435 -0.613806 0.381407 1.857982 7.474819 8.321375 4.296313
3.280770e-01 -3.785619 -2.195104 -0.662537 0.326788 1.791762 7.388983 8.411660 4.374239
3.302180e-01 -3.855613 -2.276067 -0.769518 0.200566 1.641199 7.189796 8.593630 4.547578
3.325430e-01 -3.933614 -2.365881 -0.886039 0.064210 1.478105 6.972252 8.754409 4.731140
3.348610e-01 -4.009127 -2.454202 -1.001611 -0.067765 1.319359 6.758838 8.876837 4.912094
3.365510e-01 -4.062645 -2.518583 -1.083933 -0.164606 1.204340 6.602902 8.937051 5.042868
3.397440e-01 -4.166195 -2.638947 -1.240120 -0.342549 0.992390 6.312708 9.000406 5.294147
3.422870e-01 -4.248770 -2.736122 -1.363801 -0.482183 0.825386 6.080843 8.987773 5.490095
3.448310e-01 -4.331370 -2.832370 -1.486022 -0.622987 0.661483 5.850563 8.929447 5.686013
3.473740e-01 -4.414983 -2.930911 -1.609769 -0.761433 0.497538 5.618623 8.823370 5.876906
3.510380e-01 -4.524143 -3.061306 -1.777627 -0.944453 0.301213 5.408793 8.606209 6.099291
3.529260e-01 -4.587806 -3.138412 -1.872090 -1.049525 0.178554 5.230233 8.469091 6.232147
3.568640e-01 -4.732728 -3.310511 -2.081521 -1.280581 -0.094536 4.805111 8.065307 6.481429
3.603380e-01 -4.861710 -3.463619 -2.263657 -1.480043 -0.326403 4.451587 7.699375 6.706872
3.649900e-01 -5.057475 -3.689117 -2.520406 -1.758023 -0.657631 3.878567 7.010016 6.954508
3.659900e-01 -5.095637 -3.733209 -2.570256 -1.811641 -0.721555 3.780669 6.897985 7.014116
3.696600e-01 -5.251209 -3.906808 -2.762626 -2.019800 -0.970201 3.356045 6.372567 7.171350
3.704910e-01 -5.285888 -3.945623 -2.804692 -2.063323 -1.022390 3.270553 6.271088 7.204169
3.724940e-01 -5.369208 -4.037522 -2.904857 -2.171261 -1.151798 3.054004 6.002125 7.259546
3.740570e-01 -5.433900 -4.107653 -2.980019 -2.253205 -1.248749 2.891887 5.804900 7.286765
3.750980e-01 -5.476534 -4.153975 -3.029888 -2.307507 -1.313491 2.785290 5.669927 7.292409
3.764000e-01 -5.531236 -4.211768 -3.090205 -2.372713 -1.393243 2.654104 5.509201 7.285355
3.774410e-01 -5.573302 -4.255876 -3.138304 -2.426403 -1.458008 2.546409 5.373725 7.260392
3.817390e-01 -5.746233 -4.437810 -3.333554 -2.642928 -1.736043 2.042410 4.696912 6.887349
3.829670e-01 -5.791809 -4.486351 -3.385802 -2.702317 -1.807445 1.919505 4.538114 6.762482
3.854230e-01 -5.881957 -4.579452 -3.486328 -2.815621 -1.953750 1.665286 4.203553 6.412778
3.899490e-01 -6.033602 -4.735236 -3.661721 -3.021676 -2.224107 1.174763 3.522544 5.522362
3.946180e-01 -6.169336 -4.877807 -3.827518 -3.221380 -2.490617 0.694675 2.839642 4.539426
4.008040e-01 -6.327572 -5.045583 -4.027804 -3.461771 -2.801643 0.173539 2.096462 3.398395
4.013400e-01 -6.340071 -5.058092 -4.042734 -3.481163 -2.828358 0.129826 2.036580 3.311295
4.020240e-01 -6.355072 -5.074741 -4.065158 -3.507374 -2.861712 0.073685 1.955864 3.191689
4.028550e-01 -6.374648 -5.095058 -4.090099 -3.537811 -2.903436 0.006307 1.855939 3.041689
4.045170e-01 -6.410233 -5.133204 -4.139891 -3.599503 -2.984396 -0.132279 1.645317 2.729586
4.078130e-01 -6.475395 -5.205994 -4.235992 -3.722148 -3.145634 -0.414674 1.204990 2.125098
4.119660e-01 -6.549236 -5.293022 -4.358089 -3.874594 -3.345400 -0.770008 0.648885 1.435655
4.129280e-01 -6.566736 -5.312197 -4.383396 -3.906780 -3.387192 -0.840143 0.544643 1.312336
4.138900e-01 -6.584405 -5.332536 -4.410807 -3.940777 -3.431490 -0.911511 0.439250 1.186517
4.151720e-01 -6.604995 -5.358077 -4.445743 -3.983898 -3.486695 -1.005485 0.294596 1.015279
4.194780e-01 -6.677427 -5.443012 -4.565549 -4.130351 -3.672388 -1.317764 -0.186601 0.459831
4.200870e-01 -6.687847 -5.449606 -4.556004 -4.108787 -3.638059 -1.267619 -0.095541 0.140371
4.215280e-01 -6.710522 -5.477992 -4.595960 -4.157155 -3.700806 -1.373064 -0.254617 -0.033634
4.241310e-01 -6.753386 -5.530605 -4.668730 -4.246711 -3.811335 -1.567769 -0.539421 -0.329179
4.249920e-01 -6.768984 -5.549810 -4.693711 -4.275551 -3.847261 -1.629308 -0.626285 -0.417448
4.249930e-01 -6.768984 -5.549810 -4.693711 -4.275551 -3.847261 -1.629308 -0.626285 -0.417448
4.251210e-01 -6.771068 -5.552311 -4.696222 -4.278987 -3.853189 -1.636806 -0.639413 -0.430332
4.261150e-01 -6.786669 -5.571534 -4.723684 -4.312648 -3.892548 -1.704715 -0.736918 -0.528607
4.270890e-01 -6.803756 -5.592115 -4.751183 -4.344926 -3.933479 -1.772644 -0.831945 -0.624382
4.290350e-01 -6.837652 -5.634190 -4.806150 -4.409968 -4.012220 -1.909699 -1.023266 -0.811726
4.298220e-01 -6.850756 -5.650909 -4.828294 -4.434575 -4.044098 -1.963815 -1.097048 -0.882515
4.306080e-01 -6.865345 -5.667633 -4.850792 -4.460735 -4.075039 -2.015446 -1.168336 -0.951203
4.316560e-01 -6.883451 -5.689694 -4.880790 -4.494628 -4.116924 -2.087089 -1.267122 -1.042401
4.337540e-01 -6.923849 -5.736790 -4.940786 -4.564923 -4.203213 -2.232093 -1.464061 -1.224407
4.345480e-01 -6.938847 -5.754557 -4.961175 -4.589544 -4.234164 -2.284888 -1.534057 -1.287715
4.356070e-01 -6.959049 -5.778796 -4.991549 -4.625737 -4.276070 -2.355495 -1.629048 -1.371846
4.388450e-01 -7.026961 -5.855479 -5.086223 -4.730731 -4.404318 -2.582793 -1.933377 -1.633466
4.395630e-01 -7.042574 -5.872992 -5.106236 -4.754423 -4.432781 -2.630646 -1.992727 -1.686798
4.412840e-01 -7.077785 -5.913633 -5.154135 -4.809332 -4.498178 -2.743167 -2.139562 -1.811399
4.452480e-01 -7.168212 -6.012505 -5.269584 -4.939674 -4.655964 -3.018840 -2.503811 -2.119450
4.464610e-01 -7.195713 -6.041764 -5.304607 -4.978615 -4.701940 -3.097189 -2.603165 -2.205749
4.488850e-01 -7.250930 -6.101392 -5.374674 -5.057077 -4.794357 -3.257930 -2.810589 -2.381315
4.535750e-01 -7.361770 -6.221365 -5.512315 -5.210997 -4.976297 -3.574753 -3.225521 -2.749614
4.538580e-01 -7.367391 -6.228863 -5.519816 -5.218752 -4.987296 -3.592760 -3.248017 -2.769613
4.556030e-01 -7.405291 -6.266730 -5.562737 -5.267510 -5.041793 -3.674781 -3.346151 -2.958898
4.570160e-01 -7.437790 -6.301006 -5.602778 -5.311491 -5.092797 -3.756818 -3.448644 -3.059744
4.584280e-01 -7.470514 -6.336376 -5.642445 -5.353745 -5.142302 -3.837885 -3.551141 -3.160592
4.617940e-01 -7.546365 -6.419955 -5.740066 -5.461773 -5.266332 -4.035644 -3.806763 -3.418942
4.669660e-01 -7.664327 -6.549605 -5.890616 -5.626860 -5.452418 -4.331290 -4.189294 -3.826872
4.676660e-01 -7.679560 -6.567118 -5.910663 -5.649381 -5.475938 -4.366900 -4.234292 -3.874371
4.688670e-01 -7.705190 -6.596416 -5.945321 -5.685650 -5.516957 -4.427516 -4.309930 -3.954370
4.700680e-01 -7.732297 -6.625704 -5.978232 -5.721922 -5.557979 -4.487198 -4.385569 -4.034368
4.740360e-01 -7.816936 -6.722197 -6.090497 -5.842245 -5.691056 -4.686318 -4.636842 -4.313092
4.792080e-01 -7.924790 -6.845883 -6.236080 -6.000128 -5.863706 -4.936227 -4.957569 -4.685137
4.801240e-01 -7.942543 -6.866271 -6.260745 -6.026162 -5.892241 -4.975318 -5.008216 -4.742217
4.823220e-01 -7.985941 -6.917037 -6.318330 -6.088467 -5.960777 -5.070098 -5.126359 -4.878467
4.845750e-01 -8.028699 -6.965702 -6.378047 -6.151501 -6.029314 -5.163991 -5.242667 -5.014721
4.847840e-01 -8.033315 -6.970703 -6.383058 -6.157281 -6.035353 -5.173990 -5.252667 -5.027221
4.867070e-01 -8.068578 -7.011501 -6.432780 -6.210321 -6.093893 -5.251298 -5.353974 -5.143896
4.896890e-01 -8.120409 -7.074103 -6.506177 -6.292661 -6.183478 -5.372728 -5.506604 -5.329344
4.943160e-01 -8.196231 -7.164010 -6.618574 -6.415557 -6.319116 -5.556527 -5.738083 -5.618203
4.948400e-01 -8.204386 -7.175098 -6.630753 -6.429084 -6.334115 -5.574030 -5.761253 -5.647802
4.975430e-01 -8.246412 -7.224208 -6.693017 -6.496689 -6.410163 -5.673017 -5.885089 -5.803309
4.981310e-01 -8.254573 -7.235672 -6.705927 -6.511689 -6.425165 -5.694641 -5.910760 -5.835412
4.984560e-01 -8.257073 -7.237097 -6.708852 -6.517722 -6.432665 -5.694771 -5.910959 -5.866491
5.017420e-01 -8.303680 -7.294819 -6.781205 -6.597863 -6.522266 -5.811267 -6.056172 -6.055914
5.050940e-01 -8.351022 -7.352941 -6.853899 -6.677750 -6.609372 -5.923660 -6.198904 -6.252130
5.065530e-01 -8.369856 -7.377326 -6.883986 -6.710785 -6.646873 -5.971918 -6.257777 -6.337393
5.095510e-01 -8.409422 -7.425101 -6.946363 -6.780413 -6.721485 -6.069328 -6.378038 -6.506226
5.156690e-01 -8.484870 -7.520222 -7.066458 -6.914704 -6.872164 -6.268322 -6.626510 -6.831212
5.179000e-01 -8.512321 -7.552537 -7.106995 -6.961321 -6.925727 -6.336619 -6.709707 -6.932302
5.189400e-01 -8.523000 -7.566949 -7.126689 -6.982399 -6.949291 -6.368267 -6.747907 -6.976953
5.207240e-01 -8.543319 -7.592856 -7.159305 -7.018751 -6.990356 -6.421571 -6.813607 -7.053755
5.242910e-01 -8.583606 -7.642112 -7.222060 -7.089996 -7.071424 -6.526537 -6.945009 -7.207712
5.290470e-01 -8.634951 -7.705011 -7.302531 -7.183002 -7.176059 -6.664020 -7.116048 -7.413489
5.304580e-01 -8.650285 -7.723339 -7.325476 -7.209371 -7.207133 -6.702342 -7.164253 -7.470305
5.322350e-01 -8.668120 -7.745295 -7.355295 -7.242964 -7.243205 -6.751508 -7.224962 -7.539964
5.332830e-01 -8.678813 -7.759302 -7.370741 -7.261836 -7.266779 -6.779836 -7.258894 -7.582124
5.346790e-01 -8.693458 -7.776246 -7.393375 -7.288188 -7.296781 -6.817340 -7.304608 -7.636784
5.364260e-01 -8.711299 -7.798209 -7.423200 -7.321785 -7.332856 -6.863175 -7.362105 -7.703606
5.417870e-01 -8.765184 -7.864492 -7.509058 -7.420912 -7.445009 -7.002365 -7.533197 -7.906923
5.495900e-01 -8.846939 -7.962799 -7.634803 -7.564732 -7.604670 -7.198257 -7.767552 -8.182758
5.515800e-01 -8.867298 -7.987293 -7.667138 -7.600050 -7.643254 -7.243261 -7.823278 -8.247096
5.537030e-01 -8.888000 -8.013298 -7.699794 -7.636454 -7.684336 -7.291625 -7.879012 -8.313939
5.537040e-01 -8.885141 -8.006750 -7.690559 -7.630335 -7.681836 -7.288260 -7.885472 -8.317095
5.544660e-01 -8.898349 -8.021752 -7.706006 -7.647834 -7.699337 -7.304944 -7.915921 -8.362098
5.564630e-01 -8.918708 -8.046253 -7.737915 -7.681717 -7.736838 -7.349945 -7.969156 -8.421767
5.583210e-01 -8.938361 -8.068236 -7.765576 -7.713131 -7.772924 -7.390812 -8.014901 -8.473937
5.605180e-01 -8.959068 -8.094254 -7.798689 -7.751723 -7.812918 -7.438312 -8.067397 -8.533284
5.645400e-01 -9.001591 -8.143262 -7.860772 -7.819535 -7.889010 -7.525000 -8.163882 -8.642298
5.710860e-01 -9.068040 -8.221785 -7.958944 -7.930987 -8.011185 -7.666753 -8.321379 -8.813826
5.742390e-01 -9.099471 -8.259236 -8.004593 -7.983223 -8.067276 -7.730946 -8.392126 -8.891003
5.769410e-01 -9.127347 -8.291270 -8.044480 -8.027159 -8.115869 -7.785948 -8.452124 -8.955680
5.778090e-01 -9.135567 -8.301715 -8.056979 -8.039960 -8.130867 -7.802641 -8.472123 -8.975681
5.792080e-01 -9.150227 -8.318283 -8.077145 -8.062763 -8.155866 -7.830140 -8.502868 -9.008183
5.809570e-01 -9.167388 -8.337804 -8.102329 -8.091097 -8.184460 -7.864336 -8.540369 -9.048181
5.824640e-01 -9.180607 -8.354802 -8.122790 -8.113928 -8.210557 -7.894337 -8.572869 -9.083180
5.846890e-01 -9.203489 -8.380274 -8.152976 -8.147843 -8.248056 -7.936033 -8.621116 -9.132858
5.865210e-01 -9.220990 -8.399800 -8.178165 -8.176483 -8.279154 -7.971034 -8.661114 -9.175358
5.921980e-01 -9.275323 -8.463882 -8.255758 -8.261853 -8.372750 -8.076930 -8.779360 -9.297857
5.954430e-01 -9.305716 -8.498417 -8.296417 -8.308307 -8.423849 -8.134433 -8.842610 -9.365359
6.007650e-01 -9.356109 -8.554998 -8.364317 -8.383695 -8.507451 -8.227831 -8.945859 -9.472537
6.028040e-01 -9.374337 -8.577021 -8.389802 -8.412346 -8.538553 -8.262033 -8.984110 -9.512537
6.049900e-01 -9.394003 -8.598631 -8.416750 -8.441282 -8.571053 -8.299534 -9.024110 -9.555038
6.055730e-01 -9.395737 -8.601110 -8.417507 -8.443842 -8.575762 -8.310330 -9.036607 -9.572218
6.114260e-01 -9.446864 -8.659769 -8.488091 -8.523122 -8.661869 -8.404535 -9.139106 -9.677216
6.133690e-01 -9.464031 -8.677755 -8.510782 -8.548436 -8.689368 -8.434535 -9.170614 -9.710037
6.155160e-01 -9.480097 -8.698419 -8.535991 -8.577095 -8.720476 -8.467033 -9.205613 -9.747217
6.186480e-01 -9.505500 -8.727977 -8.571206 -8.616039 -8.762977 -8.512038 -9.254857 -9.797216
6.207520e-01 -9.523736 -8.748465 -8.596402 -8.643570 -8.791586 -8.542035 -9.285612 -9.829717
6.217380e-01 -9.531236 -8.757543 -8.606420 -8.654700 -8.804086 -8.557036 -9.300612 -9.844717
6.227140e-01 -9.539474 -8.766433 -8.616900 -8.667200 -8.816585 -8.569539 -9.313113 -9.857538
6.255130e-01 -9.560213 -8.792130 -8.649319 -8.702516 -8.854086 -8.608741 -9.353112 -9.897538
6.288080e-01 -9.585619 -8.821699 -8.685003 -8.742833 -8.896586 -8.652037 -9.395612 -9.942217
6.317730e-01 -9.609603 -8.849244 -8.717451 -8.778971 -8.934086 -8.692036 -9.433112 -9.979717
6.342450e-01 -9.627847 -8.870847 -8.743142 -8.808971 -8.964086 -8.722033 -9.462357 -10.009717
6.367160e-01 -9.646093 -8.892923 -8.770852 -8.838971 -8.994086 -8.752835 -9.491603 -10.037538
6.386730e-01 -9.660086 -8.910444 -8.791064 -8.861787 -9.019087 -8.777832 -9.514102 -10.059717
6.420330e-01 -9.685834 -8.941158 -8.828504 -8.901789 -9.059086 -8.817830 -9.550852 -10.095037
6.432960e-01 -9.692576 -8.951336 -8.837730 -8.915773 -9.076037 -8.837827 -9.567596 -10.112217
6.454440e-01 -9.706910 -8.970447 -8.860923 -8.941796 -9.097422 -8.860326 -9.587599 -10.132216
6.468740e-01 -9.715915 -8.984086 -8.875652 -8.956763 -9.111308 -8.873627 -9.599350 -10.146896
6.485560e-01 -9.728415 -8.998649 -8.893646 -8.976448 -9.128808 -8.892820 -9.616096 -10.161896
6.512340e-01 -9.749595 -9.023222 -8.921078 -9.005633 -9.158809 -8.921123 -9.641101 -10.186897
6.533990e-01 -9.765353 -9.042337 -8.943801 -9.030315 -9.181308 -8.943621 -9.660350 -10.206897
6.563370e-01 -9.786871 -9.067834 -8.974010 -9.061941 -9.211585 -8.974422 -9.687102 -10.231896
6.577400e-01 -9.797633 -9.080334 -8.987488 -9.078311 -9.226585 -8.989421 -9.699608 -10.244397
6.604500e-01 -9.816988 -9.104000 -9.014453 -9.105813 -9.254086 -9.016918 -9.723859 -10.269397
6.624520e-01 -9.832422 -9.121501 -9.032936 -9.127155 -9.272977 -9.037719 -9.741360 -10.286896
6.651500e-01 -9.851785 -9.144047 -9.059897 -9.154339 -9.297976 -9.063523 -9.765616 -10.311577
6.683840e-01 -9.875495 -9.171546 -9.088402 -9.186810 -9.329368 -9.096022 -9.794869 -10.339397
6.794080e-01 -9.951448 -9.260457 -9.185573 -9.292408 -9.432696 -9.208517 -9.896912 -10.441577
6.838590e-01 -9.981613 -9.295505 -9.225554 -9.334877 -9.474085 -9.251820 -9.934410 -10.479078
6.876750e-01 -10.008177 -9.325527 -9.258284 -9.368787 -9.507697 -9.286819 -9.967939 -10.511578
6.913310e-01 -10.031459 -9.352148 -9.288535 -9.401259 -9.539085 -9.320123 -9.997937 -10.541578
6.948990e-01 -10.054144 -9.379199 -9.316780 -9.432669 -9.570196 -9.353431 -10.027204 -10.571577
7.002090e-01 -10.086050 -9.415845 -9.359276 -9.477639 -9.614084 -9.400929 -10.071471 -10.611577
7.039470e-01 -10.109012 -9.442446 -9.387273 -9.506835 -9.644086 -9.433427 -10.100738 -10.639398
7.083080e-01 -10.134219 -9.470892 -9.419752 -9.540718 -9.676584 -9.470926 -10.132509 -10.671897
7.170460e-01 -10.182262 -9.524568 -9.478276 -9.604293 -9.736587 -9.541733 -10.196050 -10.731897
7.196790e-01 -10.195889 -9.540720 -9.496023 -9.623182 -9.754088 -9.561731 -10.212823 -10.749397
7.232080e-01 -10.214989 -9.561643 -9.518770 -9.647351 -9.777978 -9.589229 -10.237097 -10.771894
7.258570e-01 -10.228619 -9.577796 -9.536013 -9.664569 -9.794085 -9.607541 -10.254598 -10.787215
7.284940e-01 -10.240884 -9.592796 -9.551519 -9.681271 -9.811588 -9.627540 -10.271371 -10.804400
7.292740e-01 -10.242312 -9.601854 -9.556089 -9.689535 -9.822759 -9.645105 -10.285644 -10.814396
7.340910e-01 -10.262091 -9.627593 -9.586323 -9.719484 -9.846632 -9.677604 -10.312424 -10.841580
7.367050e-01 -10.271877 -9.642842 -9.602324 -9.735872 -9.856632 -9.694295 -10.325980 -10.854395
7.398890e-01 -10.282480 -9.659031 -9.621796 -9.754167 -9.869136 -9.712599 -10.340981 -10.871579
7.444110e-01 -10.303910 -9.686084 -9.650048 -9.783080 -9.891635 -9.740905 -10.362764 -10.894078
7.491300e-01 -10.326703 -9.714281 -9.678324 -9.813068 -9.915513 -9.770901 -10.386328 -10.916578
7.535540e-01 -10.348168 -9.740916 -9.708049 -9.842549 -9.940773 -9.796707 -10.405611 -10.936577
7.575640e-01 -10.369820 -9.765473 -9.733833 -9.870052 -9.962156 -9.820015 -10.424181 -10.956574
7.626860e-01 -10.396810 -9.798444 -9.769353 -9.906517 -9.992154 -9.850825 -10.447761 -10.981260
7.662700e-01 -10.416316 -9.822114 -9.794626 -9.932615 -10.013540 -9.873323 -10.464551 -10.998755
7.697810e-01 -10.436330 -9.845503 -9.818171 -9.957939 -10.034923 -9.894949 -10.481342 -11.014078
7.748560e-01 -10.460600 -9.884233 -9.856999 -9.998871 -10.074763 -9.937502 -10.514926 -11.045942
7.778700e-01 -10.476448 -9.902909 -9.877280 -10.020275 -10.093634 -9.957500 -10.531017 -11.060940
7.833270e-01 -10.506378 -9.939971 -9.915591 -10.060096 -10.127265 -9.990811 -10.557817 -11.088438
7.868400e-01 -10.524733 -9.961611 -9.940328 -10.084005 -10.148635 -10.014122 -10.577115 -11.108122
7.922130e-01 -10.551340 -9.995290 -9.976127 -10.120570 -10.179766 -10.049119 -10.603914 -11.133443
7.965240e-01 -10.571763 -10.020339 -10.005601 -10.148431 -10.203635 -10.074932 -10.625715 -11.155943
8.018430e-01 -10.594611 -10.051520 -10.038907 -10.182522 -10.232268 -10.108247 -10.652516 -11.180937
8.091030e-01 -10.625865 -10.092702 -10.081681 -10.224860 -10.267266 -10.151559 -10.688623 -11.213440
8.147370e-01 -10.649179 -10.121410 -10.114735 -10.257936 -10.293396 -10.184057 -10.714736 -11.236259
8.204050e-01 -10.671771 -10.152161 -10.146718 -10.288080 -10.318395 -10.216553 -10.739043 -11.261260
8.241000e-01 -10.685114 -10.169685 -10.166981 -10.307505 -10.334529 -10.237370 -10.755854 -11.276259
8.304480e-01 -10.710595 -10.202937 -10.202548 -10.342863 -10.360662 -10.270688 -10.781976 -11.301578
8.349830e-01 -10.717414 -10.233942 -10.230472 -10.373668 -10.389795 -10.309159 -10.817413 -11.328758
8.422190e-01 -10.734628 -10.267145 -10.270196 -10.408076 -10.408295 -10.347467 -10.846046 -11.358761
8.472560e-01 -10.745299 -10.289992 -10.295984 -10.431312 -10.418135 -10.372464 -10.865361 -11.376578
8.550250e-01 -10.774099 -10.330335 -10.338256 -10.471099 -10.449308 -10.410772 -10.896500 -11.406578
8.613310e-01 -10.800398 -10.362837 -10.370785 -10.501908 -10.472979 -10.441581 -10.920143 -11.429077
8.711510e-01 -10.839689 -10.413162 -10.421907 -10.552335 -10.512830 -10.489893 -10.958791 -11.464394
8.772660e-01 -10.865138 -10.444359 -10.452537 -10.583957 -10.537688 -10.519889 -10.984271 -11.489398
8.853150e-01 -10.896705 -10.486012 -10.495065 -10.623943 -10.571234 -10.562386 -11.017932 -11.519716
8.899970e-01 -10.913764 -10.508085 -10.517876 -10.646793 -10.589920 -10.585701 -11.037931 -11.539395
8.932410e-01 -10.925237 -10.524304 -10.535113 -10.662177 -10.602294 -10.603198 -11.052263 -11.552216
8.996990e-01 -10.928919 -10.564205 -10.573642 -10.703197 -10.632368 -10.649202 -11.093429 -11.589398
9.054890e-01 -10.944193 -10.589600 -10.601992 -10.730151 -10.648538 -10.679200 -11.119600 -11.611898
9.126760e-01 -10.954622 -10.618347 -10.636419 -10.757588 -10.660989 -10.714200 -11.148937 -11.637536
9.193740e-01 -10.963066 -10.645036 -10.669130 -10.783538 -10.672246 -10.746695 -11.175774 -11.662539
9.257750e-01 -10.976974 -10.672104 -10.698352 -10.807515 -10.686046 -10.774194 -11.200113 -11.682859
9.355540e-01 -11.004513 -10.713709 -10.738944 -10.845225 -10.716152 -10.816692 -11.235637 -11.711003
9.429390e-01 -11.029368 -10.745368 -10.770931 -10.874003 -10.739974 -10.846687 -11.259981 -11.733828
9.547830e-01 -11.074264 -10.795736 -10.820020 -10.926006 -10.782528 -10.894992 -11.300519 -11.766975
9.632800e-01 -11.110288 -10.833234 -10.857617 -10.963385 -10.816308 -10.929987 -11.329866 -11.794476
9.710880e-01 -11.145269 -10.866993 -10.891067 -10.999786 -10.848810 -10.964987 -11.358567 -11.821974
9.750430e-01 -11.148179 -10.889424 -10.911914 -11.021661 -10.863182 -10.988467 -11.383568 -11.841976
9.821990e-01 -11.181736 -10.920665 -10.942864 -11.055992 -10.898181 -11.023462 -11.412920 -11.869152
9.875660e-01 -11.205683 -10.944016 -10.967644 -11.080993 -10.923182 -11.048464 -11.435421 -11.889476
9.922580e-01 -11.225686 -10.964016 -10.988243 -11.103522 -10.946984 -11.073463 -11.455422 -11.909150
9.984580e-01 -11.254628 -10.991518 -11.016338 -11.133547 -10.978289 -11.105959 -11.484775 -11.936652
1.004640e+00 -11.282126 -11.018606 -11.043638 -11.161953 -11.009594 -11.138459 -11.514130 -11.964151
1.008000e+00 -11.297125 -11.032369 -11.058637 -11.177169 -11.027095 -11.156761 -11.530986 -11.979150
1.019140e+00 -11.345417 -11.080305 -11.109252 -11.230625 -11.086020 -11.219263 -11.587843 -12.029474
1.023660e+00 -11.366861 -11.100331 -11.130935 -11.250871 -11.109833 -11.244262 -11.610345 -12.049477
1.032640e+00 -11.407257 -11.140331 -11.170947 -11.291993 -11.156146 -11.292565 -11.657203 -12.091976
1.041040e+00 -11.444099 -11.176178 -11.208684 -11.330647 -11.201274 -11.340064 -11.699704 -12.129800
1.046050e+00 -11.466999 -11.198678 -11.231198 -11.354060 -11.227592 -11.367563 -11.726563 -12.152626
1.051510e+00 -11.491346 -11.221204 -11.255980 -11.379303 -11.256413 -11.397563 -11.754064 -12.177626
1.056400e+00 -11.512796 -11.242470 -11.277897 -11.400217 -11.280232 -11.425061 -11.779064 -12.200452
1.065590e+00 -11.554244 -11.282469 -11.317897 -11.440710 -11.327876 -11.473368 -11.825924 -12.242952
1.070350e+00 -11.574645 -11.302495 -11.339597 -11.461624 -11.351701 -11.499175 -11.850285 -12.263282
1.074310e+00 -11.591498 -11.317908 -11.355413 -11.479181 -11.371854 -11.520868 -11.870286 -12.280781
1.078280e+00 -11.611747 -11.338770 -11.375422 -11.491331 -11.378183 -11.541601 -11.893427 -12.301108
1.083570e+00 -11.634649 -11.361270 -11.397937 -11.514748 -11.404513 -11.569101 -11.920287 -12.323937
1.100060e+00 -11.703998 -11.427539 -11.464871 -11.581857 -11.482348 -11.654104 -12.000288 -12.398936
1.104030e+00 -11.721498 -11.443398 -11.482139 -11.598906 -11.502347 -11.674103 -12.019653 -12.414267
1.107510e+00 -11.734399 -11.457540 -11.494870 -11.612324 -11.518685 -11.691603 -12.037154 -12.431436
1.114470e+00 -11.763351 -11.483809 -11.522386 -11.640774 -11.551364 -11.724915 -12.069650 -12.461767
1.128680e+00 -11.817706 -11.538415 -11.579309 -11.696974 -11.615393 -11.797412 -12.139017 -12.524595
1.133060e+00 -11.834159 -11.554686 -11.596809 -11.714537 -11.635587 -11.818224 -12.159654 -12.542426
1.140850e+00 -11.864563 -11.584685 -11.626809 -11.744787 -11.669436 -11.855726 -12.196517 -12.577427
1.144740e+00 -11.878516 -11.598854 -11.641808 -11.759817 -11.685786 -11.875725 -12.214021 -12.592758
1.150250e+00 -11.898923 -11.618853 -11.661824 -11.780770 -11.710991 -11.900727 -12.239018 -12.617427
1.154260e+00 -11.913922 -11.633040 -11.677042 -11.795995 -11.728491 -11.920726 -12.259018 -12.634927
1.169080e+00 -11.967237 -11.687234 -11.733746 -11.852013 -11.791418 -11.991538 -12.326522 -12.697758
1.173540e+00 -11.984330 -11.703507 -11.751248 -11.869542 -11.810278 -12.011540 -12.346518 -12.715589
1.179130e+00 -12.003693 -11.723093 -11.771482 -11.890472 -11.834140 -12.038226 -12.370885 -12.740589
1.183710e+00 -12.019738 -11.738948 -11.788763 -11.908197 -11.854139 -12.059040 -12.390883 -12.758089
1.186850e+00 -12.030786 -11.751891 -11.802114 -11.915956 -11.854139 -12.073988 -12.407752 -12.773422
1.192010e+00 -12.050785 -11.771476 -11.821321 -11.934574 -11.876639 -12.098171 -12.428390 -12.793755
1.197080e+00 -12.068285 -11.789391 -11.839630 -11.954605 -11.898003 -12.121489 -12.450884 -12.813755
1.202070e+00 -12.085784 -11.806916 -11.858838 -11.973033 -11.919367 -12.143988 -12.473388 -12.836255
1.207000e+00 -12.103693 -11.824832 -11.876569 -11.991463 -11.940733 -12.166491 -12.495888 -12.856255
1.212100e+00 -12.121193 -11.842776 -11.896570 -12.011495 -11.962100 -12.191490 -12.518388 -12.876589
1.231200e+00 -12.187650 -11.909940 -11.969086 -12.085023 -12.042584 -12.279808 -12.603392 -12.956925
1.236930e+00 -12.207012 -11.929528 -11.989319 -12.105953 -12.066459 -12.304808 -12.628391 -12.979423
1.243510e+00 -12.229513 -11.952475 -12.013746 -12.129390 -12.092835 -12.333126 -12.655891 -13.004758
1.251200e+00 -12.254512 -11.979143 -12.041261 -12.157796 -12.122835 -12.368127 -12.688392 -13.034759
1.257060e+00 -12.274512 -11.998369 -12.063761 -12.180325 -12.146712 -12.391448 -12.710891 -13.055094
1.264990e+00 -12.300969 -12.025869 -12.091262 -12.208280 -12.179212 -12.424771 -12.740894 -13.084758
1.271000e+00 -12.320970 -12.046293 -12.111497 -12.229187 -12.201712 -12.449770 -12.763394 -13.105094
1.277220e+00 -12.340969 -12.066742 -12.133996 -12.251719 -12.225591 -12.475592 -12.788394 -13.127594
1.285540e+00 -12.368470 -12.093024 -12.161527 -12.280873 -12.258352 -12.510591 -12.818395 -13.155430
1.291820e+00 -12.389519 -12.114306 -12.184028 -12.303601 -12.283350 -12.534743 -12.843395 -13.178268
1.298280e+00 -12.409928 -12.135974 -12.206527 -12.326134 -12.307238 -12.561416 -12.866531 -13.200767
1.306990e+00 -12.437430 -12.163927 -12.236543 -12.357079 -12.341119 -12.597242 -12.900897 -13.231106
1.313600e+00 -12.460341 -12.183622 -12.261627 -12.376588 -12.354736 -12.624728 -12.925896 -13.256444
1.320350e+00 -12.482215 -12.206548 -12.284361 -12.400032 -12.381121 -12.650560 -12.950900 -13.279287
1.329470e+00 -12.512214 -12.237030 -12.318574 -12.433250 -12.415005 -12.688061 -12.985899 -13.312124
1.336380e+00 -12.536166 -12.260413 -12.343791 -12.458479 -12.442508 -12.716392 -13.013400 -13.337123
1.343490e+00 -12.560128 -12.285413 -12.369377 -12.485815 -12.470286 -12.746391 -13.040900 -13.362463
1.353010e+00 -12.593042 -12.320013 -12.404612 -12.521533 -12.506675 -12.784726 -13.078400 -13.397463
1.360180e+00 -12.618457 -12.345471 -12.432111 -12.549065 -12.535563 -12.814725 -13.106536 -13.422801
1.367570e+00 -12.644921 -12.373403 -12.459831 -12.576599 -12.564459 -12.845559 -13.134038 -13.450309
1.377470e+00 -12.680337 -12.408863 -12.496778 -12.613234 -12.603350 -12.883898 -13.174039 -13.485644
1.384930e+00 -12.706789 -12.435969 -12.525066 -12.642546 -12.633353 -12.914735 -13.201540 -13.510987
1.392420e+00 -12.733254 -12.462720 -12.553930 -12.669184 -12.662247 -12.944735 -13.229679 -13.538487
1.402480e+00 -12.769706 -12.499366 -12.589733 -12.706718 -12.701143 -12.984734 -13.269679 -13.573490
1.410100e+00 -12.796171 -12.526120 -12.619165 -12.735138 -12.731146 -13.015574 -13.297180 -13.598831
1.417820e+00 -12.824090 -12.554057 -12.646886 -12.762704 -12.761443 -13.043914 -13.327179 -13.626334
1.428160e+00 -12.860542 -12.591171 -12.684623 -12.800928 -12.800347 -13.084756 -13.365318 -13.661679
1.435940e+00 -12.888042 -12.618671 -12.712122 -12.828692 -12.831749 -13.114756 -13.393459 -13.687019
1.443790e+00 -12.915963 -12.645402 -12.739861 -12.856918 -12.860653 -13.143101 -13.422821 -13.714520
1.454150e+00 -12.951382 -12.682492 -12.775321 -12.892874 -12.899558 -13.181443 -13.459102 -13.749867
1.461830e+00 -12.979304 -12.708785 -12.802255 -12.918832 -12.928466 -13.211442 -13.486602 -13.774868
1.469770e+00 -13.006804 -12.736728 -12.829994 -12.947258 -12.958465 -13.239787 -13.516602 -13.800211
1.480420e+00 -13.043681 -12.772615 -12.865459 -12.983253 -12.998783 -13.278137 -13.554744 -13.835562
1.488460e+00 -13.071604 -12.800112 -12.892959 -13.010787 -13.027696 -13.308136 -13.582244 -13.860906
1.496540e+00 -13.099528 -12.828061 -12.920699 -13.039019 -13.056608 -13.335638 -13.610388 -13.885907
1.507310e+00 -13.137029 -12.864330 -12.955940 -13.074983 -13.095523 -13.373985 -13.648532 -13.921256
1.515390e+00 -13.163913 -12.891454 -12.983101 -13.100949 -13.124439 -13.402335 -13.676034 -13.946254
1.523630e+00 -13.195391 -12.917437 -13.012021 -13.119614 -13.132373 -13.429261 -13.702245 -13.975153
1.534530e+00 -13.232274 -12.953331 -13.047487 -13.155580 -13.171284 -13.466761 -13.739746 -14.008005
1.542650e+00 -13.260203 -12.979610 -13.072730 -13.181348 -13.199108 -13.494260 -13.767890 -14.033358
1.558830e+00 -13.314593 -13.032536 -13.123216 -13.233284 -13.256940 -13.548491 -13.823533 -14.083713
1.566920e+00 -13.341482 -13.057987 -13.148460 -13.259056 -13.284775 -13.575994 -13.851680 -14.109065
1.583110e+00 -13.396310 -13.110170 -13.199178 -13.310804 -13.341538 -13.630995 -13.907975 -14.159772
1.591280e+00 -13.424241 -13.136454 -13.224423 -13.336813 -13.371888 -13.658495 -13.936124 -14.185131
1.601930e+00 -13.458641 -13.169406 -13.257170 -13.370091 -13.407243 -13.694362 -13.972424 -14.220130
1.612320e+00 -13.493042 -13.202791 -13.287895 -13.402047 -13.445105 -13.726869 -14.008077 -14.250487
1.627910e+00 -13.543326 -13.251180 -13.334179 -13.450365 -13.496907 -13.777737 -14.061884 -14.298343
1.643500e+00 -13.593179 -13.297928 -13.379682 -13.497167 -13.550163 -13.827743 -14.112542 -14.343702
1.660060e+00 -13.644067 -13.344674 -13.425204 -13.544892 -13.604493 -13.876113 -14.162015 -14.389061
1.676630e+00 -13.693934 -13.391401 -13.469002 -13.590954 -13.656339 -13.923614 -14.210176 -14.432280
1.693190e+00 -13.743356 -13.437639 -13.510320 -13.635471 -13.708194 -13.966986 -14.255837 -14.472641
1.710200e+00 -13.793233 -13.482242 -13.551403 -13.680000 -13.760065 -14.012857 -14.301498 -14.515138
1.727220e+00 -13.842667 -13.528514 -13.594413 -13.724499 -13.810484 -14.055361 -14.345328 -14.555500
1.744230e+00 -13.892102 -13.573121 -13.635488 -13.768109 -13.861341 -14.097111 -14.389159 -14.595863
1.761950e+00 -13.943003 -13.620235 -13.679064 -13.814193 -13.913249 -14.139614 -14.436659 -14.636588
1.779070e+00 -13.992900 -13.666021 -13.720158 -13.858737 -13.965167 -14.182115 -14.480497 -14.676955
1.801890e+00 -14.058835 -13.725642 -13.776243 -13.917402 -14.032562 -14.237118 -14.538670 -14.731953
1.810070e+00 -14.081792 -13.748117 -13.796504 -13.938210 -14.055529 -14.255497 -14.559340 -14.749818
1.826450e+00 -14.128284 -13.790242 -13.835104 -13.980030 -14.102490 -14.293876 -14.600009 -14.787319
1.851470e+00 -14.198199 -13.854872 -13.895629 -14.042181 -14.174954 -14.350500 -14.660686 -14.842684
1.882850e+00 -14.285154 -13.933682 -13.967000 -14.117822 -14.262452 -14.418880 -14.732037 -14.910550
1.891530e+00 -14.309156 -13.955670 -13.985344 -14.138680 -14.286967 -14.437261 -14.752036 -14.928051
1.908910e+00 -14.355654 -13.997813 -14.023939 -14.179989 -14.334984 -14.473884 -14.789536 -14.963417
1.932690e+00 -14.419079 -14.054202 -14.077307 -14.236882 -14.398536 -14.521385 -14.840213 -15.008786
1.951740e+00 -14.470119 -14.100412 -14.118155 -14.280495 -14.448088 -14.557266 -14.878392 -15.046285
1.970620e+00 -14.520119 -14.144306 -14.156774 -14.322600 -14.497653 -14.592267 -14.915893 -15.081285
1.990070e+00 -14.570582 -14.189390 -14.197646 -14.367173 -14.548203 -14.627269 -14.950894 -15.116285
2.010830e+00 -14.625119 -14.237860 -14.241020 -14.414250 -14.601258 -14.664770 -14.990895 -15.151286
2.031940e+00 -14.680118 -14.286349 -14.284375 -14.460582 -14.654317 -14.702270 -15.028398 -15.186653
2.054400e+00 -14.724344 -14.329935 -14.305843 -14.483118 -14.640152 -14.716510 -15.042734 -15.199523
2.079920e+00 -14.787876 -14.386506 -14.354230 -14.535594 -14.700151 -14.757429 -15.085235 -15.239523
2.114050e+00 -14.868889 -14.458593 -14.420134 -14.606330 -14.777655 -14.811513 -15.142048 -15.294154
2.149130e+00 -14.951376 -14.530713 -14.486619 -14.678581 -14.855153 -14.865599 -15.197047 -15.346654
2.191300e+00 -15.046821 -14.615345 -14.562806 -14.760268 -14.942110 -14.928101 -15.263859 -15.407023
2.240870e+00 -15.154316 -14.710033 -14.651799 -14.855204 -15.041572 -14.998103 -15.336363 -15.476653
2.298680e+00 -15.274787 -14.816788 -14.750833 -14.961467 -15.150050 -15.077191 -15.416362 -15.553786
2.319100e+00 -15.316271 -14.853674 -14.784212 -14.997651 -15.187022 -15.102192 -15.443862 -15.578786
2.359940e+00 -15.398234 -14.926082 -14.852936 -15.071086 -15.258994 -15.153780 -15.495676 -15.628418
2.420840e+00 -15.516823 -15.031949 -14.951339 -15.173210 -15.360462 -15.223781 -15.565678 -15.695918
2.506680e+00 -15.674398 -15.175854 -15.085348 -15.312716 -15.494952 -15.316960 -15.659307 -15.785184
2.614680e+00 -15.864092 -15.349398 -15.250088 -15.477595 -15.649044 -15.422870 -15.763624 -15.886588
2.722680e+00 -16.041929 -15.513921 -15.404743 -15.630369 -15.791341 -15.520370 -15.857261 -15.976223
2.830680e+00 -16.210903 -15.670657 -15.553728 -15.771720 -15.925289 -15.611277 -15.945225 -16.062997
2.938680e+00 -16.372459 -15.820314 -15.693855 -15.905802 -16.052970 -15.701276 -16.032048 -16.147638
3.046680e+00 -16.524102 -15.961506 -15.828146 -16.032439 -16.174774 -15.787189 -16.115699 -16.229782
3.154680e+00 -16.668769 -16.094119 -15.952765 -16.150902 -16.289249 -15.870601 -16.197526 -16.307638
3.262680e+00 -16.803519 -16.218263 -16.072118 -16.263197 -16.398064 -15.950595 -16.274355 -16.382280
3.370680e+00 -16.929724 -16.335325 -16.184265 -16.368232 -16.500592 -16.024012 -16.346183 -16.452278
3.478680e+00 -17.048930 -16.445957 -16.289511 -16.468058 -16.597101 -16.096512 -16.413686 -16.519421
3.586680e+00 -17.160255 -16.548021 -16.387270 -16.560428 -16.687558 -16.162429 -16.478018 -16.581919
3.694680e+00 -17.265929 -16.645501 -16.480286 -16.647023 -16.773088 -16.227427 -16.539850 -16.641919
3.802680e+00 -17.365302 -16.736569 -16.568080 -16.729453 -16.855023 -16.288348 -16.599182 -16.699420
3.910680e+00 -17.459033 -16.823636 -16.651423 -16.808100 -16.930844 -16.348345 -16.656017 -16.754061
4.018680e+00 -17.547062 -16.906136 -16.731189 -16.880579 -17.004201 -16.404266 -16.711016 -16.806561
4.126680e+00 -17.629218 -16.982620 -16.805352 -16.950945 -17.072593 -16.459261 -16.762852 -16.856558
4.234680e+00 -17.709790 -17.057186 -16.875699 -17.015736 -17.138645 -16.510185 -16.812189 -16.904058
4.342680e+00 -17.784500 -17.126170 -16.942395 -17.079434 -17.200902 -16.560182 -16.859689 -16.949419
4.450680e+00 -17.855990 -17.193650 -17.006056 -17.138408 -17.260682 -16.606106 -16.904691 -16.994059
4.558680e+00 -17.924118 -17.257223 -17.066955 -17.194646 -17.316781 -16.651106 -16.949028 -17.036560
4.666680e+00 -17.988569 -17.317224 -17.125364 -17.248386 -17.370392 -16.694528 -16.991524 -17.076919
4.774670e+00 -18.050530 -17.375115 -17.179856 -17.299630 -17.421517 -16.736103 -17.031526 -17.116919
4.882670e+00 -18.110001 -17.431190 -17.233262 -17.347582 -17.470160 -16.776103 -17.070865 -17.154419
4.990670e+00 -18.165778 -17.483669 -17.283006 -17.395292 -17.517593 -16.814525 -17.108365 -17.191919
5.098670e+00 -18.220268 -17.533669 -17.331460 -17.439872 -17.562530 -16.850453 -17.145204 -17.226918
5.206670e+00 -18.273122 -17.583630 -17.376482 -17.482583 -17.604976 -16.885452 -17.180205 -17.261918
5.314670e+00 -18.321415 -17.629705 -17.420451 -17.523623 -17.646201 -16.919526 -17.212708 -17.294420
5.422670e+00 -18.369275 -17.674683 -17.462705 -17.563836 -17.686150 -16.950451 -17.245204 -17.326919
5.638670e+00 -18.459233 -17.759642 -17.541713 -17.637592 -17.759842 -17.010450 -17.305207 -17.386919
5.854660e+00 -18.542545 -17.839604 -17.615716 -17.705554 -17.828545 -17.065451 -17.360204 -17.444060
6.070660e+00 -18.620024 -17.913141 -17.682763 -17.769066 -17.891022 -17.115451 -17.412047 -17.496201
6.286660e+00 -18.693350 -17.982689 -17.746524 -17.827829 -17.949747 -17.161379 -17.457707 -17.543702
6.610650e+00 -18.792952 -18.078620 -17.833342 -17.908295 -18.030986 -17.221379 -17.520204 -17.608702
7.690640e+00 -19.020711 -18.247065 -17.956023 -18.057554 -18.226420 -17.240613 -17.558030 -17.646201
8.113670e+00 -19.110239 -18.335553 -18.035312 -18.128309 -18.288996 -17.274702 -17.598032 -17.690843
8.484670e+00 -19.170208 -18.400509 -18.094290 -18.177231 -18.329074 -17.288789 -17.614862 -17.707986
8.700670e+00 -19.202681 -18.435468 -18.123828 -18.200832 -18.347868 -17.293789 -17.619195 -17.712986
8.997660e+00 -19.241844 -18.481072 -18.162553 -18.230872 -18.371659 -17.298790 -17.622365 -17.717629
9.213660e+00 -19.268528 -18.511452 -18.189573 -18.250188 -18.386659 -17.301288 -17.622365 -17.720129
9.429650e+00 -19.291468 -18.539974 -18.213333 -18.266630 -18.401661 -17.302200 -17.621698 -17.719773
9.753640e+00 -19.326124 -18.582438 -18.249366 -18.291520 -18.425456 -17.305612 -17.621031 -17.719419
1.007760e+01 -19.363291 -18.625940 -18.284939 -18.315298 -18.452955 -17.310859 -17.621698 -17.721918
1.018560e+01 -19.378167 -18.640105 -18.300795 -18.326073 -18.462512 -17.320856 -17.628529 -17.726918
1.061760e+01 -19.435776 -18.704630 -18.354211 -18.367619 -18.508790 -17.340195 -17.645365 -17.744064
1.094160e+01 -19.477948 -18.753547 -18.395675 -18.400152 -18.542512 -17.354539 -17.657200 -17.754419
1.126560e+01 -19.517243 -18.799966 -18.434629 -18.428619 -18.571291 -17.362963 -17.662203 -17.761565
1.158960e+01 -19.552815 -18.842430 -18.470794 -18.454328 -18.596291 -17.366387 -17.664037 -17.763712
1.180560e+01 -19.572538 -18.868850 -18.490300 -18.467122 -18.611291 -17.364814 -17.661542 -17.761211
1.202160e+01 -19.591010 -18.891315 -18.507470 -18.478876 -18.623790 -17.360741 -17.658378 -17.756211
1.223760e+01 -19.604880 -18.909870 -18.524009 -18.490336 -18.633791 -17.354172 -17.650877 -17.750858
1.245360e+01 -19.615905 -18.927334 -18.536197 -18.498393 -18.645072 -17.347602 -17.642717 -17.741211
1.266960e+01 -19.625298 -18.942316 -18.548517 -18.506907 -18.655072 -17.338536 -17.634557 -17.730858
1.288560e+01 -19.632589 -18.954816 -18.560085 -18.514440 -18.663791 -17.329469 -17.624558 -17.720857
1.310160e+01 -19.637018 -18.966275 -18.569918 -18.521462 -18.672571 -17.320404 -17.613897 -17.708359
1.331750e+01 -19.641466 -18.976697 -18.581476 -18.528223 -18.680072 -17.311339 -17.603242 -17.698005
1.353350e+01 -19.645931 -18.987101 -18.591330 -18.535987 -18.688852 -17.302277 -17.592584 -17.685506
1.374950e+01 -19.649504 -18.996519 -18.605070 -18.545249 -18.698854 -17.294157 -17.582589 -17.673005
1.396550e+01 -19.651503 -19.006331 -18.617419 -18.554213 -18.706354 -17.287596 -17.572590 -17.663005
1.418150e+01 -19.656019 -19.018239 -18.631928 -18.564911 -18.715138 -17.281983 -17.566277 -17.655505
1.439750e+01 -19.658979 -19.031634 -18.648511 -18.577112 -18.725137 -17.277930 -17.558778 -17.647654
1.461350e+01 -19.662608 -19.042539 -18.663485 -18.590055 -18.735138 -17.273877 -17.553778 -17.640154
1.482950e+01 -19.665615 -19.054891 -18.680054 -18.601527 -18.745137 -17.269825 -17.547473 -17.632655
1.504550e+01 -19.667710 -19.064750 -18.694585 -18.612996 -18.755137 -17.264224 -17.539975 -17.622655
1.526150e+01 -19.668529 -19.073174 -18.706617 -18.622234 -18.763922 -17.257678 -17.531825 -17.612655
1.547750e+01 -19.667810 -19.082046 -18.720710 -18.631974 -18.772637 -17.251132 -17.523678 -17.600155
1.558550e+01 -19.663981 -19.084373 -18.730619 -18.630501 -18.778565 -17.261496 -17.531169 -17.605155
1.580150e+01 -19.661092 -19.090817 -18.744403 -18.640436 -18.786100 -17.253416 -17.521170 -17.592654
1.601750e+01 -19.660030 -19.098657 -18.756765 -18.649416 -18.793599 -17.246877 -17.512373 -17.582304
1.623340e+01 -19.656840 -19.105124 -18.770537 -18.658390 -18.801099 -17.238805 -17.504227 -17.570155
1.644940e+01 -19.652718 -19.110635 -18.784748 -18.668600 -18.807331 -17.232272 -17.494232 -17.557653
1.666540e+01 -19.649234 -19.117566 -18.799288 -18.679790 -18.814831 -17.225739 -17.487939 -17.545155
1.688140e+01 -19.644578 -19.125178 -18.815239 -18.690267 -18.822331 -17.219207 -17.479798 -17.535154
1.709740e+01 -19.638986 -19.131188 -18.829345 -18.698997 -18.828565 -17.215177 -17.471655 -17.525155
1.731340e+01 -19.632223 -19.138314 -18.843467 -18.708421 -18.833565 -17.211147 -17.466014 -17.515154
1.752940e+01 -19.625163 -19.142804 -18.853763 -18.716438 -18.839800 -17.205594 -17.460375 -17.505507
1.774540e+01 -19.614327 -19.144513 -18.860403 -18.719727 -18.844777 -17.201570 -17.454099 -17.493006
1.796140e+01 -19.602333 -19.143586 -18.864966 -18.722545 -18.851016 -17.193526 -17.445965 -17.478358
1.817740e+01 -19.589374 -19.139695 -18.864979 -18.723587 -18.854757 -17.187005 -17.437829 -17.463712
1.839340e+01 -19.572443 -19.133313 -18.862493 -18.722455 -18.859743 -17.177988 -17.429063 -17.448711
1.860940e+01 -19.556415 -19.125363 -18.857503 -18.719079 -18.863488 -17.169955 -17.420302 -17.431564
1.882540e+01 -19.536344 -19.115572 -18.852956 -18.717887 -18.865987 -17.163440 -17.414041 -17.416565
1.904130e+01 -19.517877 -19.105150 -18.847643 -18.714260 -18.868483 -17.156928 -17.405916 -17.399774
1.925730e+01 -19.497248 -19.093818 -18.842776 -18.713109 -18.872234 -17.150416 -17.401538 -17.385129
1.947330e+01 -19.476648 -19.082977 -18.839983 -18.712685 -18.875984 -17.146408 -17.397794 -17.372986
1.968930e+01 -19.456074 -19.072148 -18.837602 -18.713015 -18.879737 -17.144899 -17.394675 -17.360843
1.990530e+01 -19.435532 -19.061354 -18.837404 -18.715549 -18.883491 -17.145890 -17.394056 -17.353344
2.012130e+01 -19.412519 -19.051248 -18.837539 -18.718808 -18.887246 -17.148391 -17.395318 -17.346559
2.033730e+01 -19.391748 -19.042090 -18.839407 -18.721347 -18.891003 -17.150891 -17.399087 -17.341920
2.055330e+01 -19.369855 -19.033432 -18.842032 -18.726120 -18.896021 -17.156886 -17.403473 -17.337639
2.076930e+01 -19.348003 -19.024322 -18.843918 -18.729384 -18.899783 -17.161887 -17.409748 -17.335501
2.098530e+01 -19.326752 -19.015755 -18.859728 -18.724492 -18.904734 -17.178370 -17.424129 -17.345140
2.120130e+01 -19.304381 -19.007181 -18.860581 -18.728501 -18.908482 -17.183373 -17.431021 -17.343726
2.141730e+01 -19.280101 -18.997302 -18.862474 -18.731764 -18.912234 -17.190873 -17.438520 -17.344090
2.163320e+01 -19.257831 -18.988808 -18.864668 -18.734334 -18.917237 -17.195873 -17.447300 -17.346954
2.184920e+01 -19.234528 -18.978969 -18.864375 -18.735437 -18.922247 -17.202375 -17.456695 -17.347685
2.206520e+01 -19.210117 -18.969182 -18.866248 -18.737242 -18.926003 -17.209876 -17.466089 -17.350550
2.228120e+01 -19.184396 -18.959100 -18.868025 -18.738310 -18.929761 -17.214878 -17.476091 -17.353786
2.249720e+01 -19.160967 -18.948255 -18.869901 -18.739847 -18.932282 -17.222380 -17.487983 -17.359155
2.271320e+01 -19.133947 -18.938291 -18.873864 -18.742119 -18.934810 -17.230388 -17.499879 -17.362393
2.292920e+01 -19.106981 -18.928355 -18.875629 -18.742191 -18.937342 -17.237889 -17.514272 -17.370264
2.314520e+01 -19.078700 -18.916022 -18.879281 -18.743735 -18.939880 -17.247890 -17.528673 -17.378509
2.336120e+01 -19.049337 -18.905395 -18.880633 -18.742072 -18.941198 -17.256898 -17.543669 -17.386754
2.357720e+01 -19.017295 -18.890626 -18.877832 -18.739909 -18.942473 -17.266899 -17.556171 -17.397130
2.379320e+01 -18.983039 -18.874559 -18.872131 -18.734587 -18.943809 -17.275907 -17.570568 -17.407504
2.411710e+01 -18.930498 -18.845850 -18.856859 -18.722415 -18.943944 -17.288410 -17.590567 -17.425756
2.444110e+01 -18.874399 -18.813360 -18.835277 -18.709236 -18.941601 -17.299919 -17.611167 -17.446133
2.476510e+01 -18.819574 -18.778837 -18.812963 -18.694466 -18.942985 -17.312421 -17.633662 -17.469011
2.508910e+01 -18.763667 -18.743619 -18.791093 -18.681689 -18.944484 -17.325445 -17.659263 -17.494769
2.541310e+01 -18.706453 -18.707730 -18.769660 -18.671366 -18.945901 -17.341961 -17.687364 -17.522649
2.573710e+01 -18.650534 -18.672710 -18.752635 -18.664725 -18.948645 -17.361508 -17.719862 -17.553413
2.606110e+01 -18.592208 -18.637652 -18.738114 -18.659846 -18.953911 -17.383030 -17.753568 -17.586296
2.638510e+01 -18.533353 -18.598085 -18.743370 -18.662155 -18.945159 -17.407599 -17.791757 -17.628796
2.681700e+01 -18.452292 -18.551222 -18.731123 -18.664533 -18.956601 -17.442175 -17.841754 -17.674948
2.724900e+01 -18.368717 -18.501512 -18.716721 -18.665512 -18.968079 -17.477735 -17.890460 -17.722833
2.768100e+01 -18.282809 -18.449569 -18.702552 -18.669297 -18.983288 -17.512332 -17.938564 -17.768994
2.822100e+01 -18.171958 -18.382996 -18.685436 -18.672373 -19.003520 -17.559441 -17.999774 -17.829384
2.876100e+01 -18.056578 -18.314916 -18.667428 -18.672696 -19.020092 -17.605605 -18.062271 -17.885552
2.930090e+01 -17.935319 -18.242334 -18.646996 -18.668807 -19.028026 -17.650245 -18.120378 -17.941337
2.984090e+01 -17.809585 -18.165729 -18.617177 -18.656103 -19.029848 -17.692393 -18.170985 -17.991730
3.038090e+01 -17.679415 -18.083068 -18.578421 -18.639474 -19.026549 -17.729553 -18.212208 -18.037519
3.092090e+01 -17.552010 -17.999290 -18.533248 -18.619371 -19.023286 -17.765164 -18.248433 -18.084623
3.167680e+01 -17.386157 -17.886845 -18.472317 -18.597538 -19.022777 -17.815783 -18.300898 -18.149623
3.210880e+01 -17.297907 -17.824780 -18.448219 -18.595619 -19.020786 -17.848312 -18.339665 -18.190414
3.318880e+01 -17.099768 -17.681054 -18.390405 -18.589277 -19.042778 -17.933684 -18.429638 -18.281207
3.426870e+01 -16.905980 -17.532452 -18.331334 -18.580280 -19.067100 -18.015925 -18.515258 -18.362000
3.534870e+01 -16.705823 -17.378126 -18.267858 -18.562631 -19.072835 -18.087939 -18.589006 -18.432799
3.642870e+01 -16.500171 -17.221502 -18.193584 -18.526045 -19.057505 -18.126813 -18.632129 -18.475702
3.750860e+01 -16.306389 -17.069016 -18.103877 -18.475019 -19.021393 -18.138009 -18.642129 -18.490701
3.858860e+01 -16.139786 -16.938835 -18.029846 -18.429567 -18.995564 -18.164612 -18.664009 -18.522803
3.966850e+01 -16.009636 -16.829210 -17.971234 -18.400432 -18.987247 -18.210323 -18.706508 -18.567399
4.074850e+01 -15.892192 -16.727106 -17.914856 -18.370980 -18.976444 -18.250152 -18.742138 -18.607000
4.182840e+01 -15.768775 -16.623007 -17.855634 -18.334577 -18.954558 -18.270880 -18.764638 -18.629501
4.290840e+01 -15.647704 -16.518284 -17.787048 -18.290175 -18.920965 -18.245734 -18.747138 -18.612005
4.398840e+01 -15.517306 -16.410306 -17.712741 -18.231021 -18.875652 -18.195734 -18.704007 -18.578310
4.506830e+01 -15.397833 -16.313032 -17.642837 -18.177729 -18.832845 -18.183975 -18.687765 -18.575018
4.614830e+01 -15.296063 -16.231455 -17.584840 -18.135485 -18.802845 -18.198970 -18.696530 -18.596337
4.722820e+01 -15.204415 -16.158817 -17.529617 -18.093692 -18.769248 -18.203091 -18.697164 -18.605947
4.830820e+01 -15.113408 -16.084115 -17.471984 -18.050833 -18.732059 -18.180593 -18.679662 -18.590555
4.938810e+01 -15.015710 -16.005600 -17.408632 -17.999715 -18.687844 -18.109852 -18.621526 -18.539386
5.046810e+01 -14.910561 -15.921472 -17.340431 -17.943761 -18.634172 -18.016618 -18.543388 -18.475334
5.154800e+01 -14.810382 -15.841344 -17.278263 -17.889991 -18.576972 -17.969119 -18.499651 -18.448797
5.262800e+01 -14.722904 -15.773940 -17.226766 -17.847540 -18.532584 -17.945884 -18.473420 -18.442646
5.370800e+01 -14.646155 -15.715312 -17.176394 -17.807444 -18.488711 -17.899438 -18.433420 -18.416132
5.478790e+01 -14.567787 -15.657802 -17.129407 -17.764897 -18.443233 -17.822119 -18.372780 -18.367124
5.586790e+01 -14.487046 -15.597742 -17.078317 -17.722323 -18.394845 -17.707514 -18.282136 -18.290635
5.694780e+01 -14.409614 -15.538258 -17.031246 -17.681184 -18.345026 -17.588640 -18.188996 -18.216286
5.802780e+01 -14.337227 -15.484959 -16.989886 -17.646359 -18.298026 -17.512961 -18.127125 -18.176953
5.878380e+01 -14.297441 -15.452870 -16.963784 -17.626076 -18.270375 -17.479784 -18.095260 -18.156226
5.986370e+01 -14.237759 -15.411886 -16.934282 -17.598726 -18.232459 -17.420950 -18.045255 -18.122279
6.094370e+01 -14.181396 -15.372890 -16.902997 -17.571386 -18.194595 -17.352792 -17.987118 -18.075843
6.202360e+01 -14.124249 -15.331183 -16.868693 -17.541788 -18.156782 -17.278063 -17.923348 -18.020130
6.310360e+01 -14.067926 -15.289499 -16.835076 -17.513661 -18.118944 -17.208989 -17.860218 -17.969063
6.418350e+01 -14.017299 -15.249839 -16.805538 -17.488659 -18.083751 -17.148347 -17.807086 -17.928006
6.526350e+01 -13.967762 -15.215694 -16.779395 -17.465501 -18.046112 -17.093641 -17.759586 -17.892304
6.634350e+01 -13.917441 -15.181669 -16.754190 -17.440712 -18.011023 -17.038012 -17.711453 -17.853755
6.742340e+01 -13.866316 -15.146210 -16.725552 -17.415606 -17.975990 -16.983013 -17.660823 -17.812367
6.850340e+01 -13.814404 -15.108589 -16.693732 -17.388004 -17.942241 -16.926453 -17.607697 -17.767022
6.958330e+01 -13.766438 -15.070253 -16.664296 -17.362213 -17.909776 -16.872390 -17.557071 -17.725990
7.066330e+01 -13.717048 -15.034121 -16.638052 -17.339533 -17.874867 -16.818333 -17.511443 -17.688147
7.174320e+01 -13.668496 -15.000196 -16.613587 -17.316451 -17.837511 -16.768332 -17.466444 -17.654624
7.282320e+01 -13.619234 -14.967331 -16.587437 -17.292887 -17.803921 -16.719275 -17.423320 -17.618606
7.390320e+01 -13.570745 -14.931142 -16.558128 -17.267170 -17.772788 -16.674278 -17.380197 -17.583269
7.498310e+01 -13.522194 -14.894020 -16.527970 -17.239785 -17.744159 -16.629277 -17.339574 -17.547931
7.606310e+01 -13.472038 -14.855470 -16.499250 -17.215524 -17.713149 -16.580841 -17.298955 -17.514758
7.714300e+01 -13.423590 -14.821533 -16.473153 -17.192943 -17.679675 -16.531783 -17.258951 -17.481924
7.822300e+01 -13.375217 -14.786596 -16.447964 -17.168282 -17.646235 -16.482728 -17.218947 -17.450922
7.930290e+01 -13.326870 -14.751624 -16.419370 -17.143304 -17.612688 -16.440227 -17.183327 -17.420589
8.038290e+01 -13.278553 -14.714564 -16.389927 -17.117099 -17.585331 -16.401792 -17.150209 -17.392757
8.146280e+01 -13.229216 -14.675986 -16.358178 -17.091120 -17.559306 -16.363353 -17.119590 -17.365258
8.254280e+01 -13.180908 -14.640037 -16.331235 -17.066966 -17.530792 -16.320858 -17.085204 -17.339596
8.362280e+01 -13.130900 -14.605931 -16.304411 -17.042777 -17.501129 -16.275861 -17.052084 -17.311766
8.470270e+01 -13.082680 -14.571032 -16.275801 -17.016838 -17.467652 -16.231800 -17.017082 -17.283936
8.578270e+01 -13.036946 -14.535293 -16.246520 -16.991581 -17.439183 -16.193365 -16.988968 -17.258609
8.686260e+01 -12.987732 -14.498034 -16.217093 -16.965426 -17.413027 -16.161494 -16.963963 -17.236109
8.794260e+01 -12.937801 -14.460538 -16.185430 -16.938940 -17.390726 -16.128060 -16.938966 -17.215780
8.902250e+01 -12.890357 -14.425693 -16.156876 -16.914845 -17.363427 -16.089631 -16.911464 -17.193279
9.010250e+01 -12.841173 -14.389591 -16.129950 -16.890341 -17.333636 -16.049629 -16.883960 -17.170454
9.118240e+01 -12.795549 -14.355037 -16.100645 -16.863708 -17.302712 -16.009637 -16.855845 -17.147628
9.226240e+01 -12.747516 -14.319111 -16.070618 -16.836464 -17.276572 -15.976206 -16.831458 -17.125454
9.334240e+01 -12.698345 -14.282822 -16.039685 -16.811093 -17.254294 -15.946211 -16.810841 -17.107628
9.442230e+01 -12.651018 -14.245921 -16.010316 -16.786357 -17.230663 -15.916851 -16.790840 -17.090128
9.550230e+01 -12.601900 -14.211910 -15.981162 -16.761218 -17.204531 -15.883425 -16.768952 -17.070453
9.658220e+01 -12.556414 -14.177411 -15.951867 -16.734636 -17.174767 -15.848429 -16.745835 -17.052626
9.766220e+01 -12.509133 -14.141557 -15.922570 -16.708092 -17.146133 -15.813435 -16.723334 -17.032626
9.874210e+01 -12.460049 -14.106463 -15.891651 -16.682326 -17.121381 -15.783437 -16.700833 -17.014801
9.982210e+01 -12.413454 -14.070637 -15.861675 -16.656931 -17.100254 -15.754084 -16.680830 -16.997299
1.009020e+02 -12.366243 -14.035937 -15.832382 -16.631214 -17.076634 -15.724088 -16.660829 -16.979800
1.019820e+02 -12.321518 -14.003626 -15.803975 -16.606768 -17.048011 -15.694744 -16.640828 -16.964801
1.030620e+02 -12.274308 -13.970104 -15.776457 -16.581282 -17.020511 -15.664748 -16.620826 -16.947299
1.041420e+02 -12.227140 -13.935319 -15.745556 -16.555122 -16.993271 -15.634752 -16.600823 -16.929802
1.052220e+02 -12.179985 -13.900593 -15.716380 -16.529415 -16.969653 -15.606332 -16.578939 -16.914477
1.063020e+02 -12.134660 -13.866188 -15.687140 -16.504715 -16.946037 -15.577912 -16.558937 -16.896976
1.073820e+02 -12.090013 -13.835227 -15.662079 -16.480729 -16.921036 -15.549498 -16.540820 -16.881650
1.084620e+02 -12.042880 -13.802766 -15.633690 -16.456704 -16.894922 -15.522001 -16.521434 -16.866651
1.095420e+02 -11.998262 -13.769562 -15.606916 -16.432684 -16.868809 -15.493585 -16.501433 -16.849476
1.106220e+02 -11.953061 -13.736245 -15.577792 -16.407998 -16.845196 -15.466090 -16.482047 -16.834151
1.117020e+02 -11.908496 -13.702943 -15.549368 -16.383409 -16.822696 -15.440173 -16.463931 -16.818826
1.127820e+02 -11.864580 -13.672063 -15.523611 -16.359793 -16.800196 -15.411761 -16.444544 -16.803829
1.138620e+02 -11.821905 -13.640229 -15.497586 -16.337256 -16.776586 -15.386765 -16.426427 -16.788828
1.149410e+02 -11.778010 -13.610348 -15.470923 -16.313276 -16.751586 -15.359268 -16.408926 -16.773825
1.159130e+02 -11.740994 -13.582305 -15.446016 -16.291111 -16.730477 -15.335857 -16.392042 -16.761004
1.168850e+02 -11.701533 -13.552868 -15.420150 -16.270008 -16.709368 -15.312446 -16.374540 -16.746326
1.178570e+02 -11.662683 -13.524633 -15.395992 -16.249322 -16.690763 -15.289949 -16.359539 -16.733504
1.189370e+02 -11.620721 -13.495135 -15.370981 -16.226792 -16.668262 -15.264041 -16.342038 -16.718505
1.199090e+02 -11.584386 -13.469293 -15.346929 -16.205735 -16.648262 -15.243130 -16.325154 -16.706002
1.208810e+02 -11.547465 -13.442518 -15.324373 -16.184641 -16.627157 -15.219725 -16.310153 -16.693504
1.218530e+02 -11.511144 -13.415619 -15.300219 -16.163548 -16.606053 -15.197229 -16.294535 -16.680682
1.228250e+02 -11.474829 -13.387638 -15.276066 -16.142457 -16.584951 -15.174730 -16.279534 -16.668182
1.239050e+02 -11.435433 -13.359345 -15.249462 -16.119941 -16.562451 -15.151326 -16.262649 -16.655358
1.248770e+02 -11.401050 -13.333878 -15.227766 -16.100357 -16.544950 -15.130421 -16.247649 -16.642857
1.258490e+02 -11.367257 -13.308285 -15.203722 -16.079309 -16.524951 -15.107925 -16.232648 -16.630357
1.268210e+02 -11.331568 -13.282638 -15.181971 -16.060684 -16.505251 -15.087022 -16.217646 -16.617859
1.277930e+02 -11.297801 -13.258146 -15.157930 -16.039639 -16.485251 -15.066120 -16.202646 -16.605359
1.287650e+02 -11.263450 -13.232710 -15.135479 -16.018556 -16.464153 -15.043624 -16.187645 -16.595036
1.298450e+02 -11.227197 -13.204773 -15.110472 -15.996472 -16.444154 -15.020226 -16.170762 -16.580039
1.308170e+02 -11.195361 -13.180487 -15.087243 -15.977514 -16.424153 -15.000226 -16.155761 -16.570036
1.317890e+02 -11.162207 -13.156149 -15.064792 -15.956855 -16.405557 -14.980229 -16.143259 -16.557538
1.327610e+02 -11.130955 -13.133107 -15.043256 -15.938280 -16.386962 -14.960930 -16.128258 -16.545038
1.337330e+02 -11.099721 -13.108969 -15.021568 -15.918279 -16.366962 -14.940931 -16.113259 -16.534717
1.348130e+02 -11.065433 -13.083413 -14.996667 -15.895790 -16.344462 -14.917536 -16.098257 -16.522216
1.357850e+02 -11.034773 -13.059280 -14.974980 -15.876170 -16.325868 -14.897538 -16.083875 -16.509715
1.367570e+02 -11.003575 -13.036260 -14.952684 -15.856606 -16.308368 -14.877541 -16.070755 -16.499399
1.377290e+02 -10.974863 -13.013397 -14.931050 -15.838037 -16.289775 -14.859148 -16.056374 -16.486895
1.387010e+02 -10.944229 -12.991463 -14.909520 -15.819509 -16.272276 -14.839151 -16.043874 -16.476896
1.396730e+02 -10.915524 -12.968602 -14.887837 -15.799508 -16.252276 -14.820756 -16.028871 -16.464394
1.399960e+02 -10.907441 -12.962212 -14.880491 -15.793441 -16.246184 -14.812364 -16.024491 -16.461895
