#Magnitudes for spectra_toy06_stella_fr600 calculated by wsynphot
#with vega calibration file: https://archive.stsci.edu/hlsps/reference-atlases/cdbs/calspec/alpha_lyr_stis_003.fits 
#and with scipy 1D interpolation kind='cubic'.
#U,B,V,R,I are Generic Bessell filters and J, H, K are 2MASS filters, taken from http://svo2.cab.inta-csic.es/theory/fps/index.php 
#The spectra file used was last modified at: 2022-03-19 15:02:02 UTC
#and had md5 hash: 0ccb4674d7e3a83a649144603ddda816
#
#NTIMES: 532
#NBANDS: 8
#time[d] U B V R I J H K
5.610080e-04 -4.534126 -4.551320 -5.439970 -6.026480 -6.628268 -7.307635 -7.680166 -7.888170
1.513090e-03 -4.411130 -4.468059 -5.392298 -5.998500 -6.617902 -7.313725 -7.693965 -7.908651
2.323180e-03 -4.323325 -4.410224 -5.359807 -5.979400 -6.610408 -7.319710 -7.706051 -7.926495
3.364550e-03 -4.246109 -4.361856 -5.334015 -5.965486 -6.607308 -7.330500 -7.724213 -7.951061
4.311060e-03 -4.195809 -4.324699 -5.309153 -5.948603 -6.597628 -7.339265 -7.746790 -7.988048
5.543710e-03 -4.141086 -4.291697 -5.292661 -5.940931 -6.599722 -7.354980 -7.770586 -8.017531
6.914840e-03 -4.087481 -4.258646 -5.276303 -5.934506 -6.602374 -7.372073 -7.795736 -8.049884
7.989480e-03 -4.050686 -4.235407 -5.265154 -5.930209 -6.604909 -7.386040 -7.814854 -8.073406
9.387880e-03 -4.009203 -4.210304 -5.252928 -5.926753 -6.610149 -7.403619 -7.840803 -8.104759
1.059820e-02 -3.975271 -4.189097 -5.242916 -5.923508 -6.614090 -7.418336 -7.862109 -8.130758
1.175970e-02 -3.943570 -4.169453 -5.233492 -5.920879 -6.617918 -7.432681 -7.880843 -8.155110
1.292110e-02 -3.912775 -4.150494 -5.224293 -5.917878 -6.621636 -7.446648 -7.900536 -8.177791
1.459990e-02 -3.873959 -4.126466 -5.213753 -5.915908 -6.628141 -7.466353 -7.927126 -8.210978
1.644790e-02 -3.831765 -4.100385 -5.201421 -5.913125 -6.634820 -7.487044 -7.955661 -8.244541
1.889090e-02 -3.761028 -4.054152 -5.176139 -5.901069 -6.636740 -7.509070 -7.988800 -8.285187
2.125400e-02 -3.686511 -4.004257 -5.147772 -5.886806 -6.635367 -7.528160 -8.017553 -8.322550
2.486220e-02 -3.569149 -3.927455 -5.104143 -5.864224 -6.633251 -7.554786 -8.059046 -8.374879
2.832800e-02 -3.450252 -3.847100 -5.055830 -5.836436 -6.625062 -7.574666 -8.093533 -8.419757
3.065300e-02 -3.358798 -3.784824 -5.016731 -5.812230 -6.614584 -7.585313 -8.114000 -8.447470
3.310510e-02 -3.249874 -3.709379 -4.969592 -5.781940 -6.600660 -7.593909 -8.133602 -8.475286
3.571660e-02 -3.118053 -3.617197 -4.910135 -5.743883 -6.581969 -7.600741 -8.152608 -8.502356
3.855090e-02 -2.954483 -3.501577 -4.834391 -5.693462 -6.554827 -7.604798 -8.170263 -8.528774
4.169070e-02 -2.749106 -3.352031 -4.734321 -5.625925 -6.516496 -7.604432 -8.185066 -8.552906
4.505520e-02 -2.502635 -3.170542 -4.608400 -5.537439 -6.462917 -7.595322 -8.192477 -8.568929
4.839560e-02 -2.239614 -2.972798 -4.467196 -5.434801 -6.395056 -7.572817 -8.184785 -8.568788
4.921200e-02 -2.174394 -2.922517 -4.429978 -5.406960 -6.375759 -7.564769 -8.180020 -8.564864
5.084470e-02 -2.043679 -2.820876 -4.353735 -5.348951 -6.333876 -7.544288 -8.166086 -8.554480
5.132580e-02 -1.971069 -2.762323 -4.308847 -5.316149 -6.311236 -7.542456 -8.165269 -8.557094
5.228800e-02 -1.894798 -2.701464 -4.261814 -5.279532 -6.283468 -7.526915 -8.153348 -8.547388
5.415330e-02 -1.746866 -2.583793 -4.169947 -5.206236 -6.226345 -7.492983 -8.128213 -8.526598
5.477070e-02 -1.699233 -2.544932 -4.139141 -5.180943 -6.206053 -7.481079 -8.118244 -8.519148
5.600540e-02 -1.601558 -2.466635 -4.076495 -5.129212 -6.164394 -7.455125 -8.099579 -8.503808
5.653930e-02 -1.558515 -2.432331 -4.048986 -5.106328 -6.145671 -7.443359 -8.090642 -8.497684
5.760700e-02 -1.473286 -2.362911 -3.992617 -5.059583 -6.107491 -7.418513 -8.072264 -8.484660
5.974250e-02 -1.297176 -2.220823 -3.877239 -4.963118 -6.027786 -7.367773 -8.036547 -8.459216
6.042610e-02 -1.240862 -2.174828 -3.839529 -4.932224 -6.001861 -7.350874 -8.024485 -8.452031
6.179310e-02 -1.127354 -2.084377 -3.766879 -4.871000 -5.951586 -7.319273 -8.002805 -8.437056
6.447360e-02 -0.910678 -1.911177 -3.626907 -4.755356 -5.857946 -7.260870 -7.963422 -8.411864
6.828230e-02 -0.609504 -1.674564 -3.439791 -4.603481 -5.735718 -7.187592 -7.913963 -8.379306
7.243710e-02 -0.288902 -1.426775 -3.247274 -4.448892 -5.614033 -7.115165 -7.865220 -8.346186
7.682630e-02 0.043329 -1.172448 -3.052286 -4.295063 -5.493299 -7.045072 -7.815356 -8.309467
8.128820e-02 0.374729 -0.920710 -2.861657 -4.147197 -5.379587 -6.979739 -7.766632 -8.271448
8.558850e-02 0.694921 -0.677058 -2.677577 -4.005326 -5.271065 -6.916811 -7.715485 -8.225865
8.962910e-02 1.007352 -0.436984 -2.494695 -3.863922 -5.161237 -6.850554 -7.655968 -8.170097
9.055800e-02 1.079318 -0.380262 -2.451064 -3.829437 -5.134442 -6.833538 -7.640683 -8.154796
9.241600e-02 1.226323 -0.263026 -2.359278 -3.757909 -5.078106 -6.797508 -7.607667 -8.122297
9.318590e-02 1.289420 -0.212988 -2.319710 -3.726694 -5.053194 -6.782172 -7.593223 -8.108783
9.472560e-02 1.418030 -0.108879 -2.237447 -3.661686 -5.002094 -6.748747 -7.562940 -8.079064
9.549550e-02 1.484647 -0.055468 -2.194777 -3.627785 -4.974602 -6.731754 -7.547666 -8.064063
9.703520e-02 1.620834 0.056028 -2.106140 -3.557213 -4.918650 -6.695771 -7.515371 -8.033831
9.969500e-02 1.867832 0.258524 -1.942712 -3.426289 -4.814116 -6.628736 -7.455117 -7.977332
1.049290e-01 2.422981 0.713392 -1.572827 -3.128540 -4.573264 -6.473906 -7.321410 -7.855014
1.062790e-01 2.580259 0.842750 -1.466465 -3.042001 -4.502631 -6.428637 -7.282728 -7.821001
1.069550e-01 2.660737 0.909598 -1.411459 -2.996711 -4.465533 -6.404189 -7.262528 -7.803186
1.083050e-01 2.828950 1.047943 -1.297177 -2.903013 -4.387880 -6.354717 -7.221581 -7.767000
1.110050e-01 3.193651 1.347304 -1.049057 -2.699298 -4.219725 -6.245959 -7.132042 -7.690826
1.122830e-01 3.380131 1.499606 -0.922932 -2.595699 -4.133983 -6.189893 -7.086985 -7.653993
1.148400e-01 3.780885 1.825374 -0.652706 -2.371933 -3.946973 -6.068296 -6.990122 -7.574455
1.202980e-01 4.843180 2.656416 0.025915 -1.815962 -3.481922 -5.766996 -6.757081 -7.389679
1.220610e-01 5.231286 2.956671 0.271540 -1.614533 -3.312504 -5.657595 -6.673892 -7.325555
1.255890e-01 6.117501 3.616527 0.805252 -1.179522 -2.946910 -5.423556 -6.498912 -7.192004
1.268900e-01 6.462523 3.870543 1.011236 -1.011669 -2.805543 -5.333637 -6.431905 -7.141926
1.275410e-01 6.632908 3.996552 1.114487 -0.927534 -2.734600 -5.287631 -6.398048 -7.116503
1.288420e-01 6.981993 4.252260 1.322868 -0.756857 -2.589919 -5.195318 -6.330165 -7.065673
1.314440e-01 7.758767 4.788000 1.754188 -0.407591 -2.294983 -5.008172 -6.192126 -6.962168
1.314460e-01 8.250069 5.030252 1.927828 -0.282091 -2.200022 -4.974505 -6.191396 -6.970321
1.324610e-01 8.609677 5.270102 2.120944 -0.129515 -2.074867 -4.911551 -6.165870 -6.971584
1.337720e-01 8.896048 5.487334 2.307113 0.028509 -1.935870 -4.816450 -6.091159 -6.910428
1.359870e-01 9.347782 5.841197 2.613561 0.291194 -1.703496 -4.655174 -5.963082 -6.804583
1.374400e-01 9.630531 6.069339 2.812578 0.462142 -1.551893 -4.548762 -5.877646 -6.732702
1.388930e-01 9.910816 6.297627 3.013085 0.634788 -1.398587 -4.441786 -5.792033 -6.660196
1.410000e-01 10.314658 6.628050 3.303250 0.884507 -1.176557 -4.285147 -5.666936 -6.558594
1.431080e-01 10.737006 6.972155 3.602614 1.140716 -0.949045 -4.125743 -5.542332 -6.459552
1.452150e-01 11.178288 7.330216 3.911360 1.404180 -0.715508 -3.965969 -5.418882 -6.365594
1.479660e-01 11.741143 7.803938 4.317294 1.747252 -0.412741 -3.760415 -5.265566 -6.249388
1.511320e-01 12.324994 8.334821 4.769889 2.129199 -0.075734 -3.533362 -5.095572 -6.121243
1.542630e-01 12.873399 8.897616 5.242743 2.523266 0.270744 -3.302592 -4.923715 -5.992268
1.584370e-01 13.221151 9.540220 5.790212 2.985890 0.682499 -3.019685 -4.710787 -5.829928
1.602320e-01 13.359071 9.949384 6.118899 3.250451 0.912319 -2.872584 -4.603305 -5.750354
1.638210e-01 13.310819 10.894010 6.839777 3.812222 1.394049 -2.568544 -4.383414 -5.588477
1.710000e-01 12.399800 19.812443 9.534099 5.340118 2.602422 -1.891333 -3.911794 -5.247369
1.710020e-01 11.683749 18.993842 10.350145 5.782054 2.849999 -1.815317 -3.871870 -5.228954
1.717990e-01 11.373682 18.817729 10.768033 6.023844 3.028264 -1.732784 -3.823209 -5.203244
1.730410e-01 11.182228 18.073143 11.095332 6.204458 3.192599 -1.624842 -3.744240 -5.144725
1.760590e-01 10.777705 16.611244 11.747686 6.603844 3.558851 -1.379289 -3.564321 -5.009265
1.815670e-01 9.771337 14.314135 12.662617 7.280971 4.173791 -0.972028 -3.258517 -4.775781
1.874620e-01 8.712189 12.625377 13.482306 8.022686 4.840403 -0.543042 -2.932201 -4.522996
1.889270e-01 8.525156 12.371270 13.701342 8.272557 5.058868 -0.413605 -2.837590 -4.451691
1.918580e-01 8.130604 11.843589 13.768332 8.723810 5.460436 -0.171518 -2.654923 -4.311908
2.206150e-01 4.857328 8.019210 11.993149 12.673663 9.960389 2.577605 -0.618348 -2.790108
2.264680e-01 4.215793 7.229889 11.121143 13.101882 10.900162 3.206182 -0.169621 -2.460130
2.296860e-01 3.901094 6.851969 10.693080 13.154306 11.330279 3.635567 0.116392 -2.257449
2.386230e-01 3.021528 5.797946 9.474994 11.815506 10.753110 4.871638 0.916048 -1.690265
2.389010e-01 3.175561 5.964169 9.354353 11.098816 8.498238 5.304949 1.098817 -1.580635
2.425550e-01 2.751993 5.454656 8.724854 10.024109 8.458574 5.724924 1.398540 -1.358868
2.444560e-01 2.517434 5.172347 8.369254 9.922452 8.572737 5.926888 1.549674 -1.247018
2.465920e-01 2.246927 4.847936 7.961694 9.866059 8.787076 6.155917 1.719344 -1.120637
2.492010e-01 1.905560 4.442222 7.450579 9.619676 9.030816 6.437540 1.922946 -0.970350
2.527290e-01 1.494207 3.967074 6.879031 9.168021 9.295063 6.908867 2.241202 -0.742567
2.643480e-01 0.093096 2.386379 5.026341 7.171843 8.940216 9.124626 3.430948 0.063699
2.715660e-01 -0.723607 1.508785 4.035734 6.061815 8.705819 12.717904 4.358223 0.631762
2.736930e-01 -0.940166 1.281294 3.784515 5.783712 8.659196 13.112000 4.629021 0.799154
2.742750e-01 -0.984801 1.224595 3.741042 5.779531 8.654899 12.687905 4.906263 0.913591
2.745470e-01 -1.010936 1.198207 3.711839 5.746460 8.647251 12.400654 4.937549 0.933321
2.749280e-01 -1.048196 1.160182 3.669990 5.698927 8.651374 12.341441 4.981280 0.962025
2.763010e-01 -1.179692 1.023915 3.519282 5.528549 8.653702 12.071154 5.132436 1.061228
2.800110e-01 -1.522868 0.675337 3.128287 5.073617 8.451542 12.155304 5.510747 1.314082
2.844320e-01 -1.890017 0.304039 2.686146 4.525008 7.897430 12.611997 5.904436 1.587802
2.896770e-01 -2.252895 -0.068916 2.209958 3.913222 7.107302 12.861214 6.334824 1.902664
2.944850e-01 -2.531388 -0.362054 1.817775 3.406386 6.420217 12.758677 6.714469 2.193188
2.999820e-01 -2.799820 -0.646949 1.438638 2.935362 5.812548 12.545536 7.258611 2.599810
3.057270e-01 -3.046110 -0.918071 1.059233 2.463464 5.192831 12.235957 7.824020 3.047349
3.102020e-01 -3.227277 -1.104585 0.846814 2.193721 4.790836 11.646466 8.109181 3.453456
3.143000e-01 -3.376829 -1.281199 0.584039 1.872682 4.376728 11.342388 8.486327 3.769094
3.179390e-01 -3.502822 -1.436120 0.352401 1.595364 4.021556 10.964282 8.852035 4.059491
3.215680e-01 -3.625307 -1.589717 0.124484 1.325280 3.679031 10.496348 9.241803 4.359463
3.255720e-01 -3.757656 -1.758162 -0.121146 1.040596 3.322415 9.936487 9.708183 4.709477
3.319170e-01 -3.969009 -2.029805 -0.510338 0.594955 2.766433 8.980398 10.415141 5.257920
3.376480e-01 -4.162811 -2.284365 -0.864366 0.194047 2.265029 8.067994 11.017244 5.756087
3.439100e-01 -4.378863 -2.571539 -1.252245 -0.240961 1.723143 7.068153 11.604355 6.314234
3.446550e-01 -4.404541 -2.605893 -1.297759 -0.291223 1.661194 6.962548 11.647310 6.372139
3.494660e-01 -4.579062 -2.842422 -1.606013 -0.632993 1.233662 6.178445 11.751845 6.725260
3.521550e-01 -4.676558 -2.972810 -1.771085 -0.814545 1.009035 5.782695 11.675718 6.935103
3.557390e-01 -4.783275 -3.112640 -1.962089 -1.024459 0.770665 5.354498 10.661803 6.994423
3.574490e-01 -4.847075 -3.195284 -2.061234 -1.131783 0.637703 5.128244 10.459222 7.134183
3.608680e-01 -4.977305 -3.361747 -2.255926 -1.343071 0.373752 4.672015 9.947074 7.407013
3.661250e-01 -5.183467 -3.615777 -2.544829 -1.656611 -0.027394 3.964107 8.984597 7.794892
3.674550e-01 -5.236149 -3.679811 -2.615177 -1.733230 -0.126727 3.794704 8.755689 7.877915
3.701160e-01 -5.343049 -3.805097 -2.753209 -1.883698 -0.321640 3.461356 8.298345 8.023108
3.717220e-01 -5.407603 -3.880020 -2.833430 -1.972337 -0.437562 3.263178 8.026946 8.094289
3.747210e-01 -5.527567 -4.014842 -2.979432 -2.134066 -0.652565 2.900242 7.520859 8.185109
3.787200e-01 -5.684565 -4.186009 -3.161964 -2.340496 -0.933233 2.425022 6.844537 8.168055
3.803850e-01 -5.748009 -4.253807 -3.233954 -2.423584 -1.046978 2.234012 6.576372 8.098053
3.837140e-01 -5.870671 -4.382262 -3.372057 -2.585030 -1.270927 1.862449 6.046372 7.806591
3.843280e-01 -5.892879 -4.405221 -3.396539 -2.614144 -1.312346 1.795282 5.951304 7.733637
3.859450e-01 -5.948934 -4.463044 -3.460021 -2.691587 -1.421670 1.610619 5.681565 7.486824
3.868830e-01 -5.980838 -4.495618 -3.496454 -2.735501 -1.483614 1.507949 5.535142 7.335986
3.887570e-01 -6.041443 -4.556472 -3.566754 -2.822725 -1.607720 1.298600 5.223945 6.981777
3.924320e-01 -6.149675 -4.667799 -3.700860 -2.994810 -1.853439 0.867601 4.542508 6.165342
3.933530e-01 -6.175296 -4.693763 -3.732691 -3.035435 -1.909849 0.774674 4.406103 5.995264
3.951940e-01 -6.224557 -4.744643 -3.796688 -3.117305 -2.023888 0.584184 4.118005 5.603821
3.988750e-01 -6.313111 -4.839576 -3.924976 -3.283776 -2.253282 0.184577 3.471475 4.774467
4.042130e-01 -6.426683 -4.970789 -4.113484 -3.525726 -2.578733 -0.404522 2.470232 3.629928
4.078330e-01 -6.497959 -5.057084 -4.239493 -3.682457 -2.782129 -0.755310 1.908760 2.976823
4.113290e-01 -6.564533 -5.140912 -4.360999 -3.830643 -2.971107 -1.079620 1.389452 2.382482
4.122820e-01 -6.582008 -5.163380 -4.393726 -3.869647 -3.019585 -1.159331 1.269268 2.244650
4.141870e-01 -6.617347 -5.208787 -4.458348 -3.947066 -3.116943 -1.320478 1.017104 1.954255
4.152360e-01 -6.636474 -5.233887 -4.493614 -3.989322 -3.168532 -1.405691 0.884737 1.803625
4.173340e-01 -6.675318 -5.284458 -4.565210 -4.073023 -3.273293 -1.578947 0.610804 1.497832
4.215320e-01 -6.753429 -5.386383 -4.704158 -4.234160 -3.471505 -1.898626 0.115637 0.955220
4.234050e-01 -6.788526 -5.432650 -4.765433 -4.304149 -3.557874 -2.037607 -0.098960 0.724799
4.271530e-01 -6.860112 -5.525964 -4.886879 -4.442145 -3.727099 -2.308107 -0.519707 0.288084
4.324890e-01 -6.938898 -5.633420 -5.028080 -4.605601 -3.934245 -2.652626 -1.066483 -0.254601
4.324890e-01 -6.963658 -5.647971 -5.022204 -4.592045 -3.920012 -2.609620 -0.994860 -0.344408
4.339350e-01 -7.002007 -5.693204 -5.072364 -4.645315 -3.982821 -2.709581 -1.263441 -0.442396
4.356430e-01 -7.037934 -5.737571 -5.125277 -4.705221 -4.055837 -2.826250 -1.453632 -0.625482
4.389900e-01 -7.108854 -5.823096 -5.227553 -4.821314 -4.199564 -3.055597 -1.817225 -0.987154
4.445140e-01 -7.221546 -5.958263 -5.391867 -5.010612 -4.432833 -3.425991 -2.398631 -1.576367
4.458940e-01 -7.248556 -5.990947 -5.430907 -5.054994 -4.487120 -3.507079 -2.516987 -1.697241
4.486540e-01 -7.301576 -6.053590 -5.508063 -5.143873 -4.594348 -3.669843 -2.759324 -1.946343
4.536190e-01 -7.392539 -6.163261 -5.645751 -5.302866 -4.785016 -3.958992 -3.197064 -2.410421
4.549950e-01 -7.416665 -6.192265 -5.682938 -5.344489 -4.834758 -4.031313 -3.301670 -2.521392
4.577470e-01 -7.464123 -6.250632 -5.756316 -5.428176 -4.933301 -4.175426 -3.511985 -2.746873
4.611570e-01 -7.522273 -6.321037 -5.844897 -5.529308 -5.051602 -4.345474 -3.755689 -3.011829
4.650460e-01 -7.587284 -6.401151 -5.945864 -5.643561 -5.184647 -4.535145 -4.023981 -3.315612
4.704520e-01 -7.677671 -6.511885 -6.083333 -5.797474 -5.363114 -4.786596 -4.369740 -3.725280
4.762610e-01 -7.772243 -6.627157 -6.224616 -5.955200 -5.545850 -5.038656 -4.707824 -4.142837
4.821520e-01 -7.865846 -6.739691 -6.361530 -6.108037 -5.723090 -5.278774 -5.026777 -4.547136
4.831570e-01 -7.881867 -6.758192 -6.383603 -6.132953 -5.751766 -5.316687 -5.074695 -4.607640
4.855280e-01 -7.911726 -6.792010 -6.424736 -6.180917 -5.811155 -5.388799 -5.143222 -4.797915
4.904690e-01 -7.985766 -6.880983 -6.532007 -6.301233 -5.949461 -5.574813 -5.387582 -5.109623
4.940740e-01 -8.038798 -6.943257 -6.607369 -6.385172 -6.046777 -5.701533 -5.551782 -5.318028
4.988540e-01 -8.106393 -7.024105 -6.705158 -6.495896 -6.174155 -5.870818 -5.774519 -5.605601
5.048440e-01 -8.189486 -7.123111 -6.826178 -6.631758 -6.330595 -6.078282 -6.046965 -5.962056
5.115100e-01 -8.279150 -7.229748 -6.956312 -6.779117 -6.499734 -6.299772 -6.337589 -6.342718
5.183310e-01 -8.368335 -7.334865 -7.083072 -6.921578 -6.661527 -6.505608 -6.598867 -6.674425
5.209640e-01 -8.401547 -7.374609 -7.131540 -6.975493 -6.722281 -6.582981 -6.696390 -6.797933
5.262290e-01 -8.468244 -7.452667 -7.225938 -7.081917 -6.843002 -6.733695 -6.886452 -7.038275
5.336670e-01 -8.559705 -7.560453 -7.356938 -7.229513 -7.008114 -6.938868 -7.144458 -7.362204
5.405070e-01 -8.641783 -7.657168 -7.474088 -7.361229 -7.155656 -7.119087 -7.369482 -7.641076
5.420360e-01 -8.660043 -7.678375 -7.500151 -7.390453 -7.187634 -7.158618 -7.419335 -7.700991
5.454120e-01 -8.699620 -7.724526 -7.557597 -7.455240 -7.260131 -7.245638 -7.529189 -7.834345
5.521670e-01 -8.777902 -7.816898 -7.670865 -7.583158 -7.402188 -7.417182 -7.744074 -8.094451
5.578690e-01 -8.842193 -7.891697 -7.763695 -7.688288 -7.518365 -7.554522 -7.913655 -8.298509
5.647670e-01 -8.918485 -7.981866 -7.873675 -7.811841 -7.655696 -7.714415 -8.108870 -8.527318
5.725270e-01 -9.003419 -8.080085 -7.993242 -7.946891 -7.804719 -7.885277 -8.313215 -8.763159
5.745410e-01 -9.024881 -8.105083 -8.023810 -7.980752 -7.841968 -7.926956 -8.362846 -8.818814
5.785700e-01 -9.068063 -8.154579 -8.084054 -8.047926 -7.915918 -8.010193 -8.460473 -8.928320
5.835540e-01 -9.120787 -8.214788 -8.156269 -8.128867 -8.004738 -8.109235 -8.574748 -9.056338
5.895880e-01 -9.183961 -8.287254 -8.243373 -8.225737 -8.110804 -8.226089 -8.707408 -9.201349
5.985110e-01 -9.277620 -8.393934 -8.369122 -8.365209 -8.263301 -8.391452 -8.891988 -9.396415
6.007600e-01 -9.300421 -8.419793 -8.399307 -8.398833 -8.300490 -8.430736 -8.935294 -9.442129
6.052570e-01 -9.346437 -8.471179 -8.460193 -8.465596 -8.372343 -8.507793 -9.020012 -9.529778
6.107820e-01 -9.401201 -8.533389 -8.532376 -8.545106 -8.458972 -8.600187 -9.118446 -9.630917
6.171970e-01 -9.463925 -8.605227 -8.614400 -8.635313 -8.556747 -8.702133 -9.224931 -9.738907
6.171990e-01 -9.459240 -8.596188 -8.598242 -8.619395 -8.551791 -8.700284 -9.213133 -9.745836
6.177820e-01 -9.469219 -8.608303 -8.609349 -8.629689 -8.558029 -8.700051 -9.207001 -9.786097
6.205760e-01 -9.497738 -8.641215 -8.645604 -8.669067 -8.598278 -8.738865 -9.241539 -9.831794
6.251950e-01 -9.542011 -8.691959 -8.702754 -8.731099 -8.663445 -8.804618 -9.299533 -9.875115
6.289290e-01 -9.578327 -8.733447 -8.748561 -8.781389 -8.715475 -8.855909 -9.342526 -9.906925
6.336220e-01 -9.623841 -8.785571 -8.805422 -8.843765 -8.780007 -8.919929 -9.395907 -9.946728
6.390520e-01 -9.674804 -8.844442 -8.869489 -8.913979 -8.852054 -8.990880 -9.456311 -9.992462
6.448790e-01 -9.727418 -8.905108 -8.936283 -8.987045 -8.927229 -9.064673 -9.520032 -10.042585
6.533050e-01 -9.800066 -8.988800 -9.027697 -9.087513 -9.029760 -9.165980 -9.609825 -10.116227
6.616870e-01 -9.868132 -9.067790 -9.113502 -9.182223 -9.126787 -9.261188 -9.695717 -10.190795
6.689080e-01 -9.922895 -9.132019 -9.184531 -9.259702 -9.205827 -9.339348 -9.766591 -10.255598
6.762440e-01 -9.976623 -9.196346 -9.253832 -9.335076 -9.282412 -9.415683 -9.835242 -10.322509
6.851430e-01 -10.040822 -9.271890 -9.334843 -9.422996 -9.371291 -9.505852 -9.915947 -10.406025
6.951380e-01 -10.111093 -9.354783 -9.422870 -9.517866 -9.467379 -9.605921 -10.004410 -10.501126
7.065030e-01 -10.188676 -9.446214 -9.518500 -9.621132 -9.571098 -9.717413 -10.103574 -10.605970
7.177570e-01 -10.263450 -9.534447 -9.609805 -9.718959 -9.669920 -9.824671 -10.197060 -10.703953
7.313050e-01 -10.351344 -9.637162 -9.715239 -9.832333 -9.783484 -9.946819 -10.303072 -10.810892
7.442380e-01 -10.431817 -9.731519 -9.811858 -9.935565 -9.886668 -10.056437 -10.395316 -10.903456
7.580400e-01 -10.513198 -9.827950 -9.910865 -10.041368 -9.991581 -10.166717 -10.485988 -10.993091
7.732900e-01 -10.600302 -9.930568 -10.015156 -10.153524 -10.102953 -10.283432 -10.578856 -11.085908
7.872070e-01 -10.675141 -10.020866 -10.107455 -10.252419 -10.199520 -10.384810 -10.658577 -11.165010
8.003410e-01 -10.742062 -10.103752 -10.191969 -10.342871 -10.287506 -10.478311 -10.729092 -11.235913
8.103610e-01 -10.793210 -10.166320 -10.255218 -10.410224 -10.353116 -10.547861 -10.780210 -11.287394
8.237870e-01 -10.860277 -10.248683 -10.337993 -10.499679 -10.439327 -10.638285 -10.847740 -11.355534
8.371670e-01 -10.926699 -10.328517 -10.417942 -10.585231 -10.521971 -10.726626 -10.912995 -11.420514
8.546160e-01 -11.010932 -10.429723 -10.520129 -10.694228 -10.627884 -10.838678 -10.997851 -11.505444
8.710220e-01 -11.089325 -10.523067 -10.612365 -10.792818 -10.724533 -10.941715 -11.076769 -11.584007
8.890450e-01 -11.172927 -10.621684 -10.711485 -10.897401 -10.826817 -11.052831 -11.164855 -11.669122
9.071870e-01 -11.255146 -10.718536 -10.807608 -10.999231 -10.927034 -11.162226 -11.252306 -11.753238
9.272610e-01 -11.344316 -10.820931 -10.909288 -11.106759 -11.033847 -11.279082 -11.345789 -11.843667
9.484310e-01 -11.435388 -10.925126 -11.011197 -11.214421 -11.140657 -11.396361 -11.441142 -11.936194
9.714080e-01 -11.537270 -11.033011 -11.117240 -11.328286 -11.257071 -11.518808 -11.540972 -12.032803
9.931660e-01 -11.636511 -11.130372 -11.212976 -11.432584 -11.366790 -11.631284 -11.635168 -12.123788
1.016500e+00 -11.674410 -11.284921 -11.344293 -11.547274 -11.509462 -11.789485 -11.802109 -12.253532
1.041260e+00 -11.784464 -11.386926 -11.449744 -11.659768 -11.631072 -11.914966 -11.918683 -12.359366
1.065630e+00 -11.889329 -11.483365 -11.551005 -11.766158 -11.746953 -12.037057 -12.035230 -12.464785
1.090260e+00 -11.992382 -11.577113 -11.650355 -11.869149 -11.859155 -12.156850 -12.152283 -12.570164
1.115710e+00 -12.094200 -11.671496 -11.749206 -11.970533 -11.968811 -12.275890 -12.269456 -12.677975
1.141570e+00 -12.193542 -11.764054 -11.845246 -12.068513 -12.075539 -12.391640 -12.383591 -12.783763
1.148260e+00 -12.218246 -11.787673 -11.869055 -12.093451 -12.102407 -12.420896 -12.412010 -12.810820
1.161620e+00 -12.267672 -11.834422 -11.917097 -12.141844 -12.154382 -12.478659 -12.468010 -12.864428
1.179830e+00 -12.332396 -11.896902 -11.981446 -12.207236 -12.223895 -12.555906 -12.543275 -12.936151
1.199490e+00 -12.399851 -11.963861 -12.050372 -12.275980 -12.296969 -12.637689 -12.623204 -13.013086
1.220750e+00 -12.470514 -12.034525 -12.123336 -12.349695 -12.374145 -12.724411 -12.707055 -13.094194
1.248320e+00 -12.559565 -12.124628 -12.218315 -12.443344 -12.471665 -12.833548 -12.812999 -13.196492
1.276390e+00 -12.647731 -12.216371 -12.313764 -12.538286 -12.569445 -12.941901 -12.916809 -13.297213
1.306660e+00 -12.740983 -12.313874 -12.416700 -12.639543 -12.672807 -13.057244 -13.027001 -13.403654
1.339220e+00 -12.840729 -12.419442 -12.528441 -12.748351 -12.782915 -13.178277 -13.142363 -13.514536
1.373570e+00 -12.946683 -12.530020 -12.645970 -12.862461 -12.898264 -13.303466 -13.261586 -13.629120
1.410060e+00 -13.060447 -12.648978 -12.770527 -12.982632 -13.020205 -13.431933 -13.386759 -13.745431
1.449180e+00 -13.182676 -12.774862 -12.902971 -13.109784 -13.149423 -13.565579 -13.518032 -13.867468
1.490680e+00 -13.313376 -12.906902 -13.039642 -13.240836 -13.284116 -13.701512 -13.653631 -13.990337
1.534090e+00 -13.448580 -13.041309 -13.178135 -13.373427 -13.421316 -13.837337 -13.793259 -14.114642
1.580570e+00 -13.592483 -13.180659 -13.321186 -13.511360 -13.566153 -13.975226 -13.940034 -14.241872
1.629250e+00 -13.741273 -13.320662 -13.464276 -13.650544 -13.715147 -14.113162 -14.091325 -14.370130
1.680790e+00 -13.894180 -13.463801 -13.609344 -13.792315 -13.867765 -14.250686 -14.248223 -14.499159
1.735240e+00 -14.048918 -13.607605 -13.755068 -13.935623 -14.020956 -14.386773 -14.409050 -14.629785
1.749470e+00 -14.088718 -13.644466 -13.791987 -13.972287 -14.059473 -14.420490 -14.449607 -14.662649
1.777940e+00 -14.166732 -13.717007 -13.864598 -14.043880 -14.135835 -14.487012 -14.529602 -14.727218
1.813140e+00 -14.261974 -13.804339 -13.951474 -14.130190 -14.227344 -14.564277 -14.623910 -14.804145
1.857530e+00 -14.381307 -13.912299 -14.058242 -14.235793 -14.338127 -14.656618 -14.736561 -14.895309
1.869970e+00 -14.414500 -13.941762 -14.087274 -14.265401 -14.369386 -14.681297 -14.766442 -14.920411
1.894850e+00 -14.482344 -14.000736 -14.145037 -14.322924 -14.430594 -14.729822 -14.824501 -14.969236
1.928630e+00 -14.577227 -14.079921 -14.221708 -14.400739 -14.512294 -14.793062 -14.898052 -15.032717
1.964870e+00 -14.683109 -14.163744 -14.303290 -14.483343 -14.598738 -14.857906 -14.971972 -15.097470
2.009170e+00 -14.809618 -14.264325 -14.400627 -14.580967 -14.701833 -14.934572 -15.057539 -15.173378
2.060490e+00 -14.947534 -14.377341 -14.511226 -14.690904 -14.815504 -15.019134 -15.150340 -15.257185
2.117610e+00 -15.092159 -14.498980 -14.630566 -14.807456 -14.934047 -15.108619 -15.247434 -15.344672
2.186400e+00 -15.257266 -14.639947 -14.770116 -14.941894 -15.067246 -15.209654 -15.356190 -15.442642
2.276710e+00 -15.462062 -14.816801 -14.945575 -15.110424 -15.231003 -15.333552 -15.487303 -15.561577
2.377660e+00 -15.678714 -15.004443 -15.132367 -15.287738 -15.401385 -15.461268 -15.619889 -15.685302
2.482630e+00 -15.889768 -15.189699 -15.315886 -15.461091 -15.566800 -15.585161 -15.746419 -15.803697
2.509300e+00 -15.941721 -15.235344 -15.361139 -15.503682 -15.607048 -15.614374 -15.776054 -15.831575
2.562650e+00 -16.042604 -15.324335 -15.449881 -15.586642 -15.686279 -15.672583 -15.834479 -15.887798
2.629870e+00 -16.165695 -15.433601 -15.558170 -15.687456 -15.781417 -15.742973 -15.905051 -15.954986
2.719420e+00 -16.321129 -15.573855 -15.695699 -15.815150 -15.903532 -15.832351 -15.995123 -16.041412
2.827420e+00 -16.497132 -15.734302 -15.851876 -15.960059 -16.042024 -15.933921 -16.096151 -16.139615
2.935420e+00 -16.660884 -15.883251 -15.997333 -16.095171 -16.171700 -16.029471 -16.191568 -16.231334
3.043420e+00 -16.812271 -16.022501 -16.132324 -16.221446 -16.292708 -16.118871 -16.280184 -16.317554
3.151420e+00 -16.953717 -16.151911 -16.257836 -16.339081 -16.406817 -16.202821 -16.362698 -16.398250
3.259420e+00 -17.085275 -16.274068 -16.375704 -16.449047 -16.514150 -16.282450 -16.441332 -16.474119
3.367420e+00 -17.208369 -16.387871 -16.485364 -16.552004 -16.614395 -16.357396 -16.514840 -16.545639
3.475420e+00 -17.324222 -16.495992 -16.588866 -16.648692 -16.709879 -16.428422 -16.584489 -16.613315
3.583420e+00 -17.214294 -16.426880 -16.455922 -16.509618 -16.474700 -16.287281 -16.406655 -16.449501
3.691420e+00 -17.310520 -16.517689 -16.542867 -16.590031 -16.552343 -16.347786 -16.465578 -16.505619
3.799420e+00 -17.402511 -16.603279 -16.623788 -16.665629 -16.625858 -16.405269 -16.522695 -16.559389
3.880420e+00 -17.467063 -16.664394 -16.682230 -16.720298 -16.678891 -16.447051 -16.563284 -16.598649
3.977620e+00 -17.541449 -16.734639 -16.748358 -16.783115 -16.739401 -16.495406 -16.612307 -16.645083
4.085620e+00 -17.620001 -16.808142 -16.817856 -16.848836 -16.803720 -16.546139 -16.662819 -16.693116
4.193620e+00 -17.693403 -16.878024 -16.884168 -16.911688 -16.863136 -16.594387 -16.710697 -16.738660
4.301620e+00 -17.763248 -16.943752 -16.946322 -16.971192 -16.920064 -16.639217 -16.755609 -16.781856
4.409610e+00 -17.828831 -17.006103 -17.005277 -17.026965 -16.972395 -16.680702 -16.796881 -16.821859
4.598610e+00 -17.936044 -17.107671 -17.100114 -17.117525 -17.058375 -16.749077 -16.865445 -16.888468
4.814610e+00 -18.047061 -17.214542 -17.199600 -17.212146 -17.147981 -16.820689 -16.935717 -16.958106
5.138610e+00 -18.197553 -17.359654 -17.334027 -17.337820 -17.267302 -16.916514 -17.030103 -17.052037
5.678600e+00 -18.412830 -17.567251 -17.523739 -17.513339 -17.435519 -17.048237 -17.161561 -17.186522
6.434590e+00 -18.667020 -17.812745 -17.742502 -17.706272 -17.629511 -17.190637 -17.307254 -17.341600
7.514580e+00 -18.975206 -18.101329 -17.987861 -17.919257 -17.860203 -17.350735 -17.485198 -17.531771
8.054570e+00 -19.102284 -18.220191 -18.085212 -18.001851 -17.949677 -17.398865 -17.543529 -17.596317
8.459560e+00 -19.188865 -18.301022 -18.151174 -18.055522 -18.008798 -17.426883 -17.578621 -17.635841
8.648560e+00 -19.251022 -18.330070 -18.180440 -18.095017 -18.042996 -17.427863 -17.586864 -17.639466
8.926260e+00 -19.306737 -18.381953 -18.223199 -18.128291 -18.080554 -17.442269 -17.605854 -17.661213
9.142260e+00 -19.350213 -18.424028 -18.257562 -18.153443 -18.109029 -17.453108 -17.620931 -17.677598
9.358250e+00 -19.393039 -18.467132 -18.292283 -18.177831 -18.136226 -17.464539 -17.636558 -17.694142
9.574250e+00 -19.433819 -18.510722 -18.325949 -18.201158 -18.161764 -17.475328 -17.650632 -17.710477
9.790240e+00 -19.472319 -18.550844 -18.354408 -18.220636 -18.184518 -17.481971 -17.660912 -17.722402
1.000620e+01 -19.505572 -18.585347 -18.378035 -18.235363 -18.203186 -17.483346 -17.664968 -17.727997
1.022220e+01 -19.533757 -18.613751 -18.396895 -18.246279 -18.217576 -17.477688 -17.663192 -17.727340
1.033020e+01 -19.545769 -18.626426 -18.404637 -18.249802 -18.223878 -17.474355 -17.660804 -17.724723
1.043820e+01 -19.556977 -18.638169 -18.412255 -18.253238 -18.228657 -17.469693 -17.657846 -17.721972
1.054620e+01 -19.567546 -18.649141 -18.419417 -18.256070 -18.234351 -17.463714 -17.653759 -17.719311
1.065420e+01 -19.576938 -18.659958 -18.426336 -18.258780 -18.238582 -17.458539 -17.650219 -17.715142
1.076220e+01 -19.586228 -18.669782 -18.432925 -18.261136 -18.243137 -17.453231 -17.645486 -17.711487
1.087020e+01 -19.595095 -18.680006 -18.439954 -18.263868 -18.247260 -17.446986 -17.641156 -17.707193
1.097820e+01 -19.603088 -18.689143 -18.446467 -18.266601 -18.251305 -17.440740 -17.635887 -17.702238
1.119420e+01 -19.617644 -18.706360 -18.458012 -18.270895 -18.258831 -17.427057 -17.624895 -17.692350
1.141020e+01 -19.630119 -18.721694 -18.469787 -18.276037 -18.266720 -17.413327 -17.613496 -17.680976
1.162620e+01 -19.643126 -18.737049 -18.482207 -18.282002 -18.275257 -17.399674 -17.602906 -17.670262
1.184220e+01 -19.655646 -18.752529 -18.497109 -18.289589 -18.285564 -17.387096 -17.593294 -17.660063
1.205820e+01 -19.669661 -18.770119 -18.514609 -18.299075 -18.296527 -17.377205 -17.585239 -17.651374
1.224720e+01 -19.682313 -18.787249 -18.531949 -18.308891 -18.307707 -17.369609 -17.581013 -17.646062
1.246320e+01 -19.698172 -18.809019 -18.554102 -18.322258 -18.321257 -17.363604 -17.578104 -17.643204
1.267920e+01 -19.714221 -18.831288 -18.576035 -18.336535 -18.335779 -17.359009 -17.576194 -17.641035
1.289520e+01 -19.729650 -18.852418 -18.597500 -18.350705 -18.350331 -17.353470 -17.572656 -17.637468
1.311120e+01 -19.743606 -18.871163 -18.617600 -18.362929 -18.362976 -17.344791 -17.566670 -17.631128
1.332710e+01 -19.755752 -18.888093 -18.636293 -18.373587 -18.373760 -17.334137 -17.560331 -17.623008
1.354310e+01 -19.766850 -18.899213 -18.668564 -18.400938 -18.362836 -17.340913 -17.557422 -17.621469
1.375910e+01 -19.777192 -18.914235 -18.685420 -18.410330 -18.372136 -17.327914 -17.547850 -17.609680
1.397510e+01 -19.786467 -18.928891 -18.704139 -18.420299 -18.380845 -17.314513 -17.538733 -17.599728
1.419110e+01 -19.796363 -18.943838 -18.723532 -18.430757 -18.389814 -17.301753 -17.528902 -17.589128
1.440710e+01 -19.805246 -18.958606 -18.744531 -18.442283 -18.398377 -17.288618 -17.520470 -17.578387
1.462310e+01 -19.813158 -18.974080 -18.766005 -18.453616 -18.405515 -17.276593 -17.511762 -17.569114
1.483910e+01 -19.819841 -18.989800 -18.787823 -18.464448 -18.413149 -17.264958 -17.504159 -17.559660
1.505510e+01 -19.826573 -19.004848 -18.808662 -18.474378 -18.420006 -17.253089 -17.495957 -17.550783
1.527110e+01 -19.830221 -19.019011 -18.827625 -18.482073 -18.427086 -17.240915 -17.486937 -17.540803
1.548710e+01 -19.832660 -19.029989 -18.841914 -18.487247 -18.434120 -17.226541 -17.476599 -17.527898
1.570310e+01 -19.832339 -19.036924 -18.852676 -18.489629 -18.439921 -17.208901 -17.464702 -17.512668
1.591910e+01 -19.829273 -19.039000 -18.858390 -18.490084 -18.444700 -17.188674 -17.450694 -17.493094
1.613510e+01 -19.823798 -19.038031 -18.860136 -18.488870 -18.448665 -17.166464 -17.434594 -17.470731
1.635110e+01 -19.815733 -19.034097 -18.860465 -18.487272 -18.452101 -17.143647 -17.417660 -17.447909
1.656700e+01 -19.806021 -19.028947 -18.859836 -18.486081 -18.455556 -17.119869 -17.401141 -17.423656
1.678300e+01 -19.796665 -19.023217 -18.858937 -18.486581 -18.459297 -17.097348 -17.384614 -17.399003
1.689100e+01 -19.790518 -19.019731 -18.859078 -18.487682 -18.461116 -17.086269 -17.376479 -17.387985
1.699900e+01 -19.785169 -19.016843 -18.859594 -18.489600 -18.463136 -17.075703 -17.368496 -17.375912
1.710700e+01 -19.780356 -19.013484 -18.860143 -18.491945 -18.465481 -17.066312 -17.361470 -17.364963
1.721500e+01 -19.774197 -19.010370 -18.861340 -18.494814 -18.467381 -17.056384 -17.354297 -17.353702
1.727580e+01 -19.771085 -19.008588 -18.862718 -18.497058 -18.468703 -17.050978 -17.350235 -17.348003
1.741080e+01 -19.764119 -19.005706 -18.865627 -18.501523 -18.471780 -17.040606 -17.343094 -17.335612
1.751880e+01 -19.758990 -19.003845 -18.868679 -18.506163 -18.474377 -17.033411 -17.337182 -17.326504
1.762680e+01 -19.753629 -19.002156 -18.872045 -18.511286 -18.477151 -17.026332 -17.332672 -17.317754
1.773480e+01 -19.747536 -19.001229 -18.876042 -18.516319 -18.479772 -17.020269 -17.328221 -17.309674
1.784270e+01 -19.741934 -18.999872 -18.880274 -18.521794 -18.482700 -17.014709 -17.323996 -17.302521
1.795070e+01 -19.736837 -18.999725 -18.885166 -18.527386 -18.485977 -17.010411 -17.320200 -17.295272
1.805870e+01 -19.731154 -18.999624 -18.889684 -18.532656 -18.488507 -17.005776 -17.317502 -17.288658
1.816670e+01 -19.725455 -18.999604 -18.894866 -18.538545 -18.492933 -17.002119 -17.314548 -17.282567
1.827470e+01 -19.720000 -18.999047 -18.899605 -18.544509 -18.495488 -16.998051 -17.311052 -17.275628
1.838270e+01 -19.714055 -18.998923 -18.904599 -18.549834 -18.499241 -16.994492 -17.308113 -17.269372
1.849070e+01 -19.715271 -18.996363 -18.911664 -18.561202 -18.497752 -17.016078 -17.303920 -17.268619
1.859870e+01 -19.708976 -18.995555 -18.916423 -18.566483 -18.502106 -17.012482 -17.301764 -17.262600
1.870670e+01 -19.702866 -18.995311 -18.920532 -18.571368 -18.505201 -17.009302 -17.299398 -17.255951
1.881470e+01 -19.697337 -18.994500 -18.924540 -18.576025 -18.509349 -17.005854 -17.297392 -17.250312
1.892270e+01 -19.690984 -18.993968 -18.928763 -18.580913 -18.513137 -17.002888 -17.295250 -17.243413
1.903070e+01 -19.684875 -18.992930 -18.932955 -18.584919 -18.517292 -16.999651 -17.293853 -17.237733
1.913870e+01 -19.678171 -18.991825 -18.936362 -18.589290 -18.520821 -16.996322 -17.291862 -17.230816
1.924670e+01 -19.671857 -18.989991 -18.939967 -18.593808 -18.525092 -16.992924 -17.290010 -17.224500
1.935470e+01 -19.665599 -18.988876 -18.944297 -18.597521 -18.529410 -16.989718 -17.288562 -17.217920
1.946270e+01 -19.658762 -18.987523 -18.947357 -18.601037 -18.533175 -16.986795 -17.287312 -17.211968
1.967870e+01 -19.645475 -18.984806 -18.955031 -18.608774 -18.540547 -16.982063 -17.285703 -17.199087
1.989470e+01 -19.631307 -18.982273 -18.963521 -18.616149 -18.547315 -16.977413 -17.284960 -17.187550
2.000270e+01 -19.624111 -18.980661 -18.968103 -18.619400 -18.551338 -16.975150 -17.284647 -17.181958
2.021870e+01 -19.608537 -18.978113 -18.976670 -18.626232 -18.557403 -16.972076 -17.285004 -17.171881
2.043470e+01 -19.591790 -18.975252 -18.984567 -18.631110 -18.563191 -16.969478 -17.286061 -17.162191
2.065060e+01 -19.573661 -18.971303 -18.990521 -18.633225 -18.568256 -16.967963 -17.287551 -17.153917
2.086660e+01 -19.553418 -18.965739 -18.994330 -18.633622 -18.572863 -16.967466 -17.288375 -17.146195
2.108260e+01 -19.530585 -18.957673 -18.994180 -18.629896 -18.576388 -16.966649 -17.289463 -17.138368
2.119060e+01 -19.519208 -18.953069 -18.992842 -18.626978 -18.577694 -16.966085 -17.290052 -17.134521
2.129860e+01 -19.506746 -18.948020 -18.990366 -18.623386 -18.579224 -16.965870 -17.290800 -17.130209
2.140660e+01 -19.494028 -18.942284 -18.986800 -18.619078 -18.580275 -16.965250 -17.291097 -17.126807
2.151460e+01 -19.481062 -18.935971 -18.982813 -18.614887 -18.580774 -16.964903 -17.292492 -17.123337
2.162260e+01 -19.468390 -18.929736 -18.978482 -18.610309 -18.581632 -16.964810 -17.292758 -17.119884
2.173060e+01 -19.454956 -18.922892 -18.973464 -18.605241 -18.582490 -16.964382 -17.294552 -17.116624
2.183860e+01 -19.441987 -18.915047 -18.967170 -18.600498 -18.582848 -16.964272 -17.296508 -17.113778
2.194660e+01 -19.428035 -18.907357 -18.960635 -18.595184 -18.583851 -16.965126 -17.298072 -17.111024
2.205460e+01 -19.414439 -18.899959 -18.954243 -18.590156 -18.584208 -16.965156 -17.300958 -17.108752
2.216260e+01 -19.400460 -18.892039 -18.947643 -18.586333 -18.584569 -16.965908 -17.303888 -17.107462
2.227060e+01 -19.386592 -18.883947 -18.941699 -18.582270 -18.585670 -16.966415 -17.307184 -17.105504
2.237860e+01 -19.372654 -18.875838 -18.934653 -18.578576 -18.586589 -16.967977 -17.311242 -17.104617
2.248660e+01 -19.358362 -18.867641 -18.928829 -18.575664 -18.587073 -16.968862 -17.315449 -17.103829
2.270260e+01 -19.329893 -18.851192 -18.916971 -18.571513 -18.588715 -16.972799 -17.325592 -17.104455
2.291860e+01 -19.300588 -18.834970 -18.907088 -18.570387 -18.590962 -16.977386 -17.337817 -17.107680
2.313460e+01 -19.270845 -18.818808 -18.899817 -18.571831 -18.593883 -16.984553 -17.352328 -17.113186
2.335050e+01 -19.241208 -18.804469 -18.895456 -18.576394 -18.597362 -16.992707 -17.369649 -17.121671
2.356650e+01 -19.211174 -18.790597 -18.891982 -18.581995 -18.601913 -17.003281 -17.388846 -17.133696
2.378250e+01 -19.179804 -18.776325 -18.889325 -18.588700 -18.606847 -17.014369 -17.409207 -17.147905
2.389050e+01 -19.168128 -18.765827 -18.891630 -18.596315 -18.631121 -17.036431 -17.429693 -17.155026
2.410650e+01 -19.135945 -18.751398 -18.889798 -18.602590 -18.636151 -17.048188 -17.450236 -17.171204
2.432250e+01 -19.102561 -18.736677 -18.886870 -18.608615 -18.642182 -17.061669 -17.471764 -17.188913
2.453850e+01 -19.069795 -18.721154 -18.884401 -18.613944 -18.648945 -17.074943 -17.492905 -17.207549
2.475450e+01 -19.036550 -18.705543 -18.881127 -18.617990 -18.655994 -17.087993 -17.514808 -17.226376
2.497050e+01 -19.003006 -18.689210 -18.877322 -18.621246 -18.663633 -17.101709 -17.537939 -17.246323
2.518650e+01 -18.968970 -18.672811 -18.873186 -18.624241 -18.671090 -17.116123 -17.561432 -17.265719
2.540250e+01 -18.934257 -18.656010 -18.868315 -18.625488 -18.678402 -17.131314 -17.585217 -17.285902
2.561850e+01 -18.898012 -18.639125 -18.864488 -18.627318 -18.685068 -17.146617 -17.609728 -17.305881
2.583440e+01 -18.861314 -18.622296 -18.861002 -18.629137 -18.691188 -17.163162 -17.635022 -17.327086
2.605040e+01 -18.823471 -18.605305 -18.857880 -18.631043 -18.695915 -17.179964 -17.660898 -17.348175
2.626640e+01 -18.785057 -18.588683 -18.855101 -18.632536 -18.700628 -17.197572 -17.687631 -17.369520
2.648240e+01 -18.744376 -18.570766 -18.851547 -18.632266 -18.703860 -17.216144 -17.713859 -17.390350
2.669840e+01 -18.702282 -18.552039 -18.847010 -18.631069 -18.705381 -17.234355 -17.737985 -17.410815
2.691440e+01 -18.659000 -18.532572 -18.840631 -18.627082 -18.707036 -17.252251 -17.761699 -17.431485
2.713040e+01 -18.614414 -18.511909 -18.831612 -18.622312 -18.707999 -17.270470 -17.782710 -17.450973
2.734640e+01 -18.569518 -18.490001 -18.821082 -18.615347 -18.707922 -17.287910 -17.801973 -17.471602
2.756240e+01 -18.524279 -18.467556 -18.809128 -18.608175 -18.708280 -17.304503 -17.821156 -17.491249
2.777840e+01 -18.479575 -18.444647 -18.795861 -18.600362 -18.708725 -17.321816 -17.839248 -17.512382
2.810240e+01 -18.413186 -18.410665 -18.775495 -18.589575 -18.710013 -17.347371 -17.865799 -17.544451
2.842630e+01 -18.348892 -18.375882 -18.755077 -18.581190 -18.712453 -17.373175 -17.893997 -17.577928
2.875030e+01 -18.285474 -18.341857 -18.736265 -18.577062 -18.716720 -17.400691 -17.924565 -17.611919
2.907430e+01 -18.223277 -18.308477 -18.720841 -18.576402 -18.723694 -17.429315 -17.957292 -17.646222
2.929030e+01 -18.190842 -18.277511 -18.708764 -18.581817 -18.754586 -17.440557 -17.992393 -17.674306
2.961430e+01 -18.128619 -18.244502 -18.697064 -18.586787 -18.764687 -17.471612 -18.027847 -17.708028
3.004630e+01 -18.044925 -18.199158 -18.683527 -18.595727 -18.781383 -17.514058 -18.075911 -17.751949
3.047830e+01 -17.958622 -18.151287 -18.670762 -18.605900 -18.801130 -17.557404 -18.123115 -17.793840
3.091030e+01 -17.868302 -18.101313 -18.657423 -18.615230 -18.821918 -17.600734 -18.168743 -17.835608
3.134220e+01 -17.774377 -18.049254 -18.643785 -18.623595 -18.841633 -17.644891 -18.212505 -17.877038
3.188220e+01 -17.651386 -17.982062 -18.626136 -18.631569 -18.861607 -17.699205 -18.266768 -17.927459
3.239520e+01 -17.529791 -17.917039 -18.608162 -18.635849 -18.874782 -17.748743 -18.316322 -17.972667
3.293520e+01 -17.399075 -17.846839 -18.584683 -18.634226 -18.883102 -17.795645 -18.361098 -18.015605
3.347520e+01 -17.268439 -17.774913 -18.554708 -18.624713 -18.886397 -17.836273 -18.396539 -18.052429
3.393410e+01 -17.158464 -17.712403 -18.524233 -18.611813 -18.885553 -17.866825 -18.420028 -18.079605
3.442010e+01 -17.057300 -17.642693 -18.487453 -18.597821 -18.894768 -17.890554 -18.446854 -18.109628
3.496010e+01 -16.941839 -17.573223 -18.450739 -18.583612 -18.894311 -17.929032 -18.472119 -18.142397
3.560810e+01 -16.818442 -17.495232 -18.414756 -18.574932 -18.899602 -17.981930 -18.508990 -18.185474
3.647200e+01 -16.670136 -17.396131 -18.374651 -18.571004 -18.914498 -18.055128 -18.565393 -18.244334
3.744400e+01 -16.507259 -17.282937 -18.329466 -18.564920 -18.929127 -18.132095 -18.624563 -18.304811
3.841600e+01 -16.340447 -17.169548 -18.282773 -18.552474 -18.932070 -18.195185 -18.674266 -18.354607
3.917190e+01 -16.211384 -17.080071 -18.239605 -18.532859 -18.926567 -18.223695 -18.695416 -18.376895
3.981990e+01 -16.114018 -17.001167 -18.194620 -18.505142 -18.918844 -18.225028 -18.697547 -18.381219
4.046790e+01 -16.007179 -16.924859 -18.145552 -18.473408 -18.901009 -18.224053 -18.689301 -18.379007
4.111590e+01 -15.906409 -16.852174 -18.098533 -18.443773 -18.882389 -18.230361 -18.685692 -18.382531
4.187180e+01 -15.801017 -16.777640 -18.052197 -18.417206 -18.864724 -18.254513 -18.695690 -18.402124
4.284380e+01 -15.689329 -16.696253 -18.002065 -18.393411 -18.852075 -18.298299 -18.719439 -18.438031
4.381580e+01 -15.586067 -16.619523 -17.952316 -18.367436 -18.835065 -18.328174 -18.736778 -18.463696
4.467970e+01 -15.496722 -16.552440 -17.907266 -18.340782 -18.814449 -18.342467 -18.746421 -18.476158
4.521970e+01 -15.450584 -16.508608 -17.876440 -18.319587 -18.803793 -18.337528 -18.742106 -18.472390
4.597570e+01 -15.373040 -16.445279 -17.825308 -18.281983 -18.776921 -18.305756 -18.714596 -18.445349
4.662360e+01 -15.303455 -16.388560 -17.775433 -18.242880 -18.747548 -18.263139 -18.676502 -18.412579
4.727160e+01 -15.232191 -16.331633 -17.725367 -18.203669 -18.714306 -18.231828 -18.643987 -18.388167
4.791960e+01 -15.163895 -16.278737 -17.679939 -18.169109 -18.683334 -18.221747 -18.625586 -18.381018
4.867560e+01 -15.089664 -16.223038 -17.633723 -18.135428 -18.651867 -18.228113 -18.616547 -18.387466
4.953950e+01 -15.014067 -16.166571 -17.586291 -18.101826 -18.618869 -18.235538 -18.609534 -18.395991
5.040350e+01 -14.943548 -16.114441 -17.540220 -18.066984 -18.584480 -18.225335 -18.594824 -18.391031
5.094350e+01 -14.907523 -16.081427 -17.510961 -18.042830 -18.565751 -18.212715 -18.579313 -18.377751
5.169940e+01 -14.849136 -16.036577 -17.467978 -18.007980 -18.533989 -18.171327 -18.546486 -18.346682
5.245540e+01 -14.789160 -15.989566 -17.420272 -17.966444 -18.498441 -18.103023 -18.492841 -18.297161
5.310340e+01 -14.735855 -15.946308 -17.376849 -17.927494 -18.463796 -18.028756 -18.434402 -18.247022
5.375140e+01 -14.681158 -15.902983 -17.334636 -17.889064 -18.426270 -17.966763 -18.382412 -18.207819
5.450730e+01 -14.619683 -15.856534 -17.292556 -17.851679 -18.386921 -17.929019 -18.341867 -18.185752
5.537130e+01 -14.553723 -15.809787 -17.251185 -17.816095 -18.346890 -17.905149 -18.309746 -18.176223
5.601930e+01 -14.515626 -15.777191 -17.223047 -17.790654 -18.321708 -17.877854 -18.280350 -18.161125
5.688320e+01 -14.462407 -15.740226 -17.189195 -17.758501 -18.284620 -17.810987 -18.232422 -18.124320
5.774720e+01 -14.411434 -15.704593 -17.153892 -17.725691 -18.250275 -17.736611 -18.178569 -18.077654
5.861120e+01 -14.361333 -15.668278 -17.117354 -17.692151 -18.215912 -17.662195 -18.120159 -18.028886
5.947510e+01 -14.311695 -15.631143 -17.081075 -17.659610 -18.181123 -17.587352 -18.061491 -17.983268
6.044710e+01 -14.258232 -15.591681 -17.045470 -17.628499 -18.144454 -17.521431 -18.008713 -17.945828
6.141910e+01 -14.212814 -15.556342 -17.015821 -17.602414 -18.114831 -17.478888 -17.969113 -17.920288
6.249900e+01 -14.163298 -15.522639 -16.986576 -17.576639 -18.078231 -17.426800 -17.928474 -17.892241
6.357900e+01 -14.116847 -15.491450 -16.956035 -17.548512 -18.042668 -17.362833 -17.879827 -17.853814
6.465890e+01 -14.069353 -15.457344 -16.919621 -17.516412 -18.006845 -17.297274 -17.825734 -17.809446
6.573890e+01 -14.020819 -15.419836 -16.881963 -17.484099 -17.970687 -17.233324 -17.770573 -17.766055
6.681890e+01 -13.975180 -15.382201 -16.847235 -17.455278 -17.937337 -17.177088 -17.720964 -17.728562
6.789880e+01 -13.928422 -15.349616 -16.817812 -17.431313 -17.903420 -17.125269 -17.681046 -17.699492
6.897880e+01 -13.885081 -15.319357 -16.789170 -17.406555 -17.868743 -17.073207 -17.640071 -17.668579
7.005870e+01 -13.841264 -15.288227 -16.757944 -17.378843 -17.834984 -17.020507 -17.596329 -17.633813
7.113870e+01 -13.796633 -15.253320 -16.721281 -17.347969 -17.802277 -16.970959 -17.551086 -17.597378
7.221870e+01 -13.752692 -15.216173 -16.684923 -17.317505 -17.771003 -16.923834 -17.505176 -17.560043
7.329860e+01 -13.706340 -15.182094 -16.652808 -17.291922 -17.737912 -16.874833 -17.464727 -17.528838
7.437860e+01 -13.662274 -15.149927 -16.624008 -17.268179 -17.704686 -16.826877 -17.427833 -17.500995
7.545850e+01 -13.618988 -15.119126 -16.594405 -17.242897 -17.671918 -16.781192 -17.390405 -17.471055
7.653850e+01 -13.576279 -15.086583 -16.561259 -17.214434 -17.640482 -16.739027 -17.353389 -17.441391
7.761840e+01 -13.533798 -15.050611 -16.524809 -17.184047 -17.612185 -16.700717 -17.316564 -17.411020
7.869840e+01 -13.488754 -15.015435 -16.490883 -17.156522 -17.583128 -16.659756 -17.281140 -17.382956
7.977840e+01 -13.444545 -14.982024 -16.459898 -17.131136 -17.552965 -16.614518 -17.247202 -17.355765
8.085830e+01 -13.401165 -14.950219 -16.430279 -17.107107 -17.521227 -16.568864 -17.214426 -17.329147
8.193830e+01 -13.357796 -14.917767 -16.399082 -17.080924 -17.490704 -16.526675 -17.183353 -17.302144
8.301820e+01 -13.317120 -14.883545 -16.364662 -17.052319 -17.463808 -16.489559 -17.152760 -17.277264
8.409820e+01 -13.273441 -14.848768 -16.330108 -17.023236 -17.437393 -16.454323 -17.125453 -17.254485
8.517810e+01 -13.229441 -14.814429 -16.297307 -16.996489 -17.410712 -16.416622 -17.097636 -17.231467
8.625810e+01 -13.185971 -14.781495 -16.267318 -16.971944 -17.382575 -16.373685 -17.069975 -17.207909
8.733810e+01 -13.143678 -14.749763 -16.237013 -16.946876 -17.352793 -16.330706 -17.042445 -17.184409
8.841800e+01 -13.103342 -14.715737 -16.204897 -16.920032 -17.325398 -16.291419 -17.015710 -17.161603
8.949800e+01 -13.060493 -14.681478 -16.170452 -16.891299 -17.299722 -16.256601 -16.993436 -17.141662
9.057790e+01 -13.016706 -14.646942 -16.136680 -16.862860 -17.276002 -16.223650 -16.971906 -17.123285
9.165790e+01 -12.973660 -14.612893 -16.104655 -16.836733 -17.251087 -16.187665 -16.949987 -17.104976
9.273790e+01 -12.930980 -14.580623 -16.075021 -16.812198 -17.224493 -16.147439 -16.927728 -17.085407
9.381780e+01 -12.890746 -14.547830 -16.044554 -16.786748 -17.196900 -16.107396 -16.905377 -17.065426
9.489780e+01 -12.849363 -14.514383 -16.012038 -16.759521 -17.171413 -16.071014 -16.884057 -17.047178
9.597770e+01 -12.807117 -14.480077 -15.978827 -16.731283 -17.148163 -16.038422 -16.864933 -17.030712
9.705770e+01 -12.763929 -14.446055 -15.946129 -16.703857 -17.125948 -16.007311 -16.847974 -17.015623
9.813760e+01 -12.721928 -14.413004 -15.915126 -16.678792 -17.102825 -15.973757 -16.830744 -17.000854
9.921760e+01 -12.681255 -14.380634 -15.885699 -16.654108 -17.077486 -15.937790 -16.812380 -16.984780
1.002980e+02 -12.639832 -14.348607 -15.855464 -16.628446 -17.051197 -15.901875 -16.793634 -16.968936
1.013780e+02 -12.598725 -14.315419 -15.823372 -16.601018 -17.027005 -15.868310 -16.775649 -16.953135
1.024570e+02 -12.556690 -14.281343 -15.791141 -16.573135 -17.004413 -15.836732 -16.756923 -16.937413
1.035370e+02 -12.514566 -14.247977 -15.759531 -16.546923 -16.982077 -15.806002 -16.739848 -16.923176
1.046170e+02 -12.473376 -14.216074 -15.730295 -16.522539 -16.958992 -15.774408 -16.722972 -16.908928
1.056970e+02 -12.432329 -14.184861 -15.702238 -16.498684 -16.934603 -15.742404 -16.706798 -16.895936
1.067770e+02 -12.391623 -14.152834 -15.672910 -16.473290 -16.909065 -15.710892 -16.688820 -16.881912
1.078570e+02 -12.349163 -14.119926 -15.642685 -16.447515 -16.885233 -15.680528 -16.670647 -16.867215
1.089370e+02 -12.307828 -14.087799 -15.612309 -16.421631 -16.863358 -15.651274 -16.652519 -16.852288
1.100170e+02 -12.266941 -14.056404 -15.583820 -16.397649 -16.842034 -15.621482 -16.634599 -16.838242
1.110970e+02 -12.226165 -14.025622 -15.556417 -16.374087 -16.819698 -15.592033 -16.617914 -16.825497
1.121770e+02 -12.186448 -13.994811 -15.528437 -16.350228 -16.795973 -15.563662 -16.601758 -16.811932
1.132570e+02 -12.145254 -13.963208 -15.499675 -16.325499 -16.773371 -15.534466 -16.585189 -16.799338
1.143370e+02 -12.104489 -13.931551 -15.470139 -16.300087 -16.751121 -15.506656 -16.567006 -16.785709
1.154170e+02 -12.064712 -13.899825 -15.441991 -16.275477 -16.730431 -15.478346 -16.549746 -16.771675
1.164970e+02 -12.024923 -13.869893 -15.413943 -16.251742 -16.709920 -15.450639 -16.532719 -16.758387
1.175770e+02 -11.985888 -13.840375 -15.387288 -16.228897 -16.688316 -15.423467 -16.516931 -16.746534
1.186570e+02 -11.947229 -13.809595 -15.360248 -16.205158 -16.665138 -15.396882 -16.500745 -16.733906
1.197370e+02 -11.907654 -13.779148 -15.332404 -16.180948 -16.643479 -15.370083 -16.484169 -16.721051
1.208170e+02 -11.869132 -13.748799 -15.304349 -16.156888 -16.622354 -15.343447 -16.466972 -16.707398
1.218970e+02 -11.830936 -13.718996 -15.277025 -16.132984 -16.601874 -15.318085 -16.450670 -16.694544
1.229770e+02 -11.793005 -13.689769 -15.250964 -16.110184 -16.581619 -15.291579 -16.434626 -16.682240
1.240570e+02 -11.756164 -13.660923 -15.225143 -16.087109 -16.559824 -15.266091 -16.418691 -16.670371
1.251370e+02 -11.718917 -13.631467 -15.197979 -16.063894 -16.538528 -15.240809 -16.402762 -16.657827
1.262170e+02 -11.682174 -13.602031 -15.171255 -16.040258 -16.517511 -15.215113 -16.386917 -16.645484
1.272970e+02 -11.645277 -13.572656 -15.144720 -16.017335 -16.497493 -15.190629 -16.371030 -16.632668
1.283760e+02 -11.609026 -13.544487 -15.118510 -15.994521 -16.477389 -15.166724 -16.355721 -16.620445
1.294560e+02 -11.573060 -13.516354 -15.093290 -15.972274 -16.457018 -15.142060 -16.340055 -16.608308
1.305360e+02 -11.538302 -13.488235 -15.067272 -15.949398 -16.436970 -15.117481 -16.325103 -16.595752
1.316160e+02 -11.503502 -13.459357 -15.041191 -15.926681 -16.416505 -15.093032 -16.309230 -16.583949
1.326960e+02 -11.468016 -13.431153 -15.015936 -15.904125 -16.396017 -15.069294 -16.294258 -16.571650
1.337760e+02 -11.433518 -13.403661 -14.990388 -15.881920 -16.376531 -15.045725 -16.279219 -16.559477
1.348560e+02 -11.399754 -13.376281 -14.965618 -15.859650 -16.356690 -15.023105 -16.264521 -16.547982
1.359360e+02 -11.366454 -13.348865 -14.940579 -15.838031 -16.337546 -14.999350 -16.249831 -16.536228
1.370160e+02 -11.334113 -13.321521 -14.916262 -15.815812 -16.317330 -14.975621 -16.234828 -16.523603
1.380960e+02 -11.300990 -13.293828 -14.890858 -15.793722 -16.297652 -14.952928 -16.219856 -16.512791
1.391760e+02 -11.267979 -13.267187 -14.865855 -15.771497 -16.277817 -14.930649 -16.205544 -16.500236
1.400400e+02 -11.242704 -13.245972 -14.846624 -15.754016 -16.262554 -14.913146 -16.194080 -16.491687
