time U B V R I J H K
1.991700e+02 -13.453685 -14.127989 -14.106717 -13.199205 -12.313211 -11.223096 -12.313144 -14.136128
2.020300e+02 -13.384560 -14.088939 -14.063918 -13.150124 -12.263839 -11.183944 -12.321038 -14.076259
2.049300e+02 -13.328227 -14.047101 -14.013033 -13.083667 -12.223960 -11.201842 -12.271586 -14.070042
2.078800e+02 -13.265582 -14.006014 -13.975231 -13.019495 -12.206120 -11.178293 -12.230348 -14.063800
2.108700e+02 -13.207776 -13.966129 -13.928450 -12.961822 -12.155436 -11.159917 -12.239572 -14.000281
2.139000e+02 -13.144926 -13.926412 -13.887422 -12.900622 -12.106518 -11.162194 -12.225878 -13.997960
2.169700e+02 -13.088658 -13.879837 -13.840781 -12.833178 -12.096425 -11.170519 -12.168071 -13.956567
2.200900e+02 -13.009209 -13.833784 -13.791590 -12.770820 -12.054534 -11.162664 -12.181975 -13.939780
2.232500e+02 -12.956641 -13.792036 -13.749289 -12.709945 -12.008510 -11.170926 -12.141877 -13.891673
2.264600e+02 -12.890665 -13.751876 -13.708590 -12.647910 -11.964004 -11.157636 -12.122300 -13.851328
2.297200e+02 -12.816827 -13.706041 -13.661913 -12.586856 -11.940171 -11.161142 -12.099349 -13.855340
2.330200e+02 -12.752566 -13.661572 -13.617344 -12.516036 -11.892538 -11.157445 -12.134099 -13.834621
2.363700e+02 -12.681136 -13.619433 -13.569575 -12.466387 -11.874104 -11.147716 -12.099396 -13.806139
2.397700e+02 -12.615205 -13.573673 -13.526123 -12.388993 -11.842825 -11.180414 -12.063322 -13.783922
2.432100e+02 -12.548267 -13.527494 -13.475244 -12.330776 -11.807283 -11.131850 -12.065255 -13.739240
2.467100e+02 -12.480664 -13.483248 -13.432704 -12.271827 -11.761990 -11.127056 -12.068087 -13.721840
2.502500e+02 -12.406643 -13.431800 -13.380864 -12.212671 -11.749783 -11.186036 -12.075637 -13.673567
2.538500e+02 -12.344784 -13.382897 -13.328444 -12.151187 -11.717257 -11.150936 -12.074388 -13.638060
2.575000e+02 -12.274630 -13.332589 -13.276616 -12.077788 -11.682508 -11.157390 -12.056247 -13.634115
2.612000e+02 -12.198700 -13.278216 -13.224224 -12.013090 -11.658852 -11.182449 -12.038729 -13.563654
2.649600e+02 -12.132061 -13.230510 -13.171623 -11.942342 -11.620826 -11.168644 -12.036380 -13.551387
2.687600e+02 -12.064362 -13.179959 -13.122292 -11.880367 -11.581585 -11.203030 -12.039587 -13.535740
2.726300e+02 -11.992241 -13.128476 -13.069093 -11.815304 -11.563679 -11.183692 -12.026404 -13.506898
2.765500e+02 -11.908534 -13.079509 -13.016671 -11.749010 -11.541100 -11.217725 -12.059577 -13.473873
2.805200e+02 -11.847992 -13.030761 -12.963733 -11.685830 -11.508286 -11.192342 -12.050842 -13.453241
2.845500e+02 -11.778206 -12.977953 -12.908308 -11.622543 -11.485502 -11.225291 -12.037136 -13.411152
2.886400e+02 -11.710658 -12.926422 -12.862263 -11.572516 -11.459142 -11.254600 -12.021993 -13.380395
2.927900e+02 -11.637707 -12.871664 -12.804703 -11.503834 -11.435237 -11.237312 -12.051093 -13.322935
2.970000e+02 -11.565907 -12.818565 -12.747935 -11.439696 -11.409055 -11.272165 -12.060378 -13.313982
3.012700e+02 -11.495919 -12.763576 -12.695321 -11.385311 -11.390520 -11.258840 -12.055378 -13.276555
3.056000e+02 -11.430368 -12.705684 -12.635664 -11.315161 -11.379801 -11.316113 -12.090086 -13.246698
3.099900e+02 -11.359166 -12.648560 -12.581186 -11.250808 -11.355550 -11.313376 -12.079459 -13.214712
3.144500e+02 -11.293436 -12.593907 -12.518435 -11.183958 -11.321354 -11.338262 -12.085812 -13.174015
3.189700e+02 -11.217472 -12.533787 -12.460394 -11.123717 -11.310103 -11.376755 -12.153322 -13.135327
3.235500e+02 -11.145955 -12.478811 -12.398918 -11.059257 -11.285556 -11.379009 -12.146125 -13.067700
3.282000e+02 -11.072155 -12.417184 -12.334260 -11.006108 -11.263479 -11.419828 -12.170873 -13.039833
3.329200e+02 -10.990221 -12.357511 -12.280244 -10.947259 -11.258424 -11.428599 -12.183254 -12.995729
3.377100e+02 -10.924922 -12.290751 -12.214002 -10.897630 -11.232201 -11.432743 -12.201971 -12.980623
3.425600e+02 -10.850695 -12.231986 -12.152167 -10.830202 -11.205674 -11.467582 -12.217457 -12.912406
3.474800e+02 -10.771843 -12.165255 -12.083863 -10.767455 -11.194370 -11.488786 -12.236212 -12.866744
3.524800e+02 -10.697790 -12.100344 -12.012858 -10.711647 -11.167799 -11.511687 -12.266130 -12.827317
3.575500e+02 -10.619554 -12.033305 -11.952929 -10.647794 -11.151264 -11.534694 -12.275739 -12.785513
3.626800e+02 -10.546243 -11.968528 -11.882244 -10.586062 -11.122034 -11.545912 -12.295134 -12.723634
3.679000e+02 -10.482589 -11.897771 -11.812051 -10.520078 -11.101871 -11.582491 -12.329476 -12.668935
3.731900e+02 -10.399058 -11.828312 -11.741120 -10.458007 -11.068355 -11.584052 -12.342027 -12.612030
3.785500e+02 -10.318329 -11.755225 -11.668288 -10.395290 -11.045424 -11.621770 -12.357403 -12.566793
3.839900e+02 -10.241871 -11.680859 -11.588012 -10.331512 -11.013184 -11.633793 -12.380359 -12.510670
3.895100e+02 -10.152859 -11.595348 -11.502242 -10.268472 -10.994007 -11.658372 -12.401456 -12.442651
3.951100e+02 -10.041959 -11.494074 -11.403506 -10.173737 -10.933221 -11.659485 -12.399461 -12.339542
4.007900e+02 -9.921997 -11.365941 -11.274107 -10.060530 -10.853043 -11.619540 -12.352767 -12.232500
