#NTIMES: 50
#NVEL 115
#TIMES[d]: 199.16 202.03 204.93 207.87 210.86 213.89 216.97 220.09 223.25 226.46 229.71 233.01 236.36 239.76 243.21 246.70 250.25 253.85 257.50 261.20 264.95 268.76 272.62 276.54 280.51 284.55 288.64 292.79 296.99 301.26 305.59 309.99 314.44 318.96 323.55 328.19 332.91 337.70 342.55 347.48 352.47 357.54 362.68 367.89 373.18 378.54 383.98 389.50 395.10 400.78
#vel_mid[km/s] ne_t0[/cm^3] ne_t1[/cm^3] … ne_tn[/cm^3]
425.78 6.81e+06 5.99e+06 5.80e+06 5.57e+06 5.31e+06 5.07e+06 4.83e+06 4.63e+06 4.42e+06 4.20e+06 4.21e+06 3.85e+06 3.67e+06 3.47e+06 3.32e+06 3.10e+06 2.99e+06 2.86e+06 2.74e+06 2.61e+06 2.43e+06 2.35e+06 2.25e+06 2.13e+06 2.05e+06 1.93e+06 1.83e+06 1.73e+06 1.60e+06 1.51e+06 1.44e+06 1.40e+06 1.35e+06 1.24e+06 1.14e+06 1.11e+06 1.03e+06 9.98e+05 9.28e+05 8.60e+05 8.05e+05 7.93e+05 7.33e+05 6.83e+05 6.41e+05 5.61e+05 5.26e+05 5.11e+05 4.95e+05 4.72e+05
857.79 6.36e+06 6.17e+06 5.76e+06 5.48e+06 5.28e+06 5.06e+06 4.84e+06 4.53e+06 4.34e+06 4.19e+06 4.00e+06 3.61e+06 3.49e+06 3.46e+06 3.29e+06 3.04e+06 2.95e+06 2.74e+06 2.51e+06 2.50e+06 2.37e+06 2.34e+06 2.23e+06 2.07e+06 2.00e+06 1.83e+06 1.68e+06 1.65e+06 1.54e+06 1.52e+06 1.29e+06 1.26e+06 1.46e+06 1.32e+06 1.25e+06 1.20e+06 1.00e+06 1.21e+06 1.01e+06 1.05e+06 9.94e+05 7.25e+05 7.39e+05 6.79e+05 7.28e+05 5.87e+05 4.99e+05 5.47e+05 5.06e+05 3.79e+05
878.44 6.38e+06 6.75e+06 5.70e+06 5.54e+06 5.34e+06 5.10e+06 4.84e+06 4.60e+06 4.42e+06 4.11e+06 3.98e+06 3.78e+06 3.82e+06 3.42e+06 3.29e+06 3.16e+06 2.88e+06 2.80e+06 2.76e+06 2.61e+06 2.40e+06 2.32e+06 2.17e+06 2.05e+06 1.95e+06 1.89e+06 1.75e+06 1.70e+06 1.57e+06 1.46e+06 1.42e+06 1.44e+06 1.36e+06 1.31e+06 1.28e+06 1.12e+06 1.06e+06 9.71e+05 9.11e+05 8.91e+05 8.13e+05 7.24e+05 6.68e+05 6.90e+05 6.82e+05 5.64e+05 5.12e+05 4.94e+05 4.49e+05 4.39e+05
917.72 6.34e+06 6.52e+06 5.81e+06 5.60e+06 5.32e+06 5.07e+06 4.81e+06 4.61e+06 4.40e+06 4.21e+06 4.04e+06 4.02e+06 3.66e+06 3.50e+06 3.24e+06 3.14e+06 3.01e+06 2.89e+06 2.74e+06 2.56e+06 2.48e+06 2.39e+06 2.29e+06 2.11e+06 2.04e+06 1.94e+06 1.79e+06 1.75e+06 1.69e+06 1.63e+06 1.53e+06 1.45e+06 1.40e+06 1.26e+06 1.21e+06 1.17e+06 1.06e+06 9.73e+05 8.62e+05 8.17e+05 8.12e+05 7.60e+05 7.54e+05 7.37e+05 5.69e+05 5.78e+05 5.33e+05 5.46e+05 5.08e+05 4.19e+05
973.04 7.39e+06 6.10e+06 5.88e+06 5.59e+06 5.37e+06 5.01e+06 4.84e+06 4.64e+06 4.40e+06 4.22e+06 3.95e+06 4.07e+06 3.64e+06 3.50e+06 3.25e+06 3.13e+06 3.03e+06 2.90e+06 2.76e+06 2.61e+06 2.51e+06 2.39e+06 2.21e+06 2.11e+06 1.89e+06 1.85e+06 1.78e+06 1.72e+06 1.58e+06 1.46e+06 1.37e+06 1.32e+06 1.26e+06 1.23e+06 1.14e+06 1.13e+06 1.08e+06 1.04e+06 9.52e+05 9.01e+05 8.31e+05 7.68e+05 7.40e+05 6.96e+05 6.74e+05 5.72e+05 5.84e+05 5.47e+05 4.78e+05 4.69e+05
1034.98 6.33e+06 6.14e+06 5.88e+06 5.59e+06 5.38e+06 5.13e+06 4.90e+06 4.69e+06 4.33e+06 4.47e+06 4.04e+06 3.88e+06 3.68e+06 3.50e+06 3.35e+06 3.19e+06 3.03e+06 2.88e+06 2.74e+06 2.62e+06 2.49e+06 2.35e+06 2.24e+06 2.13e+06 1.99e+06 1.88e+06 1.83e+06 1.74e+06 1.69e+06 1.52e+06 1.48e+06 1.40e+06 1.29e+06 1.19e+06 1.16e+06 1.12e+06 1.05e+06 1.03e+06 9.43e+05 9.18e+05 8.36e+05 7.86e+05 7.44e+05 6.65e+05 6.44e+05 6.03e+05 5.77e+05 5.74e+05 4.72e+05 4.87e+05
1099.97 6.39e+06 6.09e+06 6.20e+06 5.55e+06 5.34e+06 5.08e+06 4.86e+06 4.62e+06 4.46e+06 4.23e+06 4.01e+06 3.84e+06 3.84e+06 3.51e+06 3.36e+06 3.13e+06 3.04e+06 2.84e+06 2.72e+06 2.64e+06 2.53e+06 2.36e+06 2.30e+06 2.14e+06 2.02e+06 1.97e+06 1.76e+06 1.68e+06 1.64e+06 1.55e+06 1.51e+06 1.42e+06 1.34e+06 1.21e+06 1.15e+06 1.10e+06 1.08e+06 9.85e+05 9.20e+05 8.58e+05 8.13e+05 8.02e+05 7.58e+05 6.99e+05 6.21e+05 6.05e+05 5.60e+05 5.36e+05 4.57e+05 4.52e+05
1169.04 6.46e+06 6.62e+06 5.78e+06 5.60e+06 5.41e+06 5.13e+06 4.87e+06 4.56e+06 4.43e+06 4.28e+06 4.05e+06 4.13e+06 3.68e+06 3.54e+06 3.30e+06 3.19e+06 3.03e+06 2.89e+06 2.80e+06 2.67e+06 2.48e+06 2.39e+06 2.29e+06 2.11e+06 2.02e+06 1.88e+06 1.84e+06 1.74e+06 1.69e+06 1.61e+06 1.52e+06 1.43e+06 1.35e+06 1.27e+06 1.20e+06 1.16e+06 1.06e+06 9.74e+05 9.28e+05 8.75e+05 8.57e+05 7.93e+05 7.49e+05 7.17e+05 6.71e+05 6.45e+05 5.64e+05 5.37e+05 4.89e+05 4.78e+05
1242.44 6.53e+06 6.81e+06 5.80e+06 5.59e+06 5.43e+06 5.16e+06 4.92e+06 4.69e+06 4.51e+06 4.31e+06 4.16e+06 4.12e+06 3.76e+06 3.58e+06 3.44e+06 3.20e+06 3.07e+06 2.92e+06 2.86e+06 2.65e+06 2.52e+06 2.35e+06 2.26e+06 2.20e+06 2.09e+06 1.99e+06 1.86e+06 1.80e+06 1.70e+06 1.62e+06 1.52e+06 1.42e+06 1.30e+06 1.26e+06 1.20e+06 1.10e+06 1.07e+06 9.99e+05 9.47e+05 8.84e+05 8.34e+05 8.18e+05 7.82e+05 7.28e+05 6.68e+05 6.33e+05 6.09e+05 5.52e+05 5.26e+05 5.02e+05
1320.45 6.92e+06 7.12e+06 6.24e+06 6.03e+06 5.79e+06 5.48e+06 5.25e+06 5.00e+06 4.76e+06 4.55e+06 4.34e+06 4.39e+06 3.93e+06 3.78e+06 3.61e+06 3.45e+06 3.28e+06 3.12e+06 3.01e+06 2.80e+06 2.70e+06 2.52e+06 2.45e+06 2.27e+06 2.21e+06 2.10e+06 1.94e+06 1.85e+06 1.80e+06 1.69e+06 1.58e+06 1.47e+06 1.43e+06 1.32e+06 1.29e+06 1.21e+06 1.15e+06 1.06e+06 1.04e+06 9.62e+05 9.03e+05 8.11e+05 7.75e+05 7.54e+05 7.06e+05 6.20e+05 6.03e+05 5.78e+05 5.28e+05 4.99e+05
1403.37 7.52e+06 7.19e+06 6.87e+06 6.57e+06 6.24e+06 5.99e+06 5.72e+06 5.44e+06 5.19e+06 4.98e+06 4.95e+06 4.53e+06 4.33e+06 4.14e+06 3.91e+06 3.74e+06 3.55e+06 3.37e+06 3.27e+06 3.10e+06 2.95e+06 2.82e+06 2.67e+06 2.47e+06 2.39e+06 2.24e+06 2.10e+06 2.04e+06 1.94e+06 1.83e+06 1.74e+06 1.64e+06 1.55e+06 1.47e+06 1.39e+06 1.36e+06 1.24e+06 1.20e+06 1.12e+06 1.04e+06 9.79e+05 9.41e+05 8.78e+05 8.28e+05 7.46e+05 7.12e+05 6.85e+05 6.68e+05 6.23e+05 5.64e+05
1491.49 8.07e+06 7.73e+06 7.39e+06 7.06e+06 6.74e+06 6.44e+06 6.17e+06 5.86e+06 5.58e+06 5.35e+06 5.32e+06 4.87e+06 4.67e+06 4.43e+06 4.22e+06 4.02e+06 3.81e+06 3.55e+06 3.40e+06 3.32e+06 3.15e+06 3.03e+06 2.83e+06 2.74e+06 2.55e+06 2.43e+06 2.33e+06 2.19e+06 2.08e+06 1.96e+06 1.87e+06 1.72e+06 1.67e+06 1.55e+06 1.45e+06 1.39e+06 1.32e+06 1.23e+06 1.18e+06 1.13e+06 1.11e+06 1.02e+06 9.55e+05 8.95e+05 8.16e+05 7.73e+05 7.34e+05 7.00e+05 6.42e+05 5.89e+05
1585.14 8.45e+06 8.13e+06 7.75e+06 7.40e+06 7.04e+06 6.73e+06 6.41e+06 6.12e+06 5.86e+06 5.58e+06 5.35e+06 5.28e+06 4.94e+06 4.68e+06 4.43e+06 4.19e+06 3.99e+06 3.79e+06 3.63e+06 3.51e+06 3.33e+06 3.15e+06 3.00e+06 2.86e+06 2.67e+06 2.57e+06 2.45e+06 2.36e+06 2.15e+06 2.10e+06 1.97e+06 1.87e+06 1.76e+06 1.65e+06 1.57e+06 1.49e+06 1.39e+06 1.35e+06 1.28e+06 1.22e+06 1.16e+06 1.06e+06 1.01e+06 9.65e+05 8.98e+05 8.47e+05 7.97e+05 7.50e+05 7.06e+05 6.40e+05
1684.67 8.84e+06 8.42e+06 8.06e+06 7.69e+06 7.35e+06 7.01e+06 6.70e+06 6.39e+06 6.09e+06 5.83e+06 5.77e+06 5.31e+06 5.08e+06 4.82e+06 4.61e+06 4.37e+06 4.15e+06 3.98e+06 3.84e+06 3.63e+06 3.46e+06 3.34e+06 3.11e+06 2.98e+06 2.88e+06 2.73e+06 2.58e+06 2.45e+06 2.29e+06 2.16e+06 2.04e+06 1.98e+06 1.84e+06 1.75e+06 1.65e+06 1.54e+06 1.50e+06 1.40e+06 1.37e+06 1.27e+06 1.21e+06 1.13e+06 1.06e+06 9.90e+05 9.43e+05 9.19e+05 8.80e+05 7.92e+05 7.40e+05 7.01e+05
1790.45 9.10e+06 8.72e+06 8.34e+06 7.95e+06 7.59e+06 7.25e+06 6.92e+06 6.61e+06 6.32e+06 6.03e+06 6.01e+06 5.50e+06 5.27e+06 5.00e+06 4.78e+06 4.55e+06 4.33e+06 4.12e+06 3.94e+06 3.78e+06 3.61e+06 3.43e+06 3.27e+06 3.10e+06 2.95e+06 2.80e+06 2.66e+06 2.53e+06 2.44e+06 2.31e+06 2.15e+06 2.08e+06 1.93e+06 1.83e+06 1.73e+06 1.61e+06 1.56e+06 1.43e+06 1.37e+06 1.30e+06 1.22e+06 1.16e+06 1.08e+06 1.06e+06 9.95e+05 9.30e+05 8.69e+05 8.21e+05 7.75e+05 7.45e+05
1902.87 9.14e+06 8.83e+06 8.47e+06 8.08e+06 7.72e+06 7.38e+06 7.05e+06 6.73e+06 6.43e+06 6.14e+06 5.87e+06 5.90e+06 5.32e+06 5.11e+06 4.89e+06 4.64e+06 4.43e+06 4.23e+06 4.03e+06 3.93e+06 3.71e+06 3.53e+06 3.35e+06 3.18e+06 3.03e+06 2.88e+06 2.74e+06 2.64e+06 2.50e+06 2.36e+06 2.26e+06 2.12e+06 2.04e+06 1.91e+06 1.80e+06 1.70e+06 1.66e+06 1.53e+06 1.48e+06 1.38e+06 1.30e+06 1.23e+06 1.17e+06 1.11e+06 1.05e+06 9.75e+05 9.21e+05 8.62e+05 8.22e+05 7.71e+05
2022.36 1.03e+07 8.86e+06 8.60e+06 8.24e+06 7.88e+06 7.52e+06 7.19e+06 6.86e+06 6.56e+06 6.26e+06 5.99e+06 5.74e+06 5.74e+06 5.19e+06 5.00e+06 4.77e+06 4.56e+06 4.35e+06 4.14e+06 3.95e+06 3.88e+06 3.65e+06 3.45e+06 3.27e+06 3.12e+06 2.97e+06 2.82e+06 2.71e+06 2.58e+06 2.45e+06 2.32e+06 2.22e+06 2.11e+06 2.00e+06 1.88e+06 1.78e+06 1.73e+06 1.63e+06 1.55e+06 1.42e+06 1.35e+06 1.29e+06 1.25e+06 1.19e+06 1.12e+06 1.05e+06 9.89e+05 9.29e+05 9.09e+05 8.33e+05
2149.34 9.62e+06 9.18e+06 8.79e+06 9.17e+06 7.88e+06 7.58e+06 7.33e+06 7.01e+06 6.70e+06 6.41e+06 6.12e+06 5.85e+06 5.60e+06 5.36e+06 5.43e+06 4.82e+06 4.66e+06 4.44e+06 4.25e+06 4.04e+06 3.87e+06 3.70e+06 3.66e+06 3.36e+06 3.21e+06 3.06e+06 2.92e+06 2.78e+06 2.68e+06 2.54e+06 2.42e+06 2.29e+06 2.21e+06 2.06e+06 2.01e+06 1.87e+06 1.79e+06 1.73e+06 1.62e+06 1.54e+06 1.43e+06 1.36e+06 1.29e+06 1.25e+06 1.16e+06 1.08e+06 1.03e+06 9.77e+05 9.26e+05 8.62e+05
2284.30 9.83e+06 9.40e+06 8.98e+06 8.60e+06 8.22e+06 7.86e+06 8.17e+06 7.00e+06 6.75e+06 6.54e+06 6.27e+06 6.00e+06 5.74e+06 5.49e+06 5.23e+06 5.00e+06 4.79e+06 4.86e+06 4.28e+06 4.15e+06 3.97e+06 3.80e+06 3.62e+06 3.47e+06 3.45e+06 3.16e+06 3.01e+06 2.88e+06 2.75e+06 2.62e+06 2.55e+06 2.41e+06 2.28e+06 2.17e+06 2.02e+06 1.96e+06 1.87e+06 1.78e+06 1.71e+06 1.59e+06 1.54e+06 1.46e+06 1.39e+06 1.31e+06 1.26e+06 1.18e+06 1.11e+06 1.05e+06 9.96e+05 9.41e+05
2427.74 9.99e+06 9.57e+06 9.13e+06 8.73e+06 8.36e+06 7.99e+06 7.65e+06 7.32e+06 6.99e+06 6.69e+06 6.40e+06 6.12e+06 6.27e+06 5.44e+06 5.24e+06 5.07e+06 4.86e+06 4.65e+06 4.45e+06 4.25e+06 4.07e+06 3.89e+06 3.92e+06 3.49e+06 3.37e+06 3.23e+06 3.08e+06 2.95e+06 2.82e+06 2.80e+06 2.54e+06 2.44e+06 2.33e+06 2.22e+06 2.12e+06 2.09e+06 1.93e+06 1.85e+06 1.76e+06 1.69e+06 1.60e+06 1.52e+06 1.47e+06 1.36e+06 1.31e+06 1.25e+06 1.18e+06 1.13e+06 1.06e+06 9.99e+05
2580.18 1.00e+07 9.57e+06 9.16e+06 8.75e+06 8.37e+06 8.02e+06 7.66e+06 7.32e+06 7.02e+06 6.72e+06 6.42e+06 6.15e+06 5.90e+06 5.63e+06 5.39e+06 5.16e+06 4.93e+06 4.72e+06 4.81e+06 4.17e+06 4.02e+06 3.89e+06 3.73e+06 3.58e+06 3.42e+06 3.27e+06 3.12e+06 3.15e+06 2.80e+06 2.70e+06 2.59e+06 2.48e+06 2.36e+06 2.26e+06 2.25e+06 2.04e+06 1.96e+06 1.87e+06 1.78e+06 1.73e+06 1.64e+06 1.55e+06 1.48e+06 1.42e+06 1.34e+06 1.27e+06 1.22e+06 1.16e+06 1.09e+06 1.05e+06
2742.19 9.81e+06 9.38e+06 8.97e+06 8.58e+06 8.21e+06 7.86e+06 7.52e+06 7.21e+06 6.90e+06 6.61e+06 6.32e+06 6.04e+06 5.79e+06 5.54e+06 5.30e+06 5.06e+06 4.85e+06 4.63e+06 4.44e+06 4.24e+06 4.05e+06 3.88e+06 3.70e+06 3.54e+06 3.38e+06 3.23e+06 3.25e+06 2.89e+06 2.78e+06 2.67e+06 2.56e+06 2.45e+06 2.34e+06 2.24e+06 2.22e+06 2.00e+06 1.93e+06 1.85e+06 1.77e+06 1.69e+06 1.65e+06 1.53e+06 1.46e+06 1.40e+06 1.33e+06 1.29e+06 1.22e+06 1.16e+06 1.11e+06 1.05e+06
2914.37 9.28e+06 8.89e+06 8.52e+06 8.15e+06 7.80e+06 7.47e+06 7.16e+06 6.85e+06 6.56e+06 6.29e+06 6.02e+06 5.76e+06 5.50e+06 5.26e+06 5.03e+06 4.83e+06 4.61e+06 4.42e+06 4.22e+06 4.04e+06 3.86e+06 3.70e+06 3.55e+06 3.38e+06 3.24e+06 3.10e+06 2.96e+06 2.83e+06 2.71e+06 2.58e+06 2.47e+06 2.36e+06 2.25e+06 2.24e+06 2.02e+06 1.94e+06 1.85e+06 1.78e+06 1.70e+06 1.63e+06 1.55e+06 1.53e+06 1.40e+06 1.34e+06 1.28e+06 1.22e+06 1.16e+06 1.12e+06 1.06e+06 1.01e+06
3097.37 8.42e+06 8.06e+06 7.72e+06 7.39e+06 7.08e+06 6.78e+06 6.50e+06 6.22e+06 5.96e+06 5.70e+06 5.45e+06 5.22e+06 5.00e+06 4.78e+06 4.58e+06 4.39e+06 4.20e+06 4.02e+06 3.84e+06 3.69e+06 3.52e+06 3.37e+06 3.22e+06 3.08e+06 2.95e+06 2.82e+06 2.70e+06 2.58e+06 2.46e+06 2.35e+06 2.24e+06 2.15e+06 2.06e+06 1.96e+06 1.87e+06 1.79e+06 1.71e+06 1.64e+06 1.56e+06 1.54e+06 1.41e+06 1.34e+06 1.28e+06 1.22e+06 1.17e+06 1.11e+06 1.07e+06 1.02e+06 9.72e+05 9.24e+05
3291.85 6.95e+06 6.67e+06 6.38e+06 6.11e+06 5.85e+06 5.60e+06 5.36e+06 5.13e+06 4.91e+06 4.70e+06 4.50e+06 4.31e+06 4.12e+06 3.95e+06 3.78e+06 3.62e+06 3.46e+06 3.32e+06 3.17e+06 3.04e+06 2.90e+06 2.78e+06 2.65e+06 2.54e+06 2.44e+06 2.33e+06 2.23e+06 2.13e+06 2.04e+06 1.94e+06 1.86e+06 1.78e+06 1.70e+06 1.62e+06 1.55e+06 1.48e+06 1.41e+06 1.35e+06 1.29e+06 1.23e+06 1.18e+06 1.12e+06 1.07e+06 1.02e+06 9.73e+05 9.25e+05 9.00e+05 8.45e+05 8.01e+05 7.62e+05
3498.55 5.96e+06 5.71e+06 5.46e+06 5.24e+06 5.01e+06 4.80e+06 4.60e+06 4.40e+06 4.21e+06 4.04e+06 3.86e+06 3.69e+06 3.53e+06 3.39e+06 3.24e+06 3.11e+06 2.98e+06 2.85e+06 2.72e+06 2.60e+06 2.48e+06 2.38e+06 2.27e+06 2.17e+06 2.08e+06 1.98e+06 1.90e+06 1.82e+06 1.74e+06 1.66e+06 1.59e+06 1.52e+06 1.45e+06 1.38e+06 1.32e+06 1.27e+06 1.21e+06 1.15e+06 1.10e+06 1.05e+06 1.00e+06 9.56e+05 9.12e+05 8.70e+05 8.27e+05 7.90e+05 7.53e+05 7.15e+05 6.85e+05 6.52e+05
3718.23 5.98e+06 5.73e+06 5.48e+06 5.25e+06 5.02e+06 4.80e+06 4.59e+06 4.40e+06 4.21e+06 4.03e+06 3.86e+06 3.69e+06 3.53e+06 3.37e+06 3.22e+06 3.09e+06 2.94e+06 2.82e+06 2.69e+06 2.58e+06 2.47e+06 2.36e+06 2.25e+06 2.16e+06 2.06e+06 1.96e+06 1.88e+06 1.79e+06 1.71e+06 1.64e+06 1.55e+06 1.48e+06 1.42e+06 1.35e+06 1.29e+06 1.23e+06 1.17e+06 1.11e+06 1.06e+06 1.00e+06 9.53e+05 9.03e+05 8.56e+05 8.15e+05 7.65e+05 7.21e+05 6.79e+05 6.44e+05 6.09e+05 5.75e+05
3951.70 5.52e+06 5.27e+06 5.03e+06 4.81e+06 4.58e+06 4.39e+06 4.19e+06 4.00e+06 3.82e+06 3.65e+06 3.49e+06 3.33e+06 3.19e+06 3.03e+06 2.90e+06 2.77e+06 2.64e+06 2.52e+06 2.41e+06 2.30e+06 2.19e+06 2.10e+06 2.01e+06 1.91e+06 1.82e+06 1.74e+06 1.66e+06 1.58e+06 1.50e+06 1.41e+06 1.33e+06 1.26e+06 1.19e+06 1.13e+06 1.07e+06 1.02e+06 9.67e+05 9.20e+05 8.76e+05 8.29e+05 7.87e+05 7.48e+05 7.27e+05 6.90e+05 6.44e+05 6.15e+05 5.87e+05 5.51e+05 5.17e+05 4.93e+05
4199.83 3.52e+06 3.37e+06 3.21e+06 3.06e+06 2.93e+06 2.80e+06 2.68e+06 2.55e+06 2.43e+06 2.33e+06 2.22e+06 2.12e+06 2.03e+06 1.94e+06 1.86e+06 1.77e+06 1.68e+06 1.61e+06 1.53e+06 1.46e+06 1.40e+06 1.34e+06 1.28e+06 1.21e+06 1.16e+06 1.11e+06 1.05e+06 1.01e+06 9.56e+05 9.06e+05 8.61e+05 8.20e+05 7.69e+05 7.33e+05 6.99e+05 6.57e+05 6.19e+05 5.95e+05 5.62e+05 5.27e+05 5.08e+05 4.79e+05 4.63e+05 4.30e+05 4.06e+05 3.76e+05 3.65e+05 3.43e+05 3.25e+05 3.17e+05
4463.54 2.58e+06 2.47e+06 2.35e+06 2.24e+06 2.15e+06 2.03e+06 1.94e+06 1.85e+06 1.77e+06 1.69e+06 1.61e+06 1.54e+06 1.47e+06 1.40e+06 1.34e+06 1.27e+06 1.22e+06 1.16e+06 1.11e+06 1.06e+06 1.01e+06 9.62e+05 9.20e+05 8.72e+05 8.33e+05 7.88e+05 7.49e+05 7.11e+05 6.81e+05 6.37e+05 6.07e+05 5.66e+05 5.44e+05 5.21e+05 4.93e+05 4.66e+05 4.41e+05 4.26e+05 4.00e+05 3.74e+05 3.63e+05 3.42e+05 3.23e+05 3.07e+05 2.92e+05 2.82e+05 2.68e+05 2.55e+05 2.35e+05 2.23e+05
4743.81 2.22e+06 2.12e+06 2.02e+06 1.93e+06 1.83e+06 1.76e+06 1.67e+06 1.59e+06 1.53e+06 1.45e+06 1.39e+06 1.32e+06 1.26e+06 1.20e+06 1.14e+06 1.09e+06 1.04e+06 9.85e+05 9.38e+05 8.93e+05 8.54e+05 8.14e+05 7.67e+05 7.37e+05 7.05e+05 6.67e+05 6.25e+05 6.00e+05 5.76e+05 5.51e+05 5.22e+05 4.93e+05 4.74e+05 4.48e+05 4.16e+05 3.94e+05 3.76e+05 3.49e+05 3.40e+05 3.22e+05 3.03e+05 2.88e+05 2.76e+05 2.61e+05 2.46e+05 2.34e+05 2.23e+05 2.08e+05 2.02e+05 1.96e+05
5041.68 2.03e+06 1.92e+06 1.84e+06 1.75e+06 1.68e+06 1.60e+06 1.52e+06 1.46e+06 1.39e+06 1.32e+06 1.26e+06 1.18e+06 1.13e+06 1.09e+06 1.04e+06 9.79e+05 9.40e+05 8.76e+05 8.39e+05 8.11e+05 7.77e+05 7.25e+05 6.96e+05 6.52e+05 6.28e+05 5.96e+05 5.62e+05 5.31e+05 5.12e+05 4.94e+05 4.59e+05 4.35e+05 4.22e+05 4.00e+05 3.87e+05 3.60e+05 3.35e+05 3.21e+05 3.06e+05 2.92e+05 2.83e+05 2.62e+05 2.54e+05 2.43e+05 2.24e+05 2.10e+05 2.01e+05 1.91e+05 1.75e+05 1.72e+05
5358.25 1.86e+06 1.77e+06 1.69e+06 1.61e+06 1.53e+06 1.46e+06 1.39e+06 1.33e+06 1.27e+06 1.22e+06 1.16e+06 1.09e+06 1.04e+06 9.81e+05 9.25e+05 8.90e+05 8.55e+05 8.20e+05 7.73e+05 7.28e+05 6.91e+05 6.68e+05 6.34e+05 5.98e+05 5.68e+05 5.36e+05 5.19e+05 4.92e+05 4.75e+05 4.45e+05 4.31e+05 4.06e+05 3.85e+05 3.73e+05 3.51e+05 3.31e+05 3.13e+05 2.95e+05 2.87e+05 2.72e+05 2.59e+05 2.44e+05 2.28e+05 2.23e+05 2.08e+05 1.94e+05 1.89e+05 1.74e+05 1.67e+05 1.57e+05
5694.70 1.70e+06 1.63e+06 1.55e+06 1.49e+06 1.42e+06 1.34e+06 1.26e+06 1.21e+06 1.16e+06 1.11e+06 1.05e+06 1.00e+06 9.47e+05 9.10e+05 8.62e+05 8.16e+05 7.74e+05 7.45e+05 7.17e+05 6.79e+05 6.58e+05 6.13e+05 5.81e+05 5.60e+05 5.30e+05 5.03e+05 4.86e+05 4.59e+05 4.37e+05 4.16e+05 3.94e+05 3.74e+05 3.55e+05 3.46e+05 3.26e+05 3.08e+05 2.92e+05 2.74e+05 2.66e+05 2.51e+05 2.38e+05 2.23e+05 2.18e+05 2.07e+05 1.90e+05 1.82e+05 1.73e+05 1.69e+05 1.53e+05 1.50e+05
6052.28 1.58e+06 1.50e+06 1.44e+06 1.37e+06 1.31e+06 1.25e+06 1.19e+06 1.14e+06 1.09e+06 1.03e+06 9.70e+05 9.33e+05 8.99e+05 8.60e+05 8.09e+05 7.64e+05 7.23e+05 7.02e+05 6.56e+05 6.32e+05 5.95e+05 5.64e+05 5.51e+05 5.17e+05 5.01e+05 4.66e+05 4.51e+05 4.29e+05 4.05e+05 3.83e+05 3.73e+05 3.52e+05 3.35e+05 3.20e+05 3.09e+05 2.90e+05 2.74e+05 2.61e+05 2.47e+05 2.33e+05 2.20e+05 2.10e+05 2.05e+05 1.91e+05 1.80e+05 1.68e+05 1.64e+05 1.56e+05 1.46e+05 1.38e+05
6432.31 1.44e+06 1.38e+06 1.31e+06 1.25e+06 1.20e+06 1.14e+06 1.09e+06 1.03e+06 9.85e+05 9.43e+05 8.86e+05 8.54e+05 8.21e+05 7.71e+05 7.30e+05 7.03e+05 6.67e+05 6.41e+05 6.03e+05 5.82e+05 5.52e+05 5.24e+05 5.05e+05 4.74e+05 4.51e+05 4.28e+05 4.14e+05 3.91e+05 3.69e+05 3.57e+05 3.36e+05 3.20e+05 3.11e+05 2.89e+05 2.81e+05 2.65e+05 2.50e+05 2.39e+05 2.26e+05 2.15e+05 2.09e+05 1.94e+05 1.85e+05 1.77e+05 1.67e+05 1.59e+05 1.48e+05 1.41e+05 1.34e+05 1.26e+05
6836.20 1.28e+06 1.23e+06 1.18e+06 1.11e+06 1.04e+06 1.00e+06 9.66e+05 9.13e+05 8.62e+05 8.34e+05 7.90e+05 7.60e+05 7.15e+05 6.92e+05 6.54e+05 6.19e+05 5.90e+05 5.72e+05 5.43e+05 5.17e+05 4.91e+05 4.76e+05 4.50e+05 4.27e+05 4.06e+05 3.87e+05 3.76e+05 3.52e+05 3.28e+05 3.20e+05 3.04e+05 2.87e+05 2.80e+05 2.62e+05 2.55e+05 2.40e+05 2.29e+05 2.16e+05 2.05e+05 1.94e+05 1.84e+05 1.75e+05 1.65e+05 1.56e+05 1.49e+05 1.42e+05 1.32e+05 1.26e+05 1.23e+05 1.13e+05
7265.45 1.16e+06 1.09e+06 1.05e+06 1.01e+06 9.55e+05 9.05e+05 8.71e+05 8.27e+05 7.84e+05 7.45e+05 7.18e+05 6.92e+05 6.55e+05 6.23e+05 6.01e+05 5.67e+05 5.38e+05 5.13e+05 4.96e+05 4.72e+05 4.49e+05 4.26e+05 4.05e+05 3.85e+05 3.65e+05 3.48e+05 3.31e+05 3.16e+05 2.98e+05 2.84e+05 2.76e+05 2.63e+05 2.48e+05 2.34e+05 2.23e+05 2.17e+05 2.02e+05 1.91e+05 1.86e+05 1.76e+05 1.67e+05 1.56e+05 1.53e+05 1.42e+05 1.36e+05 1.29e+05 1.22e+05 1.14e+05 1.11e+05 1.03e+05
7721.65 1.04e+06 9.87e+05 9.38e+05 9.06e+05 8.57e+05 8.26e+05 7.80e+05 7.52e+05 7.14e+05 6.78e+05 6.56e+05 6.24e+05 6.02e+05 5.64e+05 5.35e+05 5.17e+05 4.91e+05 4.64e+05 4.41e+05 4.27e+05 4.03e+05 3.82e+05 3.62e+05 3.52e+05 3.32e+05 3.17e+05 3.00e+05 2.91e+05 2.72e+05 2.60e+05 2.47e+05 2.37e+05 2.23e+05 2.12e+05 2.01e+05 1.90e+05 1.85e+05 1.74e+05 1.65e+05 1.56e+05 1.49e+05 1.39e+05 1.34e+05 1.31e+05 1.21e+05 1.18e+05 1.10e+05 1.01e+05 9.54e+04 9.38e+04
8206.56 9.17e+05 8.67e+05 8.40e+05 7.94e+05 7.55e+05 7.32e+05 7.08e+05 6.58e+05 6.24e+05 6.05e+05 5.73e+05 5.43e+05 5.18e+05 5.02e+05 4.74e+05 4.51e+05 4.38e+05 4.08e+05 3.95e+05 3.72e+05 3.56e+05 3.38e+05 3.29e+05 3.06e+05 2.89e+05 2.78e+05 2.66e+05 2.54e+05 2.40e+05 2.30e+05 2.19e+05 2.08e+05 1.97e+05 1.89e+05 1.80e+05 1.71e+05 1.62e+05 1.54e+05 1.44e+05 1.41e+05 1.30e+05 1.25e+05 1.17e+05 1.14e+05 1.06e+05 9.78e+04 9.23e+04 9.05e+04 8.36e+04 7.99e+04
8717.73 7.79e+05 7.38e+05 7.14e+05 6.77e+05 6.41e+05 6.10e+05 5.91e+05 5.61e+05 5.36e+05 5.18e+05 4.88e+05 4.63e+05 4.49e+05 4.26e+05 3.97e+05 3.87e+05 3.65e+05 3.54e+05 3.29e+05 3.15e+05 3.00e+05 2.84e+05 2.70e+05 2.57e+05 2.47e+05 2.35e+05 2.25e+05 2.14e+05 2.04e+05 1.93e+05 1.85e+05 1.75e+05 1.64e+05 1.60e+05 1.47e+05 1.44e+05 1.35e+05 1.26e+05 1.21e+05 1.15e+05 1.09e+05 1.04e+05 9.78e+04 9.21e+04 9.05e+04 8.34e+04 7.73e+04 7.40e+04 6.97e+04 6.48e+04
9214.74 6.75e+05 6.44e+05 6.15e+05 5.85e+05 5.59e+05 5.31e+05 5.16e+05 4.93e+05 4.64e+05 4.40e+05 4.20e+05 4.08e+05 3.82e+05 3.66e+05 3.49e+05 3.30e+05 3.15e+05 2.98e+05 2.91e+05 2.73e+05 2.59e+05 2.48e+05 2.41e+05 2.26e+05 2.12e+05 2.07e+05 1.94e+05 1.84e+05 1.73e+05 1.69e+05 1.56e+05 1.50e+05 1.42e+05 1.35e+05 1.29e+05 1.22e+05 1.16e+05 1.07e+05 1.05e+05 9.55e+04 9.14e+04 8.40e+04 8.23e+04 7.72e+04 7.16e+04 6.89e+04 6.50e+04 6.03e+04 5.67e+04 5.31e+04
9629.11 6.19e+05 5.79e+05 5.50e+05 5.25e+05 5.10e+05 4.76e+05 4.63e+05 4.41e+05 4.21e+05 3.99e+05 3.78e+05 3.58e+05 3.41e+05 3.27e+05 3.19e+05 2.98e+05 2.91e+05 2.71e+05 2.54e+05 2.43e+05 2.31e+05 2.22e+05 2.06e+05 1.97e+05 1.92e+05 1.79e+05 1.70e+05 1.61e+05 1.55e+05 1.44e+05 1.38e+05 1.32e+05 1.23e+05 1.16e+05 1.13e+05 1.06e+05 9.85e+04 9.43e+04 8.73e+04 8.20e+04 8.06e+04 7.50e+04 7.02e+04 6.57e+04 6.23e+04 5.90e+04 5.59e+04 5.26e+04 5.03e+04 4.60e+04
9954.11 5.40e+05 5.16e+05 5.03e+05 4.65e+05 4.55e+05 4.30e+05 4.20e+05 3.92e+05 3.83e+05 3.59e+05 3.40e+05 3.22e+05 3.03e+05 2.96e+05 2.81e+05 2.67e+05 2.54e+05 2.47e+05 2.32e+05 2.17e+05 2.07e+05 1.94e+05 1.86e+05 1.82e+05 1.70e+05 1.57e+05 1.54e+05 1.43e+05 1.35e+05 1.28e+05 1.25e+05 1.16e+05 1.09e+05 1.03e+05 9.67e+04 9.13e+04 9.00e+04 8.24e+04 7.76e+04 7.60e+04 6.81e+04 6.42e+04 6.08e+04 5.70e+04 5.37e+04 5.28e+04 4.73e+04 4.63e+04 4.44e+04 4.28e+04
10245.64 4.94e+05 4.65e+05 4.40e+05 4.20e+05 3.98e+05 3.87e+05 3.68e+05 3.50e+05 3.41e+05 3.15e+05 3.07e+05 2.88e+05 2.71e+05 2.60e+05 2.47e+05 2.32e+05 2.27e+05 2.22e+05 2.03e+05 1.93e+05 1.81e+05 1.72e+05 1.64e+05 1.54e+05 1.48e+05 1.40e+05 1.35e+05 1.24e+05 1.21e+05 1.13e+05 1.08e+05 1.03e+05 9.51e+04 8.92e+04 8.61e+04 8.02e+04 7.67e+04 7.19e+04 6.84e+04 6.46e+04 6.16e+04 5.77e+04 5.15e+04 5.10e+04 4.80e+04 4.57e+04 4.14e+04 4.00e+04 3.82e+04 3.68e+04
10541.49 4.57e+05 4.35e+05 4.22e+05 3.91e+05 3.80e+05 3.52e+05 3.44e+05 3.25e+05 3.09e+05 3.00e+05 2.86e+05 2.71e+05 2.52e+05 2.40e+05 2.29e+05 2.24e+05 2.07e+05 1.94e+05 1.89e+05 1.76e+05 1.69e+05 1.61e+05 1.49e+05 1.46e+05 1.34e+05 1.29e+05 1.22e+05 1.16e+05 1.11e+05 1.06e+05 9.96e+04 9.35e+04 8.95e+04 8.39e+04 7.81e+04 7.37e+04 7.08e+04 6.69e+04 6.45e+04 6.09e+04 5.39e+04 5.19e+04 4.86e+04 4.51e+04 4.33e+04 3.99e+04 3.79e+04 3.64e+04 3.47e+04 3.35e+04
10839.94 4.67e+05 4.43e+05 4.14e+05 4.06e+05 3.95e+05 3.67e+05 3.56e+05 3.25e+05 3.17e+05 3.03e+05 2.80e+05 2.74e+05 2.62e+05 2.50e+05 2.35e+05 2.22e+05 2.17e+05 1.99e+05 1.91e+05 1.82e+05 1.73e+05 1.69e+05 1.55e+05 1.45e+05 1.38e+05 1.35e+05 1.26e+05 1.18e+05 1.13e+05 1.06e+05 9.96e+04 9.63e+04 9.11e+04 8.51e+04 8.41e+04 7.90e+04 7.47e+04 6.77e+04 6.63e+04 6.09e+04 5.92e+04 5.44e+04 5.21e+04 4.70e+04 4.67e+04 4.11e+04 3.94e+04 3.74e+04 3.47e+04 3.09e+04
11119.11 5.00e+05 4.72e+05 4.41e+05 4.21e+05 4.01e+05 3.91e+05 3.64e+05 3.46e+05 3.38e+05 3.14e+05 3.06e+05 2.82e+05 2.76e+05 2.55e+05 2.36e+05 2.28e+05 2.21e+05 2.13e+05 2.03e+05 1.92e+05 1.80e+05 1.74e+05 1.62e+05 1.55e+05 1.46e+05 1.40e+05 1.33e+05 1.26e+05 1.21e+05 1.14e+05 1.05e+05 1.03e+05 9.26e+04 8.96e+04 8.50e+04 8.14e+04 7.81e+04 7.31e+04 6.70e+04 6.60e+04 6.36e+04 5.85e+04 5.47e+04 5.30e+04 4.79e+04 4.34e+04 4.15e+04 4.02e+04 3.90e+04 3.39e+04
11355.83 5.57e+05 5.32e+05 5.01e+05 4.74e+05 4.60e+05 4.36e+05 4.09e+05 3.86e+05 3.73e+05 3.56e+05 3.41e+05 3.20e+05 3.07e+05 2.94e+05 2.82e+05 2.65e+05 2.50e+05 2.41e+05 2.25e+05 2.13e+05 2.09e+05 1.97e+05 1.86e+05 1.83e+05 1.72e+05 1.63e+05 1.54e+05 1.42e+05 1.35e+05 1.28e+05 1.22e+05 1.17e+05 1.12e+05 1.07e+05 1.01e+05 9.63e+04 9.44e+04 8.40e+04 7.85e+04 7.37e+04 6.89e+04 6.68e+04 6.09e+04 5.92e+04 5.76e+04 5.43e+04 4.92e+04 4.77e+04 4.31e+04 4.02e+04
11539.81 6.88e+05 6.46e+05 6.11e+05 5.75e+05 5.51e+05 5.17e+05 4.99e+05 4.72e+05 4.56e+05 4.29e+05 4.06e+05 3.80e+05 3.61e+05 3.50e+05 3.31e+05 3.20e+05 3.04e+05 2.83e+05 2.72e+05 2.61e+05 2.54e+05 2.39e+05 2.16e+05 2.09e+05 2.03e+05 1.90e+05 1.77e+05 1.71e+05 1.65e+05 1.56e+05 1.45e+05 1.35e+05 1.32e+05 1.20e+05 1.17e+05 1.14e+05 1.05e+05 9.96e+04 9.19e+04 8.78e+04 8.50e+04 7.89e+04 7.52e+04 6.98e+04 6.66e+04 6.40e+04 5.80e+04 5.56e+04 5.50e+04 4.79e+04
11677.16 7.67e+05 7.25e+05 6.92e+05 6.63e+05 6.31e+05 5.97e+05 5.72e+05 5.47e+05 5.22e+05 4.86e+05 4.70e+05 4.51e+05 4.32e+05 4.06e+05 3.90e+05 3.75e+05 3.38e+05 3.27e+05 3.07e+05 2.94e+05 2.80e+05 2.62e+05 2.49e+05 2.39e+05 2.26e+05 2.20e+05 2.07e+05 1.95e+05 1.83e+05 1.78e+05 1.67e+05 1.62e+05 1.47e+05 1.41e+05 1.34e+05 1.28e+05 1.18e+05 1.14e+05 1.05e+05 9.94e+04 9.56e+04 9.33e+04 8.71e+04 7.86e+04 7.38e+04 7.05e+04 6.83e+04 6.35e+04 5.98e+04 5.20e+04
11784.05 7.99e+05 7.62e+05 7.28e+05 6.96e+05 6.55e+05 6.17e+05 5.88e+05 5.69e+05 5.39e+05 5.08e+05 4.82e+05 4.69e+05 4.51e+05 4.23e+05 3.96e+05 3.78e+05 3.57e+05 3.30e+05 3.21e+05 3.13e+05 2.99e+05 2.89e+05 2.68e+05 2.61e+05 2.41e+05 2.31e+05 2.18e+05 2.01e+05 1.97e+05 1.86e+05 1.72e+05 1.68e+05 1.54e+05 1.48e+05 1.41e+05 1.35e+05 1.22e+05 1.18e+05 1.10e+05 1.05e+05 9.82e+04 9.21e+04 8.71e+04 8.46e+04 7.85e+04 7.13e+04 7.02e+04 6.31e+04 6.12e+04 5.51e+04
11875.85 8.04e+05 7.68e+05 7.38e+05 6.88e+05 6.61e+05 6.31e+05 5.99e+05 5.71e+05 5.46e+05 5.13e+05 4.81e+05 4.73e+05 4.54e+05 4.23e+05 3.88e+05 3.81e+05 3.68e+05 3.45e+05 3.24e+05 3.09e+05 2.86e+05 2.80e+05 2.72e+05 2.51e+05 2.32e+05 2.22e+05 2.13e+05 2.03e+05 1.93e+05 1.80e+05 1.73e+05 1.69e+05 1.60e+05 1.48e+05 1.41e+05 1.32e+05 1.24e+05 1.17e+05 1.12e+05 1.06e+05 1.00e+05 9.63e+04 9.03e+04 8.39e+04 7.61e+04 7.52e+04 6.87e+04 6.68e+04 6.23e+04 5.54e+04
11963.37 7.55e+05 7.15e+05 6.69e+05 6.34e+05 6.15e+05 5.79e+05 5.50e+05 5.22e+05 5.00e+05 4.71e+05 4.56e+05 4.40e+05 4.22e+05 4.02e+05 3.74e+05 3.65e+05 3.45e+05 3.30e+05 2.99e+05 2.93e+05 2.69e+05 2.56e+05 2.48e+05 2.39e+05 2.24e+05 2.11e+05 1.97e+05 1.89e+05 1.79e+05 1.69e+05 1.60e+05 1.54e+05 1.46e+05 1.42e+05 1.32e+05 1.22e+05 1.14e+05 1.12e+05 1.02e+05 9.80e+04 9.44e+04 8.91e+04 8.36e+04 7.98e+04 7.43e+04 6.87e+04 6.68e+04 6.26e+04 5.94e+04 5.61e+04
12055.39 6.24e+05 5.90e+05 5.55e+05 5.22e+05 5.06e+05 4.75e+05 4.60e+05 4.45e+05 4.24e+05 4.00e+05 3.89e+05 3.68e+05 3.53e+05 3.32e+05 3.19e+05 3.02e+05 2.87e+05 2.72e+05 2.59e+05 2.43e+05 2.36e+05 2.23e+05 2.13e+05 2.01e+05 1.87e+05 1.77e+05 1.69e+05 1.54e+05 1.47e+05 1.44e+05 1.36e+05 1.33e+05 1.25e+05 1.16e+05 1.07e+05 9.91e+04 9.86e+04 9.19e+04 8.68e+04 8.30e+04 7.61e+04 7.34e+04 7.03e+04 6.73e+04 6.31e+04 5.83e+04 5.62e+04 5.38e+04 5.01e+04 4.75e+04
12170.41 5.29e+05 5.02e+05 4.72e+05 4.62e+05 4.36e+05 4.25e+05 3.95e+05 3.67e+05 3.60e+05 3.36e+05 3.30e+05 3.12e+05 2.91e+05 2.85e+05 2.67e+05 2.55e+05 2.46e+05 2.33e+05 2.16e+05 2.09e+05 1.95e+05 1.77e+05 1.70e+05 1.61e+05 1.56e+05 1.52e+05 1.36e+05 1.31e+05 1.29e+05 1.19e+05 1.15e+05 1.10e+05 1.01e+05 9.56e+04 8.81e+04 8.29e+04 8.12e+04 7.71e+04 7.52e+04 6.91e+04 6.38e+04 6.10e+04 5.78e+04 5.32e+04 5.12e+04 4.80e+04 4.47e+04 3.83e+04 4.18e+04 3.94e+04
12360.89 4.80e+05 4.61e+05 4.45e+05 4.17e+05 3.98e+05 3.80e+05 3.61e+05 3.46e+05 3.32e+05 3.19e+05 3.00e+05 2.90e+05 2.72e+05 2.64e+05 2.56e+05 2.34e+05 2.26e+05 2.09e+05 1.95e+05 1.83e+05 1.78e+05 1.65e+05 1.63e+05 1.49e+05 1.37e+05 1.36e+05 1.24e+05 1.22e+05 1.16e+05 1.07e+05 1.05e+05 9.78e+04 9.26e+04 8.69e+04 8.13e+04 7.60e+04 7.17e+04 6.68e+04 6.64e+04 6.08e+04 5.81e+04 5.38e+04 5.24e+04 4.73e+04 4.52e+04 4.50e+04 3.98e+04 3.97e+04 3.48e+04 3.23e+04
12670.46 3.71e+05 3.52e+05 3.37e+05 3.19e+05 3.09e+05 2.95e+05 2.78e+05 2.63e+05 2.53e+05 2.44e+05 2.31e+05 2.19e+05 2.09e+05 1.97e+05 1.88e+05 1.81e+05 1.74e+05 1.64e+05 1.55e+05 1.49e+05 1.38e+05 1.34e+05 1.28e+05 1.16e+05 1.10e+05 1.08e+05 1.01e+05 9.82e+04 9.10e+04 8.71e+04 8.14e+04 7.81e+04 7.21e+04 6.83e+04 6.26e+04 6.28e+04 6.09e+04 5.66e+04 5.24e+04 4.86e+04 4.74e+04 4.38e+04 4.12e+04 4.07e+04 3.72e+04 3.35e+04 3.07e+04 2.88e+04 2.84e+04 2.70e+04
13075.34 2.75e+05 2.62e+05 2.52e+05 2.41e+05 2.27e+05 2.17e+05 2.08e+05 1.99e+05 1.90e+05 1.81e+05 1.70e+05 1.62e+05 1.57e+05 1.48e+05 1.40e+05 1.33e+05 1.28e+05 1.22e+05 1.15e+05 1.10e+05 1.03e+05 9.76e+04 9.38e+04 8.84e+04 8.60e+04 8.27e+04 7.58e+04 7.18e+04 6.91e+04 6.36e+04 6.30e+04 5.96e+04 6.17e+04 5.07e+04 5.01e+04 4.72e+04 4.71e+04 4.13e+04 4.01e+04 3.67e+04 3.84e+04 3.39e+04 3.12e+04 2.89e+04 2.72e+04 2.63e+04 2.52e+04 2.28e+04 2.20e+04 2.00e+04
13530.52 2.05e+05 1.97e+05 1.90e+05 1.81e+05 1.74e+05 1.64e+05 1.57e+05 1.49e+05 1.42e+05 1.35e+05 1.30e+05 1.24e+05 1.18e+05 1.11e+05 1.07e+05 1.03e+05 9.74e+04 9.21e+04 8.87e+04 8.45e+04 8.02e+04 7.39e+04 6.98e+04 6.79e+04 6.58e+04 6.18e+04 5.68e+04 5.40e+04 5.96e+04 5.02e+04 4.81e+04 4.65e+04 4.73e+04 3.93e+04 3.76e+04 3.97e+04 3.36e+04 3.34e+04 2.97e+04 3.26e+04 2.70e+04 2.96e+04 2.49e+04 2.53e+04 2.13e+04 1.96e+04 2.02e+04 1.87e+04 1.67e+04 1.71e+04
14012.75 1.57e+05 1.51e+05 1.43e+05 1.36e+05 1.30e+05 1.24e+05 1.19e+05 1.13e+05 1.09e+05 1.04e+05 9.85e+04 9.49e+04 9.05e+04 8.70e+04 8.05e+04 7.75e+04 7.43e+04 7.06e+04 6.84e+04 6.45e+04 6.48e+04 5.42e+04 5.36e+04 5.11e+04 5.63e+04 4.54e+04 4.44e+04 4.08e+04 4.49e+04 3.77e+04 3.60e+04 4.01e+04 3.14e+04 3.36e+04 2.89e+04 3.22e+04 2.55e+04 2.87e+04 2.18e+04 2.44e+04 1.87e+04 2.16e+04 1.75e+04 1.90e+04 1.53e+04 1.71e+04 1.38e+04 1.47e+04 1.54e+04 1.15e+04
14508.81 1.22e+05 1.17e+05 1.12e+05 1.06e+05 1.00e+05 9.52e+04 9.21e+04 8.79e+04 8.32e+04 8.00e+04 7.65e+04 7.22e+04 6.96e+04 6.62e+04 6.32e+04 5.88e+04 5.63e+04 5.86e+04 4.88e+04 4.75e+04 4.52e+04 4.38e+04 5.15e+04 4.02e+04 4.46e+04 3.57e+04 4.29e+04 3.21e+04 3.64e+04 2.91e+04 3.09e+04 2.59e+04 2.80e+04 2.19e+04 2.59e+04 2.06e+04 2.25e+04 1.80e+04 2.21e+04 1.67e+04 1.90e+04 1.50e+04 1.61e+04 1.70e+04 1.13e+04 1.35e+04 1.26e+04 1.12e+04 1.18e+04 1.04e+04
15002.30 1.03e+05 9.75e+04 9.44e+04 8.96e+04 8.48e+04 8.08e+04 7.78e+04 7.37e+04 7.12e+04 6.79e+04 7.15e+04 6.14e+04 5.94e+04 5.97e+04 5.15e+04 4.99e+04 4.78e+04 5.64e+04 4.38e+04 4.90e+04 3.97e+04 4.18e+04 3.42e+04 3.64e+04 2.96e+04 3.48e+04 2.81e+04 3.25e+04 2.53e+04 2.66e+04 2.20e+04 2.66e+04 1.93e+04 2.31e+04 1.81e+04 2.11e+04 1.63e+04 2.64e+04 2.02e+04 1.60e+04 1.59e+04 1.31e+04 1.33e+04 1.23e+04 1.02e+04 9.62e+03 1.21e+04 9.94e+03 9.38e+03 8.49e+03
15475.29 9.05e+04 8.69e+04 8.30e+04 8.00e+04 7.51e+04 7.11e+04 6.84e+04 6.62e+04 6.25e+04 6.03e+04 7.26e+04 5.49e+04 6.53e+04 4.98e+04 4.77e+04 5.49e+04 4.19e+04 5.35e+04 3.83e+04 4.59e+04 3.53e+04 4.44e+04 3.17e+04 3.72e+04 2.83e+04 3.53e+04 2.43e+04 3.05e+04 2.25e+04 2.47e+04 1.99e+04 2.58e+04 1.71e+04 2.07e+04 1.47e+04 1.81e+04 1.33e+04 1.64e+04 1.23e+04 1.49e+04 1.12e+04 1.29e+04 1.00e+04 1.11e+04 9.58e+03 9.48e+03 9.03e+03 1.00e+04 7.57e+03 7.54e+03
15923.68 7.80e+04 7.43e+04 7.19e+04 6.80e+04 6.45e+04 6.22e+04 6.02e+04 5.73e+04 5.48e+04 5.15e+04 5.00e+04 5.11e+04 4.40e+04 4.21e+04 3.98e+04 4.78e+04 3.71e+04 4.28e+04 3.35e+04 3.86e+04 2.97e+04 3.88e+04 2.65e+04 3.16e+04 2.46e+04 2.98e+04 2.09e+04 2.42e+04 1.98e+04 2.47e+04 1.79e+04 2.03e+04 1.57e+04 1.65e+04 1.40e+04 1.60e+04 1.23e+04 2.02e+04 1.58e+04 1.26e+04 1.16e+04 1.14e+04 9.22e+03 9.50e+03 9.49e+03 7.82e+03 7.82e+03 7.61e+03 6.89e+03 7.29e+03
16355.64 6.80e+04 6.51e+04 6.27e+04 6.04e+04 5.73e+04 5.52e+04 5.27e+04 4.99e+04 4.72e+04 4.59e+04 4.29e+04 4.20e+04 3.96e+04 3.82e+04 3.58e+04 3.41e+04 3.25e+04 3.12e+04 2.97e+04 3.44e+04 2.62e+04 2.65e+04 2.22e+04 2.22e+04 2.64e+04 2.01e+04 2.38e+04 1.90e+04 2.10e+04 1.71e+04 2.05e+04 1.51e+04 1.61e+04 1.35e+04 1.50e+04 1.24e+04 1.82e+04 1.41e+04 1.08e+04 1.61e+04 1.24e+04 9.65e+03 1.02e+04 9.38e+03 7.95e+03 8.18e+03 8.16e+03 7.96e+03 7.78e+03 7.67e+03
16776.27 6.44e+04 6.22e+04 6.00e+04 5.77e+04 5.42e+04 5.21e+04 4.85e+04 4.68e+04 4.52e+04 4.35e+04 4.10e+04 3.99e+04 3.77e+04 3.62e+04 3.47e+04 3.30e+04 3.06e+04 3.01e+04 2.86e+04 2.72e+04 2.55e+04 2.47e+04 2.35e+04 2.20e+04 2.11e+04 3.35e+04 2.28e+04 2.31e+04 1.69e+04 2.30e+04 1.84e+04 1.42e+04 1.62e+04 1.28e+04 1.44e+04 1.22e+04 1.34e+04 1.09e+04 1.31e+04 1.09e+04 1.10e+04 1.00e+04 8.83e+03 1.07e+04 8.92e+03 5.81e+03 5.50e+03 5.24e+03 4.56e+03 5.20e+03
17183.14 6.35e+04 6.12e+04 5.89e+04 5.66e+04 5.39e+04 5.16e+04 4.92e+04 4.68e+04 4.51e+04 4.29e+04 4.12e+04 3.96e+04 3.80e+04 3.55e+04 3.35e+04 3.22e+04 3.05e+04 2.96e+04 2.91e+04 2.70e+04 2.64e+04 2.47e+04 2.39e+04 2.22e+04 2.20e+04 2.07e+04 1.95e+04 1.78e+04 1.93e+04 1.71e+04 1.77e+04 1.52e+04 1.59e+04 1.40e+04 2.01e+04 1.40e+04 1.37e+04 1.12e+04 1.39e+04 1.06e+04 9.88e+03 9.35e+03 8.46e+03 7.34e+03 7.18e+03 7.20e+03 5.52e+03 5.65e+03 5.72e+03 5.52e+03
17580.45 6.04e+04 5.80e+04 5.58e+04 5.38e+04 5.19e+04 4.88e+04 4.66e+04 4.46e+04 4.28e+04 4.12e+04 3.95e+04 3.71e+04 3.54e+04 3.40e+04 3.30e+04 3.10e+04 2.94e+04 2.83e+04 2.74e+04 2.61e+04 2.48e+04 2.36e+04 2.27e+04 2.17e+04 2.07e+04 1.79e+04 1.77e+04 1.77e+04 1.73e+04 1.62e+04 1.53e+04 1.33e+04 1.37e+04 1.38e+04 1.29e+04 1.22e+04 1.24e+04 1.01e+04 9.88e+03 8.87e+03 9.64e+03 8.80e+03 8.34e+03 8.19e+03 6.84e+03 7.34e+03 7.39e+03 6.33e+03 5.53e+03 5.88e+03
17990.34 5.34e+04 5.13e+04 5.01e+04 4.78e+04 4.58e+04 4.35e+04 4.13e+04 3.90e+04 3.87e+04 3.66e+04 3.48e+04 3.32e+04 3.10e+04 2.96e+04 2.91e+04 2.80e+04 2.64e+04 2.50e+04 2.40e+04 2.27e+04 2.20e+04 2.10e+04 2.04e+04 1.94e+04 1.85e+04 1.78e+04 1.70e+04 1.61e+04 1.52e+04 1.42e+04 1.26e+04 1.29e+04 1.24e+04 1.21e+04 1.13e+04 1.05e+04 9.79e+03 9.94e+03 9.35e+03 8.45e+03 8.20e+03 6.58e+03 6.94e+03 7.69e+03 6.24e+03 5.43e+03 5.56e+03 4.44e+03 4.62e+03 4.05e+03
18458.06 4.67e+04 4.45e+04 4.24e+04 4.08e+04 3.87e+04 3.69e+04 3.55e+04 3.42e+04 3.27e+04 3.11e+04 3.03e+04 2.86e+04 2.75e+04 2.64e+04 2.50e+04 2.41e+04 2.31e+04 2.19e+04 2.09e+04 1.97e+04 1.91e+04 1.84e+04 1.76e+04 1.70e+04 1.62e+04 1.57e+04 1.49e+04 1.43e+04 1.31e+04 1.26e+04 1.25e+04 1.17e+04 1.07e+04 1.06e+04 1.04e+04 9.87e+03 9.10e+03 8.71e+03 8.34e+03 7.04e+03 6.65e+03 6.87e+03 6.70e+03 6.25e+03 5.85e+03 5.48e+03 4.83e+03 4.98e+03 4.40e+03 4.24e+03
19084.69 3.78e+04 3.59e+04 3.42e+04 3.29e+04 3.16e+04 3.01e+04 2.90e+04 2.70e+04 2.62e+04 2.53e+04 2.43e+04 2.31e+04 2.26e+04 2.16e+04 1.99e+04 1.98e+04 1.86e+04 1.77e+04 1.65e+04 1.59e+04 1.54e+04 1.46e+04 1.40e+04 1.37e+04 1.27e+04 1.19e+04 1.17e+04 1.12e+04 1.08e+04 1.05e+04 9.84e+03 9.32e+03 8.94e+03 8.53e+03 8.21e+03 7.80e+03 7.46e+03 6.60e+03 6.19e+03 5.96e+03 5.61e+03 5.25e+03 5.43e+03 5.29e+03 5.25e+03 4.78e+03 4.50e+03 4.36e+03 4.31e+03 3.08e+03
19999.79 2.29e+04 2.20e+04 2.05e+04 1.95e+04 1.87e+04 1.78e+04 1.75e+04 1.69e+04 1.57e+04 1.51e+04 1.46e+04 1.43e+04 1.33e+04 1.26e+04 1.21e+04 1.16e+04 1.07e+04 1.03e+04 1.01e+04 9.74e+03 9.22e+03 8.84e+03 8.47e+03 8.17e+03 7.56e+03 7.26e+03 6.91e+03 6.70e+03 6.24e+03 6.10e+03 5.84e+03 5.57e+03 5.18e+03 5.23e+03 4.75e+03 4.49e+03 4.16e+03 4.18e+03 3.90e+03 3.73e+03 3.66e+03 3.50e+03 3.38e+03 3.41e+03 3.13e+03 2.85e+03 2.70e+03 2.60e+03 2.40e+03 2.40e+03
21193.46 1.07e+04 1.03e+04 1.00e+04 9.85e+03 8.99e+03 8.90e+03 8.54e+03 7.99e+03 7.67e+03 7.24e+03 6.80e+03 6.81e+03 6.05e+03 6.03e+03 5.68e+03 5.45e+03 5.63e+03 5.35e+03 5.07e+03 4.49e+03 4.48e+03 4.10e+03 3.96e+03 4.14e+03 3.72e+03 3.59e+03 3.36e+03 3.19e+03 3.30e+03 3.04e+03 2.83e+03 2.66e+03 2.62e+03 2.41e+03 2.32e+03 2.48e+03 2.13e+03 2.05e+03 1.91e+03 1.78e+03 1.68e+03 1.80e+03 1.79e+03 1.48e+03 1.42e+03 1.34e+03 1.34e+03 1.25e+03 1.23e+03 1.13e+03
22528.72 5.75e+03 5.53e+03 5.31e+03 5.26e+03 5.05e+03 4.76e+03 4.60e+03 4.06e+03 4.14e+03 3.99e+03 4.10e+03 4.23e+03 3.48e+03 3.26e+03 3.19e+03 3.41e+03 2.81e+03 3.00e+03 2.73e+03 2.42e+03 2.30e+03 2.37e+03 2.16e+03 2.21e+03 2.32e+03 1.97e+03 1.83e+03 1.71e+03 1.56e+03 1.58e+03 1.55e+03 1.44e+03 1.41e+03 1.23e+03 1.31e+03 1.15e+03 1.09e+03 1.01e+03 1.14e+03 1.12e+03 1.01e+03 1.05e+03 8.96e+02 7.57e+02 7.64e+02 7.86e+02 6.58e+02 6.33e+02 5.87e+02 5.83e+02
23943.32 3.44e+03 2.98e+03 3.03e+03 3.13e+03 2.96e+03 2.77e+03 2.47e+03 2.38e+03 2.48e+03 2.42e+03 2.24e+03 2.21e+03 1.94e+03 2.02e+03 2.00e+03 1.74e+03 1.74e+03 1.64e+03 1.49e+03 1.32e+03 1.22e+03 1.29e+03 1.25e+03 1.23e+03 1.15e+03 1.09e+03 9.21e+02 8.86e+02 8.46e+02 8.02e+02 8.08e+02 7.23e+02 8.02e+02 6.62e+02 6.36e+02 6.19e+02 6.12e+02 5.43e+02 5.80e+02 5.62e+02 5.47e+02 5.32e+02 5.38e+02 5.11e+02 4.81e+02 3.97e+02 3.52e+02 4.44e+02 3.53e+02 3.44e+02
25446.74 2.08e+03 1.95e+03 1.91e+03 1.86e+03 1.86e+03 1.73e+03 1.42e+03 1.37e+03 1.33e+03 1.41e+03 1.36e+03 1.26e+03 1.07e+03 1.03e+03 1.14e+03 9.64e+02 1.10e+03 1.05e+03 8.66e+02 7.71e+02 7.48e+02 7.83e+02 6.76e+02 7.27e+02 7.02e+02 5.88e+02 5.98e+02 6.39e+02 6.06e+02 4.90e+02 4.98e+02 5.24e+02 4.38e+02 4.01e+02 3.86e+02 3.63e+02 3.50e+02 3.30e+02 3.17e+02 3.31e+02 3.25e+02 3.13e+02 3.49e+02 3.00e+02 2.73e+02 2.63e+02 2.60e+02 2.05e+02 2.24e+02 2.24e+02
27044.57 1.22e+03 1.14e+03 1.09e+03 1.02e+03 9.80e+02 8.39e+02 8.16e+02 7.89e+02 7.85e+02 8.15e+02 7.24e+02 7.21e+02 7.03e+02 6.51e+02 6.95e+02 6.30e+02 6.04e+02 5.37e+02 4.63e+02 4.50e+02 4.34e+02 4.07e+02 4.28e+02 4.11e+02 3.53e+02 3.40e+02 3.79e+02 3.80e+02 3.58e+02 3.19e+02 3.07e+02 2.62e+02 2.38e+02 2.31e+02 2.48e+02 2.43e+02 2.31e+02 2.05e+02 1.78e+02 1.71e+02 1.61e+02 1.55e+02 1.71e+02 1.89e+02 1.78e+02 1.53e+02 1.45e+02 1.23e+02 1.22e+02 1.27e+02
28744.18 5.42e+02 5.67e+02 4.98e+02 4.90e+02 4.51e+02 4.33e+02 4.14e+02 3.96e+02 4.32e+02 3.56e+02 3.45e+02 3.30e+02 3.29e+02 3.03e+02 2.88e+02 2.75e+02 2.62e+02 2.53e+02 2.39e+02 2.28e+02 2.18e+02 2.08e+02 1.98e+02 1.89e+02 1.80e+02 1.72e+02 1.84e+02 1.76e+02 1.47e+02 1.41e+02 1.42e+02 1.29e+02 1.21e+02 1.22e+02 1.17e+02 1.03e+02 9.97e+01 9.38e+01 1.05e+02 8.54e+01 8.06e+01 9.23e+01 9.04e+01 8.74e+01 6.54e+01 7.32e+01 7.52e+01 7.34e+01 8.36e+01 1.11e+02
30520.16 2.89e+02 2.82e+02 2.77e+02 2.51e+02 2.41e+02 2.30e+02 2.20e+02 2.10e+02 2.16e+02 2.23e+02 1.81e+02 1.75e+02 1.67e+02 1.63e+02 1.53e+02 1.46e+02 1.39e+02 1.40e+02 1.25e+02 1.21e+02 1.15e+02 1.10e+02 1.05e+02 1.08e+02 9.41e+01 9.08e+01 8.66e+01 9.06e+01 7.74e+01 8.24e+01 7.01e+01 6.77e+01 6.46e+01 6.15e+01 5.85e+01 5.56e+01 5.29e+01 5.53e+01 5.33e+01 5.23e+01 4.29e+01 4.09e+01 4.62e+01 4.71e+01 4.56e+01 4.03e+01 4.59e+01 4.41e+01 4.21e+01 4.12e+01
32243.50 1.88e+02 1.80e+02 1.79e+02 1.69e+02 1.58e+02 1.50e+02 1.44e+02 1.37e+02 1.31e+02 1.43e+02 1.19e+02 1.14e+02 1.09e+02 1.04e+02 9.95e+01 9.50e+01 9.07e+01 8.97e+01 8.59e+01 7.85e+01 7.51e+01 7.17e+01 6.83e+01 6.91e+01 6.55e+01 5.86e+01 5.63e+01 5.42e+01 5.12e+01 5.15e+01 5.02e+01 4.35e+01 4.20e+01 4.00e+01 3.81e+01 3.62e+01 3.44e+01 3.63e+01 3.51e+01 3.36e+01 3.07e+01 2.62e+01 2.53e+01 2.41e+01 2.64e+01 3.20e+01 2.86e+01 2.86e+01 2.75e+01 2.61e+01
33773.01 1.33e+02 1.27e+02 1.24e+02 1.19e+02 1.11e+02 1.06e+02 1.01e+02 9.69e+01 9.26e+01 8.85e+01 8.45e+01 8.07e+01 7.71e+01 7.36e+01 7.03e+01 6.71e+01 6.40e+01 6.11e+01 6.03e+01 5.58e+01 5.31e+01 5.06e+01 4.82e+01 4.60e+01 4.64e+01 4.16e+01 3.98e+01 3.79e+01 3.61e+01 3.44e+01 3.50e+01 3.30e+01 2.93e+01 2.82e+01 2.69e+01 2.56e+01 2.43e+01 2.31e+01 2.20e+01 2.32e+01 2.23e+01 1.85e+01 1.79e+01 2.29e+01 1.92e+01 1.88e+01 1.91e+01 1.96e+01 1.92e+01 1.80e+01
35108.48 8.69e+01 8.32e+01 7.96e+01 7.71e+01 7.28e+01 6.95e+01 6.64e+01 6.35e+01 6.06e+01 5.79e+01 5.53e+01 5.29e+01 5.05e+01 4.82e+01 4.60e+01 4.39e+01 4.19e+01 4.00e+01 3.90e+01 3.74e+01 3.48e+01 3.31e+01 3.16e+01 3.01e+01 2.89e+01 2.86e+01 2.62e+01 2.49e+01 2.37e+01 2.26e+01 2.15e+01 2.17e+01 1.94e+01 1.86e+01 2.05e+01 1.66e+01 1.60e+01 1.52e+01 1.45e+01 1.47e+01 1.43e+01 1.33e+01 1.17e+01 1.49e+01 1.46e+01 1.39e+01 1.29e+01 1.24e+01 1.23e+01 1.20e+01
36326.30 5.42e+01 5.18e+01 4.96e+01 4.77e+01 4.53e+01 4.33e+01 4.14e+01 3.96e+01 3.78e+01 3.61e+01 3.45e+01 3.30e+01 3.15e+01 3.01e+01 2.87e+01 2.74e+01 2.62e+01 2.50e+01 2.43e+01 2.32e+01 2.17e+01 2.07e+01 1.98e+01 1.89e+01 1.80e+01 1.76e+01 1.68e+01 1.56e+01 1.49e+01 1.67e+01 1.60e+01 1.51e+01 1.27e+01 1.17e+01 1.32e+01 1.11e+01 1.05e+01 9.55e+00 9.12e+00 8.68e+00 8.79e+00 1.01e+01 9.20e+00 8.81e+00 8.27e+00 8.53e+00 7.20e+00 7.06e+00 7.03e+00 7.31e+00
37486.70 3.38e+01 3.23e+01 3.09e+01 2.96e+01 2.84e+01 2.70e+01 2.58e+01 2.47e+01 2.36e+01 2.25e+01 2.15e+01 2.06e+01 1.97e+01 1.88e+01 1.79e+01 1.71e+01 1.64e+01 1.56e+01 1.51e+01 1.44e+01 1.36e+01 1.30e+01 1.24e+01 1.18e+01 1.13e+01 1.08e+01 1.05e+01 9.79e+00 1.11e+01 1.05e+01 8.43e+00 9.28e+00 9.00e+00 7.30e+00 7.38e+00 7.74e+00 6.59e+00 6.27e+00 5.77e+00 5.49e+00 5.41e+00 6.16e+00 5.76e+00 5.55e+00 4.23e+00 4.07e+00 5.00e+00 4.62e+00 4.43e+00 4.48e+00
38628.25 2.18e+01 2.08e+01 1.99e+01 1.91e+01 1.83e+01 1.74e+01 1.67e+01 1.59e+01 1.52e+01 1.46e+01 1.39e+01 1.33e+01 1.27e+01 1.21e+01 1.16e+01 1.11e+01 1.06e+01 1.01e+01 9.71e+00 9.29e+00 8.90e+00 8.42e+00 8.03e+00 7.67e+00 7.32e+00 6.98e+00 6.74e+00 6.43e+00 6.07e+00 5.79e+00 5.52e+00 5.26e+00 5.45e+00 5.49e+00 4.56e+00 4.97e+00 4.13e+00 4.04e+00 3.87e+00 3.59e+00 4.07e+00 3.95e+00 3.76e+00 3.55e+00 2.79e+00 2.67e+00 3.16e+00 3.04e+00 2.85e+00 2.82e+00
39768.62 1.43e+01 1.37e+01 1.31e+01 1.26e+01 1.20e+01 1.15e+01 1.10e+01 1.05e+01 1.01e+01 9.62e+00 9.19e+00 8.79e+00 8.40e+00 8.03e+00 7.68e+00 7.34e+00 7.01e+00 6.70e+00 6.40e+00 6.14e+00 5.88e+00 5.58e+00 5.33e+00 5.09e+00 4.86e+00 4.64e+00 4.43e+00 4.26e+00 4.04e+00 3.85e+00 3.68e+00 3.51e+00 3.36e+00 3.51e+00 3.41e+00 3.11e+00 3.11e+00 2.64e+00 2.56e+00 2.81e+00 2.63e+00 2.56e+00 2.46e+00 2.38e+00 2.18e+00 1.79e+00 1.89e+00 1.97e+00 1.92e+00 1.81e+00
40915.31 9.52e+00 9.09e+00 8.70e+00 8.33e+00 7.98e+00 7.64e+00 7.31e+00 6.99e+00 6.69e+00 6.40e+00 6.12e+00 5.85e+00 5.60e+00 5.35e+00 5.12e+00 4.89e+00 4.68e+00 4.47e+00 4.27e+00 4.09e+00 3.91e+00 3.73e+00 3.56e+00 3.40e+00 3.25e+00 3.11e+00 2.97e+00 2.84e+00 2.70e+00 2.58e+00 2.47e+00 2.35e+00 2.25e+00 2.16e+00 2.26e+00 2.12e+00 2.06e+00 1.78e+00 1.70e+00 1.85e+00 1.76e+00 1.66e+00 1.63e+00 1.53e+00 1.49e+00 1.21e+00 1.16e+00 1.30e+00 1.10e+00 1.19e+00
42074.51 6.34e+00 6.07e+00 5.80e+00 5.55e+00 5.32e+00 5.10e+00 4.87e+00 4.66e+00 4.46e+00 4.26e+00 4.08e+00 3.90e+00 3.73e+00 3.57e+00 3.41e+00 3.26e+00 3.12e+00 2.98e+00 2.85e+00 2.73e+00 2.62e+00 2.50e+00 2.39e+00 2.28e+00 2.18e+00 2.09e+00 1.99e+00 1.91e+00 1.82e+00 1.74e+00 1.66e+00 1.59e+00 1.51e+00 1.45e+00 1.39e+00 1.44e+00 1.36e+00 1.30e+00 1.25e+00 1.20e+00 1.18e+00 1.10e+00 1.08e+00 1.01e+00 9.90e-01 9.07e-01 7.88e-01 8.52e-01 8.11e-01 7.75e-01
43252.44 4.23e+00 4.05e+00 3.88e+00 3.71e+00 3.55e+00 3.40e+00 3.25e+00 3.12e+00 2.98e+00 2.85e+00 2.73e+00 2.61e+00 2.50e+00 2.39e+00 2.29e+00 2.19e+00 2.09e+00 2.00e+00 1.92e+00 1.83e+00 1.76e+00 1.68e+00 1.61e+00 1.53e+00 1.47e+00 1.40e+00 1.34e+00 1.28e+00 1.23e+00 1.17e+00 1.12e+00 1.07e+00 1.02e+00 9.76e-01 9.35e-01 9.49e-01 9.11e-01 8.88e-01 8.44e-01 7.98e-01 7.79e-01 7.42e-01 7.08e-01 6.83e-01 6.51e-01 6.27e-01 5.35e-01 5.09e-01 5.51e-01 4.65e-01
44454.05 2.83e+00 2.71e+00 2.59e+00 2.48e+00 2.38e+00 2.28e+00 2.18e+00 2.08e+00 2.00e+00 1.91e+00 1.83e+00 1.75e+00 1.67e+00 1.60e+00 1.53e+00 1.47e+00 1.40e+00 1.34e+00 1.29e+00 1.23e+00 1.18e+00 1.13e+00 1.08e+00 1.03e+00 9.85e-01 9.42e-01 9.01e-01 8.61e-01 8.25e-01 7.89e-01 7.54e-01 7.21e-01 6.89e-01 6.59e-01 6.30e-01 6.02e-01 6.17e-01 5.89e-01 5.60e-01 5.34e-01 5.13e-01 4.98e-01 4.68e-01 4.56e-01 4.29e-01 4.17e-01 3.95e-01 3.47e-01 3.67e-01 3.28e-01
45683.04 1.89e+00 1.81e+00 1.73e+00 1.66e+00 1.59e+00 1.52e+00 1.46e+00 1.40e+00 1.34e+00 1.28e+00 1.22e+00 1.17e+00 1.12e+00 1.07e+00 1.03e+00 9.84e-01 9.42e-01 9.01e-01 8.63e-01 8.25e-01 7.90e-01 7.56e-01 7.24e-01 6.92e-01 6.62e-01 6.33e-01 6.06e-01 5.80e-01 5.54e-01 5.31e-01 5.07e-01 4.85e-01 4.64e-01 4.43e-01 4.24e-01 4.28e-01 4.05e-01 3.93e-01 3.77e-01 3.57e-01 3.42e-01 3.31e-01 3.15e-01 3.04e-01 2.87e-01 2.79e-01 2.65e-01 2.40e-01 2.25e-01 2.34e-01
46941.68 1.26e+00 1.21e+00 1.16e+00 1.11e+00 1.06e+00 1.02e+00 9.75e-01 9.33e-01 8.94e-01 8.56e-01 8.19e-01 7.84e-01 7.51e-01 7.19e-01 6.89e-01 6.59e-01 6.31e-01 6.04e-01 5.78e-01 5.54e-01 5.30e-01 5.07e-01 4.86e-01 4.65e-01 4.45e-01 4.25e-01 4.07e-01 3.90e-01 3.73e-01 3.57e-01 3.41e-01 3.26e-01 3.12e-01 2.99e-01 2.96e-01 2.85e-01 2.71e-01 2.62e-01 2.51e-01 2.35e-01 2.28e-01 2.20e-01 2.11e-01 2.00e-01 1.93e-01 1.85e-01 1.77e-01 1.69e-01 1.52e-01 1.56e-01
48230.81 8.44e-01 8.09e-01 7.75e-01 7.42e-01 7.11e-01 6.81e-01 6.52e-01 6.24e-01 5.98e-01 5.73e-01 5.48e-01 5.25e-01 5.03e-01 4.81e-01 4.61e-01 4.41e-01 4.23e-01 4.05e-01 3.87e-01 3.71e-01 3.55e-01 3.40e-01 3.26e-01 3.12e-01 2.98e-01 2.86e-01 2.73e-01 2.62e-01 2.50e-01 2.40e-01 2.29e-01 2.19e-01 2.10e-01 2.06e-01 1.97e-01 1.90e-01 1.82e-01 1.72e-01 1.67e-01 1.60e-01 1.53e-01 1.46e-01 1.41e-01 1.34e-01 1.29e-01 1.20e-01 1.19e-01 1.13e-01 1.07e-01 1.03e-01
49550.29 5.65e-01 5.41e-01 5.18e-01 4.96e-01 4.75e-01 4.55e-01 4.36e-01 4.18e-01 4.00e-01 3.83e-01 3.67e-01 3.52e-01 3.37e-01 3.22e-01 3.09e-01 2.96e-01 2.83e-01 2.71e-01 2.60e-01 2.49e-01 2.38e-01 2.28e-01 2.18e-01 2.09e-01 2.00e-01 1.92e-01 1.83e-01 1.76e-01 1.68e-01 1.61e-01 1.54e-01 1.48e-01 1.44e-01 1.38e-01 1.29e-01 1.27e-01 1.22e-01 1.13e-01 1.12e-01 1.07e-01 1.02e-01 9.76e-02 9.38e-02 8.98e-02 8.47e-02 8.26e-02 7.92e-02 7.37e-02 7.24e-02 6.66e-02
50899.37 3.78e-01 3.62e-01 3.47e-01 3.32e-01 3.18e-01 3.05e-01 2.92e-01 2.80e-01 2.68e-01 2.57e-01 2.46e-01 2.36e-01 2.26e-01 2.16e-01 2.07e-01 1.98e-01 1.90e-01 1.82e-01 1.74e-01 1.67e-01 1.60e-01 1.53e-01 1.47e-01 1.40e-01 1.34e-01 1.29e-01 1.23e-01 1.18e-01 1.13e-01 1.08e-01 1.05e-01 1.01e-01 9.63e-02 9.12e-02 8.84e-02 8.45e-02 8.13e-02 7.77e-02 7.31e-02 7.10e-02 6.85e-02 6.54e-02 6.27e-02 6.01e-02 5.75e-02 5.52e-02 5.23e-02 5.07e-02 4.83e-02 7.16e-02
52276.86 2.54e-01 2.43e-01 2.33e-01 2.23e-01 2.14e-01 2.05e-01 1.96e-01 1.88e-01 1.80e-01 1.72e-01 1.65e-01 1.58e-01 1.51e-01 1.45e-01 1.39e-01 1.33e-01 1.28e-01 1.22e-01 1.17e-01 1.12e-01 1.07e-01 1.03e-01 9.84e-02 9.43e-02 9.03e-02 8.65e-02 8.28e-02 7.93e-02 7.60e-02 7.35e-02 7.04e-02 6.75e-02 6.40e-02 6.19e-02 5.86e-02 5.61e-02 5.44e-02 5.22e-02 4.92e-02 4.78e-02 4.59e-02 4.39e-02 4.20e-02 4.03e-02 3.86e-02 3.69e-02 3.54e-02 3.40e-02 4.90e-02 4.92e-02
53681.16 1.71e-01 1.63e-01 1.57e-01 1.50e-01 1.44e-01 1.38e-01 1.32e-01 1.26e-01 1.21e-01 1.16e-01 1.11e-01 1.06e-01 1.02e-01 9.76e-02 9.35e-02 8.96e-02 8.58e-02 8.22e-02 7.87e-02 7.54e-02 7.22e-02 6.92e-02 6.63e-02 6.35e-02 6.08e-02 5.82e-02 5.58e-02 5.38e-02 5.15e-02 4.93e-02 4.72e-02 4.54e-02 4.34e-02 4.16e-02 3.95e-02 3.78e-02 3.65e-02 3.51e-02 3.35e-02 3.18e-02 3.08e-02 2.96e-02 2.83e-02 2.71e-02 2.59e-02 2.49e-02 2.39e-02 3.54e-02 3.46e-02 3.43e-02
55110.21 1.15e-01 1.10e-01 1.06e-01 1.01e-01 9.70e-02 9.29e-02 8.90e-02 8.53e-02 8.17e-02 7.83e-02 7.50e-02 7.18e-02 6.88e-02 6.59e-02 6.31e-02 6.05e-02 5.79e-02 5.55e-02 5.32e-02 5.09e-02 4.88e-02 4.67e-02 4.48e-02 4.29e-02 4.11e-02 3.94e-02 3.77e-02 3.63e-02 3.48e-02 3.31e-02 3.19e-02 3.06e-02 2.93e-02 2.80e-02 2.69e-02 2.56e-02 2.45e-02 2.36e-02 2.27e-02 2.15e-02 2.08e-02 1.99e-02 1.91e-02 1.83e-02 1.75e-02 1.68e-02 2.50e-02 2.43e-02 2.41e-02 2.41e-02
56561.17 7.80e-02 7.47e-02 7.16e-02 6.86e-02 6.57e-02 6.29e-02 6.03e-02 5.78e-02 5.53e-02 5.30e-02 5.08e-02 4.87e-02 4.66e-02 4.47e-02 4.28e-02 4.10e-02 3.93e-02 3.76e-02 3.60e-02 3.45e-02 3.31e-02 3.17e-02 3.03e-02 2.91e-02 2.78e-02 2.68e-02 2.56e-02 2.46e-02 2.36e-02 2.25e-02 2.16e-02 2.07e-02 1.98e-02 1.90e-02 1.82e-02 1.73e-02 1.66e-02 1.60e-02 1.53e-02 1.47e-02 1.40e-02 1.35e-02 1.29e-02 1.24e-02 1.19e-02 1.76e-02 1.72e-02 1.71e-02 1.71e-02 1.71e-02
58030.00 5.31e-02 5.09e-02 4.87e-02 4.67e-02 4.47e-02 4.29e-02 4.11e-02 3.93e-02 3.77e-02 3.61e-02 3.46e-02 3.31e-02 3.17e-02 3.04e-02 2.91e-02 2.79e-02 2.67e-02 2.56e-02 2.45e-02 2.35e-02 2.25e-02 2.16e-02 2.07e-02 1.98e-02 1.90e-02 1.82e-02 1.75e-02 1.67e-02 1.60e-02 1.54e-02 1.47e-02 1.41e-02 1.35e-02 1.29e-02 1.24e-02 1.19e-02 1.13e-02 1.09e-02 1.04e-02 1.00e-02 9.54e-03 9.18e-03 8.80e-03 8.38e-03 1.25e-02 1.21e-02 1.20e-02 1.20e-02 1.20e-02 1.20e-02
59510.42 3.64e-02 3.48e-02 3.34e-02 3.20e-02 3.06e-02 2.94e-02 2.81e-02 2.69e-02 2.58e-02 2.47e-02 2.37e-02 2.27e-02 2.17e-02 2.08e-02 2.00e-02 1.91e-02 1.83e-02 1.76e-02 1.68e-02 1.61e-02 1.54e-02 1.48e-02 1.42e-02 1.36e-02 1.30e-02 1.25e-02 1.20e-02 1.14e-02 1.10e-02 1.05e-02 1.01e-02 9.65e-03 9.25e-03 8.86e-03 8.49e-03 8.13e-03 7.77e-03 7.44e-03 7.14e-03 6.85e-03 6.56e-03 6.26e-03 6.03e-03 8.98e-03 8.74e-03 8.66e-03 8.66e-03 8.65e-03 8.65e-03 8.65e-03
60993.45 2.51e-02 2.41e-02 2.31e-02 2.21e-02 2.12e-02 2.03e-02 1.94e-02 1.86e-02 1.78e-02 1.71e-02 1.64e-02 1.57e-02 1.50e-02 1.44e-02 1.38e-02 1.32e-02 1.27e-02 1.21e-02 1.16e-02 1.11e-02 1.07e-02 1.02e-02 9.79e-03 9.40e-03 9.00e-03 8.62e-03 8.26e-03 7.92e-03 7.58e-03 7.27e-03 6.96e-03 6.66e-03 6.39e-03 6.12e-03 5.87e-03 5.61e-03 5.38e-03 5.15e-03 4.93e-03 4.74e-03 4.54e-03 4.34e-03 6.47e-03 6.32e-03 6.26e-03 6.26e-03 6.26e-03 6.26e-03 6.25e-03 6.25e-03
62466.44 1.76e-02 1.68e-02 1.61e-02 1.54e-02 1.48e-02 1.42e-02 1.36e-02 1.30e-02 1.25e-02 1.19e-02 1.14e-02 1.10e-02 1.05e-02 1.01e-02 9.64e-03 9.23e-03 8.85e-03 8.47e-03 8.12e-03 7.78e-03 7.46e-03 7.15e-03 6.84e-03 6.55e-03 6.29e-03 6.01e-03 5.77e-03 5.53e-03 5.29e-03 5.07e-03 4.86e-03 4.66e-03 4.46e-03 4.27e-03 4.10e-03 3.92e-03 3.76e-03 3.60e-03 3.44e-03 3.30e-03 3.17e-03 4.72e-03 4.59e-03 4.55e-03 4.55e-03 4.55e-03 4.54e-03 4.54e-03 4.54e-03 4.54e-03
63912.69 1.24e-02 1.19e-02 1.14e-02 1.09e-02 1.05e-02 1.00e-02 9.63e-03 9.22e-03 8.84e-03 8.47e-03 8.11e-03 7.77e-03 7.44e-03 7.13e-03 6.83e-03 6.55e-03 6.27e-03 6.01e-03 5.76e-03 5.52e-03 5.29e-03 5.07e-03 4.85e-03 4.65e-03 4.46e-03 4.27e-03 4.09e-03 3.92e-03 3.75e-03 3.60e-03 3.45e-03 3.30e-03 3.16e-03 3.03e-03 2.90e-03 2.78e-03 2.66e-03 2.55e-03 2.44e-03 2.34e-03 3.49e-03 3.41e-03 3.38e-03 3.37e-03 3.37e-03 3.37e-03 3.37e-03 3.37e-03 3.37e-03 3.37e-03
65311.62 8.98e-03 8.60e-03 8.24e-03 7.90e-03 7.57e-03 7.25e-03 6.94e-03 6.65e-03 6.37e-03 6.11e-03 5.85e-03 5.61e-03 5.37e-03 5.15e-03 4.93e-03 4.72e-03 4.53e-03 4.34e-03 4.16e-03 3.98e-03 3.81e-03 3.66e-03 3.50e-03 3.35e-03 3.21e-03 3.08e-03 2.95e-03 2.83e-03 2.71e-03 2.59e-03 2.49e-03 2.38e-03 2.28e-03 2.18e-03 2.09e-03 2.01e-03 1.92e-03 1.84e-03 1.76e-03 1.69e-03 2.50e-03 2.44e-03 2.44e-03 2.43e-03 2.43e-03 2.43e-03 2.43e-03 2.43e-03 2.43e-03 2.43e-03
66639.26 6.63e-03 6.36e-03 6.09e-03 5.83e-03 5.59e-03 5.36e-03 5.13e-03 4.92e-03 4.71e-03 4.51e-03 4.32e-03 4.14e-03 3.97e-03 3.80e-03 3.64e-03 3.49e-03 3.34e-03 3.21e-03 3.07e-03 2.94e-03 2.82e-03 2.70e-03 2.59e-03 2.48e-03 2.37e-03 2.28e-03 2.18e-03 2.09e-03 2.00e-03 1.92e-03 1.84e-03 1.76e-03 1.69e-03 1.61e-03 1.55e-03 1.48e-03 1.42e-03 1.36e-03 1.30e-03 1.93e-03 1.88e-03 1.88e-03 1.88e-03 1.88e-03 1.87e-03 1.87e-03 1.87e-03 1.87e-03 1.87e-03 1.87e-03
67870.77 5.03e-03 4.82e-03 4.62e-03 4.43e-03 4.24e-03 4.06e-03 3.89e-03 3.73e-03 3.57e-03 3.42e-03 3.28e-03 3.14e-03 3.01e-03 2.88e-03 2.76e-03 2.65e-03 2.54e-03 2.43e-03 2.33e-03 2.23e-03 2.14e-03 2.05e-03 1.96e-03 1.88e-03 1.80e-03 1.73e-03 1.65e-03 1.58e-03 1.52e-03 1.45e-03 1.39e-03 1.33e-03 1.28e-03 1.22e-03 1.17e-03 1.12e-03 1.08e-03 1.03e-03 1.53e-03 1.49e-03 1.49e-03 1.49e-03 1.48e-03 1.48e-03 1.48e-03 1.48e-03 1.48e-03 1.48e-03 1.48e-03 1.48e-03
68864.47 3.94e-03 3.78e-03 3.62e-03 3.47e-03 3.32e-03 3.18e-03 3.05e-03 2.92e-03 2.80e-03 2.68e-03 2.57e-03 2.46e-03 2.36e-03 2.26e-03 2.17e-03 2.07e-03 1.99e-03 1.90e-03 1.82e-03 1.75e-03 1.67e-03 1.60e-03 1.54e-03 1.47e-03 1.41e-03 1.35e-03 1.30e-03 1.24e-03 1.19e-03 1.14e-03 1.09e-03 1.05e-03 1.00e-03 9.60e-04 9.19e-04 8.81e-04 8.44e-04 1.25e-03 1.22e-03 1.22e-03 1.22e-03 1.22e-03 1.22e-03 1.22e-03 1.21e-03 1.21e-03 1.21e-03 1.21e-03 1.21e-03 1.21e-03
69459.55 3.53e-03 3.39e-03 3.24e-03 3.11e-03 2.98e-03 2.85e-03 2.73e-03 2.62e-03 2.51e-03 2.40e-03 2.30e-03 2.21e-03 2.11e-03 2.03e-03 1.94e-03 1.86e-03 1.78e-03 1.71e-03 1.64e-03 1.57e-03 1.50e-03 1.44e-03 1.38e-03 1.32e-03 1.26e-03 1.21e-03 1.16e-03 1.11e-03 1.07e-03 1.02e-03 9.78e-04 9.37e-04 8.98e-04 8.60e-04 8.24e-04 7.89e-04 7.57e-04 1.12e-03 1.09e-03 1.09e-03 1.09e-03 1.09e-03 1.09e-03 1.09e-03 1.09e-03 1.09e-03 1.09e-03 1.09e-03 1.09e-03 1.09e-03
69744.99 3.35e-03 3.20e-03 3.07e-03 2.94e-03 2.82e-03 2.70e-03 2.59e-03 2.48e-03 2.37e-03 2.28e-03 2.18e-03 2.09e-03 2.00e-03 1.92e-03 1.84e-03 1.76e-03 1.69e-03 1.62e-03 1.55e-03 1.48e-03 1.42e-03 1.36e-03 1.30e-03 1.25e-03 1.20e-03 1.15e-03 1.10e-03 1.05e-03 1.01e-03 9.67e-04 9.26e-04 8.87e-04 8.50e-04 8.14e-04 7.80e-04 7.47e-04 1.11e-03 1.09e-03 1.06e-03 1.06e-03 1.06e-03 1.06e-03 1.06e-03 1.06e-03 1.06e-03 1.06e-03 1.06e-03 1.06e-03 1.06e-03 1.06e-03
69888.26 3.25e-03 3.12e-03 2.99e-03 2.86e-03 2.74e-03 2.63e-03 2.52e-03 2.41e-03 2.31e-03 2.21e-03 2.12e-03 2.03e-03 1.95e-03 1.87e-03 1.79e-03 1.71e-03 1.64e-03 1.57e-03 1.51e-03 1.44e-03 1.38e-03 1.32e-03 1.27e-03 1.22e-03 1.16e-03 1.12e-03 1.07e-03 1.02e-03 9.82e-04 9.41e-04 9.01e-04 8.63e-04 8.27e-04 7.92e-04 7.59e-04 7.27e-04 1.08e-03 1.06e-03 1.05e-03 1.05e-03 1.05e-03 1.05e-03 1.05e-03 1.05e-03 1.05e-03 1.05e-03 1.05e-03 1.05e-03 1.05e-03 1.05e-03
69959.62 3.21e-03 3.08e-03 2.95e-03 2.82e-03 2.71e-03 2.59e-03 2.48e-03 2.38e-03 2.28e-03 2.18e-03 2.09e-03 2.00e-03 1.92e-03 1.84e-03 1.76e-03 1.69e-03 1.62e-03 1.55e-03 1.49e-03 1.42e-03 1.36e-03 1.31e-03 1.25e-03 1.20e-03 1.15e-03 1.10e-03 1.05e-03 1.01e-03 9.68e-04 9.28e-04 8.89e-04 8.52e-04 8.16e-04 7.82e-04 7.49e-04 7.17e-04 1.07e-03 1.04e-03 1.03e-03 1.03e-03 1.03e-03 1.03e-03 1.03e-03 1.03e-03 1.03e-03 1.03e-03 1.03e-03 1.03e-03 1.03e-03 1.03e-03
69991.15 3.19e-03 3.06e-03 2.93e-03 2.81e-03 2.69e-03 2.57e-03 2.47e-03 2.36e-03 2.26e-03 2.17e-03 2.08e-03 1.99e-03 1.91e-03 1.83e-03 1.75e-03 1.68e-03 1.61e-03 1.54e-03 1.48e-03 1.41e-03 1.35e-03 1.30e-03 1.24e-03 1.19e-03 1.14e-03 1.09e-03 1.05e-03 1.00e-03 9.62e-04 9.22e-04 8.83e-04 8.46e-04 8.11e-04 7.77e-04 7.44e-04 7.13e-04 1.06e-03 1.04e-03 1.03e-03 1.03e-03 1.03e-03 1.03e-03 1.03e-03 1.03e-03 1.03e-03 1.03e-03 1.03e-03 1.03e-03 1.02e-03 1.02e-03
69999.53 3.19e-03 3.05e-03 2.93e-03 2.80e-03 2.69e-03 2.57e-03 2.47e-03 2.36e-03 2.26e-03 2.17e-03 2.08e-03 1.99e-03 1.91e-03 1.83e-03 1.75e-03 1.68e-03 1.61e-03 1.54e-03 1.48e-03 1.41e-03 1.35e-03 1.30e-03 1.24e-03 1.19e-03 1.14e-03 1.09e-03 1.05e-03 1.00e-03 9.62e-04 9.21e-04 8.83e-04 8.46e-04 8.10e-04 7.76e-04 7.43e-04 7.12e-04 1.06e-03 1.04e-03 1.03e-03 1.03e-03 1.03e-03 1.03e-03 1.03e-03 1.03e-03 1.03e-03 1.03e-03 1.02e-03 1.02e-03 1.02e-03 1.02e-03
