#NTIMES: 4
#NVEL: 524
#TIMES[d]: 5.0 10.0 15.0 20.0
#vel_mid[km/s] ne_t0[/cm^3] ne_t1[/cm^3] … ne_tn[/cm^3]
7.728350E+03 1.000000E-99 1.000000E-99 1.000000E-99 2.065181E+09
7.779996E+03 1.000000E-99 1.000000E-99 1.000000E-99 2.043817E+09
7.831643E+03 1.000000E-99 1.000000E-99 1.000000E-99 2.022453E+09
7.883289E+03 1.000000E-99 1.000000E-99 1.000000E-99 2.001089E+09
7.934935E+03 1.000000E-99 1.000000E-99 1.000000E-99 1.979725E+09
7.986582E+03 1.000000E-99 1.000000E-99 1.000000E-99 1.958361E+09
8.038228E+03 1.000000E-99 1.000000E-99 1.000000E-99 1.936997E+09
8.089875E+03 1.000000E-99 1.000000E-99 1.000000E-99 1.915633E+09
8.141521E+03 1.000000E-99 1.000000E-99 1.000000E-99 1.894269E+09
8.193167E+03 1.000000E-99 1.000000E-99 1.000000E-99 1.872905E+09
8.244814E+03 1.000000E-99 1.000000E-99 1.000000E-99 1.847673E+09
8.296460E+03 1.000000E-99 1.000000E-99 1.000000E-99 1.821087E+09
8.348106E+03 1.000000E-99 1.000000E-99 1.000000E-99 1.794500E+09
8.399753E+03 1.000000E-99 1.000000E-99 1.000000E-99 1.767914E+09
8.451399E+03 1.000000E-99 1.000000E-99 1.000000E-99 1.741328E+09
8.503046E+03 1.000000E-99 1.000000E-99 1.000000E-99 1.714742E+09
8.554692E+03 1.000000E-99 1.000000E-99 1.000000E-99 1.688155E+09
8.606338E+03 1.000000E-99 1.000000E-99 1.000000E-99 1.661569E+09
8.657985E+03 1.000000E-99 1.000000E-99 1.000000E-99 1.634983E+09
8.709631E+03 1.000000E-99 1.000000E-99 1.000000E-99 1.608397E+09
8.761277E+03 1.000000E-99 1.000000E-99 1.000000E-99 1.588519E+09
8.812924E+03 1.000000E-99 1.000000E-99 1.000000E-99 1.569889E+09
8.864570E+03 1.000000E-99 1.000000E-99 1.000000E-99 1.551259E+09
8.916216E+03 1.000000E-99 1.000000E-99 1.000000E-99 1.532630E+09
8.967863E+03 1.000000E-99 1.000000E-99 1.000000E-99 1.514000E+09
9.019509E+03 1.000000E-99 1.000000E-99 1.000000E-99 1.495370E+09
9.071156E+03 1.000000E-99 1.000000E-99 1.000000E-99 1.476740E+09
9.122802E+03 1.000000E-99 1.000000E-99 1.000000E-99 1.458111E+09
9.174448E+03 1.000000E-99 1.000000E-99 1.000000E-99 1.439481E+09
9.226095E+03 1.000000E-99 1.000000E-99 1.000000E-99 1.421019E+09
9.277741E+03 1.000000E-99 1.000000E-99 1.000000E-99 1.403151E+09
9.329387E+03 1.000000E-99 1.000000E-99 1.000000E-99 1.385283E+09
9.381034E+03 1.000000E-99 1.000000E-99 1.000000E-99 1.367416E+09
9.432680E+03 1.000000E-99 1.000000E-99 1.000000E-99 1.349548E+09
9.484326E+03 1.000000E-99 1.000000E-99 1.000000E-99 1.331681E+09
9.535973E+03 1.000000E-99 1.000000E-99 1.000000E-99 1.313813E+09
9.587619E+03 1.000000E-99 1.000000E-99 1.000000E-99 1.295946E+09
9.639266E+03 1.000000E-99 1.000000E-99 1.000000E-99 1.276472E+09
9.690912E+03 1.000000E-99 1.000000E-99 2.952354E+09 1.250439E+09
9.742558E+03 1.000000E-99 1.000000E-99 2.888365E+09 1.224406E+09
9.794205E+03 1.000000E-99 1.000000E-99 2.824375E+09 1.198373E+09
9.845851E+03 1.000000E-99 1.000000E-99 2.760386E+09 1.172340E+09
9.897497E+03 1.000000E-99 1.000000E-99 2.696397E+09 1.146307E+09
9.949144E+03 1.000000E-99 1.000000E-99 2.632408E+09 1.120273E+09
1.000079E+04 1.000000E-99 1.000000E-99 2.559735E+09 1.089041E+09
1.005244E+04 1.000000E-99 1.000000E-99 2.486141E+09 1.057257E+09
1.010408E+04 1.000000E-99 1.000000E-99 2.412547E+09 1.025473E+09
1.015573E+04 1.000000E-99 1.000000E-99 2.338952E+09 9.936895E+08
1.020738E+04 1.000000E-99 1.000000E-99 2.265358E+09 9.619056E+08
1.025902E+04 1.000000E-99 1.000000E-99 2.196952E+09 9.323605E+08
1.031067E+04 1.000000E-99 1.000000E-99 2.143364E+09 9.092091E+08
1.036231E+04 1.000000E-99 1.000000E-99 2.089776E+09 8.860577E+08
1.041396E+04 1.000000E-99 1.000000E-99 2.036188E+09 8.629063E+08
1.046561E+04 1.000000E-99 1.000000E-99 1.982599E+09 8.397549E+08
1.051725E+04 1.000000E-99 1.000000E-99 1.929011E+09 8.166035E+08
1.056890E+04 1.000000E-99 1.000000E-99 1.900578E+09 8.040163E+08
1.062055E+04 1.000000E-99 1.000000E-99 1.894405E+09 8.007772E+08
1.067219E+04 1.000000E-99 1.000000E-99 1.888232E+09 7.975381E+08
1.072384E+04 1.000000E-99 1.000000E-99 1.882059E+09 7.942990E+08
1.077549E+04 1.000000E-99 1.000000E-99 1.875886E+09 7.910600E+08
1.082713E+04 1.000000E-99 1.000000E-99 1.869713E+09 7.878209E+08
1.087878E+04 1.000000E-99 1.000000E-99 1.878474E+09 7.908209E+08
1.093042E+04 1.000000E-99 1.000000E-99 1.892179E+09 7.958859E+08
1.098207E+04 1.000000E-99 1.000000E-99 1.905884E+09 8.009509E+08
1.103372E+04 1.000000E-99 1.000000E-99 1.919589E+09 8.060159E+08
1.108536E+04 1.000000E-99 1.000000E-99 1.933294E+09 8.110809E+08
1.113701E+04 1.000000E-99 1.000000E-99 1.965527E+09 8.237042E+08
1.118866E+04 1.000000E-99 1.000000E-99 2.032732E+09 8.505951E+08
1.124030E+04 1.000000E-99 1.000000E-99 2.099937E+09 8.774860E+08
1.129195E+04 1.000000E-99 1.000000E-99 2.167143E+09 9.043769E+08
1.134360E+04 1.000000E-99 1.000000E-99 2.234348E+09 9.312677E+08
1.139524E+04 1.000000E-99 1.000000E-99 2.400758E+09 9.988625E+08
1.144689E+04 1.000000E-99 1.000000E-99 2.597865E+09 1.079052E+09
1.149853E+04 1.000000E-99 1.000000E-99 2.794972E+09 1.159242E+09
1.155018E+04 1.000000E-99 1.000000E-99 3.001780E+09 1.243190E+09
1.160183E+04 1.000000E-99 1.000000E-99 3.247032E+09 1.342037E+09
1.165347E+04 1.000000E-99 1.000000E-99 3.492284E+09 1.440885E+09
1.170512E+04 1.000000E-99 1.000000E-99 3.674130E+09 1.514350E+09
1.175677E+04 1.000000E-99 1.000000E-99 3.802305E+09 1.566330E+09
1.180841E+04 1.000000E-99 1.000000E-99 3.871011E+09 1.594184E+09
1.186006E+04 1.000000E-99 1.000000E-99 3.873118E+09 1.595020E+09
1.191171E+04 1.000000E-99 1.000000E-99 3.689357E+09 1.519776E+09
1.196335E+04 1.000000E-99 1.000000E-99 3.423742E+09 1.411027E+09
1.201500E+04 1.000000E-99 1.029482E+10 2.958811E+09 1.219840E+09
1.206664E+04 1.000000E-99 8.127851E+09 2.536691E+09 1.046219E+09
1.211829E+04 1.000000E-99 7.289385E+09 2.268269E+09 9.356601E+08
1.216994E+04 1.000000E-99 6.450918E+09 1.999848E+09 8.251017E+08
1.222158E+04 1.000000E-99 6.051209E+09 1.874075E+09 7.728850E+08
1.227323E+04 1.000000E-99 5.655465E+09 1.749591E+09 7.211955E+08
1.232488E+04 1.000000E-99 5.259720E+09 1.625107E+09 6.695059E+08
1.237652E+04 1.000000E-99 4.906603E+09 1.514128E+09 6.234372E+08
1.242817E+04 1.000000E-99 4.651777E+09 1.434289E+09 5.903290E+08
1.247982E+04 1.000000E-99 4.396950E+09 1.354450E+09 5.572208E+08
1.253146E+04 1.000000E-99 4.142124E+09 1.274611E+09 5.241126E+08
1.258311E+04 1.000000E-99 3.887298E+09 1.194772E+09 4.910044E+08
1.263475E+04 1.000000E-99 3.632471E+09 1.114932E+09 4.578962E+08
1.268640E+04 1.000000E-99 3.414996E+09 1.046853E+09 4.296715E+08
1.273805E+04 1.000000E-99 3.281294E+09 1.005150E+09 4.123998E+08
1.278969E+04 1.000000E-99 3.147592E+09 9.634462E+08 3.951280E+08
1.284134E+04 1.000000E-99 3.013890E+09 9.217426E+08 3.778562E+08
1.289299E+04 1.000000E-99 2.880188E+09 8.800390E+08 3.605845E+08
1.294463E+04 1.000000E-99 2.746486E+09 8.383355E+08 3.433127E+08
1.299628E+04 1.000000E-99 2.612784E+09 7.966319E+08 3.260409E+08
1.304793E+04 1.000000E-99 2.479081E+09 7.549284E+08 3.087692E+08
1.309957E+04 1.000000E-99 2.371659E+09 7.214789E+08 2.949315E+08
1.315122E+04 1.000000E-99 2.293989E+09 6.973747E+08 2.849820E+08
1.320286E+04 1.000000E-99 2.216320E+09 6.732706E+08 2.750325E+08
1.325451E+04 1.000000E-99 2.138651E+09 6.491664E+08 2.650830E+08
1.330616E+04 1.000000E-99 2.060981E+09 6.250622E+08 2.551335E+08
1.335780E+04 1.000000E-99 1.983312E+09 6.009580E+08 2.451840E+08
1.340945E+04 1.000000E-99 1.905642E+09 5.768538E+08 2.352345E+08
1.346110E+04 1.000000E-99 1.827973E+09 5.527496E+08 2.252850E+08
1.351274E+04 1.000000E-99 1.750304E+09 5.286454E+08 2.153355E+08
1.356439E+04 1.000000E-99 1.689507E+09 5.099020E+08 2.076040E+08
1.361604E+04 1.000000E-99 1.637570E+09 4.939735E+08 2.010370E+08
1.366768E+04 1.039573E+10 1.585633E+09 4.780450E+08 1.944700E+08
1.371933E+04 1.007660E+10 1.533696E+09 4.621166E+08 1.879030E+08
1.377097E+04 9.757484E+09 1.481758E+09 4.461881E+08 1.813360E+08
1.382262E+04 9.438363E+09 1.429821E+09 4.302596E+08 1.747690E+08
1.387427E+04 9.119242E+09 1.377884E+09 4.143311E+08 1.682020E+08
1.392591E+04 8.800121E+09 1.325947E+09 3.984026E+08 1.616351E+08
1.397756E+04 8.481000E+09 1.274010E+09 3.824741E+08 1.550681E+08
1.402921E+04 8.203118E+09 1.227772E+09 3.683250E+08 1.492437E+08
1.408085E+04 8.013417E+09 1.193721E+09 3.579807E+08 1.450073E+08
1.413250E+04 7.823715E+09 1.159670E+09 3.476364E+08 1.407709E+08
1.418415E+04 7.634014E+09 1.125619E+09 3.372921E+08 1.365345E+08
1.423579E+04 7.444313E+09 1.091568E+09 3.269478E+08 1.322981E+08
1.428744E+04 7.254612E+09 1.057517E+09 3.166035E+08 1.280617E+08
1.433908E+04 7.064911E+09 1.023466E+09 3.062593E+08 1.238253E+08
1.439073E+04 6.875209E+09 9.894152E+08 2.959150E+08 1.195889E+08
1.444238E+04 6.685508E+09 9.553642E+08 2.855707E+08 1.153525E+08
1.449402E+04 6.495807E+09 9.213131E+08 2.752264E+08 1.111161E+08
1.454567E+04 6.358069E+09 8.979636E+08 2.681430E+08 1.081965E+08
1.459732E+04 6.241203E+09 8.789127E+08 2.623694E+08 1.058059E+08
1.464896E+04 6.124338E+09 8.598619E+08 2.565959E+08 1.034153E+08
1.470061E+04 6.007473E+09 8.408111E+08 2.508224E+08 1.010247E+08
1.475226E+04 5.890608E+09 8.217603E+08 2.450488E+08 9.863405E+07
1.480390E+04 5.773743E+09 8.027095E+08 2.392753E+08 9.624344E+07
1.485555E+04 5.656878E+09 7.836587E+08 2.335018E+08 9.385284E+07
1.490720E+04 5.540013E+09 7.646079E+08 2.277282E+08 9.146223E+07
1.495884E+04 5.423148E+09 7.455571E+08 2.219547E+08 8.907162E+07
1.501049E+04 5.312309E+09 7.276185E+08 2.165226E+08 8.682208E+07
1.506213E+04 5.233573E+09 7.156047E+08 2.129093E+08 8.532398E+07
1.511378E+04 5.154836E+09 7.035910E+08 2.092960E+08 8.382588E+07
1.516543E+04 5.076100E+09 6.915773E+08 2.056827E+08 8.232778E+07
1.521707E+04 4.997364E+09 6.795636E+08 2.020694E+08 8.082967E+07
1.526872E+04 4.918628E+09 6.675498E+08 1.984561E+08 7.933157E+07
1.532037E+04 4.839892E+09 6.555361E+08 1.948428E+08 7.783347E+07
1.537201E+04 4.761155E+09 6.435224E+08 1.912295E+08 7.633537E+07
1.542366E+04 4.682419E+09 6.315087E+08 1.876162E+08 7.483727E+07
1.547531E+04 4.603682E+09 6.194949E+08 1.840028E+08 7.333916E+07
1.552695E+04 4.514037E+09 6.065792E+08 1.801524E+08 7.176212E+07
1.557860E+04 4.424392E+09 5.936635E+08 1.763021E+08 7.018508E+07
1.563024E+04 4.334747E+09 5.807478E+08 1.724517E+08 6.860803E+07
1.568189E+04 4.245102E+09 5.678321E+08 1.686013E+08 6.703099E+07
1.573354E+04 4.155457E+09 5.549164E+08 1.647509E+08 6.545395E+07
1.578518E+04 4.065812E+09 5.420007E+08 1.609005E+08 6.387690E+07
1.583683E+04 3.976167E+09 5.290850E+08 1.570502E+08 6.229986E+07
1.588848E+04 3.886522E+09 5.161694E+08 1.531998E+08 6.072282E+07
1.594012E+04 3.802775E+09 5.042082E+08 1.496403E+08 5.926522E+07
1.599177E+04 3.731678E+09 4.942945E+08 1.467047E+08 5.806380E+07
1.604342E+04 3.660581E+09 4.843809E+08 1.437691E+08 5.686238E+07
1.609506E+04 3.589484E+09 4.744672E+08 1.408336E+08 5.566097E+07
1.614671E+04 3.518386E+09 4.645535E+08 1.378980E+08 5.445955E+07
1.619835E+04 3.447289E+09 4.546398E+08 1.349624E+08 5.325814E+07
1.625000E+04 3.376192E+09 4.447261E+08 1.320268E+08 5.205672E+07
1.630165E+04 3.305095E+09 4.348124E+08 1.290913E+08 5.085530E+07
1.635329E+04 3.233998E+09 4.248987E+08 1.261557E+08 4.965389E+07
1.640494E+04 3.206659E+09 4.213121E+08 1.251163E+08 4.918460E+07
1.645659E+04 3.181412E+09 4.180279E+08 1.241675E+08 4.875032E+07
1.650823E+04 3.156165E+09 4.147437E+08 1.232187E+08 4.831603E+07
1.655988E+04 3.130919E+09 4.114596E+08 1.222700E+08 4.788175E+07
1.661153E+04 3.105672E+09 4.081754E+08 1.213212E+08 4.744747E+07
1.666317E+04 3.080425E+09 4.048913E+08 1.203725E+08 4.701318E+07
1.671482E+04 3.055178E+09 4.016071E+08 1.194237E+08 4.657890E+07
1.676646E+04 3.029932E+09 3.983230E+08 1.184749E+08 4.614461E+07
1.681811E+04 3.019944E+09 3.972998E+08 1.182346E+08 4.596121E+07
1.686976E+04 3.013522E+09 3.968051E+08 1.181599E+08 4.583645E+07
1.692140E+04 3.007101E+09 3.963104E+08 1.180851E+08 4.571169E+07
1.697305E+04 3.000680E+09 3.958157E+08 1.180104E+08 4.558693E+07
1.702470E+04 2.994259E+09 3.953210E+08 1.179357E+08 4.546217E+07
1.707634E+04 2.987838E+09 3.948263E+08 1.178609E+08 4.533741E+07
1.712799E+04 2.981417E+09 3.943316E+08 1.177862E+08 4.521265E+07
1.717964E+04 2.974996E+09 3.938370E+08 1.177115E+08 4.508788E+07
1.723128E+04 2.949922E+09 3.911079E+08 1.169912E+08 4.471711E+07
1.728293E+04 2.923496E+09 3.882169E+08 1.162241E+08 4.432851E+07
1.733457E+04 2.897070E+09 3.853259E+08 1.154570E+08 4.393991E+07
1.738622E+04 2.870644E+09 3.824349E+08 1.146899E+08 4.355130E+07
1.743787E+04 2.844218E+09 3.795440E+08 1.139228E+08 4.316270E+07
1.748951E+04 2.817792E+09 3.766530E+08 1.131558E+08 4.277410E+07
1.754116E+04 2.791366E+09 3.737620E+08 1.123887E+08 4.238550E+07
1.759281E+04 2.758981E+09 3.701309E+08 1.114116E+08 4.192725E+07
1.764445E+04 2.707651E+09 3.641462E+08 1.097668E+08 4.124753E+07
1.769610E+04 2.656321E+09 3.581615E+08 1.081219E+08 4.056781E+07
1.774775E+04 2.604991E+09 3.521768E+08 1.064771E+08 3.988809E+07
1.779939E+04 2.553661E+09 3.461921E+08 1.048323E+08 3.920837E+07
1.785104E+04 2.502331E+09 3.402075E+08 1.031875E+08 3.852865E+07
1.790268E+04 2.451001E+09 3.342228E+08 1.015426E+08 3.784893E+07
1.795433E+04 2.399670E+09 3.282381E+08 9.989781E+07 3.716921E+07
1.800598E+04 2.348982E+09 3.223943E+08 9.830434E+07 3.650945E+07
1.805762E+04 2.299774E+09 3.168750E+08 9.682927E+07 3.589568E+07
1.810927E+04 2.250566E+09 3.113558E+08 9.535419E+07 3.528191E+07
1.816092E+04 2.201358E+09 3.058366E+08 9.387912E+07 3.466814E+07
1.821256E+04 2.152150E+09 3.003174E+08 9.240405E+07 3.405438E+07
1.826421E+04 2.102942E+09 2.947982E+08 9.092897E+07 3.344061E+07
1.831586E+04 2.053734E+09 2.892789E+08 8.945390E+07 3.282684E+07
1.836750E+04 2.004527E+09 2.837597E+08 8.797882E+07 3.221307E+07
1.841915E+04 1.955319E+09 2.782405E+08 8.650375E+07 3.159930E+07
1.847079E+04 1.906882E+09 2.727256E+08 8.502777E+07 3.099671E+07
1.852244E+04 1.860800E+09 2.672239E+08 8.354901E+07 3.042824E+07
1.857409E+04 1.814719E+09 2.617223E+08 8.207025E+07 2.985978E+07
1.862573E+04 1.768637E+09 2.562206E+08 8.059149E+07 2.929131E+07
1.867738E+04 1.722556E+09 2.507189E+08 7.911274E+07 2.872284E+07
1.872903E+04 1.676474E+09 2.452172E+08 7.763398E+07 2.815437E+07
1.878067E+04 1.630393E+09 2.397155E+08 7.615522E+07 2.758591E+07
1.883232E+04 1.584311E+09 2.342139E+08 7.467647E+07 2.701744E+07
1.888397E+04 1.538229E+09 2.287122E+08 7.319771E+07 2.644897E+07
1.893561E+04 1.492148E+09 2.232105E+08 7.171895E+07 2.588051E+07
1.898726E+04 1.446066E+09 2.177088E+08 7.024019E+07 2.531204E+07
1.903890E+04 1.399985E+09 2.122071E+08 6.876144E+07 2.474357E+07
1.909055E+04 1.354805E+09 2.067064E+08 6.725812E+07 2.417154E+07
1.914220E+04 1.316646E+09 2.012129E+08 6.556354E+07 2.357170E+07
1.919384E+04 1.278486E+09 1.957194E+08 6.386896E+07 2.297187E+07
1.924549E+04 1.240327E+09 1.902259E+08 6.217438E+07 2.237204E+07
1.929714E+04 1.202168E+09 1.847324E+08 6.047979E+07 2.177220E+07
1.934878E+04 1.164009E+09 1.792389E+08 5.878521E+07 2.117237E+07
1.940043E+04 1.125850E+09 1.737454E+08 5.709063E+07 2.057254E+07
1.945208E+04 1.087691E+09 1.682519E+08 5.539605E+07 1.997270E+07
1.950372E+04 1.049532E+09 1.627584E+08 5.370146E+07 1.937287E+07
1.955537E+04 1.011373E+09 1.572649E+08 5.200688E+07 1.877304E+07
1.960701E+04 9.732143E+08 1.517714E+08 5.031230E+07 1.817321E+07
1.965866E+04 9.350553E+08 1.462779E+08 4.861772E+07 1.757337E+07
1.971031E+04 8.968962E+08 1.407844E+08 4.692313E+07 1.697354E+07
1.976195E+04 8.587372E+08 1.352909E+08 4.522855E+07 1.637371E+07
1.981360E+04 8.205782E+08 1.297974E+08 4.353397E+07 1.577387E+07
1.986525E+04 7.824192E+08 1.243039E+08 4.183938E+07 1.517404E+07
1.991689E+04 7.442602E+08 1.188104E+08 4.014480E+07 1.457421E+07
1.996854E+04 7.061011E+08 1.133169E+08 3.845022E+07 1.397437E+07
2.002019E+04 6.764514E+08 1.089329E+08 3.707327E+07 1.348562E+07
2.007183E+04 6.598507E+08 1.062503E+08 3.618341E+07 1.316722E+07
2.012348E+04 6.432500E+08 1.035677E+08 3.529354E+07 1.284882E+07
2.017512E+04 6.266493E+08 1.008852E+08 3.440368E+07 1.253041E+07
2.022677E+04 6.100485E+08 9.820257E+07 3.351382E+07 1.221201E+07
2.027842E+04 5.934478E+08 9.551997E+07 3.262395E+07 1.189360E+07
2.033006E+04 5.768471E+08 9.283738E+07 3.173409E+07 1.157520E+07
2.038171E+04 5.602464E+08 9.015479E+07 3.084423E+07 1.125679E+07
2.043336E+04 5.436457E+08 8.747220E+07 2.995437E+07 1.093839E+07
2.048500E+04 5.270450E+08 8.478961E+07 2.906450E+07 1.061998E+07
2.053665E+04 5.104443E+08 8.210702E+07 2.817464E+07 1.030158E+07
2.058830E+04 4.938435E+08 7.942443E+07 2.728478E+07 9.983173E+06
2.063994E+04 4.772428E+08 7.674184E+07 2.639491E+07 9.664768E+06
2.069159E+04 4.606421E+08 7.405925E+07 2.550505E+07 9.346364E+06
2.074323E+04 4.440414E+08 7.137665E+07 2.461519E+07 9.027959E+06
2.079488E+04 4.274407E+08 6.869406E+07 2.372533E+07 8.709554E+06
2.084653E+04 4.108400E+08 6.601147E+07 2.283546E+07 8.391150E+06
2.089817E+04 3.942393E+08 6.332888E+07 2.194560E+07 8.072745E+06
2.094982E+04 3.776385E+08 6.064629E+07 2.105574E+07 7.754340E+06
2.100147E+04 3.610378E+08 5.796370E+07 2.016588E+07 7.435936E+06
2.105311E+04 3.444371E+08 5.528111E+07 1.927601E+07 7.117531E+06
2.110476E+04 3.278364E+08 5.259852E+07 1.838615E+07 6.799126E+06
2.115641E+04 3.112357E+08 4.991593E+07 1.749629E+07 6.480722E+06
2.120805E+04 2.976832E+08 4.772395E+07 1.676508E+07 6.218306E+06
2.125970E+04 2.918826E+08 4.677962E+07 1.643732E+07 6.098275E+06
2.131134E+04 2.860820E+08 4.583529E+07 1.610957E+07 5.978244E+06
2.136299E+04 2.802814E+08 4.489096E+07 1.578182E+07 5.858212E+06
2.141464E+04 2.744808E+08 4.394663E+07 1.545407E+07 5.738181E+06
2.146628E+04 2.686802E+08 4.300229E+07 1.512631E+07 5.618149E+06
2.151793E+04 2.628795E+08 4.205796E+07 1.479856E+07 5.498118E+06
2.156958E+04 2.570789E+08 4.111363E+07 1.447081E+07 5.378087E+06
2.162122E+04 2.512783E+08 4.016930E+07 1.414306E+07 5.258055E+06
2.167287E+04 2.454777E+08 3.922497E+07 1.381530E+07 5.138024E+06
2.172452E+04 2.396771E+08 3.828064E+07 1.348755E+07 5.017992E+06
2.177616E+04 2.338765E+08 3.733631E+07 1.315980E+07 4.897961E+06
2.182781E+04 2.280759E+08 3.639198E+07 1.283205E+07 4.777930E+06
2.187945E+04 2.222753E+08 3.544765E+07 1.250430E+07 4.657898E+06
2.193110E+04 2.164746E+08 3.450332E+07 1.217654E+07 4.537867E+06
2.198275E+04 2.106740E+08 3.355899E+07 1.184879E+07 4.417835E+06
2.203439E+04 2.048734E+08 3.261466E+07 1.152104E+07 4.297804E+06
2.208604E+04 1.990728E+08 3.167033E+07 1.119329E+07 4.177772E+06
2.213769E+04 1.932722E+08 3.072600E+07 1.086553E+07 4.057741E+06
2.218933E+04 1.874716E+08 2.978167E+07 1.053778E+07 3.937710E+06
2.224098E+04 1.816710E+08 2.883734E+07 1.021003E+07 3.817678E+06
2.229263E+04 1.758703E+08 2.789301E+07 9.882276E+06 3.697647E+06
2.234427E+04 1.700697E+08 2.694868E+07 9.554524E+06 3.577615E+06
2.239592E+04 1.642691E+08 2.600435E+07 9.226772E+06 3.457584E+06
2.244756E+04 1.584685E+08 2.506002E+07 8.899019E+06 3.337553E+06
2.249921E+04 1.526679E+08 2.411569E+07 8.571267E+06 3.217521E+06
2.255086E+04 1.481712E+08 2.338869E+07 8.317931E+06 3.124317E+06
2.260250E+04 1.454099E+08 2.295092E+07 8.163636E+06 3.066818E+06
2.265415E+04 1.426486E+08 2.251316E+07 8.009340E+06 3.009318E+06
2.270580E+04 1.398872E+08 2.207540E+07 7.855044E+06 2.951819E+06
2.275744E+04 1.371259E+08 2.163764E+07 7.700748E+06 2.894320E+06
2.280909E+04 1.343646E+08 2.119987E+07 7.546453E+06 2.836820E+06
2.286074E+04 1.316033E+08 2.076211E+07 7.392157E+06 2.779321E+06
2.291238E+04 1.288420E+08 2.032435E+07 7.237861E+06 2.721821E+06
2.296403E+04 1.260807E+08 1.988659E+07 7.083566E+06 2.664322E+06
2.301567E+04 1.233194E+08 1.944882E+07 6.929270E+06 2.606822E+06
2.306732E+04 1.205580E+08 1.901106E+07 6.774974E+06 2.549323E+06
2.311897E+04 1.177967E+08 1.857330E+07 6.620679E+06 2.491823E+06
2.317061E+04 1.150354E+08 1.813554E+07 6.466383E+06 2.434324E+06
2.322226E+04 1.122741E+08 1.769777E+07 6.312087E+06 2.376824E+06
2.327391E+04 1.095128E+08 1.726001E+07 6.157792E+06 2.319325E+06
2.332555E+04 1.067515E+08 1.682225E+07 6.003496E+06 2.261826E+06
2.337720E+04 1.039901E+08 1.638449E+07 5.849200E+06 2.204326E+06
2.342885E+04 1.012288E+08 1.594672E+07 5.694905E+06 2.146827E+06
2.348049E+04 9.846751E+07 1.550896E+07 5.540609E+06 2.089327E+06
2.353214E+04 9.570619E+07 1.507120E+07 5.386313E+06 2.031828E+06
2.358378E+04 9.294488E+07 1.463343E+07 5.232017E+06 1.974328E+06
2.363543E+04 9.018356E+07 1.419567E+07 5.077722E+06 1.916829E+06
2.368708E+04 8.742224E+07 1.375791E+07 4.923426E+06 1.859329E+06
2.373872E+04 8.466093E+07 1.332015E+07 4.769130E+06 1.801830E+06
2.379037E+04 8.189961E+07 1.288238E+07 4.614835E+06 1.744330E+06
2.384202E+04 7.913830E+07 1.244462E+07 4.460539E+06 1.686831E+06
2.389366E+04 7.637698E+07 1.200686E+07 4.306243E+06 1.629331E+06
2.394531E+04 7.368038E+07 1.157936E+07 4.155535E+06 1.573162E+06
2.399696E+04 7.258254E+07 1.140528E+07 4.093440E+06 1.549848E+06
2.404860E+04 7.148470E+07 1.123120E+07 4.031345E+06 1.526534E+06
2.410025E+04 7.038686E+07 1.105712E+07 3.969250E+06 1.503220E+06
2.415189E+04 6.928902E+07 1.088304E+07 3.907155E+06 1.479906E+06
2.420354E+04 6.819118E+07 1.070897E+07 3.845060E+06 1.456593E+06
2.425519E+04 6.709334E+07 1.053489E+07 3.782965E+06 1.433279E+06
2.430683E+04 6.599550E+07 1.036081E+07 3.720870E+06 1.409965E+06
2.435848E+04 6.489766E+07 1.018673E+07 3.658775E+06 1.386651E+06
2.441013E+04 6.379982E+07 1.001265E+07 3.596680E+06 1.363337E+06
2.446177E+04 6.270198E+07 9.838575E+06 3.534585E+06 1.340023E+06
2.451342E+04 6.160414E+07 9.664497E+06 3.472491E+06 1.316709E+06
2.456507E+04 6.050630E+07 9.490419E+06 3.410396E+06 1.293395E+06
2.461671E+04 5.940846E+07 9.316341E+06 3.348301E+06 1.270082E+06
2.466836E+04 5.831062E+07 9.142263E+06 3.286206E+06 1.246768E+06
2.472000E+04 5.721278E+07 8.968185E+06 3.224111E+06 1.223454E+06
2.477165E+04 5.611494E+07 8.794107E+06 3.162016E+06 1.200140E+06
2.482330E+04 5.501710E+07 8.620028E+06 3.099921E+06 1.176826E+06
2.487494E+04 5.391926E+07 8.445950E+06 3.037826E+06 1.153512E+06
2.492659E+04 5.282142E+07 8.271872E+06 2.975731E+06 1.130198E+06
2.497824E+04 5.172358E+07 8.097794E+06 2.913636E+06 1.106884E+06
2.502988E+04 5.062574E+07 7.923716E+06 2.851541E+06 1.083571E+06
2.508153E+04 4.952790E+07 7.749638E+06 2.789446E+06 1.060257E+06
2.513318E+04 4.843006E+07 7.575560E+06 2.727351E+06 1.036943E+06
2.518482E+04 4.733222E+07 7.401482E+06 2.665256E+06 1.013629E+06
2.523647E+04 4.623438E+07 7.227404E+06 2.603162E+06 9.903151E+05
2.528811E+04 4.513654E+07 7.053326E+06 2.541067E+06 9.670012E+05
2.533976E+04 4.403870E+07 6.879248E+06 2.478972E+06 9.436874E+05
2.539141E+04 4.294086E+07 6.705170E+06 2.416877E+06 9.203735E+05
2.544305E+04 4.184302E+07 6.531092E+06 2.354782E+06 8.970596E+05
2.549470E+04 4.117192E+07 6.425664E+06 2.317125E+06 8.828649E+05
2.554635E+04 4.053372E+07 6.325527E+06 2.281353E+06 8.693731E+05
2.559799E+04 3.989551E+07 6.225391E+06 2.245580E+06 8.558812E+05
2.564964E+04 3.925731E+07 6.125254E+06 2.209807E+06 8.423894E+05
2.570129E+04 3.861910E+07 6.025118E+06 2.174034E+06 8.288976E+05
2.575293E+04 3.798090E+07 5.924981E+06 2.138262E+06 8.154058E+05
2.580458E+04 3.734269E+07 5.824845E+06 2.102489E+06 8.019140E+05
2.585622E+04 3.670449E+07 5.724708E+06 2.066716E+06 7.884222E+05
2.590787E+04 3.606629E+07 5.624572E+06 2.030943E+06 7.749304E+05
2.595952E+04 3.542808E+07 5.524435E+06 1.995171E+06 7.614385E+05
2.601116E+04 3.478988E+07 5.424299E+06 1.959398E+06 7.479467E+05
2.606281E+04 3.415167E+07 5.324162E+06 1.923625E+06 7.344549E+05
2.611446E+04 3.351347E+07 5.224026E+06 1.887852E+06 7.209631E+05
2.616610E+04 3.287526E+07 5.123889E+06 1.852080E+06 7.074713E+05
2.621775E+04 3.223706E+07 5.023753E+06 1.816307E+06 6.939795E+05
2.626940E+04 3.159885E+07 4.923617E+06 1.780534E+06 6.804877E+05
2.632104E+04 3.096065E+07 4.823480E+06 1.744761E+06 6.669959E+05
2.637269E+04 3.032244E+07 4.723344E+06 1.708989E+06 6.535040E+05
2.642433E+04 2.968424E+07 4.623207E+06 1.673216E+06 6.400122E+05
2.647598E+04 2.904603E+07 4.523071E+06 1.637443E+06 6.265204E+05
2.652763E+04 2.840783E+07 4.422934E+06 1.601670E+06 6.130286E+05
2.657927E+04 2.776962E+07 4.322798E+06 1.565898E+06 5.995368E+05
2.663092E+04 2.713142E+07 4.222661E+06 1.530125E+06 5.860450E+05
2.668257E+04 2.649321E+07 4.122525E+06 1.494352E+06 5.725532E+05
2.673421E+04 2.585501E+07 4.022388E+06 1.458579E+06 5.590613E+05
2.678586E+04 2.521680E+07 3.922252E+06 1.422807E+06 5.455695E+05
2.683751E+04 2.457860E+07 3.822115E+06 1.387034E+06 5.320777E+05
2.688915E+04 2.394039E+07 3.721979E+06 1.351261E+06 5.185859E+05
2.694080E+04 2.330219E+07 3.621842E+06 1.315488E+06 5.050941E+05
2.699244E+04 2.266398E+07 3.521706E+06 1.279716E+06 4.916023E+05
2.704409E+04 2.202578E+07 3.421569E+06 1.243943E+06 4.781105E+05
2.709574E+04 2.165995E+07 3.365031E+06 1.223502E+06 4.703315E+05
2.714738E+04 2.129670E+07 3.308904E+06 1.203206E+06 4.626067E+05
2.719903E+04 2.093345E+07 3.252778E+06 1.182910E+06 4.548818E+05
2.725068E+04 2.057020E+07 3.196651E+06 1.162614E+06 4.471569E+05
2.730232E+04 2.020695E+07 3.140525E+06 1.142318E+06 4.394320E+05
2.735397E+04 1.984370E+07 3.084398E+06 1.122022E+06 4.317071E+05
2.740562E+04 1.948045E+07 3.028272E+06 1.101726E+06 4.239822E+05
2.745726E+04 1.911720E+07 2.972145E+06 1.081430E+06 4.162573E+05
2.750891E+04 1.875395E+07 2.916019E+06 1.061134E+06 4.085324E+05
2.756055E+04 1.839070E+07 2.859892E+06 1.040838E+06 4.008075E+05
2.761220E+04 1.802745E+07 2.803766E+06 1.020542E+06 3.930826E+05
2.766385E+04 1.766420E+07 2.747639E+06 1.000246E+06 3.853577E+05
2.771549E+04 1.730095E+07 2.691513E+06 9.799498E+05 3.776328E+05
2.776714E+04 1.693770E+07 2.635386E+06 9.596538E+05 3.699079E+05
2.781879E+04 1.657445E+07 2.579260E+06 9.393578E+05 3.621830E+05
2.787043E+04 1.621120E+07 2.523133E+06 9.190618E+05 3.544581E+05
2.792208E+04 1.584795E+07 2.467007E+06 8.987658E+05 3.467332E+05
2.797373E+04 1.548470E+07 2.410880E+06 8.784698E+05 3.390083E+05
2.802537E+04 1.512145E+07 2.354754E+06 8.581738E+05 3.312834E+05
2.807702E+04 1.475820E+07 2.298627E+06 8.378778E+05 3.235585E+05
2.812867E+04 1.439495E+07 2.242501E+06 8.175818E+05 3.158336E+05
2.818031E+04 1.403170E+07 2.186374E+06 7.972858E+05 3.081087E+05
2.823196E+04 1.366845E+07 2.130248E+06 7.769897E+05 3.003838E+05
2.828360E+04 1.330520E+07 2.074121E+06 7.566937E+05 2.926589E+05
2.833525E+04 1.294195E+07 2.017995E+06 7.363977E+05 2.849340E+05
2.838690E+04 1.257870E+07 1.961868E+06 7.161017E+05 2.772091E+05
2.843854E+04 1.221545E+07 1.905742E+06 6.958057E+05 2.694842E+05
2.849019E+04 1.185220E+07 1.849615E+06 6.755097E+05 2.617593E+05
2.854184E+04 1.148895E+07 1.793489E+06 6.552137E+05 2.540344E+05
2.859348E+04 1.112570E+07 1.737362E+06 6.349177E+05 2.463095E+05
2.864513E+04 1.076245E+07 1.681236E+06 6.146217E+05 2.385846E+05
2.869678E+04 1.039920E+07 1.625109E+06 5.943257E+05 2.308597E+05
2.874842E+04 1.005351E+07 1.571687E+06 5.750011E+05 2.235017E+05
2.880007E+04 9.903835E+06 1.548456E+06 5.665206E+05 2.202390E+05
2.885171E+04 9.754162E+06 1.525225E+06 5.580400E+05 2.169763E+05
2.890336E+04 9.604488E+06 1.501993E+06 5.495595E+05 2.137136E+05
2.895501E+04 9.454814E+06 1.478762E+06 5.410790E+05 2.104509E+05
2.900665E+04 9.305140E+06 1.455531E+06 5.325984E+05 2.071883E+05
2.905830E+04 9.155466E+06 1.432299E+06 5.241179E+05 2.039256E+05
2.910995E+04 9.005792E+06 1.409068E+06 5.156373E+05 2.006629E+05
2.916159E+04 8.856119E+06 1.385837E+06 5.071568E+05 1.974002E+05
2.921324E+04 8.706445E+06 1.362605E+06 4.986762E+05 1.941375E+05
2.926489E+04 8.556771E+06 1.339374E+06 4.901957E+05 1.908748E+05
2.931653E+04 8.407097E+06 1.316143E+06 4.817151E+05 1.876122E+05
2.936818E+04 8.257423E+06 1.292912E+06 4.732346E+05 1.843495E+05
2.941982E+04 8.107750E+06 1.269680E+06 4.647540E+05 1.810868E+05
2.947147E+04 7.958076E+06 1.246449E+06 4.562735E+05 1.778241E+05
2.952312E+04 7.808402E+06 1.223218E+06 4.477929E+05 1.745614E+05
2.957476E+04 7.658728E+06 1.199986E+06 4.393124E+05 1.712987E+05
2.962641E+04 7.509054E+06 1.176755E+06 4.308318E+05 1.680361E+05
2.967806E+04 7.359380E+06 1.153524E+06 4.223513E+05 1.647734E+05
2.972970E+04 7.209707E+06 1.130292E+06 4.138707E+05 1.615107E+05
2.978135E+04 7.060033E+06 1.107061E+06 4.053902E+05 1.582480E+05
2.983300E+04 6.910359E+06 1.083830E+06 3.969097E+05 1.549853E+05
2.988464E+04 6.760685E+06 1.060599E+06 3.884291E+05 1.517226E+05
2.993629E+04 6.611011E+06 1.037367E+06 3.799486E+05 1.484600E+05
2.998793E+04 6.461338E+06 1.014136E+06 3.714680E+05 1.451973E+05
3.003958E+04 6.311664E+06 9.909046E+05 3.629875E+05 1.419346E+05
3.009123E+04 6.161990E+06 9.676733E+05 3.545069E+05 1.386719E+05
3.014287E+04 6.012316E+06 9.444420E+05 3.460264E+05 1.354092E+05
3.019452E+04 5.862642E+06 9.212107E+05 3.375458E+05 1.321465E+05
3.024617E+04 5.712968E+06 8.979794E+05 3.290653E+05 1.288839E+05
3.029781E+04 5.563295E+06 8.747481E+05 3.205847E+05 1.256212E+05
3.034946E+04 5.413621E+06 8.515168E+05 3.121042E+05 1.223585E+05
3.040111E+04 5.263947E+06 8.282855E+05 3.036236E+05 1.190958E+05
3.045275E+04 5.114273E+06 8.050542E+05 2.951431E+05 1.158331E+05
3.050440E+04 4.964599E+06 7.818229E+05 2.866625E+05 1.125705E+05
3.055604E+04 4.880259E+06 7.686162E+05 2.818476E+05 1.107023E+05
3.060769E+04 4.824589E+06 7.598087E+05 2.786413E+05 1.094460E+05
3.065934E+04 4.768920E+06 7.510012E+05 2.754349E+05 1.081898E+05
3.071098E+04 4.713250E+06 7.421938E+05 2.722286E+05 1.069336E+05
3.076263E+04 4.657581E+06 7.333863E+05 2.690223E+05 1.056773E+05
3.081428E+04 4.601911E+06 7.245789E+05 2.658160E+05 1.044211E+05
3.086592E+04 4.546242E+06 7.157714E+05 2.626096E+05 1.031649E+05
3.091757E+04 4.490572E+06 7.069639E+05 2.594033E+05 1.019087E+05
3.096922E+04 4.434903E+06 6.981565E+05 2.561970E+05 1.006524E+05
3.102086E+04 4.379233E+06 6.893490E+05 2.529907E+05 9.939621E+04
3.107251E+04 4.323564E+06 6.805416E+05 2.497844E+05 9.813999E+04
3.112415E+04 4.267894E+06 6.717341E+05 2.465780E+05 9.688376E+04
3.117580E+04 4.212225E+06 6.629266E+05 2.433717E+05 9.562753E+04
3.122745E+04 4.156555E+06 6.541192E+05 2.401654E+05 9.437131E+04
3.127909E+04 4.100886E+06 6.453117E+05 2.369591E+05 9.311508E+04
3.133074E+04 4.045216E+06 6.365043E+05 2.337527E+05 9.185885E+04
3.138239E+04 3.989547E+06 6.276968E+05 2.305464E+05 9.060263E+04
3.143403E+04 3.933877E+06 6.188893E+05 2.273401E+05 8.934640E+04
3.148568E+04 3.878208E+06 6.100819E+05 2.241338E+05 8.809017E+04
3.153733E+04 3.822538E+06 6.012744E+05 2.209274E+05 8.683395E+04
3.158897E+04 3.766869E+06 5.924669E+05 2.177211E+05 8.557772E+04
3.164062E+04 3.711199E+06 5.836595E+05 2.145148E+05 8.432149E+04
3.169226E+04 3.655529E+06 5.748520E+05 2.113085E+05 8.306526E+04
3.174391E+04 3.599860E+06 5.660446E+05 2.081021E+05 8.180904E+04
3.179556E+04 3.544190E+06 5.572371E+05 2.048958E+05 8.055281E+04
3.184720E+04 3.488521E+06 5.484296E+05 2.016895E+05 7.929658E+04
3.189885E+04 3.432851E+06 5.396222E+05 1.984832E+05 7.804036E+04
3.195050E+04 3.377182E+06 5.308147E+05 1.952769E+05 7.678413E+04
3.200214E+04 3.321512E+06 5.220073E+05 1.920705E+05 7.552790E+04
3.205379E+04 3.265843E+06 5.131998E+05 1.888642E+05 7.427168E+04
3.210544E+04 3.210173E+06 5.043923E+05 1.856579E+05 7.301545E+04
3.215708E+04 3.154504E+06 4.955849E+05 1.824516E+05 7.175922E+04
3.220873E+04 3.098834E+06 4.867774E+05 1.792452E+05 7.050300E+04
3.226037E+04 3.050647E+06 4.791542E+05 1.764682E+05 6.941463E+04
3.231202E+04 3.017878E+06 4.739712E+05 1.745758E+05 6.867218E+04
3.236367E+04 2.985108E+06 4.687883E+05 1.726833E+05 6.792973E+04
3.241531E+04 2.952339E+06 4.636053E+05 1.707909E+05 6.718728E+04
3.246696E+04 2.919570E+06 4.584224E+05 1.688985E+05 6.644483E+04
3.251861E+04 2.886800E+06 4.532394E+05 1.670060E+05 6.570237E+04
3.257025E+04 2.854031E+06 4.480564E+05 1.651136E+05 6.495992E+04
3.262190E+04 2.821262E+06 4.428735E+05 1.632212E+05 6.421747E+04
3.267355E+04 2.788492E+06 4.376905E+05 1.613287E+05 6.347502E+04
3.272519E+04 2.755723E+06 4.325076E+05 1.594363E+05 6.273257E+04
3.277684E+04 2.722954E+06 4.273246E+05 1.575438E+05 6.199011E+04
3.282848E+04 2.690184E+06 4.221417E+05 1.556514E+05 6.124766E+04
3.288013E+04 2.657415E+06 4.169587E+05 1.537590E+05 6.050521E+04
3.293178E+04 2.624646E+06 4.117757E+05 1.518665E+05 5.976276E+04
3.298342E+04 2.591876E+06 4.065928E+05 1.499741E+05 5.902031E+04
3.303507E+04 2.559107E+06 4.014098E+05 1.480817E+05 5.827786E+04
3.308672E+04 2.526338E+06 3.962269E+05 1.461892E+05 5.753540E+04
3.313836E+04 2.493568E+06 3.910439E+05 1.442968E+05 5.679295E+04
3.319001E+04 2.460799E+06 3.858610E+05 1.424044E+05 5.605050E+04
3.324166E+04 2.428030E+06 3.806780E+05 1.405119E+05 5.530805E+04
3.329330E+04 2.395260E+06 3.754950E+05 1.386195E+05 5.456560E+04
3.334495E+04 2.362491E+06 3.703121E+05 1.367271E+05 5.382314E+04
3.339659E+04 2.329722E+06 3.651291E+05 1.348346E+05 5.308069E+04
3.344824E+04 2.296952E+06 3.599462E+05 1.329422E+05 5.233824E+04
3.349989E+04 2.264183E+06 3.547632E+05 1.310498E+05 5.159579E+04
3.355153E+04 2.231414E+06 3.495803E+05 1.291573E+05 5.085334E+04
3.360318E+04 2.198644E+06 3.443973E+05 1.272649E+05 5.011088E+04
3.365483E+04 2.165875E+06 3.392143E+05 1.253724E+05 4.936843E+04
3.370647E+04 2.133106E+06 3.340314E+05 1.234800E+05 4.862598E+04
3.375812E+04 2.100336E+06 3.288484E+05 1.215876E+05 4.788353E+04
3.380977E+04 2.061491E+06 3.228439E+05 1.193630E+05 4.701595E+04
3.386141E+04 2.020180E+06 3.165059E+05 1.170037E+05 4.609761E+04
3.391306E+04 1.978869E+06 3.101680E+05 1.146444E+05 4.517926E+04
3.396470E+04 1.937558E+06 3.038301E+05 1.122852E+05 4.426092E+04
3.401635E+04 1.896247E+06 2.974922E+05 1.099259E+05 4.334257E+04
3.406800E+04 1.854937E+06 2.911543E+05 1.075666E+05 4.242423E+04
3.411964E+04 1.813626E+06 2.848164E+05 1.052073E+05 4.150588E+04
3.417129E+04 1.772315E+06 2.784784E+05 1.028480E+05 4.058754E+04
3.422294E+04 1.731004E+06 2.721405E+05 1.004887E+05 3.966920E+04
3.427458E+04 1.689693E+06 2.658026E+05 9.812943E+04 3.875085E+04
3.432623E+04 1.648382E+06 2.594647E+05 9.577014E+04 3.783251E+04
3.437788E+04 1.607071E+06 2.531268E+05 9.341085E+04 3.691416E+04
3.442952E+04 1.565760E+06 2.467889E+05 9.105157E+04 3.599582E+04
3.448117E+04 1.524450E+06 2.404509E+05 8.869228E+04 3.507748E+04
3.453281E+04 1.483139E+06 2.341130E+05 8.633299E+04 3.415913E+04
3.458446E+04 1.441828E+06 2.277751E+05 8.397370E+04 3.324079E+04
3.463611E+04 1.400517E+06 2.214372E+05 8.161441E+04 3.232244E+04
3.468775E+04 1.359206E+06 2.150993E+05 7.925512E+04 3.140410E+04
3.473940E+04 1.317895E+06 2.087614E+05 7.689584E+04 3.048575E+04
