#NTIMES: 50
#NVEL: 115
#TIMES[d]: 199.16 202.03 204.93 207.87 210.86 213.89 216.97 220.09 223.25 226.46 229.71 233.01 236.36 239.76 243.21 246.70 250.25 253.85 257.50 261.20 264.95 268.76 272.62 276.54 280.51 284.55 288.64 292.79 296.99 301.26 305.59 309.99 314.44 318.96 323.55 328.19 332.91 337.70 342.55 347.48 352.47 357.54 362.68 367.89 373.18 378.54 383.98 389.50 395.10 400.78
#vel_mid[km/s] Edep_t0[erg/s/cm^3] Edep_t1[erg/s/cm^3] ... Edep_tn[erg/s/cm^3]
425.78 1.038e-08 9.428e-09 8.595e-09 7.823e-09 7.117e-09 6.452e-09 5.863e-09 5.339e-09 4.855e-09 4.403e-09 4.007e-09 3.644e-09 3.296e-09 2.982e-09 2.712e-09 2.460e-09 2.226e-09 2.025e-09 1.833e-09 1.652e-09 1.495e-09 1.353e-09 1.222e-09 1.110e-09 9.987e-10 8.989e-10 8.107e-10 7.337e-10 6.629e-10 5.972e-10 5.366e-10 4.831e-10 4.352e-10 3.930e-10 3.514e-10 3.162e-10 2.833e-10 2.552e-10 2.286e-10 2.066e-10 1.842e-10 1.656e-10 1.485e-10 1.326e-10 1.186e-10 1.061e-10 9.508e-11 8.494e-11 7.570e-11 6.766e-11
857.79 1.051e-08 9.549e-09 8.682e-09 7.904e-09 7.184e-09 6.531e-09 5.938e-09 5.395e-09 4.925e-09 4.441e-09 4.051e-09 3.693e-09 3.329e-09 3.011e-09 2.728e-09 2.481e-09 2.249e-09 2.052e-09 1.857e-09 1.673e-09 1.507e-09 1.373e-09 1.237e-09 1.118e-09 1.008e-09 9.077e-10 8.210e-10 7.412e-10 6.700e-10 6.031e-10 5.427e-10 4.883e-10 4.383e-10 3.979e-10 3.541e-10 3.202e-10 2.865e-10 2.584e-10 2.316e-10 2.084e-10 1.864e-10 1.673e-10 1.507e-10 1.344e-10 1.199e-10 1.073e-10 9.597e-11 8.553e-11 7.663e-11 6.838e-11
878.44 1.054e-08 9.569e-09 8.704e-09 7.906e-09 7.185e-09 6.529e-09 5.922e-09 5.406e-09 4.920e-09 4.460e-09 4.048e-09 3.687e-09 3.331e-09 3.026e-09 2.734e-09 2.483e-09 2.252e-09 2.047e-09 1.854e-09 1.672e-09 1.513e-09 1.374e-09 1.239e-09 1.119e-09 1.009e-09 9.108e-10 8.200e-10 7.420e-10 6.698e-10 6.051e-10 5.431e-10 4.894e-10 4.393e-10 3.972e-10 3.548e-10 3.201e-10 2.868e-10 2.583e-10 2.318e-10 2.087e-10 1.865e-10 1.673e-10 1.507e-10 1.343e-10 1.198e-10 1.074e-10 9.610e-11 8.575e-11 7.665e-11 6.860e-11
917.72 1.056e-08 9.585e-09 8.737e-09 7.937e-09 7.208e-09 6.561e-09 5.946e-09 5.420e-09 4.937e-09 4.466e-09 4.059e-09 3.699e-09 3.346e-09 3.039e-09 2.754e-09 2.489e-09 2.264e-09 2.054e-09 1.862e-09 1.675e-09 1.520e-09 1.374e-09 1.242e-09 1.123e-09 1.014e-09 9.110e-10 8.226e-10 7.460e-10 6.728e-10 6.071e-10 5.466e-10 4.902e-10 4.409e-10 3.980e-10 3.555e-10 3.213e-10 2.881e-10 2.585e-10 2.321e-10 2.088e-10 1.878e-10 1.678e-10 1.505e-10 1.348e-10 1.204e-10 1.076e-10 9.616e-11 8.586e-11 7.685e-11 6.876e-11
973.04 1.059e-08 9.638e-09 8.779e-09 7.968e-09 7.243e-09 6.591e-09 5.979e-09 5.439e-09 4.958e-09 4.495e-09 4.086e-09 3.718e-09 3.354e-09 3.051e-09 2.768e-09 2.502e-09 2.271e-09 2.061e-09 1.864e-09 1.685e-09 1.526e-09 1.378e-09 1.246e-09 1.125e-09 1.019e-09 9.150e-10 8.286e-10 7.484e-10 6.771e-10 6.081e-10 5.485e-10 4.925e-10 4.424e-10 4.000e-10 3.562e-10 3.218e-10 2.894e-10 2.598e-10 2.335e-10 2.094e-10 1.884e-10 1.685e-10 1.518e-10 1.354e-10 1.210e-10 1.078e-10 9.673e-11 8.619e-11 7.706e-11 6.890e-11
1034.98 1.063e-08 9.674e-09 8.791e-09 8.003e-09 7.266e-09 6.632e-09 6.005e-09 5.481e-09 4.977e-09 4.526e-09 4.105e-09 3.731e-09 3.380e-09 3.065e-09 2.778e-09 2.518e-09 2.281e-09 2.069e-09 1.868e-09 1.691e-09 1.528e-09 1.385e-09 1.252e-09 1.130e-09 1.022e-09 9.200e-10 8.319e-10 7.516e-10 6.778e-10 6.109e-10 5.500e-10 4.943e-10 4.440e-10 4.016e-10 3.589e-10 3.237e-10 2.905e-10 2.605e-10 2.344e-10 2.106e-10 1.890e-10 1.692e-10 1.520e-10 1.359e-10 1.215e-10 1.082e-10 9.688e-11 8.673e-11 7.764e-11 6.892e-11
1099.97 1.067e-08 9.711e-09 8.834e-09 8.047e-09 7.310e-09 6.657e-09 6.049e-09 5.508e-09 4.995e-09 4.541e-09 4.120e-09 3.740e-09 3.392e-09 3.073e-09 2.795e-09 2.526e-09 2.293e-09 2.076e-09 1.878e-09 1.702e-09 1.537e-09 1.390e-09 1.256e-09 1.133e-09 1.026e-09 9.252e-10 8.358e-10 7.538e-10 6.800e-10 6.142e-10 5.520e-10 4.967e-10 4.467e-10 4.033e-10 3.606e-10 3.252e-10 2.924e-10 2.622e-10 2.351e-10 2.110e-10 1.894e-10 1.697e-10 1.522e-10 1.368e-10 1.219e-10 1.085e-10 9.733e-11 8.701e-11 7.770e-11 6.933e-11
1169.04 1.078e-08 9.802e-09 8.905e-09 8.115e-09 7.374e-09 6.713e-09 6.093e-09 5.549e-09 5.047e-09 4.575e-09 4.152e-09 3.773e-09 3.418e-09 3.105e-09 2.814e-09 2.552e-09 2.309e-09 2.094e-09 1.891e-09 1.709e-09 1.551e-09 1.404e-09 1.268e-09 1.145e-09 1.037e-09 9.326e-10 8.434e-10 7.604e-10 6.867e-10 6.193e-10 5.561e-10 5.005e-10 4.509e-10 4.066e-10 3.639e-10 3.280e-10 2.942e-10 2.645e-10 2.373e-10 2.130e-10 1.911e-10 1.709e-10 1.536e-10 1.379e-10 1.228e-10 1.096e-10 9.813e-11 8.785e-11 7.832e-11 6.997e-11
1242.44 1.108e-08 1.008e-08 9.165e-09 8.358e-09 7.585e-09 6.920e-09 6.267e-09 5.719e-09 5.199e-09 4.720e-09 4.274e-09 3.887e-09 3.520e-09 3.199e-09 2.903e-09 2.632e-09 2.380e-09 2.164e-09 1.950e-09 1.765e-09 1.600e-09 1.447e-09 1.305e-09 1.180e-09 1.068e-09 9.634e-10 8.698e-10 7.847e-10 7.080e-10 6.389e-10 5.742e-10 5.180e-10 4.643e-10 4.191e-10 3.762e-10 3.396e-10 3.039e-10 2.728e-10 2.455e-10 2.201e-10 1.973e-10 1.770e-10 1.588e-10 1.422e-10 1.268e-10 1.133e-10 1.013e-10 9.103e-11 8.112e-11 7.240e-11
1320.45 1.209e-08 1.097e-08 1.000e-08 9.103e-09 8.294e-09 7.531e-09 6.868e-09 6.233e-09 5.676e-09 5.158e-09 4.683e-09 4.250e-09 3.855e-09 3.502e-09 3.181e-09 2.875e-09 2.614e-09 2.364e-09 2.139e-09 1.938e-09 1.755e-09 1.586e-09 1.433e-09 1.298e-09 1.173e-09 1.056e-09 9.556e-10 8.628e-10 7.794e-10 7.024e-10 6.338e-10 5.698e-10 5.133e-10 4.618e-10 4.153e-10 3.745e-10 3.362e-10 3.021e-10 2.708e-10 2.434e-10 2.186e-10 1.959e-10 1.757e-10 1.578e-10 1.407e-10 1.260e-10 1.128e-10 1.010e-10 8.992e-11 8.043e-11
1403.37 1.371e-08 1.246e-08 1.134e-08 1.033e-08 9.420e-09 8.572e-09 7.790e-09 7.094e-09 6.452e-09 5.864e-09 5.330e-09 4.835e-09 4.393e-09 3.989e-09 3.619e-09 3.286e-09 2.984e-09 2.695e-09 2.448e-09 2.211e-09 2.006e-09 1.817e-09 1.640e-09 1.490e-09 1.346e-09 1.213e-09 1.098e-09 9.929e-10 8.958e-10 8.082e-10 7.288e-10 6.564e-10 5.904e-10 5.333e-10 4.799e-10 4.323e-10 3.890e-10 3.495e-10 3.142e-10 2.820e-10 2.533e-10 2.270e-10 2.043e-10 1.832e-10 1.641e-10 1.467e-10 1.314e-10 1.178e-10 1.052e-10 9.408e-11
1491.49 1.528e-08 1.392e-08 1.266e-08 1.155e-08 1.053e-08 9.582e-09 8.725e-09 7.934e-09 7.218e-09 6.567e-09 5.969e-09 5.421e-09 4.917e-09 4.470e-09 4.070e-09 3.694e-09 3.342e-09 3.033e-09 2.751e-09 2.490e-09 2.257e-09 2.048e-09 1.851e-09 1.678e-09 1.519e-09 1.372e-09 1.242e-09 1.122e-09 1.014e-09 9.146e-10 8.247e-10 7.429e-10 6.702e-10 6.049e-10 5.457e-10 4.907e-10 4.421e-10 3.978e-10 3.576e-10 3.218e-10 2.891e-10 2.597e-10 2.336e-10 2.093e-10 1.879e-10 1.679e-10 1.506e-10 1.349e-10 1.207e-10 1.078e-10
1585.14 1.653e-08 1.507e-08 1.373e-08 1.252e-08 1.139e-08 1.038e-08 9.451e-09 8.628e-09 7.839e-09 7.127e-09 6.492e-09 5.899e-09 5.354e-09 4.873e-09 4.437e-09 4.011e-09 3.646e-09 3.308e-09 3.001e-09 2.715e-09 2.465e-09 2.236e-09 2.023e-09 1.831e-09 1.660e-09 1.499e-09 1.360e-09 1.229e-09 1.108e-09 1.002e-09 9.044e-10 8.163e-10 7.373e-10 6.650e-10 5.991e-10 5.400e-10 4.866e-10 4.381e-10 3.943e-10 3.544e-10 3.189e-10 2.867e-10 2.582e-10 2.316e-10 2.078e-10 1.857e-10 1.668e-10 1.497e-10 1.341e-10 1.195e-10
1684.67 1.782e-08 1.624e-08 1.480e-08 1.350e-08 1.229e-08 1.120e-08 1.023e-08 9.313e-09 8.477e-09 7.715e-09 7.013e-09 6.387e-09 5.806e-09 5.280e-09 4.806e-09 4.356e-09 3.961e-09 3.594e-09 3.262e-09 2.957e-09 2.684e-09 2.439e-09 2.206e-09 1.998e-09 1.810e-09 1.639e-09 1.486e-09 1.344e-09 1.215e-09 1.097e-09 9.916e-10 8.946e-10 8.085e-10 7.309e-10 6.583e-10 5.946e-10 5.354e-10 4.830e-10 4.345e-10 3.912e-10 3.523e-10 3.166e-10 2.850e-10 2.566e-10 2.300e-10 2.061e-10 1.849e-10 1.662e-10 1.489e-10 1.332e-10
1790.45 1.911e-08 1.741e-08 1.589e-08 1.453e-08 1.322e-08 1.206e-08 1.101e-08 1.003e-08 9.138e-09 8.329e-09 7.592e-09 6.903e-09 6.272e-09 5.706e-09 5.194e-09 4.719e-09 4.288e-09 3.902e-09 3.540e-09 3.218e-09 2.919e-09 2.653e-09 2.402e-09 2.178e-09 1.975e-09 1.792e-09 1.622e-09 1.470e-09 1.331e-09 1.203e-09 1.088e-09 9.837e-10 8.888e-10 8.037e-10 7.261e-10 6.545e-10 5.914e-10 5.327e-10 4.803e-10 4.328e-10 3.898e-10 3.513e-10 3.162e-10 2.848e-10 2.558e-10 2.297e-10 2.061e-10 1.855e-10 1.662e-10 1.489e-10
1902.87 2.018e-08 1.840e-08 1.681e-08 1.535e-08 1.400e-08 1.277e-08 1.168e-08 1.063e-08 9.694e-09 8.841e-09 8.061e-09 7.351e-09 6.683e-09 6.082e-09 5.542e-09 5.037e-09 4.582e-09 4.165e-09 3.791e-09 3.447e-09 3.132e-09 2.849e-09 2.582e-09 2.340e-09 2.125e-09 1.932e-09 1.748e-09 1.587e-09 1.439e-09 1.303e-09 1.179e-09 1.066e-09 9.646e-10 8.725e-10 7.893e-10 7.121e-10 6.448e-10 5.817e-10 5.241e-10 4.732e-10 4.277e-10 3.846e-10 3.469e-10 3.124e-10 2.815e-10 2.528e-10 2.273e-10 2.047e-10 1.835e-10 1.650e-10
2022.36 2.153e-08 1.965e-08 1.795e-08 1.641e-08 1.500e-08 1.369e-08 1.251e-08 1.142e-08 1.043e-08 9.517e-09 8.676e-09 7.917e-09 7.207e-09 6.569e-09 5.987e-09 5.454e-09 4.967e-09 4.519e-09 4.119e-09 3.743e-09 3.408e-09 3.098e-09 2.819e-09 2.556e-09 2.324e-09 2.110e-09 1.915e-09 1.739e-09 1.580e-09 1.433e-09 1.297e-09 1.176e-09 1.065e-09 9.644e-10 8.722e-10 7.885e-10 7.152e-10 6.454e-10 5.831e-10 5.273e-10 4.756e-10 4.297e-10 3.875e-10 3.491e-10 3.150e-10 2.835e-10 2.553e-10 2.296e-10 2.067e-10 1.857e-10
2149.34 2.304e-08 2.106e-08 1.927e-08 1.764e-08 1.613e-08 1.473e-08 1.349e-08 1.232e-08 1.126e-08 1.029e-08 9.370e-09 8.571e-09 7.816e-09 7.137e-09 6.509e-09 5.937e-09 5.411e-09 4.931e-09 4.493e-09 4.094e-09 3.730e-09 3.396e-09 3.093e-09 2.809e-09 2.559e-09 2.328e-09 2.111e-09 1.921e-09 1.748e-09 1.585e-09 1.439e-09 1.306e-09 1.184e-09 1.074e-09 9.728e-10 8.804e-10 7.989e-10 7.229e-10 6.544e-10 5.916e-10 5.354e-10 4.837e-10 4.367e-10 3.950e-10 3.559e-10 3.211e-10 2.895e-10 2.610e-10 2.351e-10 2.117e-10
2284.30 2.478e-08 2.268e-08 2.077e-08 1.903e-08 1.742e-08 1.595e-08 1.461e-08 1.336e-08 1.223e-08 1.118e-08 1.022e-08 9.346e-09 8.533e-09 7.802e-09 7.125e-09 6.504e-09 5.937e-09 5.420e-09 4.946e-09 4.510e-09 4.116e-09 3.755e-09 3.421e-09 3.115e-09 2.838e-09 2.586e-09 2.350e-09 2.143e-09 1.947e-09 1.773e-09 1.611e-09 1.463e-09 1.329e-09 1.207e-09 1.095e-09 9.937e-10 9.023e-10 8.175e-10 7.407e-10 6.712e-10 6.082e-10 5.499e-10 4.979e-10 4.505e-10 4.072e-10 3.672e-10 3.315e-10 2.995e-10 2.702e-10 2.437e-10
2427.74 2.626e-08 2.409e-08 2.211e-08 2.027e-08 1.859e-08 1.702e-08 1.561e-08 1.430e-08 1.310e-08 1.200e-08 1.099e-08 1.006e-08 9.195e-09 8.405e-09 7.704e-09 7.037e-09 6.440e-09 5.877e-09 5.369e-09 4.905e-09 4.484e-09 4.095e-09 3.733e-09 3.408e-09 3.107e-09 2.833e-09 2.582e-09 2.356e-09 2.146e-09 1.954e-09 1.779e-09 1.619e-09 1.472e-09 1.338e-09 1.215e-09 1.106e-09 1.005e-09 9.121e-10 8.276e-10 7.499e-10 6.803e-10 6.166e-10 5.591e-10 5.060e-10 4.582e-10 4.140e-10 3.745e-10 3.384e-10 3.056e-10 2.760e-10
2580.18 2.703e-08 2.483e-08 2.279e-08 2.092e-08 1.922e-08 1.763e-08 1.618e-08 1.484e-08 1.361e-08 1.247e-08 1.142e-08 1.048e-08 9.598e-09 8.792e-09 8.060e-09 7.374e-09 6.745e-09 6.174e-09 5.650e-09 5.166e-09 4.728e-09 4.320e-09 3.943e-09 3.607e-09 3.291e-09 3.005e-09 2.744e-09 2.503e-09 2.285e-09 2.081e-09 1.897e-09 1.730e-09 1.574e-09 1.433e-09 1.304e-09 1.187e-09 1.079e-09 9.810e-10 8.909e-10 8.095e-10 7.347e-10 6.665e-10 6.049e-10 5.488e-10 4.967e-10 4.500e-10 4.075e-10 3.684e-10 3.331e-10 3.012e-10
2742.19 2.633e-08 2.421e-08 2.225e-08 2.045e-08 1.878e-08 1.726e-08 1.584e-08 1.455e-08 1.335e-08 1.226e-08 1.125e-08 1.032e-08 9.467e-09 8.675e-09 7.953e-09 7.296e-09 6.685e-09 6.118e-09 5.605e-09 5.129e-09 4.700e-09 4.302e-09 3.931e-09 3.593e-09 3.284e-09 3.004e-09 2.743e-09 2.504e-09 2.289e-09 2.089e-09 1.906e-09 1.739e-09 1.583e-09 1.444e-09 1.315e-09 1.197e-09 1.090e-09 9.922e-10 9.025e-10 8.198e-10 7.450e-10 6.766e-10 6.143e-10 5.577e-10 5.059e-10 4.579e-10 4.149e-10 3.761e-10 3.402e-10 3.076e-10
2914.37 2.369e-08 2.181e-08 2.004e-08 1.845e-08 1.696e-08 1.559e-08 1.432e-08 1.316e-08 1.209e-08 1.110e-08 1.019e-08 9.361e-09 8.597e-09 7.885e-09 7.236e-09 6.639e-09 6.083e-09 5.575e-09 5.114e-09 4.686e-09 4.293e-09 3.932e-09 3.598e-09 3.292e-09 3.013e-09 2.756e-09 2.518e-09 2.301e-09 2.102e-09 1.921e-09 1.754e-09 1.601e-09 1.460e-09 1.332e-09 1.214e-09 1.106e-09 1.008e-09 9.179e-10 8.345e-10 7.591e-10 6.902e-10 6.272e-10 5.699e-10 5.176e-10 4.697e-10 4.257e-10 3.861e-10 3.501e-10 3.170e-10 2.866e-10
3097.37 1.901e-08 1.751e-08 1.612e-08 1.483e-08 1.364e-08 1.254e-08 1.153e-08 1.060e-08 9.743e-09 8.945e-09 8.217e-09 7.548e-09 6.942e-09 6.367e-09 5.846e-09 5.365e-09 4.922e-09 4.511e-09 4.135e-09 3.791e-09 3.478e-09 3.186e-09 2.916e-09 2.668e-09 2.442e-09 2.235e-09 2.043e-09 1.869e-09 1.708e-09 1.562e-09 1.426e-09 1.303e-09 1.187e-09 1.083e-09 9.881e-10 9.005e-10 8.215e-10 7.478e-10 6.805e-10 6.195e-10 5.633e-10 5.124e-10 4.657e-10 4.228e-10 3.837e-10 3.483e-10 3.157e-10 2.863e-10 2.591e-10 2.345e-10
3291.85 1.270e-08 1.168e-08 1.074e-08 9.889e-09 9.090e-09 8.356e-09 7.686e-09 7.063e-09 6.492e-09 5.962e-09 5.482e-09 5.034e-09 4.623e-09 4.242e-09 3.895e-09 3.573e-09 3.278e-09 3.005e-09 2.753e-09 2.524e-09 2.314e-09 2.119e-09 1.941e-09 1.777e-09 1.626e-09 1.487e-09 1.360e-09 1.242e-09 1.137e-09 1.038e-09 9.479e-10 8.655e-10 7.902e-10 7.206e-10 6.570e-10 5.985e-10 5.454e-10 4.965e-10 4.522e-10 4.114e-10 3.741e-10 3.402e-10 3.091e-10 2.808e-10 2.547e-10 2.311e-10 2.095e-10 1.899e-10 1.720e-10 1.557e-10
3498.55 8.470e-09 7.791e-09 7.160e-09 6.586e-09 6.048e-09 5.557e-09 5.106e-09 4.688e-09 4.306e-09 3.952e-09 3.627e-09 3.331e-09 3.056e-09 2.804e-09 2.569e-09 2.357e-09 2.160e-09 1.979e-09 1.811e-09 1.659e-09 1.520e-09 1.391e-09 1.273e-09 1.164e-09 1.064e-09 9.716e-10 8.886e-10 8.112e-10 7.408e-10 6.769e-10 6.177e-10 5.633e-10 5.134e-10 4.684e-10 4.267e-10 3.883e-10 3.534e-10 3.217e-10 2.927e-10 2.661e-10 2.419e-10 2.197e-10 1.994e-10 1.811e-10 1.641e-10 1.488e-10 1.348e-10 1.221e-10 1.105e-10 9.998e-11
3718.23 6.937e-09 6.369e-09 5.845e-09 5.369e-09 4.923e-09 4.517e-09 4.147e-09 3.800e-09 3.487e-09 3.196e-09 2.929e-09 2.683e-09 2.458e-09 2.252e-09 2.059e-09 1.888e-09 1.725e-09 1.579e-09 1.443e-09 1.321e-09 1.208e-09 1.104e-09 1.008e-09 9.206e-10 8.403e-10 7.667e-10 6.995e-10 6.383e-10 5.817e-10 5.305e-10 4.831e-10 4.405e-10 4.008e-10 3.650e-10 3.320e-10 3.016e-10 2.741e-10 2.494e-10 2.264e-10 2.055e-10 1.867e-10 1.692e-10 1.535e-10 1.391e-10 1.260e-10 1.140e-10 1.031e-10 9.331e-11 8.433e-11 7.614e-11
3951.70 5.364e-09 4.921e-09 4.513e-09 4.134e-09 3.788e-09 3.468e-09 3.178e-09 2.913e-09 2.664e-09 2.439e-09 2.229e-09 2.041e-09 1.865e-09 1.706e-09 1.560e-09 1.426e-09 1.301e-09 1.189e-09 1.086e-09 9.914e-10 9.040e-10 8.251e-10 7.519e-10 6.859e-10 6.254e-10 5.691e-10 5.185e-10 4.721e-10 4.300e-10 3.911e-10 3.556e-10 3.233e-10 2.940e-10 2.670e-10 2.427e-10 2.202e-10 1.999e-10 1.813e-10 1.644e-10 1.489e-10 1.349e-10 1.222e-10 1.106e-10 1.000e-10 9.048e-11 8.176e-11 7.387e-11 6.669e-11 6.017e-11 5.427e-11
4199.83 2.618e-09 2.398e-09 2.196e-09 2.012e-09 1.840e-09 1.683e-09 1.539e-09 1.408e-09 1.287e-09 1.176e-09 1.073e-09 9.813e-10 8.954e-10 8.174e-10 7.460e-10 6.812e-10 6.215e-10 5.669e-10 5.160e-10 4.708e-10 4.286e-10 3.908e-10 3.555e-10 3.236e-10 2.944e-10 2.679e-10 2.435e-10 2.213e-10 2.011e-10 1.827e-10 1.659e-10 1.505e-10 1.367e-10 1.239e-10 1.123e-10 1.018e-10 9.219e-11 8.357e-11 7.556e-11 6.838e-11 6.185e-11 5.587e-11 5.052e-11 4.561e-11 4.117e-11 3.720e-11 3.350e-11 3.020e-11 2.721e-11 2.448e-11
4463.54 1.614e-09 1.478e-09 1.351e-09 1.235e-09 1.129e-09 1.031e-09 9.420e-10 8.613e-10 7.856e-10 7.173e-10 6.545e-10 5.974e-10 5.449e-10 4.965e-10 4.523e-10 4.122e-10 3.758e-10 3.422e-10 3.112e-10 2.831e-10 2.580e-10 2.347e-10 2.132e-10 1.937e-10 1.760e-10 1.599e-10 1.451e-10 1.317e-10 1.195e-10 1.084e-10 9.832e-11 8.909e-11 8.078e-11 7.306e-11 6.614e-11 5.986e-11 5.413e-11 4.899e-11 4.424e-11 3.995e-11 3.608e-11 3.254e-11 2.938e-11 2.649e-11 2.385e-11 2.150e-11 1.936e-11 1.742e-11 1.567e-11 1.409e-11
4743.81 1.282e-09 1.173e-09 1.071e-09 9.798e-10 8.947e-10 8.166e-10 7.456e-10 6.811e-10 6.208e-10 5.665e-10 5.167e-10 4.707e-10 4.290e-10 3.907e-10 3.559e-10 3.241e-10 2.952e-10 2.685e-10 2.441e-10 2.220e-10 2.017e-10 1.834e-10 1.666e-10 1.512e-10 1.373e-10 1.245e-10 1.129e-10 1.025e-10 9.282e-11 8.410e-11 7.619e-11 6.900e-11 6.249e-11 5.649e-11 5.107e-11 4.617e-11 4.172e-11 3.767e-11 3.403e-11 3.066e-11 2.768e-11 2.496e-11 2.248e-11 2.025e-11 1.825e-11 1.642e-11 1.477e-11 1.327e-11 1.193e-11 1.070e-11
5041.68 1.085e-09 9.925e-10 9.079e-10 8.285e-10 7.574e-10 6.916e-10 6.312e-10 5.764e-10 5.258e-10 4.791e-10 4.367e-10 3.983e-10 3.630e-10 3.305e-10 3.010e-10 2.741e-10 2.493e-10 2.270e-10 2.064e-10 1.874e-10 1.704e-10 1.550e-10 1.406e-10 1.277e-10 1.159e-10 1.052e-10 9.536e-11 8.646e-11 7.833e-11 7.100e-11 6.432e-11 5.820e-11 5.271e-11 4.761e-11 4.307e-11 3.891e-11 3.517e-11 3.174e-11 2.870e-11 2.585e-11 2.331e-11 2.103e-11 1.895e-11 1.706e-11 1.535e-11 1.382e-11 1.242e-11 1.117e-11 1.003e-11 9.005e-12
5358.25 9.288e-10 8.498e-10 7.763e-10 7.094e-10 6.481e-10 5.924e-10 5.410e-10 4.941e-10 4.506e-10 4.112e-10 3.751e-10 3.421e-10 3.119e-10 2.840e-10 2.587e-10 2.359e-10 2.147e-10 1.955e-10 1.777e-10 1.616e-10 1.469e-10 1.337e-10 1.215e-10 1.103e-10 1.001e-10 9.084e-11 8.244e-11 7.487e-11 6.786e-11 6.151e-11 5.570e-11 5.049e-11 4.571e-11 4.131e-11 3.744e-11 3.380e-11 3.056e-11 2.764e-11 2.493e-11 2.251e-11 2.031e-11 1.832e-11 1.651e-11 1.489e-11 1.341e-11 1.207e-11 1.085e-11 9.761e-12 8.773e-12 7.882e-12
5694.70 7.907e-10 7.237e-10 6.619e-10 6.047e-10 5.532e-10 5.056e-10 4.619e-10 4.224e-10 3.858e-10 3.520e-10 3.212e-10 2.929e-10 2.673e-10 2.437e-10 2.222e-10 2.024e-10 1.845e-10 1.682e-10 1.529e-10 1.393e-10 1.268e-10 1.153e-10 1.048e-10 9.532e-11 8.651e-11 7.864e-11 7.138e-11 6.478e-11 5.877e-11 5.335e-11 4.834e-11 4.383e-11 3.977e-11 3.596e-11 3.257e-11 2.948e-11 2.666e-11 2.411e-11 2.180e-11 1.968e-11 1.778e-11 1.604e-11 1.447e-11 1.306e-11 1.176e-11 1.059e-11 9.544e-12 8.583e-12 7.727e-12 6.945e-12
6052.28 6.784e-10 6.208e-10 5.684e-10 5.201e-10 4.757e-10 4.352e-10 3.979e-10 3.634e-10 3.323e-10 3.036e-10 2.773e-10 2.531e-10 2.311e-10 2.107e-10 1.923e-10 1.753e-10 1.598e-10 1.456e-10 1.327e-10 1.208e-10 1.100e-10 1.002e-10 9.124e-11 8.288e-11 7.541e-11 6.845e-11 6.225e-11 5.659e-11 5.135e-11 4.662e-11 4.231e-11 3.835e-11 3.480e-11 3.152e-11 2.858e-11 2.587e-11 2.341e-11 2.120e-11 1.917e-11 1.733e-11 1.564e-11 1.414e-11 1.277e-11 1.152e-11 1.040e-11 9.369e-12 8.449e-12 7.601e-12 6.850e-12 6.164e-12
6432.31 5.667e-10 5.191e-10 4.752e-10 4.353e-10 3.981e-10 3.643e-10 3.332e-10 3.046e-10 2.789e-10 2.546e-10 2.324e-10 2.126e-10 1.940e-10 1.770e-10 1.616e-10 1.475e-10 1.346e-10 1.226e-10 1.118e-10 1.018e-10 9.278e-11 8.447e-11 7.701e-11 7.006e-11 6.366e-11 5.788e-11 5.270e-11 4.787e-11 4.350e-11 3.952e-11 3.588e-11 3.252e-11 2.955e-11 2.677e-11 2.426e-11 2.198e-11 1.991e-11 1.804e-11 1.633e-11 1.477e-11 1.335e-11 1.207e-11 1.090e-11 9.835e-12 8.877e-12 8.010e-12 7.218e-12 6.507e-12 5.861e-12 5.275e-12
6836.20 4.615e-10 4.225e-10 3.875e-10 3.546e-10 3.246e-10 2.969e-10 2.717e-10 2.484e-10 2.274e-10 2.078e-10 1.900e-10 1.736e-10 1.584e-10 1.448e-10 1.321e-10 1.206e-10 1.100e-10 1.004e-10 9.159e-11 8.337e-11 7.602e-11 6.924e-11 6.310e-11 5.742e-11 5.223e-11 4.751e-11 4.322e-11 3.932e-11 3.570e-11 3.245e-11 2.948e-11 2.676e-11 2.430e-11 2.203e-11 1.997e-11 1.812e-11 1.640e-11 1.486e-11 1.346e-11 1.218e-11 1.101e-11 9.951e-12 8.997e-12 8.129e-12 7.338e-12 6.622e-12 5.973e-12 5.378e-12 4.850e-12 4.367e-12
7265.45 3.776e-10 3.461e-10 3.173e-10 2.903e-10 2.660e-10 2.434e-10 2.227e-10 2.038e-10 1.864e-10 1.705e-10 1.559e-10 1.424e-10 1.300e-10 1.187e-10 1.085e-10 9.896e-11 9.033e-11 8.244e-11 7.524e-11 6.849e-11 6.250e-11 5.691e-11 5.181e-11 4.721e-11 4.294e-11 3.906e-11 3.557e-11 3.235e-11 2.940e-11 2.670e-11 2.426e-11 2.203e-11 2.000e-11 1.814e-11 1.645e-11 1.492e-11 1.351e-11 1.224e-11 1.109e-11 1.004e-11 9.076e-12 8.210e-12 7.418e-12 6.702e-12 6.051e-12 5.463e-12 4.925e-12 4.438e-12 4.001e-12 3.607e-12
7721.65 3.062e-10 2.807e-10 2.573e-10 2.356e-10 2.157e-10 1.973e-10 1.806e-10 1.652e-10 1.511e-10 1.382e-10 1.264e-10 1.154e-10 1.055e-10 9.633e-11 8.798e-11 8.031e-11 7.328e-11 6.681e-11 6.099e-11 5.556e-11 5.066e-11 4.615e-11 4.201e-11 3.827e-11 3.483e-11 3.167e-11 2.883e-11 2.620e-11 2.381e-11 2.164e-11 1.966e-11 1.786e-11 1.620e-11 1.471e-11 1.332e-11 1.209e-11 1.095e-11 9.915e-12 8.985e-12 8.129e-12 7.352e-12 6.646e-12 6.008e-12 5.425e-12 4.903e-12 4.421e-12 3.993e-12 3.596e-12 3.244e-12 2.918e-12
8206.56 2.393e-10 2.192e-10 2.007e-10 1.837e-10 1.681e-10 1.540e-10 1.408e-10 1.286e-10 1.178e-10 1.076e-10 9.836e-11 8.983e-11 8.206e-11 7.494e-11 6.834e-11 6.239e-11 5.685e-11 5.190e-11 4.728e-11 4.307e-11 3.925e-11 3.576e-11 3.256e-11 2.964e-11 2.697e-11 2.450e-11 2.229e-11 2.027e-11 1.840e-11 1.672e-11 1.517e-11 1.378e-11 1.250e-11 1.133e-11 1.028e-11 9.307e-12 8.424e-12 7.635e-12 6.907e-12 6.245e-12 5.645e-12 5.104e-12 4.608e-12 4.165e-12 3.756e-12 3.388e-12 3.056e-12 2.753e-12 2.482e-12 2.231e-12
8717.73 1.728e-10 1.580e-10 1.446e-10 1.324e-10 1.211e-10 1.107e-10 1.011e-10 9.234e-11 8.435e-11 7.701e-11 7.036e-11 6.416e-11 5.857e-11 5.341e-11 4.870e-11 4.435e-11 4.044e-11 3.685e-11 3.354e-11 3.052e-11 2.780e-11 2.527e-11 2.299e-11 2.090e-11 1.900e-11 1.724e-11 1.567e-11 1.422e-11 1.290e-11 1.170e-11 1.061e-11 9.613e-12 8.718e-12 7.894e-12 7.143e-12 6.464e-12 5.849e-12 5.285e-12 4.783e-12 4.317e-12 3.898e-12 3.518e-12 3.172e-12 2.862e-12 2.581e-12 2.323e-12 2.092e-12 1.881e-12 1.694e-12 1.523e-12
9214.74 1.267e-10 1.157e-10 1.057e-10 9.656e-11 8.818e-11 8.044e-11 7.338e-11 6.700e-11 6.105e-11 5.568e-11 5.073e-11 4.623e-11 4.207e-11 3.832e-11 3.489e-11 3.172e-11 2.885e-11 2.627e-11 2.385e-11 2.168e-11 1.967e-11 1.786e-11 1.621e-11 1.470e-11 1.333e-11 1.208e-11 1.095e-11 9.920e-12 8.979e-12 8.131e-12 7.353e-12 6.646e-12 6.015e-12 5.433e-12 4.905e-12 4.433e-12 3.996e-12 3.605e-12 3.252e-12 2.927e-12 2.638e-12 2.375e-12 2.136e-12 1.922e-12 1.729e-12 1.553e-12 1.394e-12 1.251e-12 1.122e-12 1.007e-12
9629.11 9.718e-11 8.866e-11 8.090e-11 7.382e-11 6.728e-11 6.135e-11 5.588e-11 5.091e-11 4.634e-11 4.221e-11 3.841e-11 3.491e-11 3.175e-11 2.886e-11 2.622e-11 2.383e-11 2.160e-11 1.962e-11 1.780e-11 1.614e-11 1.463e-11 1.325e-11 1.201e-11 1.088e-11 9.836e-12 8.903e-12 8.046e-12 7.268e-12 6.568e-12 5.929e-12 5.357e-12 4.832e-12 4.360e-12 3.931e-12 3.539e-12 3.191e-12 2.869e-12 2.581e-12 2.323e-12 2.087e-12 1.875e-12 1.684e-12 1.512e-12 1.357e-12 1.216e-12 1.090e-12 9.751e-13 8.724e-13 7.813e-13 6.990e-13
9954.11 7.552e-11 6.880e-11 6.274e-11 5.720e-11 5.213e-11 4.743e-11 4.319e-11 3.928e-11 3.573e-11 3.255e-11 2.957e-11 2.686e-11 2.438e-11 2.216e-11 2.009e-11 1.824e-11 1.653e-11 1.499e-11 1.358e-11 1.230e-11 1.113e-11 1.007e-11 9.116e-12 8.233e-12 7.447e-12 6.722e-12 6.069e-12 5.478e-12 4.942e-12 4.452e-12 4.017e-12 3.617e-12 3.258e-12 2.931e-12 2.636e-12 2.372e-12 2.129e-12 1.911e-12 1.716e-12 1.542e-12 1.381e-12 1.238e-12 1.109e-12 9.926e-13 8.892e-13 7.949e-13 7.097e-13 6.342e-13 5.657e-13 5.056e-13
10245.64 5.768e-11 5.254e-11 4.792e-11 4.363e-11 3.973e-11 3.616e-11 3.287e-11 2.989e-11 2.717e-11 2.472e-11 2.243e-11 2.037e-11 1.849e-11 1.677e-11 1.521e-11 1.378e-11 1.249e-11 1.132e-11 1.024e-11 9.269e-12 8.377e-12 7.579e-12 6.847e-12 6.188e-12 5.587e-12 5.038e-12 4.543e-12 4.097e-12 3.694e-12 3.323e-12 2.994e-12 2.693e-12 2.422e-12 2.180e-12 1.958e-12 1.758e-12 1.576e-12 1.414e-12 1.267e-12 1.136e-12 1.016e-12 9.106e-13 8.142e-13 7.278e-13 6.509e-13 5.811e-13 5.179e-13 4.618e-13 4.112e-13 3.671e-13
10541.49 4.536e-11 4.128e-11 3.762e-11 3.429e-11 3.120e-11 2.838e-11 2.582e-11 2.345e-11 2.132e-11 1.937e-11 1.759e-11 1.596e-11 1.447e-11 1.313e-11 1.190e-11 1.077e-11 9.758e-12 8.838e-12 7.999e-12 7.227e-12 6.535e-12 5.908e-12 5.330e-12 4.812e-12 4.345e-12 3.914e-12 3.528e-12 3.179e-12 2.863e-12 2.577e-12 2.320e-12 2.085e-12 1.873e-12 1.683e-12 1.511e-12 1.356e-12 1.215e-12 1.088e-12 9.752e-13 8.739e-13 7.816e-13 6.988e-13 6.242e-13 5.574e-13 4.981e-13 4.442e-13 3.955e-13 3.523e-13 3.136e-13 2.792e-13
10839.94 4.075e-11 3.706e-11 3.377e-11 3.076e-11 2.797e-11 2.545e-11 2.311e-11 2.102e-11 1.908e-11 1.736e-11 1.575e-11 1.429e-11 1.295e-11 1.175e-11 1.064e-11 9.634e-12 8.731e-12 7.903e-12 7.143e-12 6.458e-12 5.836e-12 5.272e-12 4.758e-12 4.298e-12 3.876e-12 3.489e-12 3.148e-12 2.835e-12 2.550e-12 2.293e-12 2.064e-12 1.853e-12 1.665e-12 1.496e-12 1.343e-12 1.204e-12 1.079e-12 9.656e-13 8.646e-13 7.740e-13 6.916e-13 6.184e-13 5.520e-13 4.932e-13 4.397e-13 3.920e-13 3.490e-13 3.105e-13 2.762e-13 2.460e-13
11119.11 3.891e-11 3.546e-11 3.227e-11 2.939e-11 2.674e-11 2.432e-11 2.210e-11 2.008e-11 1.824e-11 1.658e-11 1.504e-11 1.365e-11 1.237e-11 1.122e-11 1.016e-11 9.194e-12 8.324e-12 7.540e-12 6.821e-12 6.167e-12 5.560e-12 5.030e-12 4.537e-12 4.098e-12 3.696e-12 3.325e-12 2.996e-12 2.698e-12 2.431e-12 2.185e-12 1.965e-12 1.765e-12 1.584e-12 1.424e-12 1.276e-12 1.144e-12 1.026e-12 9.176e-13 8.224e-13 7.354e-13 6.570e-13 5.865e-13 5.237e-13 4.678e-13 4.171e-13 3.716e-13 3.306e-13 2.944e-13 2.617e-13 2.329e-13
11355.83 4.208e-11 3.829e-11 3.486e-11 3.176e-11 2.891e-11 2.629e-11 2.389e-11 2.171e-11 1.970e-11 1.791e-11 1.626e-11 1.474e-11 1.337e-11 1.213e-11 1.097e-11 9.941e-12 8.994e-12 8.135e-12 7.366e-12 6.659e-12 6.007e-12 5.428e-12 4.899e-12 4.424e-12 3.986e-12 3.594e-12 3.237e-12 2.911e-12 2.622e-12 2.358e-12 2.119e-12 1.904e-12 1.710e-12 1.536e-12 1.376e-12 1.233e-12 1.106e-12 9.899e-13 8.855e-13 7.925e-13 7.079e-13 6.322e-13 5.646e-13 5.038e-13 4.490e-13 4.000e-13 3.563e-13 3.167e-13 2.817e-13 2.506e-13
11539.81 5.259e-11 4.792e-11 4.361e-11 3.973e-11 3.616e-11 3.287e-11 2.988e-11 2.716e-11 2.466e-11 2.240e-11 2.033e-11 1.844e-11 1.671e-11 1.516e-11 1.372e-11 1.243e-11 1.125e-11 1.017e-11 9.206e-12 8.325e-12 7.511e-12 6.784e-12 6.122e-12 5.525e-12 4.984e-12 4.493e-12 4.044e-12 3.640e-12 3.279e-12 2.948e-12 2.648e-12 2.379e-12 2.137e-12 1.918e-12 1.719e-12 1.541e-12 1.382e-12 1.236e-12 1.107e-12 9.898e-13 8.836e-13 7.891e-13 7.051e-13 6.292e-13 5.606e-13 4.996e-13 4.445e-13 3.957e-13 3.515e-13 3.125e-13
11677.16 6.222e-11 5.668e-11 5.157e-11 4.698e-11 4.273e-11 3.887e-11 3.531e-11 3.208e-11 2.915e-11 2.649e-11 2.405e-11 2.181e-11 1.978e-11 1.791e-11 1.623e-11 1.470e-11 1.330e-11 1.203e-11 1.089e-11 9.850e-12 8.887e-12 8.022e-12 7.249e-12 6.538e-12 5.894e-12 5.310e-12 4.783e-12 4.307e-12 3.877e-12 3.482e-12 3.132e-12 2.812e-12 2.528e-12 2.269e-12 2.033e-12 1.824e-12 1.633e-12 1.461e-12 1.309e-12 1.170e-12 1.046e-12 9.333e-13 8.335e-13 7.441e-13 6.631e-13 5.906e-13 5.261e-13 4.675e-13 4.155e-13 3.696e-13
11784.05 6.533e-11 5.949e-11 5.419e-11 4.932e-11 4.484e-11 4.080e-11 3.709e-11 3.372e-11 3.060e-11 2.782e-11 2.522e-11 2.288e-11 2.073e-11 1.882e-11 1.703e-11 1.542e-11 1.396e-11 1.263e-11 1.143e-11 1.033e-11 9.327e-12 8.424e-12 7.607e-12 6.863e-12 6.189e-12 5.574e-12 5.021e-12 4.520e-12 4.070e-12 3.658e-12 3.288e-12 2.951e-12 2.651e-12 2.381e-12 2.138e-12 1.912e-12 1.715e-12 1.534e-12 1.374e-12 1.229e-12 1.098e-12 9.800e-13 8.747e-13 7.802e-13 6.955e-13 6.204e-13 5.521e-13 4.912e-13 4.362e-13 3.876e-13
11875.85 6.416e-11 5.846e-11 5.324e-11 4.844e-11 4.411e-11 4.008e-11 3.644e-11 3.314e-11 3.006e-11 2.733e-11 2.481e-11 2.249e-11 2.038e-11 1.849e-11 1.676e-11 1.517e-11 1.372e-11 1.241e-11 1.124e-11 1.015e-11 9.175e-12 8.286e-12 7.472e-12 6.750e-12 6.085e-12 5.477e-12 4.933e-12 4.442e-12 3.997e-12 3.595e-12 3.232e-12 2.901e-12 2.607e-12 2.339e-12 2.099e-12 1.882e-12 1.685e-12 1.509e-12 1.350e-12 1.208e-12 1.080e-12 9.636e-13 8.597e-13 7.678e-13 6.842e-13 6.092e-13 5.423e-13 4.825e-13 4.290e-13 3.816e-13
11963.37 5.561e-11 5.064e-11 4.610e-11 4.196e-11 3.822e-11 3.477e-11 3.159e-11 2.869e-11 2.605e-11 2.369e-11 2.149e-11 1.949e-11 1.766e-11 1.602e-11 1.451e-11 1.315e-11 1.189e-11 1.076e-11 9.733e-12 8.806e-12 7.945e-12 7.173e-12 6.484e-12 5.846e-12 5.274e-12 4.749e-12 4.279e-12 3.851e-12 3.465e-12 3.119e-12 2.802e-12 2.514e-12 2.260e-12 2.028e-12 1.820e-12 1.630e-12 1.462e-12 1.307e-12 1.171e-12 1.048e-12 9.351e-13 8.348e-13 7.454e-13 6.653e-13 5.936e-13 5.284e-13 4.703e-13 4.187e-13 3.719e-13 3.308e-13
12055.39 4.115e-11 3.748e-11 3.414e-11 3.108e-11 2.827e-11 2.575e-11 2.339e-11 2.125e-11 1.928e-11 1.754e-11 1.592e-11 1.444e-11 1.309e-11 1.187e-11 1.074e-11 9.740e-12 8.801e-12 7.972e-12 7.210e-12 6.515e-12 5.888e-12 5.314e-12 4.798e-12 4.332e-12 3.904e-12 3.517e-12 3.170e-12 2.851e-12 2.565e-12 2.309e-12 2.077e-12 1.863e-12 1.673e-12 1.503e-12 1.348e-12 1.207e-12 1.083e-12 9.685e-13 8.672e-13 7.751e-13 6.933e-13 6.191e-13 5.521e-13 4.930e-13 4.395e-13 3.912e-13 3.487e-13 3.100e-13 2.755e-13 2.451e-13
12170.41 3.088e-11 2.814e-11 2.560e-11 2.330e-11 2.122e-11 1.931e-11 1.754e-11 1.594e-11 1.446e-11 1.316e-11 1.194e-11 1.083e-11 9.812e-12 8.897e-12 8.060e-12 7.308e-12 6.611e-12 5.982e-12 5.411e-12 4.892e-12 4.417e-12 3.990e-12 3.598e-12 3.248e-12 2.929e-12 2.639e-12 2.377e-12 2.139e-12 1.925e-12 1.732e-12 1.558e-12 1.398e-12 1.257e-12 1.128e-12 1.012e-12 9.062e-13 8.122e-13 7.272e-13 6.507e-13 5.820e-13 5.205e-13 4.643e-13 4.146e-13 3.698e-13 3.300e-13 2.938e-13 2.616e-13 2.329e-13 2.067e-13 1.838e-13
12360.89 2.291e-11 2.087e-11 1.901e-11 1.731e-11 1.575e-11 1.433e-11 1.303e-11 1.184e-11 1.075e-11 9.769e-12 8.862e-12 8.044e-12 7.293e-12 6.605e-12 5.991e-12 5.424e-12 4.909e-12 4.443e-12 4.018e-12 3.635e-12 3.280e-12 2.965e-12 2.675e-12 2.415e-12 2.176e-12 1.961e-12 1.765e-12 1.590e-12 1.432e-12 1.287e-12 1.156e-12 1.039e-12 9.337e-13 8.377e-13 7.524e-13 6.733e-13 6.037e-13 5.405e-13 4.833e-13 4.330e-13 3.869e-13 3.450e-13 3.083e-13 2.748e-13 2.452e-13 2.184e-13 1.946e-13 1.731e-13 1.537e-13 1.366e-13
12670.46 1.493e-11 1.359e-11 1.238e-11 1.127e-11 1.026e-11 9.332e-12 8.487e-12 7.708e-12 7.004e-12 6.363e-12 5.778e-12 5.239e-12 4.749e-12 4.307e-12 3.905e-12 3.537e-12 3.197e-12 2.895e-12 2.619e-12 2.367e-12 2.139e-12 1.932e-12 1.743e-12 1.574e-12 1.420e-12 1.278e-12 1.151e-12 1.037e-12 9.330e-13 8.396e-13 7.543e-13 6.783e-13 6.087e-13 5.466e-13 4.910e-13 4.393e-13 3.939e-13 3.526e-13 3.155e-13 2.823e-13 2.524e-13 2.253e-13 2.012e-13 1.794e-13 1.601e-13 1.427e-13 1.270e-13 1.130e-13 1.004e-13 8.928e-14
13075.34 9.682e-12 8.823e-12 8.034e-12 7.319e-12 6.662e-12 6.060e-12 5.509e-12 5.006e-12 4.545e-12 4.128e-12 3.749e-12 3.401e-12 3.084e-12 2.796e-12 2.536e-12 2.295e-12 2.079e-12 1.880e-12 1.700e-12 1.539e-12 1.388e-12 1.254e-12 1.132e-12 1.023e-12 9.220e-13 8.305e-13 7.484e-13 6.739e-13 6.068e-13 5.458e-13 4.907e-13 4.409e-13 3.955e-13 3.550e-13 3.190e-13 2.857e-13 2.563e-13 2.293e-13 2.051e-13 1.835e-13 1.641e-13 1.465e-13 1.309e-13 1.167e-13 1.040e-13 9.278e-14 8.265e-14 7.351e-14 6.530e-14 5.803e-14
13530.52 6.474e-12 5.901e-12 5.370e-12 4.892e-12 4.452e-12 4.051e-12 3.685e-12 3.348e-12 3.040e-12 2.763e-12 2.509e-12 2.275e-12 2.064e-12 1.870e-12 1.697e-12 1.536e-12 1.391e-12 1.258e-12 1.139e-12 1.029e-12 9.307e-13 8.398e-13 7.579e-13 6.844e-13 6.178e-13 5.563e-13 5.009e-13 4.512e-13 4.063e-13 3.653e-13 3.284e-13 2.953e-13 2.653e-13 2.381e-13 2.138e-13 1.914e-13 1.716e-13 1.537e-13 1.375e-13 1.231e-13 1.101e-13 9.826e-14 8.774e-14 7.823e-14 6.983e-14 6.224e-14 5.543e-14 4.934e-14 4.385e-14 3.891e-14
14012.75 4.384e-12 3.998e-12 3.639e-12 3.314e-12 3.018e-12 2.744e-12 2.495e-12 2.268e-12 2.059e-12 1.871e-12 1.701e-12 1.541e-12 1.398e-12 1.269e-12 1.149e-12 1.041e-12 9.426e-13 8.530e-13 7.717e-13 6.979e-13 6.304e-13 5.690e-13 5.144e-13 4.642e-13 4.187e-13 3.775e-13 3.398e-13 3.060e-13 2.756e-13 2.481e-13 2.227e-13 2.005e-13 1.798e-13 1.615e-13 1.450e-13 1.299e-13 1.164e-13 1.043e-13 9.335e-14 8.348e-14 7.474e-14 6.664e-14 5.954e-14 5.309e-14 4.737e-14 4.226e-14 3.763e-14 3.348e-14 2.977e-14 2.645e-14
14508.81 3.066e-12 2.795e-12 2.545e-12 2.319e-12 2.111e-12 1.921e-12 1.746e-12 1.587e-12 1.443e-12 1.310e-12 1.190e-12 1.080e-12 9.787e-13 8.877e-13 8.046e-13 7.291e-13 6.600e-13 5.973e-13 5.404e-13 4.885e-13 4.416e-13 3.991e-13 3.603e-13 3.251e-13 2.932e-13 2.646e-13 2.381e-13 2.146e-13 1.932e-13 1.737e-13 1.561e-13 1.405e-13 1.261e-13 1.132e-13 1.017e-13 9.108e-14 8.169e-14 7.312e-14 6.546e-14 5.860e-14 5.241e-14 4.677e-14 4.181e-14 3.729e-14 3.325e-14 2.965e-14 2.640e-14 2.352e-14 2.089e-14 1.857e-14
15002.30 2.350e-12 2.142e-12 1.951e-12 1.776e-12 1.616e-12 1.472e-12 1.339e-12 1.216e-12 1.106e-12 1.003e-12 9.118e-13 8.275e-13 7.512e-13 6.803e-13 6.174e-13 5.587e-13 5.061e-13 4.582e-13 4.145e-13 3.751e-13 3.390e-13 3.058e-13 2.765e-13 2.493e-13 2.252e-13 2.029e-13 1.828e-13 1.647e-13 1.481e-13 1.334e-13 1.199e-13 1.078e-13 9.682e-14 8.693e-14 7.808e-14 6.998e-14 6.272e-14 5.616e-14 5.026e-14 4.498e-14 4.024e-14 3.595e-14 3.209e-14 2.867e-14 2.555e-14 2.280e-14 2.029e-14 1.806e-14 1.608e-14 1.428e-14
15475.29 1.918e-12 1.749e-12 1.592e-12 1.450e-12 1.320e-12 1.201e-12 1.093e-12 9.931e-13 9.027e-13 8.199e-13 7.452e-13 6.761e-13 6.137e-13 5.561e-13 5.040e-13 4.566e-13 4.136e-13 3.744e-13 3.388e-13 3.063e-13 2.772e-13 2.502e-13 2.258e-13 2.039e-13 1.840e-13 1.660e-13 1.495e-13 1.347e-13 1.212e-13 1.091e-13 9.808e-14 8.823e-14 7.917e-14 7.107e-14 6.387e-14 5.727e-14 5.133e-14 4.595e-14 4.115e-14 3.681e-14 3.296e-14 2.944e-14 2.627e-14 2.345e-14 2.093e-14 1.867e-14 1.661e-14 1.479e-14 1.317e-14 1.170e-14
15923.68 1.502e-12 1.370e-12 1.248e-12 1.136e-12 1.034e-12 9.415e-13 8.563e-13 7.779e-13 7.076e-13 6.426e-13 5.840e-13 5.298e-13 4.806e-13 4.357e-13 3.954e-13 3.579e-13 3.242e-13 2.935e-13 2.657e-13 2.402e-13 2.173e-13 1.961e-13 1.772e-13 1.599e-13 1.444e-13 1.301e-13 1.172e-13 1.056e-13 9.512e-14 8.553e-14 7.699e-14 6.917e-14 6.214e-14 5.582e-14 5.010e-14 4.496e-14 4.030e-14 3.609e-14 3.229e-14 2.892e-14 2.588e-14 2.311e-14 2.063e-14 1.842e-14 1.643e-14 1.466e-14 1.305e-14 1.162e-14 1.035e-14 9.181e-15
16355.64 1.190e-12 1.084e-12 9.881e-13 8.991e-13 8.184e-13 7.451e-13 6.780e-13 6.164e-13 5.604e-13 5.089e-13 4.627e-13 4.197e-13 3.810e-13 3.451e-13 3.130e-13 2.837e-13 2.569e-13 2.325e-13 2.105e-13 1.903e-13 1.721e-13 1.555e-13 1.404e-13 1.267e-13 1.145e-13 1.032e-13 9.294e-14 8.372e-14 7.537e-14 6.784e-14 6.104e-14 5.485e-14 4.929e-14 4.425e-14 3.971e-14 3.567e-14 3.196e-14 2.863e-14 2.562e-14 2.293e-14 2.052e-14 1.834e-14 1.637e-14 1.463e-14 1.304e-14 1.163e-14 1.036e-14 9.230e-15 8.208e-15 7.292e-15
16776.27 1.044e-12 9.510e-13 8.664e-13 7.894e-13 7.182e-13 6.539e-13 5.952e-13 5.411e-13 4.918e-13 4.468e-13 4.057e-13 3.684e-13 3.342e-13 3.032e-13 2.749e-13 2.491e-13 2.256e-13 2.042e-13 1.849e-13 1.672e-13 1.512e-13 1.365e-13 1.234e-13 1.113e-13 1.005e-13 9.059e-14 8.169e-14 7.354e-14 6.623e-14 5.962e-14 5.360e-14 4.821e-14 4.333e-14 3.888e-14 3.492e-14 3.134e-14 2.806e-14 2.518e-14 2.252e-14 2.017e-14 1.804e-14 1.612e-14 1.440e-14 1.287e-14 1.147e-14 1.023e-14 9.122e-15 8.123e-15 7.222e-15 6.416e-15
17183.14 9.623e-13 8.765e-13 7.990e-13 7.277e-13 6.622e-13 6.034e-13 5.487e-13 4.991e-13 4.532e-13 4.121e-13 3.743e-13 3.399e-13 3.084e-13 2.798e-13 2.533e-13 2.299e-13 2.081e-13 1.884e-13 1.705e-13 1.543e-13 1.394e-13 1.259e-13 1.137e-13 1.027e-13 9.278e-14 8.364e-14 7.541e-14 6.789e-14 6.111e-14 5.505e-14 4.952e-14 4.452e-14 4.001e-14 3.593e-14 3.225e-14 2.894e-14 2.592e-14 2.326e-14 2.079e-14 1.861e-14 1.666e-14 1.490e-14 1.331e-14 1.188e-14 1.059e-14 9.449e-15 8.430e-15 7.498e-15 6.673e-15 5.932e-15
17580.45 8.443e-13 7.698e-13 7.019e-13 6.382e-13 5.814e-13 5.297e-13 4.816e-13 4.380e-13 3.981e-13 3.618e-13 3.286e-13 2.985e-13 2.707e-13 2.456e-13 2.225e-13 2.019e-13 1.827e-13 1.655e-13 1.498e-13 1.356e-13 1.226e-13 1.107e-13 9.993e-14 9.025e-14 8.146e-14 7.349e-14 6.624e-14 5.962e-14 5.371e-14 4.835e-14 4.353e-14 3.912e-14 3.517e-14 3.157e-14 2.835e-14 2.545e-14 2.279e-14 2.045e-14 1.830e-14 1.637e-14 1.467e-14 1.311e-14 1.170e-14 1.045e-14 9.316e-15 8.313e-15 7.415e-15 6.600e-15 5.874e-15 5.221e-15
17990.34 6.878e-13 6.266e-13 5.711e-13 5.200e-13 4.736e-13 4.314e-13 3.924e-13 3.568e-13 3.243e-13 2.946e-13 2.677e-13 2.432e-13 2.205e-13 2.002e-13 1.815e-13 1.646e-13 1.489e-13 1.349e-13 1.221e-13 1.104e-13 9.983e-14 9.023e-14 8.145e-14 7.356e-14 6.642e-14 5.990e-14 5.401e-14 4.865e-14 4.381e-14 3.943e-14 3.552e-14 3.188e-14 2.869e-14 2.574e-14 2.311e-14 2.077e-14 1.861e-14 1.668e-14 1.493e-14 1.337e-14 1.195e-14 1.070e-14 9.549e-15 8.530e-15 7.613e-15 6.792e-15 6.056e-15 5.393e-15 4.799e-15 4.265e-15
18458.06 5.491e-13 5.008e-13 4.564e-13 4.154e-13 3.784e-13 3.446e-13 3.134e-13 2.850e-13 2.589e-13 2.355e-13 2.137e-13 1.942e-13 1.763e-13 1.599e-13 1.450e-13 1.314e-13 1.190e-13 1.077e-13 9.747e-14 8.830e-14 7.979e-14 7.216e-14 6.513e-14 5.887e-14 5.308e-14 4.792e-14 4.318e-14 3.888e-14 3.502e-14 3.156e-14 2.840e-14 2.551e-14 2.294e-14 2.061e-14 1.849e-14 1.661e-14 1.488e-14 1.334e-14 1.196e-14 1.069e-14 9.573e-15 8.562e-15 7.647e-15 6.825e-15 6.088e-15 5.436e-15 4.845e-15 4.317e-15 3.841e-15 3.415e-15
19084.69 4.000e-13 3.647e-13 3.324e-13 3.029e-13 2.758e-13 2.510e-13 2.286e-13 2.079e-13 1.889e-13 1.717e-13 1.558e-13 1.416e-13 1.285e-13 1.166e-13 1.057e-13 9.582e-14 8.686e-14 7.866e-14 7.120e-14 6.440e-14 5.823e-14 5.267e-14 4.754e-14 4.293e-14 3.875e-14 3.500e-14 3.156e-14 2.842e-14 2.559e-14 2.303e-14 2.073e-14 1.864e-14 1.676e-14 1.505e-14 1.352e-14 1.214e-14 1.088e-14 9.755e-15 8.742e-15 7.819e-15 6.998e-15 6.260e-15 5.594e-15 4.992e-15 4.458e-15 3.976e-15 3.545e-15 3.158e-15 2.812e-15 2.499e-15
19999.79 2.002e-13 1.827e-13 1.666e-13 1.517e-13 1.381e-13 1.258e-13 1.145e-13 1.041e-13 9.468e-14 8.606e-14 7.816e-14 7.102e-14 6.446e-14 5.847e-14 5.304e-14 4.810e-14 4.357e-14 3.947e-14 3.572e-14 3.232e-14 2.924e-14 2.643e-14 2.387e-14 2.157e-14 1.947e-14 1.756e-14 1.584e-14 1.427e-14 1.286e-14 1.157e-14 1.042e-14 9.373e-15 8.426e-15 7.565e-15 6.792e-15 6.096e-15 5.473e-15 4.904e-15 4.396e-15 3.935e-15 3.521e-15 3.148e-15 2.816e-15 2.512e-15 2.243e-15 2.002e-15 1.785e-15 1.589e-15 1.416e-15 1.259e-15
21193.46 7.877e-14 7.183e-14 6.554e-14 5.971e-14 5.435e-14 4.949e-14 4.509e-14 4.100e-14 3.729e-14 3.389e-14 3.079e-14 2.797e-14 2.540e-14 2.305e-14 2.091e-14 1.895e-14 1.718e-14 1.555e-14 1.408e-14 1.275e-14 1.153e-14 1.042e-14 9.415e-15 8.506e-15 7.675e-15 6.939e-15 6.251e-15 5.636e-15 5.077e-15 4.573e-15 4.113e-15 3.701e-15 3.326e-15 2.990e-15 2.686e-15 2.411e-15 2.164e-15 1.939e-15 1.739e-15 1.556e-15 1.393e-15 1.246e-15 1.114e-15 9.949e-16 8.889e-16 7.921e-16 7.070e-16 6.304e-16 5.611e-16 4.993e-16
22528.72 3.433e-14 3.129e-14 2.854e-14 2.604e-14 2.370e-14 2.159e-14 1.965e-14 1.788e-14 1.627e-14 1.478e-14 1.343e-14 1.220e-14 1.109e-14 1.006e-14 9.123e-15 8.269e-15 7.502e-15 6.794e-15 6.152e-15 5.569e-15 5.038e-15 4.559e-15 4.116e-15 3.719e-15 3.359e-15 3.031e-15 2.735e-15 2.466e-15 2.221e-15 1.999e-15 1.802e-15 1.621e-15 1.456e-15 1.311e-15 1.177e-15 1.056e-15 9.488e-16 8.503e-16 7.620e-16 6.828e-16 6.106e-16 5.468e-16 4.891e-16 4.367e-16 3.899e-16 3.479e-16 3.103e-16 2.770e-16 2.467e-16 2.194e-16
23943.32 1.490e-14 1.358e-14 1.239e-14 1.131e-14 1.029e-14 9.373e-15 8.532e-15 7.769e-15 7.072e-15 6.425e-15 5.841e-15 5.305e-15 4.818e-15 4.376e-15 3.971e-15 3.599e-15 3.263e-15 2.958e-15 2.677e-15 2.423e-15 2.193e-15 1.983e-15 1.794e-15 1.620e-15 1.463e-15 1.321e-15 1.193e-15 1.075e-15 9.687e-16 8.723e-16 7.856e-16 7.069e-16 6.363e-16 5.717e-16 5.137e-16 4.613e-16 4.140e-16 3.716e-16 3.329e-16 2.983e-16 2.671e-16 2.391e-16 2.137e-16 1.911e-16 1.706e-16 1.523e-16 1.359e-16 1.212e-16 1.079e-16 9.615e-17
25446.74 7.461e-15 6.808e-15 6.214e-15 5.663e-15 5.163e-15 4.696e-15 4.279e-15 3.897e-15 3.543e-15 3.222e-15 2.928e-15 2.662e-15 2.418e-15 2.196e-15 1.993e-15 1.807e-15 1.638e-15 1.486e-15 1.346e-15 1.218e-15 1.102e-15 9.973e-16 9.026e-16 8.148e-16 7.356e-16 6.643e-16 6.003e-16 5.411e-16 4.880e-16 4.393e-16 3.957e-16 3.560e-16 3.203e-16 2.881e-16 2.591e-16 2.325e-16 2.087e-16 1.874e-16 1.679e-16 1.505e-16 1.348e-16 1.206e-16 1.080e-16 9.656e-17 8.618e-17 7.699e-17 6.866e-17 6.123e-17 5.461e-17 4.860e-17
27044.57 3.464e-15 3.160e-15 2.882e-15 2.627e-15 2.396e-15 2.182e-15 1.988e-15 1.810e-15 1.646e-15 1.498e-15 1.361e-15 1.237e-15 1.124e-15 1.021e-15 9.264e-16 8.413e-16 7.620e-16 6.909e-16 6.261e-16 5.667e-16 5.132e-16 4.646e-16 4.200e-16 3.797e-16 3.427e-16 3.099e-16 2.797e-16 2.525e-16 2.276e-16 2.050e-16 1.846e-16 1.661e-16 1.496e-16 1.345e-16 1.210e-16 1.086e-16 9.746e-17 8.755e-17 7.853e-17 7.035e-17 6.301e-17 5.642e-17 5.052e-17 4.519e-17 4.035e-17 3.604e-17 3.217e-17 2.869e-17 2.557e-17 2.280e-17
28744.18 1.381e-15 1.261e-15 1.150e-15 1.049e-15 9.567e-16 8.714e-16 7.938e-16 7.228e-16 6.582e-16 5.986e-16 5.443e-16 4.947e-16 4.492e-16 4.082e-16 3.708e-16 3.363e-16 3.052e-16 2.766e-16 2.508e-16 2.271e-16 2.055e-16 1.861e-16 1.683e-16 1.523e-16 1.375e-16 1.242e-16 1.121e-16 1.012e-16 9.126e-17 8.222e-17 7.411e-17 6.673e-17 6.005e-17 5.405e-17 4.855e-17 4.367e-17 3.919e-17 3.519e-17 3.160e-17 2.831e-17 2.536e-17 2.271e-17 2.032e-17 1.819e-17 1.626e-17 1.451e-17 1.296e-17 1.156e-17 1.032e-17 9.194e-18
30520.16 5.916e-16 5.401e-16 4.927e-16 4.497e-16 4.100e-16 3.737e-16 3.401e-16 3.101e-16 2.823e-16 2.568e-16 2.336e-16 2.122e-16 1.930e-16 1.752e-16 1.593e-16 1.445e-16 1.312e-16 1.189e-16 1.078e-16 9.757e-17 8.838e-17 8.001e-17 7.239e-17 6.549e-17 5.919e-17 5.343e-17 4.826e-17 4.356e-17 3.933e-17 3.546e-17 3.194e-17 2.876e-17 2.589e-17 2.331e-17 2.095e-17 1.885e-17 1.691e-17 1.519e-17 1.364e-17 1.223e-17 1.096e-17 9.822e-18 8.782e-18 7.863e-18 7.034e-18 6.284e-18 5.610e-18 5.009e-18 4.465e-18 3.983e-18
32243.50 3.279e-16 2.995e-16 2.734e-16 2.493e-16 2.275e-16 2.073e-16 1.888e-16 1.721e-16 1.567e-16 1.426e-16 1.298e-16 1.180e-16 1.072e-16 9.742e-17 8.850e-17 8.033e-17 7.293e-17 6.611e-17 5.995e-17 5.429e-17 4.918e-17 4.453e-17 4.028e-17 3.648e-17 3.299e-17 2.979e-17 2.689e-17 2.427e-17 2.192e-17 1.977e-17 1.780e-17 1.605e-17 1.445e-17 1.300e-17 1.170e-17 1.052e-17 9.455e-18 8.487e-18 7.620e-18 6.840e-18 6.127e-18 5.489e-18 4.916e-18 4.401e-18 3.938e-18 3.519e-18 3.140e-18 2.806e-18 2.502e-18 2.233e-18
33773.01 2.034e-16 1.858e-16 1.694e-16 1.547e-16 1.411e-16 1.287e-16 1.173e-16 1.067e-16 9.720e-17 8.857e-17 8.054e-17 7.324e-17 6.659e-17 6.052e-17 5.497e-17 4.995e-17 4.530e-17 4.111e-17 3.725e-17 3.379e-17 3.059e-17 2.772e-17 2.507e-17 2.270e-17 2.052e-17 1.855e-17 1.674e-17 1.513e-17 1.366e-17 1.232e-17 1.110e-17 1.001e-17 9.011e-18 8.113e-18 7.301e-18 6.564e-18 5.900e-18 5.296e-18 4.756e-18 4.273e-18 3.829e-18 3.431e-18 3.071e-18 2.749e-18 2.462e-18 2.202e-18 1.965e-18 1.755e-18 1.567e-18 1.397e-18
35108.48 1.176e-16 1.074e-16 9.808e-17 8.948e-17 8.162e-17 7.447e-17 6.786e-17 6.186e-17 5.631e-17 5.126e-17 4.668e-17 4.246e-17 3.857e-17 3.509e-17 3.184e-17 2.893e-17 2.628e-17 2.383e-17 2.161e-17 1.959e-17 1.776e-17 1.607e-17 1.455e-17 1.316e-17 1.192e-17 1.077e-17 9.720e-18 8.789e-18 7.930e-18 7.160e-18 6.457e-18 5.816e-18 5.239e-18 4.714e-18 4.244e-18 3.818e-18 3.431e-18 3.081e-18 2.768e-18 2.485e-18 2.229e-18 1.998e-18 1.790e-18 1.601e-18 1.435e-18 1.283e-18 1.147e-18 1.023e-18 9.134e-19 8.150e-19
36326.30 6.535e-17 5.969e-17 5.453e-17 4.974e-17 4.540e-17 4.141e-17 3.774e-17 3.441e-17 3.132e-17 2.852e-17 2.598e-17 2.363e-17 2.148e-17 1.953e-17 1.773e-17 1.612e-17 1.463e-17 1.327e-17 1.205e-17 1.091e-17 9.891e-18 8.957e-18 8.113e-18 7.339e-18 6.643e-18 6.009e-18 5.426e-18 4.899e-18 4.423e-18 3.996e-18 3.601e-18 3.247e-18 2.925e-18 2.633e-18 2.369e-18 2.134e-18 1.916e-18 1.722e-18 1.548e-18 1.388e-18 1.247e-18 1.116e-18 1.001e-18 8.964e-19 8.018e-19 7.178e-19 6.416e-19 5.730e-19 5.119e-19 4.565e-19
37486.70 3.674e-17 3.359e-17 3.067e-17 2.801e-17 2.555e-17 2.331e-17 2.125e-17 1.936e-17 1.764e-17 1.606e-17 1.462e-17 1.331e-17 1.210e-17 1.099e-17 1.000e-17 9.073e-18 8.253e-18 7.485e-18 6.786e-18 6.153e-18 5.581e-18 5.055e-18 4.575e-18 4.142e-18 3.747e-18 3.390e-18 3.063e-18 2.768e-18 2.499e-18 2.255e-18 2.035e-18 1.834e-18 1.652e-18 1.488e-18 1.339e-18 1.206e-18 1.083e-18 9.743e-19 8.749e-19 7.850e-19 7.053e-19 6.320e-19 5.667e-19 5.073e-19 4.542e-19 4.063e-19 3.636e-19 3.244e-19 2.898e-19 2.585e-19
38628.25 2.164e-17 1.978e-17 1.807e-17 1.650e-17 1.505e-17 1.374e-17 1.253e-17 1.141e-17 1.039e-17 9.471e-18 8.622e-18 7.844e-18 7.141e-18 6.487e-18 5.895e-18 5.355e-18 4.867e-18 4.420e-18 4.007e-18 3.635e-18 3.294e-18 2.986e-18 2.704e-18 2.445e-18 2.215e-18 2.003e-18 1.811e-18 1.634e-18 1.477e-18 1.333e-18 1.203e-18 1.084e-18 9.776e-19 8.799e-19 7.930e-19 7.137e-19 6.415e-19 5.767e-19 5.179e-19 4.651e-19 4.176e-19 3.745e-19 3.358e-19 3.009e-19 2.691e-19 2.409e-19 2.155e-19 1.925e-19 1.720e-19 1.535e-19
39768.62 1.315e-17 1.200e-17 1.097e-17 1.002e-17 9.142e-18 8.336e-18 7.603e-18 6.936e-18 6.317e-18 5.751e-18 5.241e-18 4.770e-18 4.338e-18 3.947e-18 3.586e-18 3.256e-18 2.961e-18 2.688e-18 2.438e-18 2.211e-18 2.005e-18 1.818e-18 1.646e-18 1.489e-18 1.348e-18 1.219e-18 1.103e-18 9.957e-19 8.997e-19 8.120e-19 7.337e-19 6.609e-19 5.960e-19 5.366e-19 4.833e-19 4.351e-19 3.913e-19 3.517e-19 3.161e-19 2.839e-19 2.549e-19 2.288e-19 2.050e-19 1.837e-19 1.645e-19 1.472e-19 1.317e-19 1.177e-19 1.050e-19 9.384e-20
40915.31 8.076e-18 7.379e-18 6.746e-18 6.161e-18 5.623e-18 5.131e-18 4.680e-18 4.265e-18 3.888e-18 3.541e-18 3.225e-18 2.936e-18 2.670e-18 2.431e-18 2.208e-18 2.006e-18 1.821e-18 1.656e-18 1.502e-18 1.362e-18 1.236e-18 1.120e-18 1.015e-18 9.186e-19 8.308e-19 7.524e-19 6.801e-19 6.146e-19 5.550e-19 5.014e-19 4.526e-19 4.084e-19 3.680e-19 3.315e-19 2.985e-19 2.687e-19 2.417e-19 2.174e-19 1.955e-19 1.755e-19 1.575e-19 1.415e-19 1.267e-19 1.137e-19 1.018e-19 9.107e-20 8.153e-20 7.294e-20 6.506e-20 5.813e-20
42074.51 5.003e-18 4.573e-18 4.176e-18 3.818e-18 3.486e-18 3.180e-18 2.901e-18 2.645e-18 2.410e-18 2.197e-18 2.000e-18 1.821e-18 1.657e-18 1.507e-18 1.371e-18 1.246e-18 1.131e-18 1.028e-18 9.333e-19 8.465e-19 7.671e-19 6.955e-19 6.305e-19 5.708e-19 5.163e-19 4.677e-19 4.229e-19 3.822e-19 3.450e-19 3.118e-19 2.816e-19 2.540e-19 2.291e-19 2.062e-19 1.858e-19 1.673e-19 1.506e-19 1.353e-19 1.218e-19 1.094e-19 9.813e-20 8.812e-20 7.904e-20 7.082e-20 6.347e-20 5.678e-20 5.085e-20 4.549e-20 4.061e-20 3.627e-20
43252.44 3.117e-18 2.849e-18 2.603e-18 2.377e-18 2.172e-18 1.981e-18 1.807e-18 1.650e-18 1.504e-18 1.370e-18 1.247e-18 1.135e-18 1.033e-18 9.410e-19 8.554e-19 7.773e-19 7.058e-19 6.413e-19 5.827e-19 5.287e-19 4.792e-19 4.343e-19 3.937e-19 3.565e-19 3.228e-19 2.921e-19 2.642e-19 2.391e-19 2.159e-19 1.949e-19 1.760e-19 1.589e-19 1.433e-19 1.291e-19 1.163e-19 1.047e-19 9.430e-20 8.479e-20 7.624e-20 6.851e-20 6.148e-20 5.524e-20 4.954e-20 4.439e-20 3.980e-20 3.563e-20 3.187e-20 2.854e-20 2.550e-20 2.275e-20
44454.05 1.948e-18 1.781e-18 1.627e-18 1.486e-18 1.358e-18 1.239e-18 1.131e-18 1.031e-18 9.398e-19 8.567e-19 7.805e-19 7.109e-19 6.472e-19 5.887e-19 5.354e-19 4.864e-19 4.420e-19 4.017e-19 3.650e-19 3.311e-19 3.003e-19 2.721e-19 2.467e-19 2.236e-19 2.024e-19 1.831e-19 1.659e-19 1.500e-19 1.354e-19 1.223e-19 1.104e-19 9.978e-20 8.996e-20 8.107e-20 7.300e-20 6.577e-20 5.920e-20 5.329e-20 4.787e-20 4.306e-20 3.865e-20 3.472e-20 3.118e-20 2.791e-20 2.504e-20 2.242e-20 2.005e-20 1.796e-20 1.605e-20 1.433e-20
45683.04 1.219e-18 1.115e-18 1.019e-18 9.308e-19 8.503e-19 7.764e-19 7.084e-19 6.461e-19 5.892e-19 5.371e-19 4.890e-19 4.453e-19 4.059e-19 3.693e-19 3.360e-19 3.053e-19 2.775e-19 2.519e-19 2.289e-19 2.077e-19 1.886e-19 1.710e-19 1.550e-19 1.404e-19 1.271e-19 1.151e-19 1.042e-19 9.423e-20 8.516e-20 7.687e-20 6.944e-20 6.272e-20 5.659e-20 5.100e-20 4.598e-20 4.140e-20 3.726e-20 3.354e-20 3.017e-20 2.712e-20 2.435e-20 2.187e-20 1.964e-20 1.760e-20 1.579e-20 1.413e-20 1.265e-20 1.133e-20 1.013e-20 9.046e-21
46941.68 7.641e-19 6.990e-19 6.389e-19 5.836e-19 5.331e-19 4.871e-19 4.444e-19 4.053e-19 3.697e-19 3.370e-19 3.070e-19 2.798e-19 2.548e-19 2.320e-19 2.110e-19 1.918e-19 1.743e-19 1.583e-19 1.439e-19 1.306e-19 1.185e-19 1.075e-19 9.748e-20 8.835e-20 8.001e-20 7.240e-20 6.552e-20 5.927e-20 5.365e-20 4.844e-20 4.375e-20 3.948e-20 3.565e-20 3.212e-20 2.898e-20 2.610e-20 2.349e-20 2.114e-20 1.902e-20 1.709e-20 1.536e-20 1.380e-20 1.239e-20 1.112e-20 9.965e-21 8.933e-21 7.992e-21 7.153e-21 6.398e-21 5.723e-21
48230.81 4.794e-19 4.385e-19 4.009e-19 3.664e-19 3.346e-19 3.057e-19 2.793e-19 2.549e-19 2.324e-19 2.119e-19 1.932e-19 1.758e-19 1.602e-19 1.458e-19 1.326e-19 1.207e-19 1.096e-19 9.965e-20 9.046e-20 8.222e-20 7.458e-20 6.772e-20 6.137e-20 5.565e-20 5.039e-20 4.563e-20 4.128e-20 3.736e-20 3.378e-20 3.052e-20 2.759e-20 2.491e-20 2.249e-20 2.028e-20 1.829e-20 1.647e-20 1.483e-20 1.335e-20 1.202e-20 1.080e-20 9.713e-21 8.718e-21 7.827e-21 7.028e-21 6.297e-21 5.649e-21 5.056e-21 4.523e-21 4.049e-21 3.623e-21
49550.29 3.014e-19 2.757e-19 2.521e-19 2.305e-19 2.105e-19 1.923e-19 1.756e-19 1.602e-19 1.462e-19 1.333e-19 1.215e-19 1.107e-19 1.008e-19 9.176e-20 8.350e-20 7.597e-20 6.904e-20 6.276e-20 5.703e-20 5.184e-20 4.705e-20 4.269e-20 3.869e-20 3.508e-20 3.178e-20 2.878e-20 2.604e-20 2.357e-20 2.132e-20 1.927e-20 1.741e-20 1.573e-20 1.420e-20 1.281e-20 1.155e-20 1.041e-20 9.372e-21 8.440e-21 7.593e-21 6.832e-21 6.143e-21 5.514e-21 4.955e-21 4.447e-21 3.990e-21 3.574e-21 3.203e-21 2.865e-21 2.566e-21 2.296e-21
50899.37 1.896e-19 1.736e-19 1.588e-19 1.452e-19 1.326e-19 1.211e-19 1.107e-19 1.010e-19 9.213e-20 8.404e-20 7.661e-20 6.981e-20 6.356e-20 5.789e-20 5.270e-20 4.794e-20 4.360e-20 3.961e-20 3.599e-20 3.270e-20 2.970e-20 2.694e-20 2.443e-20 2.214e-20 2.008e-20 1.818e-20 1.646e-20 1.489e-20 1.349e-20 1.220e-20 1.102e-20 9.949e-21 8.982e-21 8.112e-21 7.314e-21 6.590e-21 5.934e-21 5.347e-21 4.811e-21 4.326e-21 3.892e-21 3.498e-21 3.140e-21 2.819e-21 2.531e-21 2.267e-21 2.032e-21 1.819e-21 1.628e-21 1.456e-21
52276.86 1.196e-19 1.095e-19 1.001e-19 9.156e-20 8.368e-20 7.643e-20 6.982e-20 6.374e-20 5.817e-20 5.306e-20 4.837e-20 4.410e-20 4.015e-20 3.657e-20 3.330e-20 3.029e-20 2.756e-20 2.504e-20 2.279e-20 2.069e-20 1.881e-20 1.706e-20 1.548e-20 1.403e-20 1.272e-20 1.152e-20 1.043e-20 9.441e-21 8.546e-21 7.728e-21 6.987e-21 6.309e-21 5.696e-21 5.143e-21 4.638e-21 4.182e-21 3.766e-21 3.394e-21 3.055e-21 2.751e-21 2.472e-21 2.222e-21 1.996e-21 1.792e-21 1.610e-21 1.443e-21 1.293e-21 1.158e-21 1.036e-21 9.274e-22
53681.16 7.569e-20 6.930e-20 6.337e-20 5.797e-20 5.299e-20 4.840e-20 4.422e-20 4.039e-20 3.686e-20 3.362e-20 3.067e-20 2.795e-20 2.547e-20 2.319e-20 2.112e-20 1.922e-20 1.749e-20 1.590e-20 1.445e-20 1.312e-20 1.193e-20 1.083e-20 9.824e-21 8.906e-21 8.074e-21 7.317e-21 6.627e-21 5.997e-21 5.428e-21 4.915e-21 4.445e-21 4.012e-21 3.622e-21 3.270e-21 2.954e-21 2.663e-21 2.400e-21 2.162e-21 1.945e-21 1.751e-21 1.575e-21 1.417e-21 1.272e-21 1.143e-21 1.025e-21 9.209e-22 8.251e-22 7.393e-22 6.616e-22 5.921e-22
55110.21 4.808e-20 4.402e-20 4.028e-20 3.684e-20 3.368e-20 3.078e-20 2.811e-20 2.568e-20 2.344e-20 2.139e-20 1.951e-20 1.779e-20 1.621e-20 1.476e-20 1.345e-20 1.224e-20 1.114e-20 1.013e-20 9.204e-21 8.366e-21 7.596e-21 6.904e-21 6.263e-21 5.681e-21 5.149e-21 4.669e-21 4.228e-21 3.829e-21 3.464e-21 3.135e-21 2.836e-21 2.561e-21 2.313e-21 2.089e-21 1.887e-21 1.701e-21 1.534e-21 1.381e-21 1.244e-21 1.120e-21 1.007e-21 9.056e-22 8.145e-22 7.310e-22 6.563e-22 5.895e-22 5.280e-22 4.734e-22 4.241e-22 3.795e-22
56561.17 3.067e-20 2.808e-20 2.570e-20 2.350e-20 2.150e-20 1.965e-20 1.795e-20 1.640e-20 1.497e-20 1.366e-20 1.246e-20 1.137e-20 1.036e-20 9.438e-21 8.595e-21 7.826e-21 7.123e-21 6.480e-21 5.889e-21 5.354e-21 4.861e-21 4.419e-21 4.011e-21 3.639e-21 3.299e-21 2.991e-21 2.708e-21 2.453e-21 2.220e-21 2.009e-21 1.817e-21 1.643e-21 1.483e-21 1.340e-21 1.210e-21 1.092e-21 9.847e-22 8.871e-22 7.987e-22 7.193e-22 6.474e-22 5.821e-22 5.234e-22 4.701e-22 4.220e-22 3.790e-22 3.402e-22 3.049e-22 2.729e-22 2.442e-22
58030.00 1.966e-20 1.800e-20 1.648e-20 1.507e-20 1.379e-20 1.260e-20 1.152e-20 1.052e-20 9.612e-21 8.770e-21 8.002e-21 7.299e-21 6.654e-21 6.064e-21 5.521e-21 5.029e-21 4.578e-21 4.165e-21 3.788e-21 3.442e-21 3.127e-21 2.841e-21 2.581e-21 2.341e-21 2.126e-21 1.925e-21 1.746e-21 1.581e-21 1.431e-21 1.295e-21 1.172e-21 1.061e-21 9.575e-22 8.648e-22 7.808e-22 7.050e-22 6.357e-22 5.733e-22 5.163e-22 4.648e-22 4.184e-22 3.766e-22 3.384e-22 3.042e-22 2.731e-22 2.451e-22 2.202e-22 1.973e-22 1.769e-22 1.583e-22
59510.42 1.270e-20 1.162e-20 1.064e-20 9.739e-21 8.907e-21 8.146e-21 7.446e-21 6.801e-21 6.213e-21 5.673e-21 5.176e-21 4.722e-21 4.306e-21 3.925e-21 3.574e-21 3.255e-21 2.965e-21 2.697e-21 2.454e-21 2.230e-21 2.027e-21 1.840e-21 1.673e-21 1.518e-21 1.378e-21 1.249e-21 1.132e-21 1.026e-21 9.290e-22 8.407e-22 7.611e-22 6.883e-22 6.221e-22 5.617e-22 5.075e-22 4.581e-22 4.134e-22 3.725e-22 3.356e-22 3.023e-22 2.722e-22 2.450e-22 2.203e-22 1.981e-22 1.778e-22 1.597e-22 1.435e-22 1.286e-22 1.153e-22 1.033e-22
60993.45 8.282e-21 7.585e-21 6.942e-21 6.356e-21 5.813e-21 5.318e-21 4.861e-21 4.441e-21 4.057e-21 3.707e-21 3.382e-21 3.085e-21 2.814e-21 2.565e-21 2.337e-21 2.128e-21 1.938e-21 1.765e-21 1.606e-21 1.460e-21 1.327e-21 1.205e-21 1.095e-21 9.944e-22 9.025e-22 8.183e-22 7.418e-22 6.725e-22 6.091e-22 5.512e-22 4.990e-22 4.514e-22 4.082e-22 3.687e-22 3.330e-22 3.006e-22 2.715e-22 2.447e-22 2.205e-22 1.986e-22 1.789e-22 1.610e-22 1.449e-22 1.302e-22 1.170e-22 1.051e-22 9.432e-23 8.468e-23 7.585e-23 6.799e-23
62466.44 5.466e-21 5.006e-21 4.582e-21 4.195e-21 3.839e-21 3.511e-21 3.211e-21 2.934e-21 2.680e-21 2.448e-21 2.235e-21 2.040e-21 1.860e-21 1.696e-21 1.547e-21 1.408e-21 1.283e-21 1.168e-21 1.062e-21 9.665e-22 8.782e-22 7.985e-22 7.249e-22 6.589e-22 5.979e-22 5.424e-22 4.916e-22 4.458e-22 4.038e-22 3.656e-22 3.309e-22 2.995e-22 2.709e-22 2.447e-22 2.211e-22 1.997e-22 1.803e-22 1.626e-22 1.466e-22 1.320e-22 1.189e-22 1.071e-22 9.636e-23 8.664e-23 7.786e-23 6.988e-23 6.274e-23 5.636e-23 5.051e-23 4.528e-23
63912.69 3.670e-21 3.361e-21 3.077e-21 2.817e-21 2.579e-21 2.358e-21 2.157e-21 1.972e-21 1.801e-21 1.646e-21 1.503e-21 1.372e-21 1.251e-21 1.141e-21 1.040e-21 9.477e-22 8.630e-22 7.859e-22 7.154e-22 6.509e-22 5.917e-22 5.379e-22 4.884e-22 4.440e-22 4.030e-22 3.657e-22 3.315e-22 3.006e-22 2.724e-22 2.467e-22 2.233e-22 2.021e-22 1.829e-22 1.653e-22 1.493e-22 1.349e-22 1.218e-22 1.099e-22 9.908e-23 8.928e-23 8.043e-23 7.242e-23 6.517e-23 5.862e-23 5.270e-23 4.735e-23 4.251e-23 3.817e-23 3.425e-23 3.069e-23
65311.62 2.512e-21 2.301e-21 2.108e-21 1.929e-21 1.766e-21 1.616e-21 1.478e-21 1.352e-21 1.235e-21 1.128e-21 1.031e-21 9.407e-22 8.584e-22 7.829e-22 7.138e-22 6.507e-22 5.923e-22 5.396e-22 4.913e-22 4.470e-22 4.066e-22 3.694e-22 3.358e-22 3.049e-22 2.771e-22 2.514e-22 2.280e-22 2.067e-22 1.874e-22 1.697e-22 1.537e-22 1.391e-22 1.259e-22 1.138e-22 1.028e-22 9.289e-23 8.388e-23 7.575e-23 6.831e-23 6.157e-23 5.546e-23 4.995e-23 4.496e-23 4.046e-23 3.637e-23 3.270e-23 2.936e-23 2.636e-23 2.367e-23 2.121e-23
66639.26 1.767e-21 1.620e-21 1.483e-21 1.358e-21 1.243e-21 1.138e-21 1.041e-21 9.518e-22 8.701e-22 7.947e-22 7.261e-22 6.630e-22 6.050e-22 5.519e-22 5.033e-22 4.588e-22 4.179e-22 3.806e-22 3.466e-22 3.154e-22 2.870e-22 2.608e-22 2.371e-22 2.153e-22 1.957e-22 1.776e-22 1.611e-22 1.461e-22 1.324e-22 1.200e-22 1.087e-22 9.834e-23 8.902e-23 8.053e-23 7.280e-23 6.572e-23 5.939e-23 5.361e-23 4.838e-23 4.361e-23 3.929e-23 3.538e-23 3.185e-23 2.867e-23 2.578e-23 2.318e-23 2.082e-23 1.869e-23 1.679e-23 1.505e-23
67870.77 1.281e-21 1.175e-21 1.076e-21 9.854e-22 9.019e-22 8.258e-22 7.553e-22 6.909e-22 6.316e-22 5.771e-22 5.271e-22 4.817e-22 4.395e-22 4.009e-22 3.657e-22 3.334e-22 3.038e-22 2.766e-22 2.520e-22 2.294e-22 2.087e-22 1.898e-22 1.724e-22 1.567e-22 1.424e-22 1.293e-22 1.173e-22 1.064e-22 9.641e-23 8.742e-23 7.917e-23 7.166e-23 6.486e-23 5.868e-23 5.308e-23 4.793e-23 4.330e-23 3.909e-23 3.530e-23 3.182e-23 2.867e-23 2.583e-23 2.326e-23 2.093e-23 1.884e-23 1.693e-23 1.522e-23 1.366e-23 1.227e-23 1.101e-23
68864.47 9.681e-22 8.878e-22 8.134e-22 7.450e-22 6.818e-22 6.242e-22 5.713e-22 5.224e-22 4.777e-22 4.366e-22 3.988e-22 3.643e-22 3.326e-22 3.035e-22 2.768e-22 2.524e-22 2.301e-22 2.094e-22 1.908e-22 1.737e-22 1.580e-22 1.438e-22 1.306e-22 1.188e-22 1.078e-22 9.801e-23 8.891e-23 8.066e-23 7.310e-23 6.630e-23 6.004e-23 5.437e-23 4.920e-23 4.454e-23 4.027e-23 3.639e-23 3.286e-23 2.965e-23 2.677e-23 2.417e-23 2.179e-23 1.962e-23 1.767e-23 1.591e-23 1.432e-23 1.287e-23 1.158e-23 1.039e-23 9.329e-24 8.379e-24
69459.55 8.493e-22 7.788e-22 7.137e-22 6.538e-22 5.984e-22 5.478e-22 5.013e-22 4.586e-22 4.194e-22 3.833e-22 3.501e-22 3.198e-22 2.920e-22 2.664e-22 2.431e-22 2.216e-22 2.021e-22 1.840e-22 1.676e-22 1.526e-22 1.388e-22 1.263e-22 1.148e-22 1.044e-22 9.475e-23 8.612e-23 7.816e-23 7.090e-23 6.427e-23 5.827e-23 5.280e-23 4.781e-23 4.326e-23 3.917e-23 3.542e-23 3.201e-23 2.891e-23 2.609e-23 2.355e-23 2.127e-23 1.918e-23 1.727e-23 1.555e-23 1.401e-23 1.261e-23 1.133e-23 1.019e-23 9.151e-24 8.215e-24 7.379e-24
69744.99 7.958e-22 7.297e-22 6.690e-22 6.126e-22 5.608e-22 5.134e-22 4.699e-22 4.297e-22 3.931e-22 3.593e-22 3.281e-22 2.998e-22 2.737e-22 2.498e-22 2.279e-22 2.078e-22 1.895e-22 1.725e-22 1.571e-22 1.431e-22 1.302e-22 1.185e-22 1.076e-22 9.787e-23 8.885e-23 8.077e-23 7.331e-23 6.650e-23 6.029e-23 5.466e-23 4.953e-23 4.485e-23 4.059e-23 3.674e-23 3.324e-23 3.004e-23 2.710e-23 2.448e-23 2.212e-23 1.995e-23 1.799e-23 1.620e-23 1.459e-23 1.314e-23 1.183e-23 1.063e-23 9.562e-24 8.588e-24 7.710e-24 6.924e-24
69888.26 7.703e-22 7.064e-22 6.476e-22 5.931e-22 5.429e-22 4.970e-22 4.549e-22 4.161e-22 3.805e-22 3.479e-22 3.177e-22 2.903e-22 2.650e-22 2.419e-22 2.206e-22 2.012e-22 1.834e-22 1.671e-22 1.521e-22 1.386e-22 1.261e-22 1.147e-22 1.042e-22 9.477e-23 8.605e-23 7.822e-23 7.099e-23 6.441e-23 5.840e-23 5.294e-23 4.796e-23 4.344e-23 3.931e-23 3.558e-23 3.219e-23 2.910e-23 2.624e-23 2.372e-23 2.143e-23 1.933e-23 1.743e-23 1.571e-23 1.414e-23 1.274e-23 1.146e-23 1.031e-23 9.268e-24 8.323e-24 7.473e-24 6.712e-24
69959.62 7.579e-22 6.950e-22 6.372e-22 5.835e-22 5.342e-22 4.890e-22 4.476e-22 4.094e-22 3.744e-22 3.423e-22 3.126e-22 2.856e-22 2.608e-22 2.380e-22 2.171e-22 1.980e-22 1.805e-22 1.644e-22 1.497e-22 1.363e-22 1.241e-22 1.129e-22 1.026e-22 9.326e-23 8.468e-23 7.698e-23 6.986e-23 6.338e-23 5.747e-23 5.211e-23 4.720e-23 4.275e-23 3.869e-23 3.502e-23 3.168e-23 2.864e-23 2.583e-23 2.334e-23 2.109e-23 1.903e-23 1.716e-23 1.546e-23 1.392e-23 1.254e-23 1.128e-23 1.014e-23 9.123e-24 8.192e-24 7.356e-24 6.607e-24
69991.15 7.521e-22 6.897e-22 6.324e-22 5.791e-22 5.302e-22 4.853e-22 4.442e-22 4.063e-22 3.716e-22 3.397e-22 3.102e-22 2.834e-22 2.588e-22 2.362e-22 2.155e-22 1.965e-22 1.791e-22 1.632e-22 1.486e-22 1.353e-22 1.231e-22 1.120e-22 1.018e-22 9.256e-23 8.404e-23 7.640e-23 6.934e-23 6.291e-23 5.704e-23 5.172e-23 4.685e-23 4.243e-23 3.840e-23 3.476e-23 3.145e-23 2.843e-23 2.564e-23 2.317e-23 2.093e-23 1.889e-23 1.703e-23 1.534e-23 1.382e-23 1.244e-23 1.120e-23 1.007e-23 9.056e-24 8.131e-24 7.302e-24 6.557e-24
69999.53 7.516e-22 6.893e-22 6.320e-22 5.787e-22 5.298e-22 4.850e-22 4.439e-22 4.060e-22 3.713e-22 3.395e-22 3.100e-22 2.833e-22 2.587e-22 2.360e-22 2.153e-22 1.964e-22 1.790e-22 1.631e-22 1.485e-22 1.352e-22 1.231e-22 1.120e-22 1.018e-22 9.250e-23 8.399e-23 7.636e-23 6.929e-23 6.287e-23 5.700e-23 5.169e-23 4.682e-23 4.241e-23 3.838e-23 3.474e-23 3.143e-23 2.841e-23 2.562e-23 2.315e-23 2.092e-23 1.888e-23 1.702e-23 1.534e-23 1.381e-23 1.243e-23 1.119e-23 1.006e-23 9.050e-24 8.127e-24 7.298e-24 6.553e-24
