#NTIMES:  59
#NVEL:   115
#TIMES[d]: 1.30000e+00 1.43000e+00 1.57300e+00 1.73000e+00 1.90000e+00 2.09000e+00 2.30000e+00 2.53000e+00 2.78300e+00 3.06100e+00 3.36700e+00 3.70400e+00 4.07400e+00 4.48100e+00 4.92900e+00 5.42200e+00 5.96400e+00 6.56000e+00 7.21600e+00 7.93800e+00 8.73200e+00 9.60000e+00 1.05600e+01 1.16200e+01 1.27800e+01 1.40600e+01 1.54700e+01 1.70200e+01 1.87200e+01 2.05900e+01 2.26500e+01 2.49100e+01 2.74000e+01 3.01400e+01 3.31500e+01 3.64600e+01 4.01100e+01 4.41200e+01 4.85300e+01 5.33800e+01 5.87200e+01 6.45900e+01 7.10500e+01 7.81600e+01 8.60000e+01 9.46000e+01 1.04100e+02 1.14500e+02 1.26000e+02 1.38600e+02 1.52500e+02 1.67800e+02 1.84600e+02 2.03100e+02 2.23400e+02 2.45800e+02 2.70400e+02 2.97400e+02 3.20000e+02
#vel_mid[km/s] Edep_t0[erg/s/cm^3] Edep_t1[erg/s/cm^3] ... Edep_tn[erg/s/cm^3]
8.48466e+02 3.27027e+00 1.00000e-99 1.00000e-99 1.00000e-99 1.00000e-99 1.00000e-99 4.76220e-01 3.44476e-01 2.49017e-01 1.79909e-01 1.29819e-01 9.35266e-02 6.73221e-02 4.83822e-02 3.46993e-02 2.48312e-02 1.77315e-02 1.26308e-02 8.97061e-03 6.35064e-03 4.48164e-03 3.15786e-03 2.21378e-03 1.54432e-03 1.07520e-03 7.45309e-04 5.15035e-04 3.55162e-04 2.95911e-04 1.68640e-04 1.50246e-04 1.24999e-04 1.13970e-04 8.19034e-05 7.07872e-05 5.61136e-05 4.27470e-05 3.13522e-05 2.31788e-05 1.63367e-05 1.12006e-05 7.83348e-06 5.00565e-06 3.06696e-06 1.85166e-06 1.12198e-06 6.73697e-07 3.45656e-07 1.45972e-07 1.16389e-07 1.04659e-07 3.61341e-08 2.18462e-08 9.67381e-09 5.81449e-09 3.11593e-09 1.13511e-09 8.94200e-10 2.95489e-10
8.54639e+02 3.27027e+00 2.37310e+00 1.72129e+00 1.24857e+00 9.09322e-01 6.58793e-01 4.76220e-01 3.44476e-01 2.49017e-01 1.79909e-01 1.29819e-01 9.35266e-02 6.73221e-02 4.83822e-02 3.46993e-02 2.48313e-02 1.77315e-02 1.26309e-02 8.97066e-03 6.35069e-03 4.48169e-03 3.15791e-03 2.21382e-03 1.54434e-03 1.07522e-03 7.45326e-04 5.15052e-04 3.55175e-04 2.95911e-04 1.68648e-04 1.50246e-04 1.24999e-04 1.13970e-04 8.19034e-05 7.07872e-05 5.61136e-05 4.27470e-05 3.13522e-05 2.31788e-05 1.63367e-05 1.12006e-05 7.83348e-06 5.00565e-06 3.06696e-06 1.85166e-06 1.12198e-06 6.73697e-07 4.21649e-07 2.24662e-07 1.26896e-07 8.24503e-08 3.48896e-08 2.28493e-08 1.36765e-08 6.25875e-09 3.10231e-09 1.28271e-09 8.77003e-10 3.19696e-10
8.73427e+02 3.27027e+00 2.37309e+00 1.72129e+00 1.24857e+00 9.09322e-01 6.58793e-01 4.76220e-01 3.44476e-01 2.49017e-01 1.79909e-01 1.29820e-01 9.35272e-02 6.73226e-02 4.83832e-02 3.47000e-02 2.48324e-02 1.77324e-02 1.26320e-02 8.97163e-03 6.35152e-03 4.48249e-03 3.15855e-03 2.21430e-03 1.54468e-03 1.07549e-03 7.45547e-04 5.15238e-04 3.55310e-04 2.95911e-04 1.68724e-04 1.50246e-04 1.24999e-04 1.13970e-04 8.19034e-05 7.07872e-05 5.61136e-05 4.27470e-05 3.13522e-05 2.31788e-05 1.63367e-05 1.12006e-05 7.83348e-06 5.00565e-06 3.06696e-06 1.85166e-06 1.12198e-06 6.73697e-07 4.45941e-07 2.55162e-07 1.37824e-07 7.78893e-08 3.76315e-08 2.19354e-08 1.24360e-08 7.04240e-09 3.10254e-09 1.64577e-09 8.64940e-10 3.97757e-10
9.12250e+02 3.27027e+00 2.37309e+00 1.72129e+00 1.24857e+00 9.09319e-01 6.58791e-01 4.76219e-01 3.44477e-01 2.49021e-01 1.79915e-01 1.29829e-01 9.35385e-02 6.73314e-02 4.83958e-02 3.47095e-02 2.48440e-02 1.77411e-02 1.26413e-02 8.97929e-03 6.35781e-03 4.48795e-03 3.16275e-03 2.21744e-03 1.54689e-03 1.07715e-03 7.46864e-04 5.16271e-04 3.56030e-04 2.95911e-04 1.69125e-04 1.50246e-04 1.24999e-04 1.13970e-04 8.19034e-05 7.07872e-05 5.61136e-05 4.27470e-05 3.13522e-05 2.31788e-05 1.63367e-05 1.12006e-05 7.83640e-06 5.00565e-06 3.06696e-06 1.85166e-06 1.12198e-06 6.74244e-07 4.16286e-07 2.53830e-07 1.33787e-07 7.44979e-08 3.91035e-08 2.16935e-08 1.20174e-08 6.87741e-09 3.39316e-09 1.76747e-09 8.83704e-10 4.89212e-10
9.72937e+02 3.27024e+00 2.37298e+00 1.72121e+00 1.24849e+00 9.09261e-01 6.58778e-01 4.76224e-01 3.44502e-01 2.49085e-01 1.79989e-01 1.29917e-01 9.36277e-02 6.74011e-02 4.84741e-02 3.47691e-02 2.49052e-02 1.77871e-02 1.26845e-02 9.01237e-03 6.38485e-03 4.50981e-03 3.17872e-03 2.22951e-03 1.55535e-03 1.08349e-03 7.51734e-04 5.19836e-04 3.58500e-04 2.95911e-04 1.70540e-04 1.50246e-04 1.25188e-04 1.13970e-04 8.19106e-05 7.08918e-05 5.61367e-05 4.28472e-05 3.15835e-05 2.32642e-05 1.63367e-05 1.12250e-05 7.91115e-06 5.00565e-06 3.06685e-06 1.86202e-06 1.12198e-06 6.79775e-07 4.09327e-07 2.39930e-07 1.28355e-07 7.51635e-08 3.88927e-08 2.15329e-08 1.20903e-08 6.48461e-09 3.58566e-09 1.81428e-09 8.53753e-10 4.80506e-10
1.03402e+03 3.26930e+00 2.37200e+00 1.72038e+00 1.24830e+00 9.09220e-01 6.58926e-01 4.76625e-01 3.44789e-01 2.49658e-01 1.80485e-01 1.30423e-01 9.40651e-02 6.77299e-02 4.87877e-02 3.50071e-02 2.51165e-02 1.79464e-02 1.28175e-02 9.11163e-03 6.46336e-03 4.56976e-03 3.22193e-03 2.26263e-03 1.57860e-03 1.10021e-03 7.63963e-04 5.28553e-04 3.64529e-04 2.95911e-04 1.75756e-04 1.63344e-04 1.27347e-04 1.13970e-04 8.42765e-05 7.22425e-05 5.64746e-05 4.34376e-05 3.22934e-05 2.37774e-05 1.64950e-05 1.14479e-05 8.01509e-06 5.08873e-06 3.08109e-06 1.90142e-06 1.12198e-06 6.90546e-07 4.08442e-07 2.32866e-07 1.33241e-07 7.36596e-08 3.87839e-08 2.22767e-08 1.27644e-08 6.32830e-09 3.52968e-09 1.79670e-09 8.57033e-10 4.63314e-10
1.09895e+03 3.26511e+00 2.37329e+00 1.72236e+00 1.25170e+00 9.13330e-01 6.62387e-01 4.80518e-01 3.47648e-01 2.52826e-01 1.82973e-01 1.32575e-01 9.57534e-02 6.89890e-02 4.98295e-02 3.57941e-02 2.57425e-02 1.84150e-02 1.31782e-02 9.37492e-03 6.66465e-03 4.71732e-03 3.32703e-03 2.34204e-03 1.63424e-03 1.13962e-03 7.91971e-04 5.48052e-04 3.79186e-04 2.98797e-04 1.98666e-04 1.77366e-04 1.33921e-04 1.15593e-04 8.72734e-05 7.50731e-05 5.81021e-05 4.46854e-05 3.34298e-05 2.47372e-05 1.70871e-05 1.19029e-05 8.06410e-06 5.20749e-06 3.17015e-06 1.96861e-06 1.15984e-06 7.02176e-07 4.12963e-07 2.32858e-07 1.38695e-07 7.71040e-08 4.06241e-08 2.16497e-08 1.23422e-08 6.24012e-09 3.67999e-09 1.78234e-09 8.91240e-10 4.57524e-10
1.16795e+03 3.28747e+00 2.41137e+00 1.75585e+00 1.28131e+00 9.39623e-01 6.82392e-01 4.97993e-01 3.60142e-01 2.63821e-01 1.91157e-01 1.38996e-01 1.00564e-01 7.24870e-02 5.25223e-02 3.77786e-02 2.72369e-02 1.95113e-02 1.39882e-02 9.95331e-03 7.09693e-03 5.02616e-03 3.54387e-03 2.50377e-03 1.74733e-03 1.21908e-03 8.47924e-04 5.86435e-04 4.07624e-04 3.15872e-04 2.29594e-04 1.93552e-04 1.43769e-04 1.19694e-04 9.27023e-05 7.83838e-05 6.03908e-05 4.75893e-05 3.44708e-05 2.54483e-05 1.77141e-05 1.22378e-05 8.13025e-06 5.30080e-06 3.27820e-06 2.05041e-06 1.21464e-06 7.16902e-07 4.33134e-07 2.37514e-07 1.39159e-07 8.17921e-08 4.32379e-08 2.29614e-08 1.25978e-08 6.56029e-09 3.43094e-09 1.83523e-09 9.12408e-10 5.21685e-10
1.24129e+03 3.49184e+00 2.60790e+00 1.91260e+00 1.39738e+00 1.03223e+00 7.48523e-01 5.49828e-01 3.96809e-01 2.92561e-01 2.11805e-01 1.54510e-01 1.11814e-01 8.05315e-02 5.85081e-02 4.20773e-02 3.03956e-02 2.17778e-02 1.56339e-02 1.11119e-02 7.94683e-03 5.62668e-03 3.95950e-03 2.81023e-03 1.96109e-03 1.36887e-03 9.53215e-04 6.58139e-04 4.59153e-04 3.48280e-04 2.60721e-04 2.13528e-04 1.58815e-04 1.24591e-04 1.01638e-04 8.30662e-05 6.34153e-05 4.94346e-05 3.55096e-05 2.59861e-05 1.85672e-05 1.26800e-05 8.34711e-06 5.49232e-06 3.41541e-06 2.12299e-06 1.27018e-06 7.45282e-07 4.44743e-07 2.50843e-07 1.41733e-07 8.27204e-08 4.35325e-08 2.42446e-08 1.30737e-08 6.99600e-09 3.50144e-09 1.88953e-09 9.24182e-10 5.55054e-10
1.31923e+03 4.23634e+00 3.15240e+00 2.31629e+00 1.68517e+00 1.24324e+00 9.00862e-01 6.59772e-01 4.76730e-01 3.49935e-01 2.53221e-01 1.84451e-01 1.33342e-01 9.60678e-02 6.96733e-02 5.01204e-02 3.61522e-02 2.59100e-02 1.85784e-02 1.32034e-02 9.44180e-03 6.68153e-03 4.70808e-03 3.34021e-03 2.33134e-03 1.62673e-03 1.13202e-03 7.83110e-04 5.44425e-04 4.38715e-04 3.11327e-04 2.45225e-04 1.84597e-04 1.40236e-04 1.10611e-04 8.80297e-05 6.82916e-05 5.16885e-05 3.80250e-05 2.78010e-05 2.02994e-05 1.33845e-05 8.82577e-06 5.84214e-06 3.63149e-06 2.21783e-06 1.34729e-06 7.91969e-07 4.57214e-07 2.69916e-07 1.49144e-07 8.55213e-08 4.60496e-08 2.57884e-08 1.38234e-08 7.55589e-09 3.81100e-09 2.02615e-09 1.00658e-09 5.94900e-10
1.40207e+03 5.58831e+00 4.06265e+00 2.96049e+00 2.14793e+00 1.57195e+00 1.13998e+00 8.28769e-01 6.00046e-01 4.37131e-01 3.16390e-01 2.29685e-01 1.65933e-01 1.19621e-01 8.65020e-02 6.22450e-02 4.47975e-02 3.21132e-02 2.29889e-02 1.63410e-02 1.16719e-02 8.25658e-03 5.83349e-03 4.12565e-03 2.87992e-03 2.00879e-03 1.39586e-03 9.67496e-04 6.69371e-04 5.42564e-04 3.87187e-04 2.91395e-04 2.15758e-04 1.64794e-04 1.28035e-04 9.78389e-05 7.58344e-05 5.71288e-05 4.23171e-05 3.04078e-05 2.14311e-05 1.43072e-05 9.40898e-06 6.10578e-06 3.84079e-06 2.37021e-06 1.44293e-06 8.46760e-07 4.89409e-07 2.90268e-07 1.60834e-07 8.99430e-08 5.00678e-08 2.78512e-08 1.53299e-08 8.04360e-09 4.16943e-09 2.29376e-09 1.13955e-09 6.51895e-10
1.49010e+03 7.06262e+00 5.10923e+00 3.70514e+00 2.69684e+00 1.96770e+00 1.42982e+00 1.03710e+00 7.52224e-01 5.46700e-01 3.96056e-01 2.87167e-01 2.07498e-01 1.49689e-01 1.08124e-01 7.78479e-02 5.59908e-02 4.01462e-02 2.87329e-02 2.04441e-02 1.45806e-02 1.03213e-02 7.30101e-03 5.15294e-03 3.59723e-03 2.50898e-03 1.74122e-03 1.20786e-03 8.34907e-04 6.45728e-04 4.63320e-04 3.44587e-04 2.58670e-04 1.93477e-04 1.48635e-04 1.12105e-04 8.62722e-05 6.49085e-05 4.63591e-05 3.29195e-05 2.28259e-05 1.53191e-05 1.00269e-05 6.41080e-06 4.06061e-06 2.50781e-06 1.51171e-06 8.97111e-07 5.21925e-07 3.05309e-07 1.72779e-07 9.61099e-08 5.43792e-08 2.97745e-08 1.63391e-08 8.65897e-09 4.44544e-09 2.47068e-09 1.26673e-09 7.32965e-10
1.58367e+03 8.46062e+00 6.20055e+00 4.51795e+00 3.29531e+00 2.41103e+00 1.75469e+00 1.27491e+00 9.25853e-01 6.73503e-01 4.88574e-01 3.54083e-01 2.56140e-01 1.84960e-01 1.33485e-01 9.62874e-02 6.91724e-02 4.96828e-02 3.55153e-02 2.53157e-02 1.80402e-02 1.27669e-02 9.05134e-03 6.37953e-03 4.45489e-03 3.10581e-03 2.22673e-03 1.50106e-03 1.03553e-03 7.65694e-04 5.62104e-04 4.12805e-04 3.07887e-04 2.25605e-04 1.69619e-04 1.27749e-04 9.72861e-05 6.96777e-05 5.00655e-05 3.52710e-05 2.43744e-05 1.61746e-05 1.06661e-05 6.76474e-06 4.31995e-06 2.65672e-06 1.58713e-06 9.43305e-07 5.45733e-07 3.17421e-07 1.79331e-07 1.02343e-07 5.76645e-08 3.08413e-08 1.71043e-08 9.30972e-09 4.91837e-09 2.63243e-09 1.36280e-09 7.91783e-10
1.68311e+03 1.02672e+01 7.53881e+00 5.50365e+00 4.01232e+00 2.94241e+00 2.14021e+00 1.55857e+00 1.13125e+00 8.25104e-01 5.98671e-01 4.34302e-01 3.14432e-01 2.27108e-01 1.63978e-01 1.18392e-01 8.50497e-02 6.11582e-02 4.36956e-02 3.11555e-02 2.22301e-02 1.57157e-02 1.11571e-02 7.86867e-03 5.49603e-03 3.83075e-03 2.74447e-03 1.87752e-03 1.29784e-03 9.27332e-04 6.91221e-04 5.05101e-04 3.65001e-04 2.63655e-04 1.94697e-04 1.44623e-04 1.06661e-04 7.50449e-05 5.39093e-05 3.76659e-05 2.56580e-05 1.70078e-05 1.11169e-05 7.14977e-06 4.51066e-06 2.75261e-06 1.64161e-06 9.84628e-07 5.67261e-07 3.32026e-07 1.85134e-07 1.07940e-07 6.01105e-08 3.31008e-08 1.81259e-08 9.84338e-09 5.29217e-09 2.81347e-09 1.43142e-09 8.56130e-10
1.78879e+03 1.26536e+01 9.24471e+00 6.74103e+00 4.92459e+00 3.60813e+00 2.62975e+00 1.91373e+00 1.39180e+00 1.01469e+00 7.36879e-01 5.34915e-01 3.87324e-01 2.79939e-01 2.02277e-01 1.46084e-01 1.05040e-01 7.55352e-02 5.40215e-02 3.85635e-02 2.74923e-02 1.94794e-02 1.38087e-02 9.73655e-03 6.80055e-03 4.74086e-03 3.43225e-03 2.37733e-03 1.65181e-03 1.15544e-03 8.41825e-04 6.05687e-04 4.32895e-04 3.12481e-04 2.24894e-04 1.63925e-04 1.17009e-04 8.23193e-05 5.84328e-05 3.97072e-05 2.70975e-05 1.78195e-05 1.16137e-05 7.43601e-06 4.66994e-06 2.83176e-06 1.70681e-06 1.01620e-06 5.92370e-07 3.44640e-07 1.95309e-07 1.12249e-07 6.27398e-08 3.51018e-08 1.90362e-08 1.03644e-08 5.63465e-09 3.01627e-09 1.53560e-09 9.37258e-10
1.90111e+03 1.54416e+01 1.13523e+01 8.29035e+00 6.05480e+00 4.44187e+00 3.23647e+00 2.35783e+00 1.71442e+00 1.25078e+00 9.08483e-01 6.59316e-01 4.77583e-01 3.45208e-01 2.49301e-01 1.80205e-01 1.29479e-01 9.31763e-02 6.65893e-02 4.76130e-02 3.38987e-02 2.40477e-02 1.70446e-02 1.20052e-02 8.38535e-03 5.84433e-03 4.18263e-03 2.97990e-03 2.02850e-03 1.43891e-03 1.02396e-03 7.19404e-04 5.12729e-04 3.66086e-04 2.57324e-04 1.84110e-04 1.29483e-04 9.05529e-05 6.27017e-05 4.20418e-05 2.83825e-05 1.85261e-05 1.20368e-05 7.64368e-06 4.78568e-06 2.92250e-06 1.75360e-06 1.04061e-06 6.07280e-07 3.53361e-07 2.05082e-07 1.16937e-07 6.58740e-08 3.64624e-08 2.00545e-08 1.09189e-08 6.00290e-09 3.20559e-09 1.69972e-09 1.02856e-09
2.02048e+03 1.91809e+01 1.40736e+01 1.02802e+01 7.50310e+00 5.50577e+00 4.00873e+00 2.92077e+00 2.12234e+00 1.54802e+00 1.12359e+00 8.15296e-01 5.90229e-01 4.26413e-01 3.07813e-01 2.22349e-01 1.59666e-01 1.14822e-01 8.20003e-02 5.86470e-02 4.16934e-02 2.95827e-02 2.09499e-02 1.47402e-02 1.02940e-02 7.17315e-03 5.07718e-03 3.62870e-03 2.46311e-03 1.73101e-03 1.22980e-03 8.45402e-04 6.06106e-04 4.21663e-04 2.91027e-04 2.05114e-04 1.40623e-04 9.72051e-05 6.65263e-05 4.44530e-05 2.95848e-05 1.91842e-05 1.24137e-05 7.78002e-06 4.86154e-06 2.96588e-06 1.79723e-06 1.06060e-06 6.25545e-07 3.65030e-07 2.10151e-07 1.19724e-07 6.77671e-08 3.75939e-08 2.09791e-08 1.16158e-08 6.27538e-09 3.43821e-09 1.85600e-09 1.12205e-09
2.14735e+03 2.39539e+01 1.75534e+01 1.28180e+01 9.34055e+00 6.84755e+00 4.98084e+00 3.62430e+00 2.63174e+00 1.91629e+00 1.38927e+00 1.00780e+00 7.28634e-01 5.25942e-01 3.79610e-01 2.73609e-01 1.96472e-01 1.40968e-01 1.00729e-01 7.18554e-02 5.10344e-02 3.61507e-02 2.55622e-02 1.79737e-02 1.25472e-02 8.74302e-03 6.15547e-03 4.31970e-03 2.97617e-03 2.09333e-03 1.44681e-03 9.92535e-04 6.98700e-04 4.83409e-04 3.30821e-04 2.25946e-04 1.52948e-04 1.04242e-04 7.03444e-05 4.66930e-05 3.06927e-05 1.98511e-05 1.27644e-05 7.95507e-06 4.97422e-06 3.00819e-06 1.82425e-06 1.08198e-06 6.36631e-07 3.74643e-07 2.14273e-07 1.22318e-07 6.88225e-08 3.96573e-08 2.20516e-08 1.22675e-08 6.66876e-09 3.68476e-09 1.98727e-09 1.20422e-09
2.28219e+03 2.98005e+01 2.16805e+01 1.57982e+01 1.14906e+01 8.40475e+00 6.10698e+00 4.43348e+00 3.21680e+00 2.33653e+00 1.69159e+00 1.22698e+00 8.85575e-01 6.38557e-01 4.61109e-01 3.31213e-01 2.37981e-01 1.70181e-01 1.21520e-01 8.64201e-02 6.13903e-02 4.33261e-02 3.05840e-02 2.15049e-02 1.50093e-02 1.04493e-02 7.28866e-03 5.02134e-03 3.50037e-03 2.44188e-03 1.65781e-03 1.14358e-03 7.82880e-04 5.38112e-04 3.63731e-04 2.44112e-04 1.64996e-04 1.09886e-04 7.35890e-05 4.83968e-05 3.14700e-05 2.02534e-05 1.28803e-05 8.08614e-06 5.02601e-06 3.04258e-06 1.84482e-06 1.09542e-06 6.45794e-07 3.79191e-07 2.18902e-07 1.25488e-07 7.06890e-08 4.07680e-08 2.26816e-08 1.27598e-08 6.99611e-09 3.86421e-09 2.09631e-09 1.29286e-09
2.42549e+03 3.57597e+01 2.58534e+01 1.87914e+01 1.36468e+01 9.95628e+00 7.22790e+00 5.23377e+00 3.79475e+00 2.74928e+00 1.98788e+00 1.44214e+00 1.03911e+00 7.48526e-01 5.41115e-01 3.87121e-01 2.77984e-01 1.98404e-01 1.41344e-01 1.00256e-01 7.11798e-02 5.00773e-02 3.53056e-02 2.47907e-02 1.73067e-02 1.20323e-02 8.39453e-03 5.69713e-03 3.96536e-03 2.73222e-03 1.84534e-03 1.26356e-03 8.53119e-04 5.78514e-04 3.87440e-04 2.56459e-04 1.73854e-04 1.12942e-04 7.53696e-05 4.88676e-05 3.16807e-05 2.03129e-05 1.28783e-05 8.02295e-06 4.94296e-06 3.01992e-06 1.81735e-06 1.08546e-06 6.46050e-07 3.76227e-07 2.19017e-07 1.25841e-07 7.16253e-08 4.14348e-08 2.31678e-08 1.30708e-08 7.23012e-09 3.99195e-09 2.15253e-09 1.31023e-09
2.57779e+03 4.04372e+01 2.90703e+01 2.10810e+01 1.52967e+01 1.11337e+01 8.08002e+00 5.83803e+00 4.23130e+00 3.05971e+00 2.21043e+00 1.60456e+00 1.15461e+00 8.31083e-01 6.01465e-01 4.28903e-01 3.07397e-01 2.19440e-01 1.55744e-01 1.10299e-01 7.82030e-02 5.49081e-02 3.87051e-02 2.71052e-02 1.89208e-02 1.31433e-02 9.05922e-03 6.14728e-03 4.26893e-03 2.87959e-03 1.96427e-03 1.33052e-03 8.88017e-04 5.92119e-04 3.93383e-04 2.58457e-04 1.73623e-04 1.12374e-04 7.43373e-05 4.76722e-05 3.06787e-05 1.95364e-05 1.23939e-05 7.71492e-06 4.74286e-06 2.88656e-06 1.73706e-06 1.03859e-06 6.17947e-07 3.59091e-07 2.10870e-07 1.21645e-07 7.01938e-08 4.01201e-08 2.27505e-08 1.28998e-08 7.16676e-09 3.94150e-09 2.15036e-09 1.30278e-09
2.73965e+03 4.21174e+01 3.01799e+01 2.18467e+01 1.58554e+01 1.15280e+01 8.36347e+00 6.03843e+00 4.37289e+00 3.16099e+00 2.28058e+00 1.65892e+00 1.19175e+00 8.56920e-01 6.19778e-01 4.41562e-01 3.15465e-01 2.25690e-01 1.59239e-01 1.12633e-01 7.97072e-02 5.58566e-02 3.93978e-02 2.74749e-02 1.91784e-02 1.33110e-02 8.94992e-03 6.11057e-03 4.22236e-03 2.83478e-03 1.94262e-03 1.30441e-03 8.53710e-04 5.63977e-04 3.72637e-04 2.45015e-04 1.61685e-04 1.04955e-04 6.82458e-05 4.37096e-05 2.79612e-05 1.77108e-05 1.12346e-05 6.98483e-06 4.27760e-06 2.59299e-06 1.56484e-06 9.37616e-07 5.55407e-07 3.24971e-07 1.90738e-07 1.10660e-07 6.48042e-08 3.68588e-08 2.10627e-08 1.19152e-08 6.62670e-09 3.64641e-09 2.01708e-09 1.23131e-09
2.91167e+03 3.95256e+01 2.82901e+01 2.04814e+01 1.48342e+01 1.07735e+01 7.80454e+00 5.62238e+00 4.06753e+00 2.93158e+00 2.11318e+00 1.53894e+00 1.10377e+00 7.93236e-01 5.72560e-01 4.07704e-01 2.90185e-01 2.08100e-01 1.45950e-01 1.02955e-01 7.27677e-02 5.08666e-02 3.58184e-02 2.49023e-02 1.73824e-02 1.20581e-02 8.01739e-03 5.47228e-03 3.74513e-03 2.50587e-03 1.70117e-03 1.12624e-03 7.42754e-04 4.88956e-04 3.22385e-04 2.11289e-04 1.37740e-04 8.88278e-05 5.71519e-05 3.66040e-05 2.35155e-05 1.48582e-05 9.34743e-06 5.81481e-06 3.57892e-06 2.16264e-06 1.30632e-06 7.81829e-07 4.64114e-07 2.72950e-07 1.59298e-07 9.34241e-08 5.40756e-08 3.10257e-08 1.79977e-08 1.01012e-08 5.66770e-09 3.13121e-09 1.74060e-09 1.05917e-09
3.09450e+03 3.22339e+01 2.29936e+01 1.64854e+01 1.19620e+01 8.60773e+00 6.25936e+00 4.47405e+00 3.25157e+00 2.32082e+00 1.68401e+00 1.21185e+00 8.74130e-01 6.31120e-01 4.53529e-01 3.23528e-01 2.30982e-01 1.64611e-01 1.16495e-01 8.20039e-02 5.80255e-02 4.05510e-02 2.83635e-02 1.98237e-02 1.38340e-02 9.60308e-03 6.43713e-03 4.37504e-03 2.96660e-03 1.98174e-03 1.34255e-03 8.94903e-04 5.89468e-04 3.84891e-04 2.52208e-04 1.65147e-04 1.07217e-04 6.89585e-05 4.42493e-05 2.81134e-05 1.81324e-05 1.14900e-05 7.20499e-06 4.46136e-06 2.76179e-06 1.67788e-06 1.01699e-06 6.08700e-07 3.61468e-07 2.13685e-07 1.25843e-07 7.26702e-08 4.25523e-08 2.45352e-08 1.41284e-08 8.00545e-09 4.48926e-09 2.50048e-09 1.37629e-09 8.45662e-10
3.28880e+03 2.10562e+01 1.55175e+01 1.10867e+01 8.08919e+00 5.86282e+00 4.27197e+00 3.08205e+00 2.24504e+00 1.61006e+00 1.17885e+00 8.33175e-01 6.08661e-01 4.42918e-01 3.18194e-01 2.27332e-01 1.64657e-01 1.16739e-01 8.39473e-02 5.92964e-02 4.20563e-02 2.95199e-02 2.05180e-02 1.45224e-02 1.01309e-02 7.04581e-03 4.78561e-03 3.26365e-03 2.22818e-03 1.47236e-03 9.92296e-04 6.69273e-04 4.38854e-04 2.85869e-04 1.87751e-04 1.22871e-04 7.98708e-05 5.15816e-05 3.31001e-05 2.09372e-05 1.33382e-05 8.58176e-06 5.36352e-06 3.32646e-06 2.07296e-06 1.26171e-06 7.68432e-07 4.60145e-07 2.74474e-07 1.63034e-07 9.59760e-08 5.51077e-08 3.25229e-08 1.86974e-08 1.07613e-08 6.19625e-09 3.44481e-09 1.93199e-09 1.05257e-09 6.52144e-10
3.49531e+03 1.30279e+01 9.82866e+00 7.28304e+00 5.30818e+00 3.93938e+00 2.86582e+00 2.10780e+00 1.52992e+00 1.12077e+00 8.17605e-01 5.84045e-01 4.26410e-01 3.10250e-01 2.23997e-01 1.59979e-01 1.16705e-01 8.29667e-02 5.99441e-02 4.26406e-02 3.02565e-02 2.13761e-02 1.49089e-02 1.05984e-02 7.39192e-03 5.15241e-03 3.49075e-03 2.40009e-03 1.64123e-03 1.09418e-03 7.31100e-04 4.93925e-04 3.27265e-04 2.13063e-04 1.40802e-04 9.16367e-05 5.99622e-05 3.87524e-05 2.49731e-05 1.58734e-05 1.00798e-05 6.50256e-06 4.06368e-06 2.52262e-06 1.57306e-06 9.62921e-07 5.83010e-07 3.50658e-07 2.08454e-07 1.24691e-07 7.25381e-08 4.22577e-08 2.48543e-08 1.42016e-08 8.26204e-09 4.71703e-09 2.64476e-09 1.46992e-09 8.13642e-10 4.97061e-10
3.71478e+03 9.31609e+00 6.92496e+00 5.10403e+00 3.73741e+00 2.76508e+00 2.02004e+00 1.48246e+00 1.08153e+00 7.91592e-01 5.77295e-01 4.19145e-01 3.04481e-01 2.20931e-01 1.60327e-01 1.15434e-01 8.35195e-02 5.97780e-02 4.29772e-02 3.07434e-02 2.17728e-02 1.54451e-02 1.09073e-02 7.66360e-03 5.34881e-03 3.73117e-03 2.50617e-03 1.72866e-03 1.17450e-03 8.02412e-04 5.37470e-04 3.60618e-04 2.41752e-04 1.58298e-04 1.05007e-04 6.84933e-05 4.48295e-05 2.91536e-05 1.88282e-05 1.21293e-05 7.78026e-06 4.93290e-06 3.09923e-06 1.91801e-06 1.19603e-06 7.29044e-07 4.42235e-07 2.66386e-07 1.58527e-07 9.40880e-08 5.50135e-08 3.18757e-08 1.87660e-08 1.07210e-08 6.16499e-09 3.52059e-09 1.98469e-09 1.09540e-09 6.16780e-10 3.71598e-10
3.94804e+03 6.12614e+00 4.38475e+00 3.15361e+00 2.35760e+00 1.71541e+00 1.27504e+00 9.23843e-01 6.84144e-01 4.95837e-01 3.63752e-01 2.65766e-01 1.92428e-01 1.39892e-01 1.02776e-01 7.39432e-02 5.37380e-02 3.86783e-02 2.76763e-02 1.96081e-02 1.40932e-02 9.90013e-03 7.02814e-03 4.96572e-03 3.47448e-03 2.41759e-03 1.64679e-03 1.14499e-03 7.77245e-04 5.44222e-04 3.65848e-04 2.46095e-04 1.67054e-04 1.10293e-04 7.30969e-05 4.82972e-05 3.17583e-05 2.05650e-05 1.34415e-05 8.73438e-06 5.61374e-06 3.55457e-06 2.24254e-06 1.38394e-06 8.64145e-07 5.24520e-07 3.19100e-07 1.93033e-07 1.15133e-07 6.81081e-08 3.97819e-08 2.28631e-08 1.34201e-08 7.62176e-09 4.39967e-09 2.52109e-09 1.39733e-09 7.76505e-10 4.31028e-10 2.62534e-10
4.19594e+03 2.56928e+00 2.11631e+00 1.58694e+00 1.16467e+00 8.72631e-01 6.43107e-01 4.74531e-01 3.52188e-01 2.52382e-01 1.88937e-01 1.34060e-01 9.63089e-02 7.04899e-02 5.41709e-02 3.85195e-02 2.89999e-02 2.08248e-02 1.51017e-02 1.04945e-02 7.78912e-03 5.35966e-03 3.86191e-03 2.78300e-03 1.95311e-03 1.35445e-03 9.71072e-04 6.93668e-04 4.65994e-04 3.35571e-04 2.26497e-04 1.52838e-04 1.06318e-04 7.10529e-05 4.72619e-05 3.13608e-05 2.07883e-05 1.35370e-05 8.99395e-06 5.81126e-06 3.75869e-06 2.39601e-06 1.51331e-06 9.38381e-07 5.83149e-07 3.58706e-07 2.19291e-07 1.32922e-07 7.85791e-08 4.68785e-08 2.71917e-08 1.56056e-08 9.06692e-09 5.16244e-09 2.97406e-09 1.69064e-09 9.34887e-10 5.16989e-10 2.82482e-10 1.73570e-10
4.45941e+03 1.41313e+00 1.08931e+00 8.22868e-01 5.91383e-01 4.49084e-01 3.25376e-01 2.44357e-01 1.78935e-01 1.30597e-01 9.73145e-02 6.93827e-02 4.98778e-02 3.58886e-02 2.81686e-02 2.00616e-02 1.52679e-02 1.09615e-02 8.02691e-03 5.55961e-03 4.18593e-03 2.85856e-03 2.11260e-03 1.52579e-03 1.07204e-03 7.43454e-04 5.62227e-04 4.16558e-04 2.78460e-04 2.02246e-04 1.37908e-04 9.34593e-05 6.69957e-05 4.55072e-05 3.03919e-05 2.01454e-05 1.35834e-05 9.02745e-06 6.01363e-06 3.84492e-06 2.52247e-06 1.59243e-06 1.01258e-06 6.38238e-07 3.95738e-07 2.44881e-07 1.49382e-07 9.08193e-08 5.38346e-08 3.16065e-08 1.87718e-08 1.06576e-08 6.08482e-09 3.50105e-09 1.99550e-09 1.11069e-09 6.26706e-10 3.45347e-10 1.86630e-10 1.13625e-10
4.73942e+03 1.08976e+00 7.99287e-01 5.81101e-01 4.16029e-01 3.05842e-01 2.20654e-01 1.61903e-01 1.17767e-01 8.58612e-02 6.29079e-02 4.57740e-02 3.30308e-02 2.38383e-02 1.79897e-02 1.29423e-02 9.63104e-03 6.93187e-03 5.04890e-03 3.54987e-03 2.62557e-03 1.84080e-03 1.34571e-03 9.58898e-04 6.73142e-04 4.68081e-04 3.70200e-04 2.71929e-04 1.84753e-04 1.34837e-04 9.25503e-05 6.48520e-05 4.57585e-05 3.18138e-05 2.14133e-05 1.44004e-05 9.73253e-06 6.52624e-06 4.31961e-06 2.84274e-06 1.82433e-06 1.16199e-06 7.34074e-07 4.68465e-07 2.91143e-07 1.78955e-07 1.07693e-07 6.55675e-08 3.92780e-08 2.26753e-08 1.36827e-08 7.71328e-09 4.38453e-09 2.52671e-09 1.42811e-09 7.86091e-10 4.42077e-10 2.38995e-10 1.29758e-10 7.87482e-11
5.03701e+03 9.87128e-01 6.99561e-01 4.96582e-01 3.50738e-01 2.52569e-01 1.80229e-01 1.30043e-01 9.37410e-02 6.77599e-02 4.91818e-02 3.57975e-02 2.58244e-02 1.86343e-02 1.37831e-02 9.94410e-03 7.28125e-03 5.24597e-03 3.78655e-03 2.70312e-03 1.95436e-03 1.38949e-03 1.00154e-03 7.06991e-04 4.95679e-04 3.45247e-04 2.74009e-04 1.99232e-04 1.39854e-04 1.00239e-04 6.94266e-05 4.99442e-05 3.47316e-05 2.42754e-05 1.66988e-05 1.13659e-05 7.67652e-06 5.16053e-06 3.40378e-06 2.26281e-06 1.45311e-06 9.31073e-07 5.88273e-07 3.74321e-07 2.32128e-07 1.42599e-07 8.59811e-08 5.15535e-08 3.10660e-08 1.79584e-08 1.06776e-08 5.98480e-09 3.39671e-09 1.95193e-09 1.11000e-09 6.09218e-10 3.34081e-10 1.78982e-10 9.63850e-11 5.94377e-11
5.35329e+03 9.51949e-01 6.60189e-01 4.60488e-01 3.22043e-01 2.28244e-01 1.61373e-01 1.14901e-01 8.21346e-02 5.89349e-02 4.24769e-02 3.07548e-02 2.21515e-02 1.59661e-02 1.16563e-02 8.40251e-03 6.09267e-03 4.38219e-03 3.14557e-03 2.25159e-03 1.61066e-03 1.14759e-03 8.19799e-04 5.76035e-04 4.03420e-04 2.81314e-04 2.18722e-04 1.56740e-04 1.11026e-04 7.88212e-05 5.51848e-05 3.98790e-05 2.77435e-05 1.97538e-05 1.34955e-05 9.46079e-06 6.29237e-06 4.23896e-06 2.82405e-06 1.87385e-06 1.20931e-06 7.75165e-07 4.89878e-07 3.10124e-07 1.92594e-07 1.16725e-07 7.17513e-08 4.28014e-08 2.56107e-08 1.49028e-08 8.83020e-09 4.92587e-09 2.78528e-09 1.59525e-09 9.00545e-10 4.90090e-10 2.69001e-10 1.43397e-10 7.90362e-11 4.73581e-11
5.68943e+03 9.15853e-01 6.30737e-01 4.36739e-01 3.03226e-01 2.13203e-01 1.49702e-01 1.05806e-01 7.51317e-02 5.36676e-02 3.84915e-02 2.76992e-02 1.99232e-02 1.43466e-02 1.03796e-02 7.46530e-03 5.37951e-03 3.85818e-03 2.76018e-03 1.97202e-03 1.40226e-03 9.96527e-04 7.07420e-04 4.96586e-04 3.46802e-04 2.42365e-04 1.78321e-04 1.27765e-04 8.92774e-05 6.41004e-05 4.53601e-05 3.20737e-05 2.23853e-05 1.60833e-05 1.10170e-05 7.68820e-06 5.18649e-06 3.51593e-06 2.33527e-06 1.55365e-06 1.00503e-06 6.49503e-07 4.12019e-07 2.60044e-07 1.60282e-07 9.69621e-08 5.97180e-08 3.58005e-08 2.13641e-08 1.22898e-08 7.32684e-09 4.14751e-09 2.36541e-09 1.30955e-09 7.38241e-10 4.01789e-10 2.21701e-10 1.21591e-10 6.44738e-11 3.83191e-11
6.04667e+03 8.68733e-01 5.93304e-01 4.08586e-01 2.82822e-01 1.97821e-01 1.38445e-01 9.73973e-02 6.89096e-02 4.91112e-02 3.51226e-02 2.51538e-02 1.80785e-02 1.30112e-02 9.35446e-03 6.71802e-03 4.82086e-03 3.45016e-03 2.46400e-03 1.75464e-03 1.24454e-03 8.80873e-04 6.22527e-04 4.36758e-04 3.04992e-04 2.12709e-04 1.49311e-04 1.06439e-04 7.43590e-05 5.25159e-05 3.71144e-05 2.57838e-05 1.79960e-05 1.29898e-05 8.91161e-06 6.25357e-06 4.21165e-06 2.87459e-06 1.90427e-06 1.26289e-06 8.23795e-07 5.39587e-07 3.39318e-07 2.16055e-07 1.32396e-07 8.13676e-08 4.91735e-08 2.97014e-08 1.77258e-08 1.01980e-08 6.00108e-09 3.49169e-09 1.97036e-09 1.09811e-09 6.04924e-10 3.35163e-10 1.83610e-10 1.00219e-10 5.33222e-11 3.14329e-11
6.42635e+03 7.80935e-01 5.34050e-01 3.66692e-01 2.53909e-01 1.77013e-01 1.23871e-01 8.68395e-02 6.14220e-02 4.36476e-02 3.11892e-02 2.23098e-02 1.60245e-02 1.15275e-02 8.26659e-03 5.93430e-03 4.24709e-03 3.03786e-03 2.16599e-03 1.53991e-03 1.09106e-03 7.70560e-04 5.43245e-04 3.80743e-04 2.65829e-04 1.85214e-04 1.25217e-04 8.77995e-05 6.11848e-05 4.23209e-05 2.96436e-05 2.06289e-05 1.42261e-05 1.03248e-05 7.18302e-06 5.02343e-06 3.35482e-06 2.32086e-06 1.54292e-06 1.01758e-06 6.67373e-07 4.37925e-07 2.74926e-07 1.75409e-07 1.08075e-07 6.65325e-08 4.06137e-08 2.44555e-08 1.44110e-08 8.45244e-09 4.94400e-09 2.86627e-09 1.61870e-09 9.03712e-10 5.01735e-10 2.80514e-10 1.51316e-10 8.24471e-11 4.35274e-11 2.58549e-11
6.82986e+03 6.68251e-01 4.59828e-01 3.16407e-01 2.18786e-01 1.52611e-01 1.06695e-01 7.47406e-02 5.28433e-02 3.74380e-02 2.67474e-02 1.91470e-02 1.37433e-02 9.88142e-03 7.08714e-03 5.08525e-03 3.63477e-03 2.59997e-03 1.85123e-03 1.31650e-03 9.31814e-04 6.58060e-04 4.63605e-04 3.24655e-04 2.26620e-04 1.57850e-04 1.04820e-04 7.13222e-05 4.93231e-05 3.42016e-05 2.37492e-05 1.67157e-05 1.12867e-05 8.10747e-06 5.71167e-06 3.93782e-06 2.66549e-06 1.85421e-06 1.23714e-06 8.17422e-07 5.38802e-07 3.49645e-07 2.24062e-07 1.41531e-07 8.81809e-08 5.38446e-08 3.32938e-08 1.98616e-08 1.18005e-08 6.89956e-09 4.00047e-09 2.29147e-09 1.31046e-09 7.41850e-10 4.10008e-10 2.27227e-10 1.25105e-10 6.72727e-11 3.61865e-11 2.12643e-11
7.25871e+03 5.63949e-01 3.86984e-01 2.66240e-01 1.83713e-01 1.28148e-01 8.93976e-02 6.26189e-02 4.41832e-02 3.12744e-02 2.23201e-02 1.59553e-02 1.14449e-02 8.22366e-03 5.89789e-03 4.22676e-03 3.02077e-03 2.15902e-03 1.53668e-03 1.09198e-03 7.72565e-04 5.45211e-04 3.84018e-04 2.68706e-04 1.87544e-04 1.30601e-04 8.46749e-05 5.79463e-05 3.91320e-05 2.69027e-05 1.88463e-05 1.30099e-05 8.84466e-06 6.33136e-06 4.46505e-06 3.05338e-06 2.11002e-06 1.45568e-06 9.81444e-07 6.56466e-07 4.32647e-07 2.78169e-07 1.79989e-07 1.13930e-07 7.11049e-08 4.28640e-08 2.68135e-08 1.59686e-08 9.56610e-09 5.59301e-09 3.25875e-09 1.85849e-09 1.07879e-09 5.95048e-10 3.37174e-10 1.84941e-10 1.01662e-10 5.43112e-11 2.90054e-11 1.75407e-11
7.71450e+03 4.60239e-01 3.14271e-01 2.15719e-01 1.48435e-01 1.03314e-01 7.18959e-02 5.02777e-02 3.53846e-02 2.50350e-02 1.78448e-02 1.27078e-02 9.10948e-03 6.54006e-03 4.67804e-03 3.35065e-03 2.39200e-03 1.70839e-03 1.21556e-03 8.62532e-04 6.10223e-04 4.30003e-04 3.02503e-04 2.11691e-04 1.47756e-04 1.02852e-04 6.50390e-05 4.55051e-05 3.02849e-05 2.05561e-05 1.41244e-05 9.89668e-06 6.82645e-06 4.84625e-06 3.40562e-06 2.37871e-06 1.63279e-06 1.13820e-06 7.69667e-07 5.14288e-07 3.41237e-07 2.20815e-07 1.43113e-07 9.01492e-08 5.63479e-08 3.42889e-08 2.12348e-08 1.27501e-08 7.59707e-09 4.46205e-09 2.63752e-09 1.48476e-09 8.47327e-10 4.76094e-10 2.66573e-10 1.49639e-10 8.13191e-11 4.39549e-11 2.29686e-11 1.40069e-11
8.19890e+03 3.44525e-01 2.34090e-01 1.59465e-01 1.09973e-01 7.60651e-02 5.30332e-02 3.68586e-02 2.59879e-02 1.82943e-02 1.30186e-02 9.30029e-03 6.66321e-03 4.78091e-03 3.40958e-03 2.44499e-03 1.73663e-03 1.24231e-03 8.85615e-04 6.28704e-04 4.44860e-04 3.13407e-04 2.19848e-04 1.54482e-04 1.07838e-04 7.50577e-05 4.69158e-05 3.33097e-05 2.19666e-05 1.50417e-05 1.03795e-05 7.30779e-06 5.04329e-06 3.59705e-06 2.54823e-06 1.80489e-06 1.24044e-06 8.68359e-07 5.89089e-07 3.94052e-07 2.62829e-07 1.72283e-07 1.11768e-07 7.00382e-08 4.42780e-08 2.69683e-08 1.65559e-08 1.00013e-08 5.95497e-09 3.51504e-09 2.06345e-09 1.17870e-09 6.57209e-10 3.78612e-10 2.11868e-10 1.17971e-10 6.43548e-11 3.43256e-11 1.78658e-11 1.07342e-11
8.71393e+03 2.15083e-01 1.49730e-01 1.02838e-01 7.08875e-02 4.91760e-02 3.42808e-02 2.37379e-02 1.67457e-02 1.18227e-02 8.41848e-03 6.02524e-03 4.31517e-03 3.09406e-03 2.20228e-03 1.58132e-03 1.12631e-03 8.02146e-04 5.77343e-04 4.11503e-04 2.91503e-04 2.05969e-04 1.44232e-04 1.02192e-04 7.13648e-05 4.97234e-05 3.15772e-05 2.26301e-05 1.53606e-05 1.06417e-05 7.37317e-06 5.15980e-06 3.58892e-06 2.56970e-06 1.85758e-06 1.31471e-06 9.15465e-07 6.43605e-07 4.40599e-07 2.96956e-07 1.98331e-07 1.30510e-07 8.48247e-08 5.32161e-08 3.39908e-08 2.09268e-08 1.27968e-08 7.64641e-09 4.58485e-09 2.69806e-09 1.55458e-09 9.09531e-10 5.21338e-10 2.90449e-10 1.62274e-10 8.78881e-11 4.87541e-11 2.52640e-11 1.33618e-11 7.95848e-12
9.24417e+03 1.13865e-01 8.02918e-02 5.56104e-02 3.83345e-02 2.66156e-02 1.85417e-02 1.30144e-02 9.16089e-03 6.52836e-03 4.64897e-03 3.30428e-03 2.36943e-03 1.69720e-03 1.22098e-03 8.72113e-04 6.34140e-04 4.52223e-04 3.26866e-04 2.33664e-04 1.66414e-04 1.18001e-04 8.27291e-05 5.92372e-05 4.14460e-05 2.88947e-05 1.95612e-05 1.40016e-05 9.89899e-06 6.85673e-06 4.80275e-06 3.44181e-06 2.43962e-06 1.75063e-06 1.28806e-06 9.20964e-07 6.48716e-07 4.60759e-07 3.17391e-07 2.16588e-07 1.44755e-07 9.50120e-08 6.24280e-08 3.93491e-08 2.51084e-08 1.55120e-08 9.52053e-09 5.60336e-09 3.37987e-09 1.99768e-09 1.12886e-09 6.63784e-10 3.76360e-10 2.12069e-10 1.17259e-10 6.24819e-11 3.39067e-11 1.77949e-11 9.39261e-12 5.56567e-12
9.65668e+03 5.65449e-02 4.05299e-02 2.79376e-02 1.92630e-02 1.35719e-02 9.44974e-03 6.73258e-03 4.75454e-03 3.35539e-03 2.39586e-03 1.72100e-03 1.22513e-03 8.75659e-04 6.52089e-04 4.65161e-04 3.43449e-04 2.43952e-04 1.79811e-04 1.29785e-04 9.27937e-05 6.63446e-05 4.63456e-05 3.36697e-05 2.35835e-05 1.65135e-05 1.24068e-05 8.80878e-06 6.40149e-06 4.39021e-06 3.23738e-06 2.39015e-06 1.71407e-06 1.23357e-06 9.44575e-07 6.81343e-07 4.88419e-07 3.45282e-07 2.40445e-07 1.62103e-07 1.07884e-07 7.19733e-08 4.75955e-08 3.01552e-08 1.91192e-08 1.18045e-08 7.31257e-09 4.35004e-09 2.61739e-09 1.53893e-09 8.47892e-10 5.02280e-10 2.80323e-10 1.60144e-10 8.51599e-11 4.72782e-11 2.50928e-11 1.35821e-11 6.70926e-12 4.06595e-12
9.95891e+03 2.77069e-02 2.05062e-02 1.39846e-02 9.64079e-03 7.00930e-03 4.87664e-03 3.49974e-03 2.48445e-03 1.73726e-03 1.25592e-03 9.01524e-04 6.47813e-04 4.78416e-04 3.45372e-04 2.56216e-04 1.83165e-04 1.38522e-04 9.64464e-05 7.33917e-05 5.05787e-05 3.87946e-05 2.81106e-05 1.95992e-05 1.36265e-05 9.73041e-06 8.56337e-06 6.29724e-06 4.46478e-06 3.20437e-06 2.39346e-06 1.79591e-06 1.29567e-06 9.79715e-07 7.41320e-07 5.26284e-07 3.86702e-07 2.71802e-07 1.92450e-07 1.32732e-07 8.90860e-08 5.85478e-08 3.86442e-08 2.48959e-08 1.52776e-08 9.68839e-09 5.93507e-09 3.59078e-09 2.16332e-09 1.27068e-09 7.00842e-10 4.09303e-10 2.30333e-10 1.29721e-10 7.07647e-11 3.84054e-11 2.03080e-11 1.10538e-11 5.44896e-12 3.21992e-12
1.02419e+04 1.26902e-02 9.76427e-03 6.52564e-03 4.48268e-03 3.38857e-03 2.35917e-03 1.69800e-03 1.22078e-03 8.52801e-04 6.35184e-04 4.42479e-04 3.43567e-04 2.57569e-04 1.85037e-04 1.42995e-04 1.03977e-04 7.84912e-05 5.75692e-05 4.04759e-05 3.06196e-05 2.06451e-05 1.54900e-05 1.12211e-05 8.07029e-06 5.55945e-06 5.73744e-06 4.54911e-06 3.22967e-06 2.43224e-06 1.78781e-06 1.33649e-06 1.03995e-06 7.70008e-07 5.93262e-07 4.40557e-07 3.26371e-07 2.28976e-07 1.63493e-07 1.11197e-07 7.44264e-08 4.81619e-08 3.21330e-08 2.07977e-08 1.32271e-08 8.34358e-09 5.07271e-09 3.04701e-09 1.83736e-09 1.09460e-09 5.98794e-10 3.47785e-10 1.95794e-10 1.09562e-10 5.94664e-11 3.24380e-11 1.68235e-11 8.94625e-12 4.56863e-12 2.65631e-12
1.05398e+04 5.69317e-03 4.41992e-03 2.98848e-03 2.09707e-03 1.56379e-03 1.09294e-03 7.80567e-04 5.70862e-04 4.03808e-04 3.06404e-04 2.20587e-04 1.69151e-04 1.23583e-04 9.37865e-05 6.78026e-05 5.17499e-05 3.63292e-05 2.83001e-05 2.16910e-05 1.53928e-05 1.18050e-05 8.20522e-06 6.33822e-06 4.46801e-06 3.18346e-06 4.30663e-06 3.26834e-06 2.50464e-06 1.86141e-06 1.40684e-06 1.09735e-06 8.09088e-07 6.44920e-07 4.91182e-07 3.50328e-07 2.63378e-07 1.88994e-07 1.38693e-07 9.59326e-08 6.33027e-08 4.26616e-08 2.80846e-08 1.77879e-08 1.15233e-08 7.19653e-09 4.43330e-09 2.66638e-09 1.61128e-09 9.46619e-10 5.20621e-10 3.01303e-10 1.67895e-10 9.36596e-11 5.09878e-11 2.72278e-11 1.41820e-11 7.82415e-12 3.98997e-12 2.20260e-12
1.08445e+04 2.75884e-03 2.08351e-03 1.45473e-03 1.02272e-03 7.38796e-04 5.19291e-04 3.66793e-04 2.69668e-04 1.93425e-04 1.45315e-04 1.05566e-04 7.85990e-05 5.68815e-05 4.28781e-05 3.09429e-05 2.34516e-05 1.87597e-05 1.31310e-05 1.02258e-05 7.21975e-06 5.85643e-06 4.43905e-06 3.22560e-06 2.25875e-06 1.62798e-06 3.22701e-06 2.61087e-06 2.07340e-06 1.51098e-06 1.16309e-06 9.32143e-07 7.27030e-07 5.50510e-07 4.27194e-07 3.27467e-07 2.39220e-07 1.76370e-07 1.25234e-07 8.81098e-08 5.82627e-08 3.89358e-08 2.55599e-08 1.65547e-08 1.05352e-08 6.63992e-09 4.06925e-09 2.42031e-09 1.45535e-09 8.68250e-10 4.88394e-10 2.80329e-10 1.62512e-10 8.82137e-11 4.65646e-11 2.49276e-11 1.25673e-11 6.98257e-12 3.54306e-12 1.94118e-12
1.11311e+04 1.36251e-03 1.00256e-03 7.07764e-04 4.96811e-04 3.46343e-04 2.45624e-04 1.72557e-04 1.27807e-04 9.09634e-05 6.90444e-05 4.97080e-05 3.66963e-05 2.60694e-05 1.95537e-05 1.58304e-05 1.15913e-05 9.22246e-06 6.90723e-06 5.00357e-06 3.84438e-06 2.80854e-06 2.25514e-06 1.57998e-06 1.16266e-06 8.11948e-07 2.59800e-06 2.18602e-06 1.83478e-06 1.31514e-06 1.05460e-06 8.70729e-07 6.65100e-07 5.21946e-07 4.04374e-07 3.06247e-07 2.18103e-07 1.65908e-07 1.19219e-07 8.40934e-08 5.64035e-08 3.74528e-08 2.50598e-08 1.62861e-08 1.03674e-08 6.44342e-09 4.00954e-09 2.38019e-09 1.42248e-09 8.27201e-10 4.75988e-10 2.71327e-10 1.55865e-10 8.49732e-11 4.40300e-11 2.37196e-11 1.19573e-11 6.59962e-12 3.43000e-12 1.79801e-12
1.13698e+04 7.46870e-04 5.31249e-04 3.72255e-04 2.58399e-04 1.85584e-04 1.29607e-04 9.23676e-05 6.67635e-05 4.71779e-05 3.59514e-05 2.57908e-05 1.86540e-05 1.44548e-05 1.04588e-05 8.28466e-06 6.11921e-06 4.51720e-06 3.58476e-06 2.79757e-06 2.04265e-06 1.58930e-06 1.17435e-06 9.57565e-07 6.86927e-07 4.92929e-07 2.36875e-06 1.99701e-06 1.71161e-06 1.32183e-06 1.09253e-06 8.70906e-07 6.60643e-07 5.05050e-07 4.02304e-07 3.02523e-07 2.18314e-07 1.64564e-07 1.17013e-07 8.37994e-08 5.69750e-08 3.85426e-08 2.54327e-08 1.65833e-08 1.05180e-08 6.42093e-09 3.97545e-09 2.37288e-09 1.39525e-09 8.18211e-10 4.73392e-10 2.72006e-10 1.49795e-10 8.30984e-11 4.27597e-11 2.33132e-11 1.18016e-11 6.31071e-12 3.36028e-12 1.82175e-12
1.15525e+04 4.77207e-04 3.29258e-04 2.27602e-04 1.61529e-04 1.15928e-04 8.20294e-05 5.77889e-05 4.19991e-05 2.96641e-05 2.22239e-05 1.59634e-05 1.18918e-05 9.01216e-06 6.48385e-06 4.90348e-06 3.56923e-06 2.69719e-06 2.05432e-06 1.61668e-06 1.18003e-06 9.52432e-07 7.49249e-07 5.79710e-07 4.16042e-07 2.96109e-07 2.22064e-06 1.91637e-06 1.65577e-06 1.33904e-06 1.08361e-06 8.79371e-07 6.50848e-07 5.00524e-07 3.91015e-07 3.00045e-07 2.19499e-07 1.63536e-07 1.14849e-07 8.30114e-08 5.68694e-08 3.88113e-08 2.55580e-08 1.65698e-08 1.07972e-08 6.35267e-09 3.95245e-09 2.38546e-09 1.37229e-09 8.25718e-10 4.64753e-10 2.77524e-10 1.45668e-10 8.12740e-11 4.26292e-11 2.32164e-11 1.17904e-11 6.07736e-12 3.27963e-12 1.78977e-12
1.16843e+04 3.08984e-04 2.16994e-04 1.49920e-04 1.06021e-04 7.60973e-05 5.47594e-05 3.84347e-05 2.81834e-05 1.99222e-05 1.49332e-05 1.07728e-05 8.04447e-06 6.05614e-06 4.33957e-06 3.24339e-06 2.32378e-06 1.80013e-06 1.35235e-06 1.02609e-06 7.70680e-07 5.87465e-07 4.80820e-07 3.69027e-07 2.73857e-07 1.93666e-07 2.13333e-06 1.86803e-06 1.63216e-06 1.32038e-06 1.06402e-06 8.33283e-07 6.21892e-07 4.97259e-07 3.75038e-07 2.92059e-07 2.15563e-07 1.56989e-07 1.13287e-07 8.22567e-08 5.67395e-08 3.85560e-08 2.54786e-08 1.64174e-08 1.05915e-08 6.18918e-09 3.85262e-09 2.33336e-09 1.33469e-09 8.19899e-10 4.55598e-10 2.71737e-10 1.44095e-10 7.99407e-11 4.21962e-11 2.31102e-11 1.16245e-11 5.82931e-12 2.95244e-12 1.74872e-12
1.17875e+04 1.93468e-04 1.37718e-04 9.55165e-05 6.66517e-05 4.92626e-05 3.59413e-05 2.50963e-05 1.93772e-05 1.36729e-05 9.75903e-06 7.21722e-06 5.52520e-06 3.95737e-06 2.87199e-06 2.24808e-06 1.61640e-06 1.17461e-06 8.93362e-07 6.96280e-07 5.00691e-07 4.12103e-07 3.24798e-07 2.43421e-07 1.70908e-07 1.20896e-07 1.99669e-06 1.71227e-06 1.50017e-06 1.23177e-06 1.01391e-06 7.92235e-07 5.99218e-07 4.69939e-07 3.62527e-07 2.75786e-07 2.04948e-07 1.50373e-07 1.09355e-07 8.02825e-08 5.47856e-08 3.78678e-08 2.50765e-08 1.60400e-08 1.04278e-08 5.94024e-09 3.77444e-09 2.27725e-09 1.29532e-09 8.00928e-10 4.46692e-10 2.63257e-10 1.43344e-10 7.88895e-11 4.11187e-11 2.29833e-11 1.14329e-11 5.63508e-12 2.69623e-12 1.68234e-12
1.18769e+04 1.32454e-04 9.13049e-05 6.67952e-05 4.77436e-05 3.42893e-05 2.51834e-05 1.75918e-05 1.25444e-05 8.91560e-06 6.98494e-06 5.04594e-06 3.66608e-06 2.83980e-06 2.04663e-06 1.46959e-06 1.05507e-06 8.38709e-07 6.18312e-07 4.55734e-07 3.52326e-07 2.66584e-07 1.89576e-07 1.70525e-07 1.25296e-07 8.84757e-08 1.77544e-06 1.54975e-06 1.37032e-06 1.14790e-06 9.35434e-07 7.56659e-07 5.79567e-07 4.40249e-07 3.51250e-07 2.61683e-07 1.95748e-07 1.44639e-07 1.04265e-07 7.67418e-08 5.27550e-08 3.61985e-08 2.40788e-08 1.57129e-08 9.98564e-09 5.72449e-09 3.60345e-09 2.20900e-09 1.26120e-09 7.84486e-10 4.33923e-10 2.52736e-10 1.39499e-10 7.63754e-11 4.01849e-11 2.28733e-11 1.09503e-11 5.44022e-12 2.54533e-12 1.58278e-12
1.19621e+04 9.00645e-05 6.29815e-05 4.58587e-05 3.24877e-05 2.28379e-05 1.69642e-05 1.18204e-05 9.12314e-06 6.42011e-06 4.60602e-06 3.34551e-06 2.60193e-06 1.89356e-06 1.35596e-06 1.05364e-06 7.61002e-07 5.56642e-07 4.04193e-07 3.02670e-07 2.16796e-07 1.72517e-07 1.37122e-07 1.01110e-07 8.18622e-08 5.76032e-08 1.56476e-06 1.39499e-06 1.22682e-06 1.01425e-06 8.60703e-07 6.86128e-07 5.24209e-07 4.11977e-07 3.23611e-07 2.48253e-07 1.86987e-07 1.39179e-07 9.94168e-08 7.33701e-08 5.08213e-08 3.46090e-08 2.31287e-08 1.48119e-08 9.41657e-09 5.41011e-09 3.40308e-09 2.06287e-09 1.18606e-09 7.36505e-10 4.08701e-10 2.38510e-10 1.32660e-10 7.16792e-11 3.76734e-11 2.14561e-11 1.04083e-11 5.24801e-12 2.45463e-12 1.48797e-12
1.20524e+04 5.65662e-05 4.19777e-05 2.87043e-05 2.25322e-05 1.59287e-05 1.16392e-05 8.15162e-06 5.61252e-06 3.93284e-06 3.20754e-06 2.31988e-06 1.61789e-06 1.27032e-06 9.25038e-07 6.72728e-07 4.78102e-07 3.73943e-07 2.68873e-07 1.94998e-07 1.52518e-07 1.15269e-07 8.60342e-08 6.85086e-08 4.83122e-08 3.36951e-08 1.33648e-06 1.18395e-06 1.06624e-06 8.72419e-07 7.58732e-07 6.04494e-07 4.65450e-07 3.81974e-07 2.94282e-07 2.32908e-07 1.76873e-07 1.27653e-07 9.34452e-08 6.87139e-08 4.64467e-08 3.21294e-08 2.13700e-08 1.36830e-08 8.80847e-09 5.05797e-09 3.18556e-09 1.90779e-09 1.10442e-09 6.81372e-10 3.81936e-10 2.23413e-10 1.24903e-10 6.66955e-11 3.46714e-11 1.98188e-11 9.62845e-12 5.02324e-12 2.35837e-12 1.37105e-12
1.21546e+04 3.67440e-05 2.70844e-05 1.99701e-05 1.31611e-05 9.07460e-06 7.47715e-06 5.18577e-06 3.90463e-06 2.74802e-06 1.86265e-06 1.30062e-06 1.08064e-06 7.80978e-07 5.53363e-07 4.18406e-07 3.06632e-07 2.24690e-07 1.60924e-07 1.17416e-07 7.98332e-08 6.12220e-08 4.73364e-08 4.06778e-08 3.14625e-08 2.20512e-08 1.07438e-06 9.43876e-07 8.86289e-07 7.11375e-07 6.18189e-07 5.12183e-07 3.99006e-07 3.31695e-07 2.61116e-07 2.04362e-07 1.56356e-07 1.12178e-07 8.25050e-08 6.01663e-08 4.12635e-08 2.82941e-08 1.87661e-08 1.22155e-08 7.70935e-09 4.60226e-09 2.81466e-09 1.70893e-09 9.99982e-10 6.07984e-10 3.35053e-10 1.93745e-10 1.09104e-10 5.93097e-11 3.10354e-11 1.77828e-11 8.62402e-12 4.43758e-12 2.13431e-12 1.21595e-12
1.23200e+04 2.16572e-05 1.50790e-05 1.05504e-05 8.19504e-06 5.73672e-06 4.03017e-06 2.82140e-06 1.83979e-06 1.33948e-06 1.04665e-06 7.52605e-07 5.54625e-07 3.73865e-07 2.64366e-07 2.15300e-07 1.55276e-07 1.06229e-07 7.48952e-08 5.31447e-08 4.44750e-08 3.18036e-08 2.25643e-08 1.82766e-08 1.25717e-08 8.74213e-09 7.28476e-07 6.61174e-07 6.09666e-07 4.86980e-07 4.28062e-07 3.86720e-07 3.09929e-07 2.49245e-07 2.10270e-07 1.58167e-07 1.23153e-07 8.71357e-08 6.48011e-08 4.66943e-08 3.23730e-08 2.20955e-08 1.45024e-08 9.19676e-09 5.97591e-09 3.68156e-09 2.23217e-09 1.35005e-09 7.78450e-10 4.65849e-10 2.60243e-10 1.49967e-10 8.51865e-11 4.65255e-11 2.48128e-11 1.41443e-11 6.83983e-12 3.50626e-12 1.72655e-12 9.68794e-13
1.26490e+04 9.06442e-06 6.28839e-06 4.33115e-06 3.49105e-06 2.44336e-06 1.69674e-06 1.20172e-06 7.95734e-07 5.76969e-07 4.38868e-07 3.10958e-07 2.26603e-07 1.55649e-07 1.11004e-07 8.47970e-08 6.12778e-08 4.34605e-08 3.07054e-08 2.16599e-08 1.64913e-08 1.16123e-08 8.18877e-09 6.32037e-09 4.30531e-09 3.00309e-09 3.46462e-07 3.42401e-07 2.95736e-07 2.62099e-07 2.32535e-07 2.14276e-07 1.76237e-07 1.50378e-07 1.18871e-07 9.79787e-08 7.63977e-08 5.27025e-08 3.78414e-08 2.64098e-08 1.83709e-08 1.24272e-08 8.08594e-09 5.19712e-09 3.38124e-09 2.17709e-09 1.34507e-09 7.89523e-10 4.64743e-10 2.76926e-10 1.60364e-10 8.65232e-11 4.93131e-11 2.71622e-11 1.51456e-11 7.76126e-12 3.68622e-12 2.06184e-12 1.09698e-12 5.56232e-13
1.30639e+04 3.66456e-06 2.58977e-06 1.78734e-06 1.42397e-06 1.00109e-06 7.02170e-07 5.01068e-07 3.36841e-07 2.44048e-07 1.89322e-07 1.34751e-07 1.00392e-07 7.06090e-08 5.06650e-08 3.77560e-08 2.73511e-08 1.98459e-08 1.41172e-08 1.00098e-08 7.43924e-09 5.28369e-09 3.74566e-09 2.74937e-09 1.90167e-09 1.33724e-09 1.85145e-07 1.89503e-07 1.81140e-07 1.64406e-07 1.43354e-07 1.21119e-07 9.67326e-08 8.75490e-08 7.16355e-08 5.60212e-08 4.25009e-08 3.08225e-08 2.17205e-08 1.57430e-08 1.03290e-08 7.01391e-09 4.63867e-09 3.04238e-09 1.95810e-09 1.28758e-09 7.96038e-10 4.66891e-10 2.92387e-10 1.64412e-10 9.34705e-11 5.21060e-11 3.00265e-11 1.65244e-11 8.50497e-12 4.42907e-12 2.27335e-12 1.17710e-12 6.78464e-13 3.01085e-13
1.35246e+04 1.56340e-06 1.11153e-06 7.75647e-07 6.06427e-07 4.30674e-07 3.04742e-07 2.18514e-07 1.49568e-07 1.09174e-07 8.46106e-08 6.06852e-08 4.54590e-08 3.23318e-08 2.33241e-08 1.74273e-08 1.27743e-08 9.43728e-09 6.74986e-09 4.80904e-09 3.59054e-09 2.55591e-09 1.81721e-09 1.33341e-09 9.32447e-10 6.56779e-10 1.12935e-07 1.21112e-07 1.10101e-07 1.07242e-07 8.97895e-08 7.79558e-08 6.46554e-08 5.52626e-08 4.69277e-08 3.45698e-08 2.60990e-08 1.99435e-08 1.43158e-08 1.01890e-08 6.88861e-09 4.68784e-09 3.11433e-09 2.04608e-09 1.35425e-09 8.37827e-10 5.17649e-10 3.07704e-10 1.96600e-10 1.08449e-10 6.17880e-11 3.23227e-11 1.96321e-11 1.04654e-11 5.75721e-12 2.82229e-12 1.75074e-12 8.45436e-13 4.19049e-13 2.21012e-13
1.40090e+04 7.33325e-07 5.25390e-07 3.71322e-07 2.89288e-07 2.08126e-07 1.49399e-07 1.08026e-07 7.54337e-08 5.53474e-08 4.25535e-08 3.07146e-08 2.29777e-08 1.65105e-08 1.19558e-08 8.81301e-09 6.47320e-09 4.78390e-09 3.42994e-09 2.45015e-09 1.83204e-09 1.30792e-09 9.33118e-10 6.80662e-10 4.77472e-10 3.37037e-10 7.05139e-08 8.32566e-08 7.20608e-08 6.84808e-08 5.70100e-08 5.23170e-08 4.68155e-08 3.72967e-08 3.14979e-08 2.43771e-08 1.74796e-08 1.37878e-08 1.00386e-08 6.95550e-09 4.84629e-09 3.33120e-09 2.25313e-09 1.45489e-09 9.44307e-10 5.75325e-10 3.58285e-10 2.20647e-10 1.36847e-10 7.72634e-11 4.29943e-11 2.21620e-11 1.33256e-11 7.42018e-12 4.07005e-12 1.98648e-12 1.15878e-12 5.97614e-13 2.82804e-13 1.59854e-13
1.45084e+04 4.37015e-07 3.12775e-07 2.22137e-07 1.71543e-07 1.24191e-07 9.03297e-08 6.54056e-08 4.64102e-08 3.39353e-08 2.57742e-08 1.85787e-08 1.38025e-08 9.95270e-09 7.18232e-09 5.21287e-09 3.80304e-09 2.79669e-09 2.00435e-09 1.43175e-09 1.04843e-09 7.48673e-10 5.34193e-10 3.85695e-10 2.70919e-10 1.91120e-10 4.70747e-08 5.39706e-08 5.11708e-08 4.19741e-08 3.93029e-08 3.60194e-08 3.24938e-08 2.66178e-08 2.15737e-08 1.68244e-08 1.22897e-08 9.90458e-09 7.22154e-09 4.89774e-09 3.55552e-09 2.36662e-09 1.60507e-09 1.01321e-09 6.70100e-10 4.22970e-10 2.61047e-10 1.56276e-10 9.44064e-11 5.62360e-11 3.03503e-11 1.76322e-11 1.01402e-11 5.30374e-12 2.87653e-12 1.51945e-12 7.76182e-13 3.89416e-13 1.95573e-13 1.09374e-13
1.50095e+04 3.89426e-07 2.74776e-07 1.93246e-07 1.46969e-07 1.05386e-07 7.63022e-08 5.41610e-08 3.83417e-08 2.74839e-08 2.01786e-08 1.42834e-08 1.03523e-08 7.35616e-09 5.21961e-09 3.70241e-09 2.64839e-09 1.91370e-09 1.35717e-09 9.60797e-10 6.86174e-10 4.85877e-10 3.44391e-10 2.45827e-10 1.72139e-10 1.20844e-10 3.66367e-08 3.43812e-08 3.63027e-08 3.40506e-08 2.51174e-08 2.60748e-08 2.28990e-08 1.88933e-08 1.54504e-08 1.16517e-08 9.07469e-09 7.15785e-09 5.28809e-09 3.60392e-09 2.65688e-09 1.82575e-09 1.18163e-09 7.63612e-10 5.08248e-10 3.17638e-10 1.94666e-10 1.16785e-10 6.79966e-11 3.90464e-11 2.17257e-11 1.33210e-11 7.96126e-12 3.82717e-12 2.01117e-12 1.11855e-12 5.16336e-13 2.39358e-13 1.41079e-13 7.92160e-14
1.54819e+04 4.99335e-07 3.48554e-07 2.40532e-07 1.76020e-07 1.22886e-07 8.66738e-08 5.95929e-08 4.13420e-08 2.84838e-08 2.00150e-08 1.36761e-08 9.50098e-09 6.54165e-09 4.48904e-09 3.09079e-09 2.13909e-09 1.49313e-09 1.03486e-09 7.18294e-10 4.99627e-10 3.47945e-10 2.42959e-10 1.70284e-10 1.18046e-10 8.19452e-11 2.80022e-08 2.15335e-08 2.80323e-08 2.26447e-08 1.56755e-08 2.03535e-08 1.70786e-08 1.37203e-08 1.15506e-08 9.22480e-09 7.40562e-09 5.21618e-09 4.05523e-09 2.85900e-09 2.01824e-09 1.40871e-09 9.07832e-10 6.02677e-10 3.96664e-10 2.54721e-10 1.44854e-10 9.17631e-11 4.86149e-11 2.71082e-11 1.50065e-11 9.40405e-12 5.54490e-12 2.63766e-12 1.39088e-12 7.73692e-13 3.49680e-13 1.61073e-13 9.72632e-14 5.46204e-14
1.59279e+04 7.21705e-07 4.96018e-07 3.36962e-07 2.37607e-07 1.62024e-07 1.11174e-07 7.40615e-08 4.98322e-08 3.30828e-08 2.22051e-08 1.45940e-08 9.71338e-09 6.42509e-09 4.22817e-09 2.79289e-09 1.85291e-09 1.24345e-09 8.33763e-10 5.61625e-10 3.78000e-10 2.56862e-10 1.75447e-10 1.20694e-10 8.22632e-11 5.61686e-11 1.71372e-08 1.39973e-08 1.82912e-08 2.04775e-08 9.95264e-09 1.52913e-08 1.29744e-08 1.03442e-08 9.26931e-09 7.34359e-09 6.01512e-09 4.21612e-09 3.22521e-09 2.33538e-09 1.59503e-09 1.10021e-09 7.27620e-10 4.93464e-10 3.19720e-10 2.05435e-10 1.01828e-10 7.29905e-11 3.42929e-11 1.92826e-11 1.06622e-11 6.68086e-12 3.94026e-12 1.87407e-12 9.89299e-13 5.50439e-13 2.50743e-13 1.14477e-13 6.89956e-14 3.87051e-14
1.63571e+04 1.03450e-06 7.03938e-07 4.73861e-07 3.25202e-07 2.17862e-07 1.45246e-07 9.48567e-08 6.16811e-08 3.98720e-08 2.58363e-08 1.64409e-08 1.05213e-08 6.67215e-09 4.21251e-09 2.65517e-09 1.68007e-09 1.08189e-09 6.95550e-10 4.50492e-10 2.91683e-10 1.91542e-10 1.27176e-10 8.58059e-11 5.71846e-11 3.82041e-11 1.14496e-08 9.37140e-09 1.23767e-08 1.75037e-08 6.76783e-09 1.08769e-08 9.11832e-09 7.15570e-09 7.96601e-09 6.31787e-09 4.82639e-09 3.50950e-09 2.62801e-09 1.91933e-09 1.32401e-09 8.77305e-10 6.08558e-10 3.94899e-10 2.64053e-10 1.68128e-10 6.76506e-11 6.35321e-11 2.46179e-11 1.39779e-11 7.73121e-12 4.84788e-12 2.86118e-12 1.36031e-12 7.17847e-13 3.99777e-13 1.83662e-13 8.30545e-14 4.98821e-14 2.79438e-14
1.67805e+04 1.46796e-06 9.90308e-07 6.63565e-07 4.41442e-07 2.92088e-07 1.89906e-07 1.22560e-07 7.82826e-08 4.96490e-08 3.12173e-08 1.94228e-08 1.19530e-08 7.29235e-09 4.44674e-09 2.68971e-09 1.63169e-09 9.97311e-10 6.11674e-10 3.78608e-10 2.35873e-10 1.49201e-10 9.54678e-11 6.23016e-11 4.03806e-11 2.62781e-11 7.79048e-09 6.37596e-09 8.35257e-09 1.20452e-08 4.65761e-09 7.21787e-09 6.19568e-09 4.91181e-09 7.03640e-09 5.51048e-09 4.02986e-09 3.01291e-09 2.17658e-09 1.60069e-09 1.14500e-09 7.54870e-10 5.20188e-10 3.26083e-10 2.23253e-10 1.41827e-10 4.56911e-11 5.43374e-11 1.79067e-11 1.02392e-11 5.67277e-12 3.55842e-12 2.10237e-12 9.99437e-13 5.27179e-13 2.94609e-13 1.34863e-13 6.08985e-14 3.64745e-14 2.05988e-14
1.71869e+04 1.88850e-06 1.26528e-06 8.46488e-07 5.47801e-07 3.60114e-07 2.31417e-07 1.48376e-07 9.44894e-08 5.91573e-08 3.64254e-08 2.23436e-08 1.33143e-08 7.90965e-09 4.70076e-09 2.76370e-09 1.62228e-09 9.45011e-10 5.54665e-10 3.28599e-10 1.96730e-10 1.19760e-10 7.40110e-11 4.63502e-11 2.91751e-11 1.84777e-11 5.43193e-09 4.44790e-09 5.81960e-09 1.02774e-08 3.21390e-09 5.13464e-09 4.26097e-09 3.39174e-09 5.87873e-09 4.86819e-09 3.36379e-09 2.72540e-09 1.84350e-09 1.36421e-09 9.89449e-10 6.74811e-10 4.26810e-10 3.00351e-10 1.98965e-10 1.22111e-10 3.16727e-11 4.47405e-11 1.34780e-11 7.64914e-12 4.24358e-12 2.66273e-12 1.57451e-12 7.48604e-13 3.94647e-13 2.21250e-13 1.00312e-13 4.55208e-14 2.72029e-14 1.55284e-14
1.75782e+04 1.99730e-06 1.33527e-06 8.92748e-07 5.71801e-07 3.75210e-07 2.40764e-07 1.53879e-07 9.74929e-08 6.06344e-08 3.70266e-08 2.24959e-08 1.32057e-08 7.74439e-09 4.51973e-09 2.60474e-09 1.49074e-09 8.41177e-10 4.76912e-10 2.72345e-10 1.57188e-10 9.22186e-11 5.50630e-11 3.33079e-11 2.04305e-11 1.26127e-11 3.86723e-09 3.16829e-09 4.14717e-09 9.20698e-09 2.23921e-09 3.65221e-09 2.99708e-09 2.37640e-09 4.85351e-09 4.07928e-09 2.78474e-09 2.35759e-09 1.56729e-09 1.19713e-09 8.42501e-10 5.66398e-10 3.82673e-10 2.69423e-10 1.64135e-10 1.05343e-10 2.24883e-11 3.64625e-11 1.02852e-11 5.81586e-12 3.22932e-12 2.02682e-12 1.19943e-12 5.70379e-13 3.00575e-13 1.68796e-13 7.60748e-14 3.46208e-14 2.07731e-14 1.18576e-14
1.79785e+04 1.68548e-06 1.13150e-06 7.55305e-07 4.90769e-07 3.22290e-07 2.07442e-07 1.32266e-07 8.30961e-08 5.15765e-08 3.14583e-08 1.89977e-08 1.11538e-08 6.50308e-09 3.74943e-09 2.12737e-09 1.19410e-09 6.60049e-10 3.64975e-10 2.02295e-10 1.13437e-10 6.43105e-11 3.71567e-11 2.16809e-11 1.30431e-11 7.86837e-12 2.75211e-09 2.25602e-09 2.96366e-09 8.98169e-09 1.61657e-09 2.57587e-09 2.15562e-09 1.70811e-09 3.97215e-09 3.25919e-09 2.12114e-09 1.88356e-09 1.33280e-09 9.79006e-10 7.02994e-10 4.74307e-10 3.55443e-10 2.25249e-10 1.36341e-10 9.16779e-11 1.60410e-11 3.10714e-11 7.84223e-12 4.42283e-12 2.46031e-12 1.54255e-12 9.12810e-13 4.34311e-13 2.29252e-13 1.28453e-13 5.84625e-14 2.63639e-14 1.58204e-14 9.03127e-15
1.84262e+04 1.19321e-06 8.02564e-07 5.34869e-07 3.53584e-07 2.32224e-07 1.50021e-07 9.54274e-08 5.97431e-08 3.70272e-08 2.24722e-08 1.35066e-08 7.97557e-09 4.65032e-09 2.65901e-09 1.49749e-09 8.29291e-10 4.49849e-10 2.42716e-10 1.31284e-10 7.25459e-11 3.99115e-11 2.23957e-11 1.27360e-11 7.31975e-12 4.32594e-12 1.88834e-09 1.54952e-09 2.03829e-09 7.18824e-09 1.10915e-09 1.76987e-09 1.48255e-09 1.17582e-09 3.04012e-09 2.42108e-09 1.45710e-09 1.61972e-09 1.11435e-09 7.93571e-10 5.36763e-10 4.00828e-10 2.84754e-10 1.71882e-10 1.09691e-10 7.25374e-11 1.11204e-11 2.54669e-11 5.81108e-12 3.27437e-12 1.82669e-12 1.14064e-12 6.76212e-13 3.21305e-13 1.70493e-13 9.56458e-14 4.34079e-14 1.95879e-14 1.17735e-14 6.69221e-15
1.90013e+04 6.66310e-07 4.53057e-07 3.04577e-07 2.00200e-07 1.31537e-07 8.65127e-08 5.48532e-08 3.47224e-08 2.14343e-08 1.30472e-08 7.82278e-09 4.53783e-09 2.65996e-09 1.50980e-09 8.61184e-10 4.72463e-10 2.56416e-10 1.36842e-10 7.24343e-11 3.81777e-11 2.05384e-11 1.12537e-11 6.50282e-12 3.70660e-12 2.14174e-12 1.21008e-09 9.90225e-10 1.29796e-09 5.26562e-09 7.02766e-10 1.10608e-09 9.35303e-10 7.40338e-10 2.47421e-09 1.88361e-09 9.12036e-10 1.03314e-09 8.08008e-10 6.04155e-10 3.73498e-10 2.96708e-10 2.01991e-10 1.23599e-10 7.70342e-11 5.14791e-11 6.96704e-12 1.79077e-11 4.04089e-12 2.26567e-12 1.25914e-12 7.90981e-13 4.68479e-13 2.22998e-13 1.17638e-13 6.60290e-14 2.98353e-14 1.34979e-14 8.14205e-15 4.62953e-15
1.99099e+04 1.95696e-07 1.41854e-07 1.00309e-07 6.29187e-08 4.06806e-08 2.93459e-08 1.81069e-08 1.26588e-08 7.74002e-09 4.99288e-09 2.95332e-09 1.72221e-09 9.50734e-10 5.54769e-10 2.97546e-10 1.62504e-10 9.73027e-11 5.15799e-11 2.71789e-11 1.43193e-11 7.52499e-12 4.03990e-12 2.08394e-12 1.20856e-12 6.92531e-13 6.00571e-10 4.88496e-10 6.50933e-10 2.53916e-09 3.49945e-10 5.47472e-10 4.64890e-10 3.66505e-10 1.27651e-09 7.71082e-10 4.45919e-10 4.14892e-10 4.21769e-10 3.00515e-10 2.19334e-10 1.48500e-10 1.05066e-10 6.98607e-11 3.79764e-11 2.79422e-11 3.43923e-12 1.02176e-11 2.30180e-12 1.28754e-12 7.15682e-13 4.51584e-13 2.67822e-13 1.27445e-13 6.69802e-14 3.77693e-14 1.71032e-14 7.66869e-15 4.64909e-15 2.62865e-15
2.11781e+04 2.88520e-08 2.17594e-08 1.62119e-08 9.68221e-09 6.95447e-09 5.49798e-09 3.30353e-09 2.65733e-09 1.61245e-09 1.05527e-09 6.27130e-10 3.64331e-10 1.94786e-10 1.11839e-10 5.44766e-11 3.03116e-11 2.14162e-11 1.13831e-11 6.02858e-12 3.31987e-12 1.73882e-12 9.28551e-13 4.54616e-13 2.34535e-13 1.34700e-13 2.40793e-10 2.05366e-10 2.87543e-10 1.08563e-09 1.45248e-10 2.17155e-10 1.82849e-10 1.44784e-10 5.08702e-10 3.04256e-10 1.77937e-10 1.86539e-10 1.45740e-10 1.19914e-10 7.95718e-11 6.29811e-11 3.91094e-11 2.61668e-11 1.50591e-11 9.80092e-12 1.37606e-12 5.13718e-12 1.09960e-12 6.15014e-13 3.42072e-13 2.14762e-13 1.27618e-13 6.06651e-14 3.20292e-14 1.80128e-14 8.14229e-15 3.67842e-15 2.21293e-15 1.25812e-15
2.25078e+04 3.62845e-09 2.85995e-09 2.22562e-09 1.31305e-09 9.84588e-10 8.01942e-10 4.75785e-10 4.10105e-10 2.49865e-10 1.69515e-10 1.01710e-10 6.00493e-11 3.24461e-11 1.87451e-11 9.22618e-12 5.15822e-12 3.64133e-12 1.94692e-12 1.03778e-12 6.04384e-13 3.16480e-13 1.69266e-13 8.60581e-14 4.54849e-14 2.64325e-14 9.83057e-11 8.34364e-11 1.11432e-10 3.57546e-10 5.88303e-11 8.69711e-11 7.32552e-11 5.85126e-11 2.04275e-10 1.21179e-10 7.11031e-11 7.51865e-11 5.89733e-11 4.81279e-11 3.19628e-11 2.45011e-11 1.87341e-11 1.10496e-11 6.10739e-12 4.52053e-12 5.50781e-13 1.73952e-12 5.28561e-13 2.96198e-13 1.64252e-13 1.03925e-13 6.16835e-14 2.93164e-14 1.54145e-14 8.71856e-15 4.14290e-15 1.76821e-15 1.06647e-15 6.04807e-16
2.39211e+04 3.67225e-10 3.01554e-10 2.44963e-10 1.44946e-10 1.12625e-10 9.56062e-11 5.54237e-11 5.28007e-11 3.22367e-11 2.27052e-11 1.36460e-11 8.21447e-12 4.48875e-12 2.60974e-12 1.29966e-12 7.33920e-13 5.01783e-13 2.71852e-13 1.47819e-13 9.55219e-14 5.05819e-14 2.74768e-14 1.49159e-14 8.20703e-15 4.92124e-15 4.00914e-11 3.39499e-11 4.29839e-11 9.13096e-11 2.33146e-11 3.52054e-11 2.96566e-11 2.36227e-11 8.20720e-11 4.96077e-11 2.87808e-11 2.99568e-11 2.35220e-11 1.94492e-11 1.29341e-11 9.96530e-12 8.05802e-12 4.85209e-12 2.44390e-12 2.21285e-12 2.21409e-13 6.98389e-13 2.55165e-13 1.43631e-13 8.00506e-14 5.00264e-14 2.95002e-14 1.40538e-14 7.49062e-15 4.20777e-15 2.12870e-15 8.59573e-16 5.11529e-16 2.92238e-16
2.54232e+04 3.70044e-11 3.12992e-11 2.62449e-11 1.54765e-11 1.23670e-11 1.00665e-11 5.77271e-12 5.79120e-12 3.55481e-12 2.56832e-12 1.54536e-12 9.46913e-13 5.24071e-13 3.06868e-13 1.55293e-13 8.89784e-14 5.45226e-14 3.04694e-14 1.72933e-14 1.29569e-14 7.07729e-15 3.99579e-15 2.37795e-15 1.38999e-15 8.75557e-16 1.63184e-11 1.37847e-11 1.74060e-11 3.65939e-11 9.11160e-12 1.44318e-11 1.17869e-11 9.46219e-12 3.24723e-11 1.96587e-11 1.15018e-11 1.20562e-11 9.41070e-12 7.81705e-12 5.18888e-12 3.96324e-12 3.52062e-12 1.77444e-12 9.86920e-13 1.09368e-12 8.84434e-14 2.79119e-13 1.22717e-13 6.93799e-14 3.84738e-14 2.42172e-14 1.43703e-14 6.82652e-15 3.57574e-15 2.03876e-15 1.01033e-15 4.14092e-16 2.46578e-16 1.40127e-16
2.70195e+04 3.05251e-12 2.69127e-12 2.35076e-12 1.35962e-12 1.12356e-12 9.02910e-13 4.93682e-13 5.63025e-13 3.42298e-13 2.56871e-13 1.54044e-13 9.55373e-14 5.28186e-14 3.11635e-14 1.57595e-14 9.21652e-15 4.39790e-15 2.60231e-15 1.61885e-15 1.52831e-15 8.82492e-16 5.29961e-16 3.52141e-16 2.20243e-16 1.46267e-16 6.62797e-12 5.58375e-12 7.10421e-12 1.44548e-11 3.78547e-12 5.91352e-12 4.85701e-12 3.82512e-12 1.31994e-11 8.03924e-12 4.59971e-12 4.81065e-12 3.83439e-12 3.14234e-12 2.11397e-12 1.59113e-12 1.45125e-12 7.37384e-13 3.99353e-13 4.54531e-13 3.60146e-14 1.13732e-13 5.93671e-14 3.38342e-14 1.88006e-14 1.15882e-14 6.83717e-15 3.26205e-15 1.73981e-15 9.88912e-16 5.70542e-16 2.00262e-16 1.18434e-16 6.77341e-17
2.87161e+04 1.90449e-13 1.76033e-13 1.60815e-13 9.24575e-14 7.90179e-14 6.30104e-14 3.16094e-14 4.36754e-14 2.61494e-14 2.03463e-14 1.21452e-14 7.56087e-15 4.15303e-15 2.46880e-15 1.25118e-15 7.49976e-16 3.67050e-16 2.06499e-16 1.19750e-16 1.50578e-16 9.33821e-17 6.00959e-17 4.50177e-17 2.98916e-17 2.06839e-17 2.68575e-12 2.25587e-12 2.98069e-12 5.60655e-12 1.51081e-12 2.34174e-12 1.95076e-12 1.54578e-12 5.30877e-12 3.16939e-12 1.85412e-12 1.96411e-12 1.51531e-12 1.27537e-12 8.61534e-13 6.55973e-13 5.66791e-13 3.04489e-13 1.64853e-13 1.80849e-13 1.44557e-14 4.60091e-14 2.93740e-14 1.63846e-14 9.29254e-15 5.76007e-15 3.42296e-15 1.63057e-15 8.55236e-16 4.79954e-16 2.44384e-16 1.00020e-16 5.83457e-17 3.29780e-17
3.05250e+04 1.05250e-14 1.03025e-14 9.93416e-15 5.83385e-15 5.15355e-15 3.74904e-15 2.05284e-15 2.85054e-15 1.69035e-15 1.35802e-15 8.08647e-16 5.09515e-16 2.84261e-16 1.69951e-16 8.91256e-17 5.48569e-17 2.85199e-17 1.67836e-17 1.02678e-17 1.22227e-17 8.16064e-18 5.57442e-18 4.81828e-18 3.39130e-18 2.40865e-18 1.08207e-12 9.05637e-13 1.18814e-12 2.17291e-12 6.07352e-13 9.63786e-13 7.82735e-13 6.11482e-13 2.13055e-12 1.26202e-12 7.51675e-13 7.83797e-13 6.21374e-13 5.13330e-13 3.40148e-13 2.63232e-13 2.38083e-13 1.24922e-13 6.95727e-14 7.62937e-14 6.07168e-15 1.90781e-14 1.42690e-14 8.20815e-15 4.49075e-15 2.79095e-15 1.65944e-15 7.90861e-16 4.14984e-16 2.37248e-16 1.33032e-16 4.93617e-17 2.82373e-17 1.70267e-17
3.23145e+04 6.61404e-16 6.82108e-16 6.22516e-16 3.72660e-16 3.45217e-16 2.75549e-16 1.52451e-16 1.99763e-16 1.26645e-16 9.71840e-17 5.65666e-17 3.61273e-17 2.06999e-17 1.23498e-17 6.71684e-18 4.03922e-18 2.22555e-18 1.35095e-18 8.62626e-19 1.09883e-18 7.31521e-19 5.19420e-19 4.92238e-19 3.57661e-19 2.58703e-19 4.52323e-13 3.77233e-13 4.84558e-13 9.28820e-13 2.56978e-13 3.99559e-13 3.29617e-13 2.55845e-13 9.14503e-13 5.40498e-13 3.16774e-13 3.29594e-13 2.65829e-13 2.34058e-13 1.55273e-13 1.19215e-13 1.06118e-13 5.44016e-14 3.01461e-14 3.22363e-14 2.57429e-15 8.28299e-15 7.22639e-15 4.06949e-15 2.25904e-15 1.40660e-15 8.36337e-16 3.98585e-16 2.09132e-16 1.19211e-16 5.86246e-17 2.61846e-17 1.48430e-17 8.92032e-18
3.38200e+04 9.46722e-17 7.25609e-17 5.76412e-17 3.60609e-17 2.76057e-17 2.83999e-17 1.65186e-17 1.60952e-17 1.04991e-17 7.46048e-18 5.13505e-18 3.21260e-18 1.82849e-18 1.02868e-18 5.60937e-19 3.47007e-19 1.94527e-19 1.21194e-19 7.89177e-20 1.05098e-19 7.56615e-20 5.45191e-20 5.28047e-20 3.96804e-20 2.88491e-20 2.21800e-13 1.84008e-13 2.35768e-13 4.51379e-13 1.24100e-13 1.98989e-13 1.63595e-13 1.31312e-13 4.64202e-13 2.69832e-13 1.60696e-13 1.70056e-13 1.29111e-13 1.14415e-13 7.63842e-14 5.83113e-14 5.15994e-14 2.64931e-14 1.46479e-14 1.54786e-14 1.24037e-15 3.97137e-15 4.05711e-15 2.27585e-15 1.26605e-15 7.89403e-16 4.69363e-16 2.23691e-16 1.17367e-16 6.67984e-17 3.89085e-17 1.53461e-17 8.66378e-18 4.97125e-18
3.51376e+04 1.61308e-17 1.15312e-17 8.19754e-18 5.62686e-18 3.47731e-18 3.21935e-18 2.00864e-18 1.64458e-18 1.02232e-18 6.79885e-19 4.43264e-19 2.65627e-19 1.47810e-19 8.53375e-20 4.60876e-20 2.80278e-20 1.56956e-20 9.83899e-21 6.45235e-21 9.75981e-21 7.02193e-21 5.11324e-21 4.91066e-21 3.71933e-21 2.71640e-21 1.22810e-13 1.01436e-13 1.31463e-13 2.50435e-13 6.97953e-14 1.10221e-13 9.32070e-14 7.38223e-14 2.56716e-13 1.54335e-13 9.02029e-14 9.47671e-14 7.95022e-14 6.98058e-14 4.62460e-14 3.52728e-14 3.11885e-14 1.59049e-14 8.78559e-15 9.20757e-15 7.39375e-16 2.34250e-15 2.63871e-15 1.48039e-15 8.27599e-16 5.16482e-16 3.07090e-16 1.46354e-16 7.67900e-17 4.33937e-17 2.16521e-17 8.98718e-18 5.09310e-18 3.13191e-18
3.63387e+04 3.66307e-18 2.52672e-18 1.72148e-18 1.19471e-18 7.22275e-19 5.82137e-19 3.55605e-19 2.51887e-19 1.51784e-19 9.46631e-20 5.68225e-20 3.29282e-20 1.82111e-20 1.03396e-20 5.60124e-21 3.26349e-21 1.84249e-21 1.14703e-21 7.49079e-22 9.41515e-22 6.66064e-22 4.85907e-22 4.40793e-22 3.30399e-22 2.41716e-22 7.34656e-14 6.05253e-14 7.86909e-14 1.51404e-13 4.19620e-14 6.57933e-14 5.60238e-14 4.41677e-14 1.55054e-13 9.20998e-14 5.38390e-14 5.74019e-14 4.70960e-14 4.12957e-14 2.74674e-14 2.09293e-14 1.84898e-14 9.48125e-15 5.23222e-15 5.52600e-15 4.44839e-16 1.41312e-15 1.76865e-15 9.92352e-16 5.52277e-16 3.45041e-16 2.05154e-16 9.77731e-17 5.13002e-17 2.90472e-17 1.40843e-17 6.41974e-18 3.66800e-18 2.11001e-18
3.74901e+04 1.74830e-18 1.14984e-18 7.48955e-19 4.91438e-19 3.06966e-19 2.04281e-19 1.24017e-19 7.81099e-20 4.62271e-20 2.74009e-20 1.58623e-20 8.98229e-21 4.95578e-21 2.75328e-21 1.50939e-21 8.65581e-22 4.98478e-22 3.08469e-22 2.00276e-22 1.70168e-22 1.20100e-22 8.69143e-23 7.09286e-23 5.26269e-23 3.85145e-23 4.58247e-14 3.76953e-14 4.89733e-14 9.33707e-14 2.64360e-14 4.12420e-14 3.46106e-14 2.74972e-14 9.61751e-14 5.77974e-14 3.37239e-14 3.60121e-14 2.93336e-14 2.52857e-14 1.67310e-14 1.27426e-14 1.12527e-14 5.74179e-15 3.16725e-15 3.36165e-15 2.71252e-16 8.55051e-16 1.18800e-15 6.66563e-16 3.71750e-16 2.32568e-16 1.38280e-16 6.59020e-17 3.45779e-17 1.94820e-17 1.07678e-17 4.02256e-18 2.32702e-18 1.38177e-18
3.86278e+04 1.08074e-18 7.04791e-19 4.54680e-19 2.90844e-19 1.82766e-19 1.15086e-19 6.97347e-20 4.21869e-20 2.47751e-20 1.43766e-20 8.18257e-21 4.58022e-21 2.52598e-21 1.39757e-21 7.70680e-22 4.38839e-22 2.55120e-22 1.57503e-22 1.02092e-22 7.29325e-23 5.12227e-23 3.68513e-23 2.77067e-23 2.02854e-23 1.48266e-23 2.91960e-14 2.39933e-14 3.11844e-14 5.99953e-14 1.67325e-14 2.63641e-14 2.21487e-14 1.76053e-14 6.13954e-14 3.70774e-14 2.14879e-14 2.26077e-14 1.79584e-14 1.51141e-14 1.00104e-14 7.62521e-15 6.73516e-15 3.43967e-15 1.89780e-15 2.07134e-15 1.67688e-16 5.27879e-16 8.14542e-16 4.57021e-16 2.54310e-16 1.59256e-16 9.46902e-17 4.51278e-17 2.36779e-17 1.33314e-17 7.49111e-18 2.98058e-18 1.74330e-18 9.89992e-19
3.97673e+04 6.97840e-19 4.54519e-19 2.92860e-19 1.86938e-19 1.17566e-19 7.34335e-20 4.44601e-20 2.67259e-20 1.56739e-20 9.06711e-21 5.14331e-21 2.87486e-21 1.58647e-21 8.76378e-22 4.84342e-22 2.75429e-22 1.60686e-22 9.92012e-23 6.43077e-23 4.41667e-23 3.09876e-23 2.22613e-23 1.63492e-23 1.19250e-23 8.71480e-24 1.88447e-14 1.54755e-14 2.02345e-14 3.80996e-14 1.06945e-14 1.68323e-14 1.42242e-14 1.13369e-14 3.94687e-14 2.36255e-14 1.37340e-14 1.44445e-14 1.13510e-14 9.35433e-15 6.19540e-15 4.72131e-15 4.17220e-15 2.12975e-15 1.17561e-15 1.30970e-15 1.06235e-16 3.33829e-16 5.67254e-16 3.18274e-16 1.77008e-16 1.10896e-16 6.59363e-17 3.14241e-17 1.64878e-17 9.27341e-18 4.21418e-18 1.93692e-18 1.15864e-18 6.60405e-19
4.09121e+04 4.55982e-19 2.96869e-19 1.91209e-19 1.22123e-19 7.68385e-20 4.79391e-20 2.90299e-20 1.74379e-20 1.02255e-20 5.91407e-21 3.35284e-21 1.87432e-21 1.03503e-21 5.71671e-22 3.16320e-22 1.79853e-22 1.05081e-22 6.48750e-23 4.20627e-23 2.86754e-23 2.01200e-23 1.44516e-23 1.05885e-23 7.72515e-24 5.64551e-24 1.22906e-14 1.00865e-14 1.31695e-14 1.00000e-99 1.00000e-99 1.00000e-99 1.00000e-99 1.00000e-99 1.00000e-99 1.00000e-99 1.00000e-99 1.00000e-99 1.00000e-99 1.00000e-99 1.00000e-99 1.00000e-99 1.00000e-99 1.00000e-99 1.00000e-99 1.00000e-99 1.00000e-99 1.00000e-99 1.00000e-99 1.00000e-99 1.00000e-99 1.00000e-99 1.00000e-99 1.00000e-99 1.00000e-99 1.00000e-99 1.00000e-99 1.00000e-99 1.00000e-99 1.00000e-99
4.20697e+04 3.00041e-19 1.95268e-19 1.25735e-19 8.03681e-20 5.05821e-20 3.15339e-20 1.90976e-20 1.14655e-20 6.72357e-21 3.88805e-21 2.20432e-21 1.23237e-21 6.80787e-22 3.75987e-22 2.08165e-22 1.18343e-22 6.92048e-23 4.27285e-23 2.77070e-23 1.88137e-23 1.31997e-23 9.48116e-24 6.95242e-24 5.07572e-24 3.70959e-24 8.07339e-15 6.62140e-15 8.62152e-15 1.00000e-99 1.00000e-99 1.00000e-99 1.00000e-99 1.00000e-99 1.00000e-99 1.00000e-99 1.00000e-99 1.00000e-99 1.00000e-99 1.00000e-99 1.00000e-99 1.00000e-99 1.00000e-99 1.00000e-99 1.00000e-99 1.00000e-99 1.00000e-99 1.00000e-99 1.00000e-99 1.00000e-99 1.00000e-99 1.00000e-99 1.00000e-99 1.00000e-99 1.00000e-99 1.00000e-99 1.00000e-99 1.00000e-99 1.00000e-99 1.00000e-99
4.32465e+04 1.98369e-19 1.29069e-19 8.30902e-20 5.31293e-20 3.34469e-20 2.08396e-20 1.26229e-20 7.57571e-21 4.44284e-21 2.56893e-21 1.45640e-21 8.14297e-22 4.49975e-22 2.48507e-22 1.37680e-22 7.82723e-23 4.58165e-23 2.82904e-23 1.83472e-23 1.23983e-23 8.69932e-24 6.24870e-24 4.58590e-24 3.35019e-24 2.44868e-24 5.32850e-15 4.36761e-15 5.75037e-15 1.00000e-99 1.00000e-99 1.00000e-99 1.00000e-99 1.00000e-99 1.00000e-99 1.00000e-99 1.00000e-99 1.00000e-99 1.00000e-99 1.00000e-99 1.00000e-99 1.00000e-99 1.00000e-99 1.00000e-99 1.00000e-99 1.00000e-99 1.00000e-99 1.00000e-99 1.00000e-99 1.00000e-99 1.00000e-99 1.00000e-99 1.00000e-99 1.00000e-99 1.00000e-99 1.00000e-99 1.00000e-99 1.00000e-99 1.00000e-99 1.00000e-99
4.44471e+04 1.31546e-19 8.55717e-20 5.50785e-20 3.52295e-20 2.21826e-20 1.38146e-20 8.36830e-21 5.02090e-21 2.94457e-21 1.70257e-21 9.65230e-22 5.39775e-22 2.98409e-22 1.64798e-22 9.13630e-23 5.19378e-23 3.04287e-23 1.87896e-23 1.21872e-23 8.19259e-24 5.74852e-24 4.12925e-24 3.03352e-24 2.21760e-24 1.62096e-24 3.52608e-15 2.88857e-15 3.79095e-15 1.00000e-99 1.00000e-99 1.00000e-99 1.00000e-99 1.00000e-99 1.00000e-99 1.00000e-99 1.00000e-99 1.00000e-99 1.00000e-99 1.00000e-99 1.00000e-99 1.00000e-99 1.00000e-99 1.00000e-99 1.00000e-99 1.00000e-99 1.00000e-99 1.00000e-99 1.00000e-99 1.00000e-99 1.00000e-99 1.00000e-99 1.00000e-99 1.00000e-99 1.00000e-99 1.00000e-99 1.00000e-99 1.00000e-99 1.00000e-99 1.00000e-99
4.56755e+04 8.73890e-20 5.68391e-20 3.65798e-20 2.33993e-20 1.47356e-20 9.17345e-21 5.55728e-21 3.33375e-21 1.95520e-21 1.13056e-21 6.40926e-22 3.58488e-22 1.98262e-22 1.09486e-22 6.07376e-23 3.45275e-23 2.02464e-23 1.25031e-23 8.11074e-24 5.45729e-24 3.82691e-24 2.74657e-24 2.00905e-24 1.46974e-24 1.07441e-24 2.33646e-15 1.91297e-15 2.49337e-15 1.00000e-99 1.00000e-99 1.00000e-99 1.00000e-99 1.00000e-99 1.00000e-99 1.00000e-99 1.00000e-99 1.00000e-99 1.00000e-99 1.00000e-99 1.00000e-99 1.00000e-99 1.00000e-99 1.00000e-99 1.00000e-99 1.00000e-99 1.00000e-99 1.00000e-99 1.00000e-99 1.00000e-99 1.00000e-99 1.00000e-99 1.00000e-99 1.00000e-99 1.00000e-99 1.00000e-99 1.00000e-99 1.00000e-99 1.00000e-99 1.00000e-99
4.69340e+04 5.81316e-20 3.78048e-20 2.43273e-20 1.55618e-20 9.80129e-21 6.09949e-21 3.69522e-21 2.21637e-21 1.29988e-21 7.51667e-22 4.26113e-22 2.38387e-22 1.31897e-22 7.28364e-23 4.04315e-23 2.29839e-23 1.34887e-23 8.33026e-24 5.40452e-24 3.64058e-24 2.55294e-24 1.83233e-24 1.33145e-24 9.74732e-25 7.12598e-25 1.54918e-15 1.26770e-15 1.65277e-15 1.00000e-99 1.00000e-99 1.00000e-99 1.00000e-99 1.00000e-99 1.00000e-99 1.00000e-99 1.00000e-99 1.00000e-99 1.00000e-99 1.00000e-99 1.00000e-99 1.00000e-99 1.00000e-99 1.00000e-99 1.00000e-99 1.00000e-99 1.00000e-99 1.00000e-99 1.00000e-99 1.00000e-99 1.00000e-99 1.00000e-99 1.00000e-99 1.00000e-99 1.00000e-99 1.00000e-99 1.00000e-99 1.00000e-99 1.00000e-99 1.00000e-99
4.82232e+04 3.87150e-20 2.51755e-20 1.61989e-20 1.03608e-20 6.52615e-21 4.05998e-21 2.45974e-21 1.47515e-21 8.65184e-22 5.00335e-22 2.83631e-22 1.58710e-22 8.78461e-23 4.85089e-23 2.69435e-23 1.53160e-23 8.99587e-24 5.55603e-24 3.60509e-24 2.43115e-24 1.70489e-24 1.22371e-24 8.82763e-25 6.46692e-25 4.72816e-25 1.02758e-15 8.40436e-16 1.00000e-99 1.00000e-99 1.00000e-99 1.00000e-99 1.00000e-99 1.00000e-99 1.00000e-99 1.00000e-99 1.00000e-99 1.00000e-99 1.00000e-99 1.00000e-99 1.00000e-99 1.00000e-99 1.00000e-99 1.00000e-99 1.00000e-99 1.00000e-99 1.00000e-99 1.00000e-99 1.00000e-99 1.00000e-99 1.00000e-99 1.00000e-99 1.00000e-99 1.00000e-99 1.00000e-99 1.00000e-99 1.00000e-99 1.00000e-99 1.00000e-99 1.00000e-99
4.95428e+04 2.58237e-20 1.67912e-20 1.08034e-20 6.90850e-21 4.35208e-21 2.70656e-21 1.63982e-21 9.83279e-22 5.76700e-22 3.33519e-22 1.89059e-22 1.05811e-22 5.85884e-23 3.23524e-23 1.79799e-23 1.02207e-23 6.00772e-24 3.71075e-24 2.40803e-24 1.62560e-24 1.13999e-24 8.18279e-25 5.88591e-25 4.29360e-25 3.13948e-25 6.82118e-16 5.58485e-16 1.00000e-99 1.00000e-99 1.00000e-99 1.00000e-99 1.00000e-99 1.00000e-99 1.00000e-99 1.00000e-99 1.00000e-99 1.00000e-99 1.00000e-99 1.00000e-99 1.00000e-99 1.00000e-99 1.00000e-99 1.00000e-99 1.00000e-99 1.00000e-99 1.00000e-99 1.00000e-99 1.00000e-99 1.00000e-99 1.00000e-99 1.00000e-99 1.00000e-99 1.00000e-99 1.00000e-99 1.00000e-99 1.00000e-99 1.00000e-99 1.00000e-99 1.00000e-99
5.08923e+04 1.72562e-20 1.12198e-20 7.21831e-21 4.61455e-21 2.90721e-21 1.80736e-21 1.09506e-21 6.56525e-22 3.85067e-22 2.22700e-22 1.26239e-22 7.06647e-23 3.91416e-23 2.16133e-23 1.20179e-23 6.83140e-24 4.01838e-24 2.48213e-24 1.61092e-24 1.08856e-24 7.63401e-25 5.47987e-25 3.94735e-25 2.86386e-25 2.09185e-25 4.55545e-16 3.74529e-16 1.00000e-99 1.00000e-99 1.00000e-99 1.00000e-99 1.00000e-99 1.00000e-99 1.00000e-99 1.00000e-99 1.00000e-99 1.00000e-99 1.00000e-99 1.00000e-99 1.00000e-99 1.00000e-99 1.00000e-99 1.00000e-99 1.00000e-99 1.00000e-99 1.00000e-99 1.00000e-99 1.00000e-99 1.00000e-99 1.00000e-99 1.00000e-99 1.00000e-99 1.00000e-99 1.00000e-99 1.00000e-99 1.00000e-99 1.00000e-99 1.00000e-99 1.00000e-99
5.22700e+04 1.15593e-20 7.51525e-21 4.83471e-21 3.08985e-21 1.94683e-21 1.20988e-21 7.33076e-22 4.39421e-22 2.57732e-22 1.49055e-22 8.44907e-23 4.73012e-23 2.62078e-23 1.44713e-23 8.05046e-24 4.57619e-24 2.69359e-24 1.66393e-24 1.08001e-24 7.30478e-25 5.12298e-25 3.67752e-25 2.65260e-25 1.92588e-25 1.40681e-25 3.06272e-16 2.51664e-16 1.00000e-99 1.00000e-99 1.00000e-99 1.00000e-99 1.00000e-99 1.00000e-99 1.00000e-99 1.00000e-99 1.00000e-99 1.00000e-99 1.00000e-99 1.00000e-99 1.00000e-99 1.00000e-99 1.00000e-99 1.00000e-99 1.00000e-99 1.00000e-99 1.00000e-99 1.00000e-99 1.00000e-99 1.00000e-99 1.00000e-99 1.00000e-99 1.00000e-99 1.00000e-99 1.00000e-99 1.00000e-99 1.00000e-99 1.00000e-99 1.00000e-99 1.00000e-99
5.36751e+04 7.76470e-21 5.04806e-21 3.24736e-21 2.07456e-21 1.30721e-21 8.12064e-22 4.92050e-22 2.94883e-22 1.72960e-22 1.00026e-22 5.66994e-23 3.17458e-23 1.75939e-23 9.71499e-24 5.40668e-24 3.07334e-24 1.81006e-24 1.11819e-24 7.25852e-25 4.91344e-25 3.44593e-25 2.47374e-25 1.78653e-25 1.29794e-25 9.48170e-26 2.06368e-16 1.69485e-16 1.00000e-99 1.00000e-99 1.00000e-99 1.00000e-99 1.00000e-99 1.00000e-99 1.00000e-99 1.00000e-99 1.00000e-99 1.00000e-99 1.00000e-99 1.00000e-99 1.00000e-99 1.00000e-99 1.00000e-99 1.00000e-99 1.00000e-99 1.00000e-99 1.00000e-99 1.00000e-99 1.00000e-99 1.00000e-99 1.00000e-99 1.00000e-99 1.00000e-99 1.00000e-99 1.00000e-99 1.00000e-99 1.00000e-99 1.00000e-99 1.00000e-99 1.00000e-99
5.51044e+04 5.23516e-21 3.40336e-21 2.18924e-21 1.39808e-21 8.81041e-22 5.47101e-22 3.31521e-22 1.98628e-22 1.16506e-22 6.73714e-23 3.81887e-23 2.13826e-23 1.18525e-23 6.54458e-24 3.64348e-24 2.07106e-24 1.22039e-24 7.53957e-25 4.89460e-25 3.31572e-25 2.32552e-25 1.66948e-25 1.20705e-25 8.77492e-26 6.41070e-26 1.39489e-16 1.14503e-16 1.00000e-99 1.00000e-99 1.00000e-99 1.00000e-99 1.00000e-99 1.00000e-99 1.00000e-99 1.00000e-99 1.00000e-99 1.00000e-99 1.00000e-99 1.00000e-99 1.00000e-99 1.00000e-99 1.00000e-99 1.00000e-99 1.00000e-99 1.00000e-99 1.00000e-99 1.00000e-99 1.00000e-99 1.00000e-99 1.00000e-99 1.00000e-99 1.00000e-99 1.00000e-99 1.00000e-99 1.00000e-99 1.00000e-99 1.00000e-99 1.00000e-99 1.00000e-99
5.65569e+04 3.54357e-21 2.30365e-21 1.48176e-21 9.45846e-22 5.96085e-22 3.69996e-22 2.24207e-22 1.34295e-22 7.87722e-23 4.55463e-23 2.58179e-23 1.44562e-23 8.01450e-24 4.42542e-24 2.46440e-24 1.40086e-24 8.25832e-25 5.10227e-25 3.31257e-25 2.24547e-25 1.57492e-25 1.13066e-25 8.18299e-26 5.95206e-26 4.34864e-26 9.45954e-17 7.76149e-17 1.00000e-99 1.00000e-99 1.00000e-99 1.00000e-99 1.00000e-99 1.00000e-99 1.00000e-99 1.00000e-99 1.00000e-99 1.00000e-99 1.00000e-99 1.00000e-99 1.00000e-99 1.00000e-99 1.00000e-99 1.00000e-99 1.00000e-99 1.00000e-99 1.00000e-99 1.00000e-99 1.00000e-99 1.00000e-99 1.00000e-99 1.00000e-99 1.00000e-99 1.00000e-99 1.00000e-99 1.00000e-99 1.00000e-99 1.00000e-99 1.00000e-99 1.00000e-99
5.80264e+04 2.41177e-21 1.56796e-21 1.00841e-21 6.43436e-22 4.05542e-22 2.51614e-22 1.52481e-22 9.13028e-23 5.35575e-23 3.09620e-23 1.75510e-23 9.82674e-24 5.44818e-24 3.00830e-24 1.67555e-24 9.52434e-25 5.61667e-25 3.47025e-25 2.25315e-25 1.52814e-25 1.07184e-25 7.69508e-26 5.57405e-26 4.05645e-26 2.96390e-26 6.44586e-17 5.28656e-17 1.00000e-99 1.00000e-99 1.00000e-99 1.00000e-99 1.00000e-99 1.00000e-99 1.00000e-99 1.00000e-99 1.00000e-99 1.00000e-99 1.00000e-99 1.00000e-99 1.00000e-99 1.00000e-99 1.00000e-99 1.00000e-99 1.00000e-99 1.00000e-99 1.00000e-99 1.00000e-99 1.00000e-99 1.00000e-99 1.00000e-99 1.00000e-99 1.00000e-99 1.00000e-99 1.00000e-99 1.00000e-99 1.00000e-99 1.00000e-99 1.00000e-99 1.00000e-99
5.95102e+04 1.65139e-21 1.07362e-21 6.90448e-22 4.40328e-22 2.77541e-22 1.72117e-22 1.04307e-22 6.24353e-23 3.66243e-23 2.11685e-23 1.19997e-23 6.71798e-24 3.72475e-24 2.05674e-24 1.14570e-24 6.51269e-25 3.84169e-25 2.37371e-25 1.54127e-25 1.04580e-25 7.33558e-26 5.26656e-26 3.81771e-26 2.77950e-26 2.03099e-26 4.41604e-17 3.62042e-17 1.00000e-99 1.00000e-99 1.00000e-99 1.00000e-99 1.00000e-99 1.00000e-99 1.00000e-99 1.00000e-99 1.00000e-99 1.00000e-99 1.00000e-99 1.00000e-99 1.00000e-99 1.00000e-99 1.00000e-99 1.00000e-99 1.00000e-99 1.00000e-99 1.00000e-99 1.00000e-99 1.00000e-99 1.00000e-99 1.00000e-99 1.00000e-99 1.00000e-99 1.00000e-99 1.00000e-99 1.00000e-99 1.00000e-99 1.00000e-99 1.00000e-99 1.00000e-99
6.09949e+04 1.14108e-21 7.41891e-22 4.77055e-22 3.04102e-22 1.91694e-22 1.18822e-22 7.20142e-23 4.30884e-23 2.52770e-23 1.46062e-23 8.28034e-24 4.63491e-24 2.56966e-24 1.41889e-24 7.90400e-25 4.49293e-25 2.65066e-25 1.63780e-25 1.06347e-25 7.21811e-26 5.06307e-26 3.63507e-26 2.63654e-26 1.92018e-26 1.40314e-26 3.05027e-17 2.49986e-17 1.00000e-99 1.00000e-99 1.00000e-99 1.00000e-99 1.00000e-99 1.00000e-99 1.00000e-99 1.00000e-99 1.00000e-99 1.00000e-99 1.00000e-99 1.00000e-99 1.00000e-99 1.00000e-99 1.00000e-99 1.00000e-99 1.00000e-99 1.00000e-99 1.00000e-99 1.00000e-99 1.00000e-99 1.00000e-99 1.00000e-99 1.00000e-99 1.00000e-99 1.00000e-99 1.00000e-99 1.00000e-99 1.00000e-99 1.00000e-99 1.00000e-99 1.00000e-99
6.24738e+04 7.96621e-22 5.17925e-22 3.33041e-22 2.12176e-22 1.33751e-22 8.28649e-23 5.02224e-23 3.00369e-23 1.76205e-23 1.01790e-23 5.77061e-24 3.22943e-24 1.79022e-24 9.88529e-25 5.50644e-25 3.13014e-25 1.84681e-25 1.14115e-25 7.41002e-26 5.03048e-26 3.52877e-26 2.53353e-26 1.83836e-26 1.33926e-26 9.78704e-27 2.12718e-17 1.74283e-17 1.00000e-99 1.00000e-99 1.00000e-99 1.00000e-99 1.00000e-99 1.00000e-99 1.00000e-99 1.00000e-99 1.00000e-99 1.00000e-99 1.00000e-99 1.00000e-99 1.00000e-99 1.00000e-99 1.00000e-99 1.00000e-99 1.00000e-99 1.00000e-99 1.00000e-99 1.00000e-99 1.00000e-99 1.00000e-99 1.00000e-99 1.00000e-99 1.00000e-99 1.00000e-99 1.00000e-99 1.00000e-99 1.00000e-99 1.00000e-99 1.00000e-99 1.00000e-99
6.39232e+04 5.64740e-22 3.67176e-22 2.36112e-22 1.50336e-22 9.47752e-23 5.86880e-23 3.55721e-23 2.12651e-23 1.24753e-23 7.20439e-24 4.08464e-24 2.28528e-24 1.26660e-24 6.99408e-25 3.89542e-25 2.21438e-25 1.30644e-25 8.07267e-26 5.24196e-26 3.55884e-26 2.49644e-26 1.79236e-26 1.30086e-26 9.47822e-27 6.92663e-27 1.50523e-17 1.23296e-17 1.00000e-99 1.00000e-99 1.00000e-99 1.00000e-99 1.00000e-99 1.00000e-99 1.00000e-99 1.00000e-99 1.00000e-99 1.00000e-99 1.00000e-99 1.00000e-99 1.00000e-99 1.00000e-99 1.00000e-99 1.00000e-99 1.00000e-99 1.00000e-99 1.00000e-99 1.00000e-99 1.00000e-99 1.00000e-99 1.00000e-99 1.00000e-99 1.00000e-99 1.00000e-99 1.00000e-99 1.00000e-99 1.00000e-99 1.00000e-99 1.00000e-99 1.00000e-99
6.53305e+04 4.07367e-22 2.64845e-22 1.70312e-22 1.08380e-22 6.83255e-23 4.22891e-23 2.56325e-23 1.53163e-23 8.98539e-24 5.18723e-24 2.94117e-24 1.64504e-24 9.11524e-25 5.03341e-25 2.80289e-25 1.59333e-25 9.39917e-26 5.80785e-26 3.77128e-26 2.56029e-26 1.79602e-26 1.28949e-26 9.35956e-27 6.82020e-27 4.98432e-27 1.08302e-17 8.86954e-18 1.00000e-99 1.00000e-99 1.00000e-99 1.00000e-99 1.00000e-99 1.00000e-99 1.00000e-99 1.00000e-99 1.00000e-99 1.00000e-99 1.00000e-99 1.00000e-99 1.00000e-99 1.00000e-99 1.00000e-99 1.00000e-99 1.00000e-99 1.00000e-99 1.00000e-99 1.00000e-99 1.00000e-99 1.00000e-99 1.00000e-99 1.00000e-99 1.00000e-99 1.00000e-99 1.00000e-99 1.00000e-99 1.00000e-99 1.00000e-99 1.00000e-99 1.00000e-99
6.66622e+04 3.00973e-22 1.95673e-22 1.25833e-22 8.00358e-23 5.04579e-23 3.12163e-23 1.89221e-23 1.13016e-23 6.63027e-24 3.82637e-24 2.16971e-24 1.21317e-24 6.72033e-25 3.71096e-25 2.06600e-25 1.17443e-25 6.92675e-26 4.28003e-26 2.77914e-26 1.88650e-26 1.32335e-26 9.50121e-27 6.89583e-27 5.02497e-27 3.67239e-27 7.97897e-18 6.53373e-18 1.00000e-99 1.00000e-99 1.00000e-99 1.00000e-99 1.00000e-99 1.00000e-99 1.00000e-99 1.00000e-99 1.00000e-99 1.00000e-99 1.00000e-99 1.00000e-99 1.00000e-99 1.00000e-99 1.00000e-99 1.00000e-99 1.00000e-99 1.00000e-99 1.00000e-99 1.00000e-99 1.00000e-99 1.00000e-99 1.00000e-99 1.00000e-99 1.00000e-99 1.00000e-99 1.00000e-99 1.00000e-99 1.00000e-99 1.00000e-99 1.00000e-99 1.00000e-99
6.79021e+04 2.28280e-22 1.48409e-22 9.54399e-23 6.06804e-23 3.82557e-23 2.36585e-23 1.43415e-23 8.56249e-24 5.02329e-24 2.89812e-24 1.64344e-24 9.18643e-25 5.08737e-25 2.80922e-25 1.56361e-25 8.88834e-26 5.24114e-26 3.23840e-26 2.10272e-26 1.42709e-26 1.00106e-26 7.18723e-27 5.21554e-27 3.80029e-27 2.77732e-27 6.03393e-18 4.94064e-18 1.00000e-99 1.00000e-99 1.00000e-99 1.00000e-99 1.00000e-99 1.00000e-99 1.00000e-99 1.00000e-99 1.00000e-99 1.00000e-99 1.00000e-99 1.00000e-99 1.00000e-99 1.00000e-99 1.00000e-99 1.00000e-99 1.00000e-99 1.00000e-99 1.00000e-99 1.00000e-99 1.00000e-99 1.00000e-99 1.00000e-99 1.00000e-99 1.00000e-99 1.00000e-99 1.00000e-99 1.00000e-99 1.00000e-99 1.00000e-99 1.00000e-99 1.00000e-99
6.90167e+04 1.78818e-22 1.16250e-22 7.47595e-23 4.75180e-23 2.99575e-23 1.85213e-23 1.12278e-23 6.70145e-24 3.93147e-24 2.26767e-24 1.28600e-24 7.18661e-25 3.97889e-25 2.19711e-25 1.22266e-25 6.95009e-26 4.09734e-26 2.53159e-26 1.64372e-26 1.11536e-26 7.82373e-27 5.61710e-27 4.07529e-27 2.96915e-27 2.16985e-27 4.71396e-18 3.85974e-18 1.00000e-99 1.00000e-99 1.00000e-99 1.00000e-99 1.00000e-99 1.00000e-99 1.00000e-99 1.00000e-99 1.00000e-99 1.00000e-99 1.00000e-99 1.00000e-99 1.00000e-99 1.00000e-99 1.00000e-99 1.00000e-99 1.00000e-99 1.00000e-99 1.00000e-99 1.00000e-99 1.00000e-99 1.00000e-99 1.00000e-99 1.00000e-99 1.00000e-99 1.00000e-99 1.00000e-99 1.00000e-99 1.00000e-99 1.00000e-99 1.00000e-99 1.00000e-99
6.95224e+04 1.60269e-22 1.04189e-22 6.70032e-23 4.25819e-23 2.68452e-23 1.65947e-23 1.00600e-23 6.00348e-24 3.52196e-24 2.03121e-24 1.15194e-24 6.43648e-25 3.56304e-25 1.96745e-25 1.09473e-25 6.22278e-26 3.66805e-26 2.26628e-26 1.47143e-26 9.98329e-27 7.00256e-27 5.02751e-27 3.64696e-27 2.65684e-27 1.94157e-27 4.21798e-18 3.45364e-18 1.00000e-99 1.00000e-99 1.00000e-99 1.00000e-99 1.00000e-99 1.00000e-99 1.00000e-99 1.00000e-99 1.00000e-99 1.00000e-99 1.00000e-99 1.00000e-99 1.00000e-99 1.00000e-99 1.00000e-99 1.00000e-99 1.00000e-99 1.00000e-99 1.00000e-99 1.00000e-99 1.00000e-99 1.00000e-99 1.00000e-99 1.00000e-99 1.00000e-99 1.00000e-99 1.00000e-99 1.00000e-99 1.00000e-99 1.00000e-99 1.00000e-99 1.00000e-99
6.97767e+04 1.51729e-22 9.86372e-23 6.34326e-23 4.03116e-23 2.54139e-23 1.57094e-23 9.52341e-24 5.68304e-24 3.33397e-24 1.92275e-24 1.09043e-24 6.09262e-25 3.37259e-25 1.86229e-25 1.03619e-25 5.88998e-26 3.47178e-26 2.14501e-26 1.39269e-26 9.44877e-27 6.62760e-27 4.75830e-27 3.45156e-27 2.51445e-27 1.83750e-27 3.99187e-18 3.26850e-18 1.00000e-99 1.00000e-99 1.00000e-99 1.00000e-99 1.00000e-99 1.00000e-99 1.00000e-99 1.00000e-99 1.00000e-99 1.00000e-99 1.00000e-99 1.00000e-99 1.00000e-99 1.00000e-99 1.00000e-99 1.00000e-99 1.00000e-99 1.00000e-99 1.00000e-99 1.00000e-99 1.00000e-99 1.00000e-99 1.00000e-99 1.00000e-99 1.00000e-99 1.00000e-99 1.00000e-99 1.00000e-99 1.00000e-99 1.00000e-99 1.00000e-99 1.00000e-99
6.99042e+04 1.47631e-22 9.59732e-23 6.17194e-23 3.92225e-23 2.47273e-23 1.52849e-23 9.26608e-24 5.52944e-24 3.24386e-24 1.87076e-24 1.06096e-24 5.92788e-25 3.28137e-25 1.81192e-25 1.00816e-25 5.73064e-26 3.37784e-26 2.08696e-26 1.35500e-26 9.19300e-27 6.44819e-27 4.62949e-27 3.35810e-27 2.44635e-27 1.78773e-27 3.88375e-18 3.17997e-18 1.00000e-99 1.00000e-99 1.00000e-99 1.00000e-99 1.00000e-99 1.00000e-99 1.00000e-99 1.00000e-99 1.00000e-99 1.00000e-99 1.00000e-99 1.00000e-99 1.00000e-99 1.00000e-99 1.00000e-99 1.00000e-99 1.00000e-99 1.00000e-99 1.00000e-99 1.00000e-99 1.00000e-99 1.00000e-99 1.00000e-99 1.00000e-99 1.00000e-99 1.00000e-99 1.00000e-99 1.00000e-99 1.00000e-99 1.00000e-99 1.00000e-99 1.00000e-99
6.99680e+04 1.45624e-22 9.46682e-23 6.08802e-23 3.86892e-23 2.43910e-23 1.50770e-23 9.14006e-24 5.45423e-24 3.19974e-24 1.84532e-24 1.04652e-24 5.84723e-25 3.23672e-25 1.78726e-25 9.94436e-26 5.65265e-26 3.33187e-26 2.05856e-26 1.33655e-26 9.06788e-27 6.36042e-27 4.56647e-27 3.31239e-27 2.41305e-27 1.76339e-27 3.83087e-18 3.13668e-18 1.00000e-99 1.00000e-99 1.00000e-99 1.00000e-99 1.00000e-99 1.00000e-99 1.00000e-99 1.00000e-99 1.00000e-99 1.00000e-99 1.00000e-99 1.00000e-99 1.00000e-99 1.00000e-99 1.00000e-99 1.00000e-99 1.00000e-99 1.00000e-99 1.00000e-99 1.00000e-99 1.00000e-99 1.00000e-99 1.00000e-99 1.00000e-99 1.00000e-99 1.00000e-99 1.00000e-99 1.00000e-99 1.00000e-99 1.00000e-99 1.00000e-99 1.00000e-99
6.99983e+04 1.44680e-22 9.40547e-23 6.04857e-23 3.84384e-23 2.42330e-23 1.49793e-23 9.08082e-24 5.41888e-24 3.17900e-24 1.83336e-24 1.03974e-24 5.80934e-25 3.21575e-25 1.77568e-25 9.87991e-26 5.61602e-26 3.31027e-26 2.04521e-26 1.32789e-26 9.00909e-27 6.31919e-27 4.53687e-27 3.29092e-27 2.39740e-27 1.75196e-27 3.80603e-18 3.11634e-18 1.00000e-99 1.00000e-99 1.00000e-99 1.00000e-99 1.00000e-99 1.00000e-99 1.00000e-99 1.00000e-99 1.00000e-99 1.00000e-99 1.00000e-99 1.00000e-99 1.00000e-99 1.00000e-99 1.00000e-99 1.00000e-99 1.00000e-99 1.00000e-99 1.00000e-99 1.00000e-99 1.00000e-99 1.00000e-99 1.00000e-99 1.00000e-99 1.00000e-99 1.00000e-99 1.00000e-99 1.00000e-99 1.00000e-99 1.00000e-99 1.00000e-99 1.00000e-99
6.99999e+04 1.44630e-22 9.40225e-23 6.04649e-23 3.84253e-23 2.42247e-23 1.49742e-23 9.07771e-24 5.41703e-24 3.17791e-24 1.83273e-24 1.03939e-24 5.80735e-25 3.21464e-25 1.77507e-25 9.87653e-26 5.61410e-26 3.30914e-26 2.04451e-26 1.32744e-26 9.00601e-27 6.31703e-27 4.53532e-27 3.28979e-27 2.39658e-27 1.75136e-27 3.80591e-18 3.11624e-18 1.00000e-99 1.00000e-99 1.00000e-99 1.00000e-99 1.00000e-99 1.00000e-99 1.00000e-99 1.00000e-99 1.00000e-99 1.00000e-99 1.00000e-99 1.00000e-99 1.00000e-99 1.00000e-99 1.00000e-99 1.00000e-99 1.00000e-99 1.00000e-99 1.00000e-99 1.00000e-99 1.00000e-99 1.00000e-99 1.00000e-99 1.00000e-99 1.00000e-99 1.00000e-99 1.00000e-99 1.00000e-99 1.00000e-99 1.00000e-99 1.00000e-99 1.00000e-99
