#NTIMES 50
#NSTAGES 2
#TIMES[d] 199.16 202.02 204.93 207.87 210.86 213.89 216.97 220.09 223.25 226.46 229.71 233.01 236.36 239.76 243.21 246.70 250.25 253.85 257.49 261.20 264.95 268.76 272.62 276.54 280.51 284.55 288.64 292.79 296.99 301.26 305.59 309.99 314.44 318.96 323.54 328.20 332.91 337.70 342.55 347.48 352.47 357.54 362.67 367.89 373.18 378.54 383.98 389.50 395.10 400.78
#
#TIME: 199.16
#NVEL 78
#vel_mid[km/s] mg0 mg1
1060.83 2.5976e-03 9.9740e-01
1919.29 2.1051e-03 9.9789e-01
2581.60 1.2116e-03 9.9879e-01
3084.17 8.4447e-04 9.9916e-01
3472.46 5.5885e-04 9.9944e-01
3909.64 3.9576e-04 9.9960e-01
4148.46 3.1553e-04 9.9968e-01
4670.75 2.9910e-04 9.9970e-01
4956.05 2.0111e-04 9.9980e-01
5258.79 1.2672e-04 9.9987e-01
5580.02 8.2970e-05 9.9992e-01
5920.87 6.3011e-05 9.9994e-01
6282.54 5.4641e-05 9.9995e-01
6666.30 5.1328e-05 9.9995e-01
7073.50 4.9319e-05 9.9995e-01
7505.58 4.6868e-05 9.9995e-01
7964.05 5.2562e-05 9.9995e-01
8450.53 6.9652e-05 9.9993e-01
8966.72 3.7085e-05 9.9996e-01
9514.44 5.1685e-05 9.9995e-01
10095.62 8.8720e-05 9.9991e-01
10712.30 3.4291e-04 9.9966e-01
11366.65 1.5651e-04 9.9984e-01
12061.10 1.7569e-04 9.9982e-01
12793.43 1.9073e-04 9.9981e-01
13528.61 5.2402e-04 9.9948e-01
14194.74 4.5175e-04 9.9955e-01
14757.77 4.0551e-04 9.9959e-01
15240.48 4.4854e-04 9.9955e-01
15646.99 4.9078e-04 9.9951e-01
15960.30 8.2743e-04 9.9917e-01
16187.41 1.1030e-03 9.9890e-01
16354.17 9.0985e-04 9.9909e-01
16484.18 7.0568e-04 9.9929e-01
16593.12 6.2344e-04 9.9938e-01
16691.99 5.3625e-04 9.9946e-01
16788.59 2.7291e-04 9.9973e-01
16888.37 5.2235e-04 9.9948e-01
16998.79 4.1909e-04 9.9958e-01
17146.37 6.3793e-04 9.9936e-01
17415.23 3.3764e-04 9.9966e-01
17888.12 2.9353e-04 9.9971e-01
18532.37 2.3622e-04 9.9976e-01
19260.76 2.1453e-04 9.9979e-01
20034.10 1.5884e-04 9.9984e-01
20838.00 1.3577e-04 9.9986e-01
21647.97 1.3114e-04 9.9987e-01
22447.94 8.5672e-05 9.9991e-01
23245.88 8.3326e-05 9.9992e-01
24052.47 6.8748e-05 9.9993e-01
24867.72 6.2468e-05 9.9994e-01
25698.86 5.7152e-05 9.9994e-01
26587.16 4.4493e-05 9.9996e-01
27637.54 3.7112e-05 9.9996e-01
28986.97 2.9564e-05 9.9997e-01
#TIME: 202.02
#NVEL 78
#vel_mid[km/s] mg0 mg1
1060.83 2.4379e-03 9.9756e-01
1919.29 2.2583e-03 9.9774e-01
2581.60 1.3520e-03 9.9865e-01
3084.17 8.7253e-04 9.9913e-01
3472.46 6.1027e-04 9.9939e-01
3909.64 3.8338e-04 9.9962e-01
4148.46 3.4989e-04 9.9965e-01
4670.75 3.1929e-04 9.9968e-01
4956.05 2.1522e-04 9.9978e-01
5258.79 1.3125e-04 9.9987e-01
5580.02 8.8221e-05 9.9991e-01
5920.87 6.8880e-05 9.9993e-01
6282.54 5.6850e-05 9.9994e-01
6666.30 5.2102e-05 9.9995e-01
7073.50 5.1088e-05 9.9995e-01
7505.58 4.9676e-05 9.9995e-01
7964.05 5.3908e-05 9.9995e-01
8450.53 7.3042e-05 9.9993e-01
8966.72 3.7741e-05 9.9996e-01
9514.44 5.3099e-05 9.9995e-01
10095.62 9.0202e-05 9.9991e-01
10712.30 3.7192e-04 9.9963e-01
11366.65 1.5707e-04 9.9984e-01
12061.10 1.7713e-04 9.9982e-01
12793.43 1.7875e-04 9.9982e-01
13528.61 6.1537e-04 9.9938e-01
14194.74 5.3443e-04 9.9947e-01
14757.77 4.3245e-04 9.9957e-01
15240.48 4.2988e-04 9.9957e-01
15646.99 5.4753e-04 9.9945e-01
15960.30 8.8180e-04 9.9912e-01
16187.41 1.1101e-03 9.9889e-01
16354.17 9.9914e-04 9.9900e-01
16484.18 8.3285e-04 9.9917e-01
16593.12 9.4819e-04 9.9905e-01
16691.99 6.2808e-04 9.9937e-01
16788.59 4.2161e-04 9.9958e-01
16888.37 5.9412e-04 9.9941e-01
16998.79 4.5917e-04 9.9954e-01
17146.37 4.7710e-04 9.9952e-01
17415.23 3.6516e-04 9.9963e-01
17888.12 2.9169e-04 9.9971e-01
18532.37 2.2781e-04 9.9977e-01
19260.76 1.8745e-04 9.9981e-01
20034.10 1.6790e-04 9.9983e-01
20838.00 1.2432e-04 9.9988e-01
21647.97 1.1187e-04 9.9989e-01
22447.94 1.1261e-04 9.9989e-01
23245.88 7.2030e-05 9.9993e-01
24052.47 6.0349e-05 9.9994e-01
24867.72 5.6846e-05 9.9994e-01
25698.86 4.7633e-05 9.9995e-01
26587.16 5.3242e-05 9.9995e-01
27637.54 4.5357e-05 9.9995e-01
28986.97 3.5257e-05 9.9996e-01
#TIME: 204.93
#NVEL 78
#vel_mid[km/s] mg0 mg1
1060.83 2.3427e-03 9.9766e-01
1919.29 2.2433e-03 9.9776e-01
2581.60 1.4338e-03 9.9857e-01
3084.17 8.9364e-04 9.9911e-01
3472.46 6.0719e-04 9.9939e-01
3909.64 4.0637e-04 9.9959e-01
4148.46 3.8106e-04 9.9962e-01
4670.75 3.0463e-04 9.9970e-01
4956.05 2.0981e-04 9.9979e-01
5258.79 1.3677e-04 9.9986e-01
5580.02 9.2651e-05 9.9991e-01
5920.87 7.1637e-05 9.9993e-01
6282.54 5.7891e-05 9.9994e-01
6666.30 5.5401e-05 9.9994e-01
7073.50 5.5530e-05 9.9994e-01
7505.58 5.1246e-05 9.9995e-01
7964.05 5.6699e-05 9.9994e-01
8450.53 7.3801e-05 9.9993e-01
8966.72 3.9074e-05 9.9996e-01
9514.44 5.5880e-05 9.9994e-01
10095.62 9.2404e-05 9.9991e-01
10712.30 3.8136e-04 9.9962e-01
11366.65 1.8003e-04 9.9982e-01
12061.10 1.9618e-04 9.9980e-01
12793.43 1.9756e-04 9.9980e-01
13528.61 5.9547e-04 9.9940e-01
14194.74 5.2959e-04 9.9947e-01
14757.77 4.2040e-04 9.9958e-01
15240.48 4.6755e-04 9.9953e-01
15646.99 5.4062e-04 9.9946e-01
15960.30 7.6121e-04 9.9924e-01
16187.41 1.0020e-03 9.9900e-01
16354.17 1.1043e-03 9.9890e-01
16484.18 1.0784e-03 9.9892e-01
16593.12 7.4803e-04 9.9925e-01
16691.99 7.3632e-04 9.9926e-01
16788.59 7.0324e-04 9.9930e-01
16888.37 5.8252e-04 9.9942e-01
16998.79 4.7990e-04 9.9952e-01
17146.37 4.3730e-04 9.9956e-01
17415.23 3.6213e-04 9.9964e-01
17888.12 3.0623e-04 9.9969e-01
18532.37 2.6357e-04 9.9974e-01
19260.76 2.1247e-04 9.9979e-01
20034.10 1.5924e-04 9.9984e-01
20838.00 1.2250e-04 9.9988e-01
21647.97 1.1058e-04 9.9989e-01
22447.94 1.0124e-04 9.9990e-01
23245.88 7.4935e-05 9.9993e-01
24052.47 7.4369e-05 9.9993e-01
24867.72 6.6235e-05 9.9993e-01
25698.86 5.5024e-05 9.9994e-01
26587.16 4.1226e-05 9.9996e-01
27637.54 3.5680e-05 9.9996e-01
28986.97 3.3634e-05 9.9997e-01
#TIME: 207.87
#NVEL 78
#vel_mid[km/s] mg0 mg1
1060.83 2.6040e-03 9.9740e-01
1919.29 2.4941e-03 9.9751e-01
2581.60 1.4108e-03 9.9859e-01
3084.17 9.4965e-04 9.9905e-01
3472.46 6.8261e-04 9.9932e-01
3909.64 4.5273e-04 9.9955e-01
4148.46 3.6037e-04 9.9964e-01
4670.75 3.3115e-04 9.9967e-01
4956.05 2.3841e-04 9.9976e-01
5258.79 1.3951e-04 9.9986e-01
5580.02 9.7006e-05 9.9990e-01
5920.87 7.5438e-05 9.9992e-01
6282.54 6.2922e-05 9.9994e-01
6666.30 5.8456e-05 9.9994e-01
7073.50 5.4478e-05 9.9995e-01
7505.58 5.4290e-05 9.9995e-01
7964.05 5.9574e-05 9.9994e-01
8450.53 7.6541e-05 9.9992e-01
8966.72 4.1715e-05 9.9996e-01
9514.44 5.9199e-05 9.9994e-01
10095.62 9.5826e-05 9.9990e-01
10712.30 3.8156e-04 9.9962e-01
11366.65 1.8311e-04 9.9982e-01
12061.10 1.9148e-04 9.9981e-01
12793.43 2.0276e-04 9.9980e-01
13528.61 5.6376e-04 9.9944e-01
14194.74 5.3951e-04 9.9946e-01
14757.77 4.5721e-04 9.9954e-01
15240.48 5.5942e-04 9.9944e-01
15646.99 6.1274e-04 9.9939e-01
15960.30 9.2221e-04 9.9908e-01
16187.41 9.7251e-04 9.9903e-01
16354.17 9.6241e-04 9.9904e-01
16484.18 1.0359e-03 9.9896e-01
16593.12 9.0326e-04 9.9910e-01
16691.99 7.5958e-04 9.9924e-01
16788.59 4.5761e-04 9.9954e-01
16888.37 4.8700e-04 9.9951e-01
16998.79 5.3221e-04 9.9947e-01
17146.37 3.8499e-04 9.9962e-01
17415.23 3.6067e-04 9.9964e-01
17888.12 3.5417e-04 9.9965e-01
18532.37 2.6307e-04 9.9974e-01
19260.76 2.4042e-04 9.9976e-01
20034.10 1.5417e-04 9.9985e-01
20838.00 1.5661e-04 9.9984e-01
21647.97 1.1893e-04 9.9988e-01
22447.94 1.0294e-04 9.9990e-01
23245.88 6.7539e-05 9.9993e-01
24052.47 6.5677e-05 9.9993e-01
24867.72 6.1073e-05 9.9994e-01
25698.86 5.4386e-05 9.9995e-01
26587.16 4.5216e-05 9.9995e-01
27637.54 3.8822e-05 9.9996e-01
28986.97 3.1226e-05 9.9997e-01
#TIME: 210.86
#NVEL 78
#vel_mid[km/s] mg0 mg1
1060.83 2.6627e-03 9.9734e-01
1919.29 2.3275e-03 9.9767e-01
2581.60 1.4527e-03 9.9855e-01
3084.17 9.3782e-04 9.9906e-01
3472.46 6.7491e-04 9.9933e-01
3909.64 4.3733e-04 9.9956e-01
4148.46 3.9622e-04 9.9960e-01
4670.75 3.3625e-04 9.9966e-01
4956.05 2.2223e-04 9.9978e-01
5258.79 1.4807e-04 9.9985e-01
5580.02 1.0094e-04 9.9990e-01
5920.87 7.6316e-05 9.9992e-01
6282.54 6.4616e-05 9.9994e-01
6666.30 5.9901e-05 9.9994e-01
7073.50 5.9875e-05 9.9994e-01
7505.58 5.8888e-05 9.9994e-01
7964.05 6.1970e-05 9.9994e-01
8450.53 8.0615e-05 9.9992e-01
8966.72 4.4580e-05 9.9996e-01
9514.44 6.1026e-05 9.9994e-01
10095.62 9.9990e-05 9.9990e-01
10712.30 3.8414e-04 9.9962e-01
11366.65 1.8049e-04 9.9982e-01
12061.10 1.8175e-04 9.9982e-01
12793.43 2.0056e-04 9.9980e-01
13528.61 5.5208e-04 9.9945e-01
14194.74 5.5528e-04 9.9944e-01
14757.77 4.3584e-04 9.9956e-01
15240.48 5.2423e-04 9.9948e-01
15646.99 6.6193e-04 9.9934e-01
15960.30 8.5365e-04 9.9915e-01
16187.41 1.1942e-03 9.9881e-01
16354.17 1.2112e-03 9.9879e-01
16484.18 8.2758e-04 9.9917e-01
16593.12 6.3249e-04 9.9937e-01
16691.99 4.1531e-04 9.9958e-01
16788.59 5.1269e-04 9.9949e-01
16888.37 5.1100e-04 9.9949e-01
16998.79 6.1044e-04 9.9939e-01
17146.37 4.6294e-04 9.9954e-01
17415.23 3.8373e-04 9.9962e-01
17888.12 3.1943e-04 9.9968e-01
18532.37 2.8463e-04 9.9972e-01
19260.76 2.1084e-04 9.9979e-01
20034.10 1.8746e-04 9.9981e-01
20838.00 1.7276e-04 9.9983e-01
21647.97 1.4869e-04 9.9985e-01
22447.94 1.1820e-04 9.9988e-01
23245.88 7.3143e-05 9.9993e-01
24052.47 7.0226e-05 9.9993e-01
24867.72 5.0356e-05 9.9995e-01
25698.86 5.2039e-05 9.9995e-01
26587.16 5.3046e-05 9.9995e-01
27637.54 4.1776e-05 9.9996e-01
28986.97 3.5850e-05 9.9996e-01
#TIME: 213.89
#NVEL 78
#vel_mid[km/s] mg0 mg1
1060.83 2.8349e-03 9.9717e-01
1919.29 2.7801e-03 9.9722e-01
2581.60 1.5265e-03 9.9847e-01
3084.17 1.0243e-03 9.9898e-01
3472.46 7.4375e-04 9.9926e-01
3909.64 4.7729e-04 9.9952e-01
4148.46 4.3271e-04 9.9957e-01
4670.75 3.8624e-04 9.9961e-01
4956.05 2.5680e-04 9.9974e-01
5258.79 1.5395e-04 9.9985e-01
5580.02 1.0623e-04 9.9989e-01
5920.87 7.9675e-05 9.9992e-01
6282.54 6.5637e-05 9.9993e-01
6666.30 6.3832e-05 9.9994e-01
7073.50 6.3983e-05 9.9994e-01
7505.58 6.0244e-05 9.9994e-01
7964.05 6.5294e-05 9.9993e-01
8450.53 8.5349e-05 9.9991e-01
8966.72 4.5013e-05 9.9995e-01
9514.44 6.4874e-05 9.9994e-01
10095.62 1.0473e-04 9.9990e-01
10712.30 4.1013e-04 9.9959e-01
11366.65 1.8366e-04 9.9982e-01
12061.10 1.9918e-04 9.9980e-01
12793.43 2.0419e-04 9.9980e-01
13528.61 5.9129e-04 9.9941e-01
14194.74 5.8847e-04 9.9941e-01
14757.77 4.8606e-04 9.9951e-01
15240.48 4.4295e-04 9.9956e-01
15646.99 6.7460e-04 9.9933e-01
15960.30 1.0359e-03 9.9896e-01
16187.41 1.0916e-03 9.9891e-01
16354.17 1.1070e-03 9.9889e-01
16484.18 9.0422e-04 9.9910e-01
16593.12 8.2763e-04 9.9917e-01
16691.99 5.9294e-04 9.9941e-01
16788.59 5.5562e-04 9.9944e-01
16888.37 5.1741e-04 9.9948e-01
16998.79 5.9955e-04 9.9940e-01
17146.37 5.2009e-04 9.9948e-01
17415.23 3.9995e-04 9.9960e-01
17888.12 3.7760e-04 9.9962e-01
18532.37 3.1428e-04 9.9969e-01
19260.76 2.7849e-04 9.9972e-01
20034.10 1.9051e-04 9.9981e-01
20838.00 1.5867e-04 9.9984e-01
21647.97 1.5780e-04 9.9984e-01
22447.94 1.0988e-04 9.9989e-01
23245.88 9.9718e-05 9.9990e-01
24052.47 7.1955e-05 9.9993e-01
24867.72 7.3774e-05 9.9993e-01
25698.86 5.6026e-05 9.9994e-01
26587.16 4.9875e-05 9.9995e-01
27637.54 3.5910e-05 9.9996e-01
28986.97 3.6680e-05 9.9996e-01
#TIME: 216.97
#NVEL 78
#vel_mid[km/s] mg0 mg1
1060.83 2.9967e-03 9.9700e-01
1919.29 2.6721e-03 9.9733e-01
2581.60 1.6728e-03 9.9833e-01
3084.17 1.1206e-03 9.9888e-01
3472.46 7.8160e-04 9.9922e-01
3909.64 5.2997e-04 9.9947e-01
4148.46 4.6013e-04 9.9954e-01
4670.75 3.9486e-04 9.9961e-01
4956.05 2.6694e-04 9.9973e-01
5258.79 1.6385e-04 9.9984e-01
5580.02 1.1369e-04 9.9989e-01
5920.87 8.8802e-05 9.9991e-01
6282.54 7.4478e-05 9.9993e-01
6666.30 6.4229e-05 9.9994e-01
7073.50 6.6567e-05 9.9993e-01
7505.58 6.5535e-05 9.9993e-01
7964.05 7.0355e-05 9.9993e-01
8450.53 8.9445e-05 9.9991e-01
8966.72 4.7064e-05 9.9995e-01
9514.44 6.9435e-05 9.9993e-01
10095.62 1.1175e-04 9.9989e-01
10712.30 4.1962e-04 9.9958e-01
11366.65 2.0909e-04 9.9979e-01
12061.10 2.2024e-04 9.9978e-01
12793.43 2.0054e-04 9.9980e-01
13528.61 6.3339e-04 9.9937e-01
14194.74 5.0771e-04 9.9949e-01
14757.77 4.5211e-04 9.9955e-01
15240.48 4.5395e-04 9.9955e-01
15646.99 7.1238e-04 9.9929e-01
15960.30 1.0574e-03 9.9894e-01
16187.41 1.1565e-03 9.9884e-01
16354.17 1.3818e-03 9.9862e-01
16484.18 1.3133e-03 9.9869e-01
16593.12 8.7770e-04 9.9912e-01
16691.99 1.0509e-03 9.9895e-01
16788.59 5.6392e-04 9.9944e-01
16888.37 6.4936e-04 9.9935e-01
16998.79 5.6688e-04 9.9943e-01
17146.37 5.4954e-04 9.9945e-01
17415.23 4.0951e-04 9.9959e-01
17888.12 4.3921e-04 9.9956e-01
18532.37 2.5830e-04 9.9974e-01
19260.76 2.3142e-04 9.9977e-01
20034.10 1.7522e-04 9.9982e-01
20838.00 1.5736e-04 9.9984e-01
21647.97 1.7785e-04 9.9982e-01
22447.94 1.4299e-04 9.9986e-01
23245.88 9.8135e-05 9.9990e-01
24052.47 7.8069e-05 9.9992e-01
24867.72 5.8748e-05 9.9994e-01
25698.86 5.1598e-05 9.9995e-01
26587.16 5.3072e-05 9.9995e-01
27637.54 4.3501e-05 9.9996e-01
28986.97 3.7833e-05 9.9996e-01
#TIME: 220.09
#NVEL 78
#vel_mid[km/s] mg0 mg1
1060.83 3.2254e-03 9.9677e-01
1919.29 3.1228e-03 9.9688e-01
2581.60 1.6720e-03 9.9833e-01
3084.17 1.1573e-03 9.9884e-01
3472.46 7.5175e-04 9.9925e-01
3909.64 5.4788e-04 9.9945e-01
4148.46 4.7266e-04 9.9953e-01
4670.75 4.2759e-04 9.9957e-01
4956.05 2.8333e-04 9.9972e-01
5258.79 1.8794e-04 9.9981e-01
5580.02 1.2016e-04 9.9988e-01
5920.87 9.2043e-05 9.9991e-01
6282.54 7.3916e-05 9.9993e-01
6666.30 7.0126e-05 9.9993e-01
7073.50 6.7883e-05 9.9993e-01
7505.58 6.6054e-05 9.9993e-01
7964.05 7.1883e-05 9.9993e-01
8450.53 9.6328e-05 9.9990e-01
8966.72 5.0269e-05 9.9995e-01
9514.44 7.3074e-05 9.9993e-01
10095.62 1.1568e-04 9.9988e-01
10712.30 4.4834e-04 9.9955e-01
11366.65 1.9202e-04 9.9981e-01
12061.10 2.1765e-04 9.9978e-01
12793.43 2.0145e-04 9.9980e-01
13528.61 6.9109e-04 9.9931e-01
14194.74 5.8628e-04 9.9941e-01
14757.77 4.9134e-04 9.9951e-01
15240.48 4.8801e-04 9.9951e-01
15646.99 7.7109e-04 9.9923e-01
15960.30 1.0324e-03 9.9897e-01
16187.41 1.0902e-03 9.9891e-01
16354.17 1.2943e-03 9.9871e-01
16484.18 1.0357e-03 9.9896e-01
16593.12 7.5598e-04 9.9924e-01
16691.99 9.0228e-04 9.9910e-01
16788.59 6.5823e-04 9.9934e-01
16888.37 9.1856e-04 9.9908e-01
16998.79 4.8874e-04 9.9951e-01
17146.37 5.0584e-04 9.9949e-01
17415.23 4.9447e-04 9.9951e-01
17888.12 3.7012e-04 9.9963e-01
18532.37 3.6249e-04 9.9964e-01
19260.76 2.1098e-04 9.9979e-01
20034.10 1.8600e-04 9.9981e-01
20838.00 1.4433e-04 9.9986e-01
21647.97 1.4310e-04 9.9986e-01
22447.94 1.1964e-04 9.9988e-01
23245.88 9.9371e-05 9.9990e-01
24052.47 7.3224e-05 9.9993e-01
24867.72 6.4919e-05 9.9994e-01
25698.86 5.7924e-05 9.9994e-01
26587.16 5.9813e-05 9.9994e-01
27637.54 4.4691e-05 9.9996e-01
28986.97 3.8042e-05 9.9996e-01
#TIME: 223.25
#NVEL 78
#vel_mid[km/s] mg0 mg1
1060.83 3.3517e-03 9.9665e-01
1919.29 3.2961e-03 9.9670e-01
2581.60 1.9177e-03 9.9808e-01
3084.17 1.2398e-03 9.9876e-01
3472.46 8.0462e-04 9.9920e-01
3909.64 6.1374e-04 9.9939e-01
4148.46 5.0537e-04 9.9949e-01
4670.75 4.4062e-04 9.9956e-01
4956.05 2.9227e-04 9.9971e-01
5258.79 2.0473e-04 9.9980e-01
5580.02 1.2419e-04 9.9988e-01
5920.87 9.6482e-05 9.9990e-01
6282.54 7.9092e-05 9.9992e-01
6666.30 7.4441e-05 9.9993e-01
7073.50 7.0605e-05 9.9993e-01
7505.58 7.0028e-05 9.9993e-01
7964.05 7.5046e-05 9.9992e-01
8450.53 9.6633e-05 9.9990e-01
8966.72 5.1721e-05 9.9995e-01
9514.44 7.4823e-05 9.9993e-01
10095.62 1.1960e-04 9.9988e-01
10712.30 4.2582e-04 9.9957e-01
11366.65 1.9431e-04 9.9981e-01
12061.10 2.1656e-04 9.9978e-01
12793.43 2.1078e-04 9.9979e-01
13528.61 7.3700e-04 9.9926e-01
14194.74 6.5244e-04 9.9935e-01
14757.77 5.3209e-04 9.9947e-01
15240.48 5.2231e-04 9.9948e-01
15646.99 6.2823e-04 9.9937e-01
15960.30 9.3232e-04 9.9907e-01
16187.41 1.3061e-03 9.9869e-01
16354.17 1.0923e-03 9.9891e-01
16484.18 8.7218e-04 9.9913e-01
16593.12 8.1541e-04 9.9918e-01
16691.99 7.3400e-04 9.9927e-01
16788.59 5.4769e-04 9.9945e-01
16888.37 7.9265e-04 9.9921e-01
16998.79 4.5341e-04 9.9955e-01
17146.37 4.3739e-04 9.9956e-01
17415.23 4.0756e-04 9.9959e-01
17888.12 3.1209e-04 9.9969e-01
18532.37 3.2474e-04 9.9968e-01
19260.76 2.5873e-04 9.9974e-01
20034.10 2.2499e-04 9.9978e-01
20838.00 1.4511e-04 9.9985e-01
21647.97 1.2854e-04 9.9987e-01
22447.94 1.1363e-04 9.9989e-01
23245.88 7.6047e-05 9.9992e-01
24052.47 6.5868e-05 9.9993e-01
24867.72 6.8930e-05 9.9993e-01
25698.86 5.7810e-05 9.9994e-01
26587.16 5.0521e-05 9.9995e-01
27637.54 4.5663e-05 9.9995e-01
28986.97 4.1753e-05 9.9996e-01
#TIME: 226.46
#NVEL 78
#vel_mid[km/s] mg0 mg1
1060.83 3.7232e-03 9.9628e-01
1919.29 2.8847e-03 9.9712e-01
2581.60 1.6894e-03 9.9831e-01
3084.17 1.1500e-03 9.9885e-01
3472.46 8.0171e-04 9.9920e-01
3909.64 6.2158e-04 9.9938e-01
4148.46 5.0596e-04 9.9949e-01
4670.75 4.5861e-04 9.9954e-01
4956.05 3.3546e-04 9.9966e-01
5258.79 2.1752e-04 9.9978e-01
5580.02 1.3594e-04 9.9986e-01
5920.87 1.0247e-04 9.9990e-01
6282.54 8.5035e-05 9.9991e-01
6666.30 7.8595e-05 9.9992e-01
7073.50 7.5897e-05 9.9992e-01
7505.58 7.5459e-05 9.9992e-01
7964.05 8.1154e-05 9.9992e-01
8450.53 1.0108e-04 9.9990e-01
8966.72 5.7470e-05 9.9994e-01
9514.44 7.6911e-05 9.9992e-01
10095.62 1.2377e-04 9.9988e-01
10712.30 4.0559e-04 9.9959e-01
11366.65 1.9519e-04 9.9980e-01
12061.10 2.2674e-04 9.9977e-01
12793.43 2.0151e-04 9.9980e-01
13528.61 6.6768e-04 9.9933e-01
14194.74 7.1406e-04 9.9929e-01
14757.77 6.3747e-04 9.9936e-01
15240.48 5.4497e-04 9.9946e-01
15646.99 8.0408e-04 9.9920e-01
15960.30 1.0134e-03 9.9899e-01
16187.41 1.2808e-03 9.9872e-01
16354.17 1.2146e-03 9.9879e-01
16484.18 8.2190e-04 9.9918e-01
16593.12 8.7829e-04 9.9912e-01
16691.99 5.2340e-04 9.9948e-01
16788.59 4.5871e-04 9.9954e-01
16888.37 5.9586e-04 9.9940e-01
16998.79 4.8150e-04 9.9952e-01
17146.37 4.7053e-04 9.9953e-01
17415.23 4.0336e-04 9.9960e-01
17888.12 3.2465e-04 9.9968e-01
18532.37 2.7861e-04 9.9972e-01
19260.76 2.6342e-04 9.9974e-01
20034.10 1.9597e-04 9.9980e-01
20838.00 1.5749e-04 9.9984e-01
21647.97 1.4546e-04 9.9985e-01
22447.94 1.0981e-04 9.9989e-01
23245.88 8.0738e-05 9.9992e-01
24052.47 7.0199e-05 9.9993e-01
24867.72 6.2706e-05 9.9994e-01
25698.86 6.6868e-05 9.9993e-01
26587.16 5.1127e-05 9.9995e-01
27637.54 4.4143e-05 9.9996e-01
28986.97 3.4357e-05 9.9997e-01
#TIME: 229.71
#NVEL 78
#vel_mid[km/s] mg0 mg1
1060.83 3.0475e-03 9.9695e-01
1919.29 1.8635e-03 9.9814e-01
2581.60 1.9340e-03 9.9807e-01
3084.17 1.1620e-03 9.9884e-01
3472.46 8.2298e-04 9.9918e-01
3909.64 6.3817e-04 9.9936e-01
4148.46 5.2534e-04 9.9947e-01
4670.75 4.6670e-04 9.9953e-01
4956.05 3.2875e-04 9.9967e-01
5258.79 2.1747e-04 9.9978e-01
5580.02 1.4614e-04 9.9985e-01
5920.87 1.0550e-04 9.9989e-01
6282.54 8.7877e-05 9.9991e-01
6666.30 8.1491e-05 9.9992e-01
7073.50 8.1479e-05 9.9992e-01
7505.58 8.2455e-05 9.9992e-01
7964.05 8.4379e-05 9.9992e-01
8450.53 1.0663e-04 9.9989e-01
8966.72 5.8735e-05 9.9994e-01
9514.44 8.2108e-05 9.9992e-01
10095.62 1.2463e-04 9.9988e-01
10712.30 4.2195e-04 9.9958e-01
11366.65 2.1411e-04 9.9979e-01
12061.10 2.0953e-04 9.9979e-01
12793.43 2.2191e-04 9.9978e-01
13528.61 6.3850e-04 9.9936e-01
14194.74 5.6961e-04 9.9943e-01
14757.77 5.3737e-04 9.9946e-01
15240.48 5.4792e-04 9.9945e-01
15646.99 8.2021e-04 9.9918e-01
15960.30 1.1793e-03 9.9882e-01
16187.41 1.3279e-03 9.9867e-01
16354.17 1.2695e-03 9.9873e-01
16484.18 1.0154e-03 9.9898e-01
16593.12 1.1073e-03 9.9889e-01
16691.99 8.8878e-04 9.9911e-01
16788.59 6.5387e-04 9.9935e-01
16888.37 5.9153e-04 9.9941e-01
16998.79 5.7456e-04 9.9943e-01
17146.37 5.5309e-04 9.9945e-01
17415.23 4.0198e-04 9.9960e-01
17888.12 3.6279e-04 9.9964e-01
18532.37 2.8137e-04 9.9972e-01
19260.76 2.4071e-04 9.9976e-01
20034.10 2.0403e-04 9.9980e-01
20838.00 1.5068e-04 9.9985e-01
21647.97 1.3217e-04 9.9987e-01
22447.94 1.0291e-04 9.9990e-01
23245.88 8.2924e-05 9.9992e-01
24052.47 7.1567e-05 9.9993e-01
24867.72 6.6500e-05 9.9993e-01
25698.86 6.9796e-05 9.9993e-01
26587.16 5.5548e-05 9.9994e-01
27637.54 4.5842e-05 9.9995e-01
28986.97 3.4667e-05 9.9997e-01
#TIME: 233.01
#NVEL 78
#vel_mid[km/s] mg0 mg1
1060.83 3.3885e-03 9.9661e-01
1919.29 5.2643e-03 9.9474e-01
2581.60 1.8164e-03 9.9818e-01
3084.17 1.2469e-03 9.9875e-01
3472.46 8.8526e-04 9.9911e-01
3909.64 6.6654e-04 9.9933e-01
4148.46 5.1216e-04 9.9949e-01
4670.75 4.9485e-04 9.9951e-01
4956.05 3.5143e-04 9.9965e-01
5258.79 2.1986e-04 9.9978e-01
5580.02 1.5166e-04 9.9985e-01
5920.87 1.1094e-04 9.9989e-01
6282.54 9.2634e-05 9.9991e-01
6666.30 8.5845e-05 9.9991e-01
7073.50 8.4726e-05 9.9992e-01
7505.58 8.3664e-05 9.9992e-01
7964.05 8.8667e-05 9.9991e-01
8450.53 1.1270e-04 9.9989e-01
8966.72 6.0148e-05 9.9994e-01
9514.44 8.5426e-05 9.9991e-01
10095.62 1.3151e-04 9.9987e-01
10712.30 4.2924e-04 9.9957e-01
11366.65 2.2207e-04 9.9978e-01
12061.10 2.3954e-04 9.9976e-01
12793.43 2.4247e-04 9.9976e-01
13528.61 7.5268e-04 9.9925e-01
14194.74 5.9409e-04 9.9941e-01
14757.77 4.9453e-04 9.9951e-01
15240.48 5.9071e-04 9.9941e-01
15646.99 7.8515e-04 9.9921e-01
15960.30 1.1851e-03 9.9881e-01
16187.41 1.1902e-03 9.9881e-01
16354.17 1.4808e-03 9.9852e-01
16484.18 1.3911e-03 9.9861e-01
16593.12 9.3716e-04 9.9906e-01
16691.99 6.8408e-04 9.9932e-01
16788.59 1.6705e-03 9.9833e-01
16888.37 6.9258e-04 9.9931e-01
16998.79 5.2922e-04 9.9947e-01
17146.37 6.3814e-04 9.9936e-01
17415.23 4.6719e-04 9.9953e-01
17888.12 3.2111e-04 9.9968e-01
18532.37 3.1551e-04 9.9968e-01
19260.76 2.3733e-04 9.9976e-01
20034.10 1.9708e-04 9.9980e-01
20838.00 1.6545e-04 9.9983e-01
21647.97 1.3997e-04 9.9986e-01
22447.94 1.2209e-04 9.9988e-01
23245.88 9.3765e-05 9.9991e-01
24052.47 7.1701e-05 9.9993e-01
24867.72 6.3660e-05 9.9994e-01
25698.86 6.1085e-05 9.9994e-01
26587.16 4.6674e-05 9.9995e-01
27637.54 4.9980e-05 9.9995e-01
28986.97 3.7277e-05 9.9996e-01
#TIME: 236.36
#NVEL 78
#vel_mid[km/s] mg0 mg1
1060.83 4.3742e-03 9.9563e-01
1919.29 9.0309e-03 9.9097e-01
2581.60 2.1630e-03 9.9784e-01
3084.17 1.2860e-03 9.9871e-01
3472.46 9.2155e-04 9.9908e-01
3909.64 6.9661e-04 9.9930e-01
4148.46 5.8512e-04 9.9941e-01
4670.75 5.1163e-04 9.9949e-01
4956.05 4.0077e-04 9.9960e-01
5258.79 2.4894e-04 9.9975e-01
5580.02 1.5722e-04 9.9984e-01
5920.87 1.2179e-04 9.9988e-01
6282.54 9.7999e-05 9.9990e-01
6666.30 9.2646e-05 9.9991e-01
7073.50 8.6390e-05 9.9991e-01
7505.58 8.4374e-05 9.9992e-01
7964.05 9.2476e-05 9.9991e-01
8450.53 1.1789e-04 9.9988e-01
8966.72 6.4278e-05 9.9994e-01
9514.44 8.8026e-05 9.9991e-01
10095.62 1.3733e-04 9.9986e-01
10712.30 4.6873e-04 9.9953e-01
11366.65 2.2260e-04 9.9978e-01
12061.10 2.2534e-04 9.9977e-01
12793.43 2.4600e-04 9.9975e-01
13528.61 7.1197e-04 9.9929e-01
14194.74 6.8591e-04 9.9931e-01
14757.77 5.7767e-04 9.9942e-01
15240.48 5.8747e-04 9.9941e-01
15646.99 9.7614e-04 9.9902e-01
15960.30 1.3087e-03 9.9869e-01
16187.41 1.3797e-03 9.9862e-01
16354.17 1.3989e-03 9.9860e-01
16484.18 1.2575e-03 9.9874e-01
16593.12 1.3331e-03 9.9867e-01
16691.99 6.7006e-04 9.9933e-01
16788.59 7.6954e-04 9.9923e-01
16888.37 7.5699e-04 9.9924e-01
16998.79 5.8958e-04 9.9941e-01
17146.37 5.9926e-04 9.9940e-01
17415.23 5.1029e-04 9.9949e-01
17888.12 3.5510e-04 9.9964e-01
18532.37 3.1193e-04 9.9969e-01
19260.76 2.6128e-04 9.9974e-01
20034.10 1.9371e-04 9.9981e-01
20838.00 1.7268e-04 9.9983e-01
21647.97 1.3167e-04 9.9987e-01
22447.94 1.1836e-04 9.9988e-01
23245.88 8.3132e-05 9.9992e-01
24052.47 8.1133e-05 9.9992e-01
24867.72 8.5646e-05 9.9991e-01
25698.86 5.9541e-05 9.9994e-01
26587.16 5.2745e-05 9.9995e-01
27637.54 4.0640e-05 9.9996e-01
28986.97 3.3325e-05 9.9997e-01
#TIME: 239.76
#NVEL 78
#vel_mid[km/s] mg0 mg1
1060.83 4.5914e-03 9.9541e-01
1919.29 1.0393e-02 9.8961e-01
2581.60 2.0488e-03 9.9795e-01
3084.17 1.3966e-03 9.9860e-01
3472.46 9.4623e-04 9.9905e-01
3909.64 7.1572e-04 9.9928e-01
4148.46 5.6777e-04 9.9943e-01
4670.75 5.5927e-04 9.9944e-01
4956.05 3.6946e-04 9.9963e-01
5258.79 2.5382e-04 9.9975e-01
5580.02 1.7039e-04 9.9983e-01
5920.87 1.2779e-04 9.9987e-01
6282.54 1.0207e-04 9.9990e-01
6666.30 9.4924e-05 9.9991e-01
7073.50 9.1226e-05 9.9991e-01
7505.58 8.5744e-05 9.9991e-01
7964.05 9.5497e-05 9.9990e-01
8450.53 1.2227e-04 9.9988e-01
8966.72 6.8122e-05 9.9993e-01
9514.44 9.2527e-05 9.9991e-01
10095.62 1.4226e-04 9.9986e-01
10712.30 4.4455e-04 9.9956e-01
11366.65 2.2389e-04 9.9978e-01
12061.10 2.2518e-04 9.9977e-01
12793.43 2.2744e-04 9.9977e-01
13528.61 6.5681e-04 9.9934e-01
14194.74 6.7850e-04 9.9932e-01
14757.77 5.8975e-04 9.9941e-01
15240.48 6.3393e-04 9.9937e-01
15646.99 8.9039e-04 9.9911e-01
15960.30 1.2491e-03 9.9875e-01
16187.41 1.3971e-03 9.9860e-01
16354.17 1.3676e-03 9.9863e-01
16484.18 1.7153e-03 9.9828e-01
16593.12 1.0875e-03 9.9891e-01
16691.99 1.0995e-03 9.9890e-01
16788.59 6.0286e-04 9.9940e-01
16888.37 5.3236e-04 9.9947e-01
16998.79 7.1070e-04 9.9929e-01
17146.37 6.6812e-04 9.9933e-01
17415.23 5.7696e-04 9.9942e-01
17888.12 4.2486e-04 9.9958e-01
18532.37 3.1348e-04 9.9969e-01
19260.76 2.5817e-04 9.9974e-01
20034.10 1.9870e-04 9.9980e-01
20838.00 1.9024e-04 9.9981e-01
21647.97 1.3793e-04 9.9986e-01
22447.94 1.1261e-04 9.9989e-01
23245.88 8.8688e-05 9.9991e-01
24052.47 7.0008e-05 9.9993e-01
24867.72 6.9009e-05 9.9993e-01
25698.86 5.7281e-05 9.9994e-01
26587.16 5.6231e-05 9.9994e-01
27637.54 4.9430e-05 9.9995e-01
28986.97 4.1581e-05 9.9996e-01
#TIME: 243.21
#NVEL 78
#vel_mid[km/s] mg0 mg1
1060.83 3.6208e-03 9.9638e-01
1919.29 8.9644e-03 9.9104e-01
2581.60 2.0998e-03 9.9790e-01
3084.17 1.4753e-03 9.9852e-01
3472.46 1.0589e-03 9.9894e-01
3909.64 6.5749e-04 9.9934e-01
4148.46 5.8698e-04 9.9941e-01
4670.75 5.7383e-04 9.9943e-01
4956.05 4.0319e-04 9.9960e-01
5258.79 2.6795e-04 9.9973e-01
5580.02 1.7564e-04 9.9982e-01
5920.87 1.2878e-04 9.9987e-01
6282.54 1.0569e-04 9.9989e-01
6666.30 9.7714e-05 9.9990e-01
7073.50 9.5185e-05 9.9990e-01
7505.58 8.9987e-05 9.9991e-01
7964.05 1.0061e-04 9.9990e-01
8450.53 1.2581e-04 9.9987e-01
8966.72 6.9476e-05 9.9993e-01
9514.44 9.4668e-05 9.9991e-01
10095.62 1.4858e-04 9.9985e-01
10712.30 4.5104e-04 9.9955e-01
11366.65 2.4239e-04 9.9976e-01
12061.10 2.7087e-04 9.9973e-01
12793.43 2.6172e-04 9.9974e-01
13528.61 6.5755e-04 9.9934e-01
14194.74 6.3729e-04 9.9936e-01
14757.77 5.5032e-04 9.9945e-01
15240.48 6.5783e-04 9.9934e-01
15646.99 9.8354e-04 9.9902e-01
15960.30 1.2470e-03 9.9875e-01
16187.41 1.3991e-03 9.9860e-01
16354.17 1.6059e-03 9.9839e-01
16484.18 1.1059e-03 9.9889e-01
16593.12 1.2447e-03 9.9876e-01
16691.99 9.9142e-04 9.9901e-01
16788.59 7.3044e-04 9.9927e-01
16888.37 6.3668e-04 9.9936e-01
16998.79 6.6248e-04 9.9934e-01
17146.37 5.6061e-04 9.9944e-01
17415.23 5.0153e-04 9.9950e-01
17888.12 4.2188e-04 9.9958e-01
18532.37 3.1778e-04 9.9968e-01
19260.76 2.5386e-04 9.9975e-01
20034.10 2.0797e-04 9.9979e-01
20838.00 1.5747e-04 9.9984e-01
21647.97 1.4806e-04 9.9985e-01
22447.94 1.2835e-04 9.9987e-01
23245.88 8.7905e-05 9.9991e-01
24052.47 7.3616e-05 9.9993e-01
24867.72 6.3943e-05 9.9994e-01
25698.86 6.2150e-05 9.9994e-01
26587.16 5.9097e-05 9.9994e-01
27637.54 4.1340e-05 9.9996e-01
28986.97 3.9353e-05 9.9996e-01
#TIME: 246.70
#NVEL 78
#vel_mid[km/s] mg0 mg1
1060.83 9.4101e-03 9.9059e-01
1919.29 9.4520e-03 9.9055e-01
2581.60 2.1243e-03 9.9788e-01
3084.17 1.4708e-03 9.9853e-01
3472.46 1.0205e-03 9.9898e-01
3909.64 7.6895e-04 9.9923e-01
4148.46 6.6622e-04 9.9933e-01
4670.75 5.9224e-04 9.9941e-01
4956.05 4.3924e-04 9.9956e-01
5258.79 2.6724e-04 9.9973e-01
5580.02 1.7273e-04 9.9983e-01
5920.87 1.3132e-04 9.9987e-01
6282.54 1.0917e-04 9.9989e-01
6666.30 1.0451e-04 9.9990e-01
7073.50 9.8248e-05 9.9990e-01
7505.58 9.1221e-05 9.9991e-01
7964.05 1.0392e-04 9.9990e-01
8450.53 1.2893e-04 9.9987e-01
8966.72 7.3861e-05 9.9993e-01
9514.44 9.7619e-05 9.9990e-01
10095.62 1.5070e-04 9.9985e-01
10712.30 4.6994e-04 9.9953e-01
11366.65 2.5432e-04 9.9975e-01
12061.10 2.5562e-04 9.9974e-01
12793.43 2.5432e-04 9.9975e-01
13528.61 7.4668e-04 9.9925e-01
14194.74 5.9826e-04 9.9940e-01
14757.77 5.9296e-04 9.9941e-01
15240.48 6.0411e-04 9.9940e-01
15646.99 7.8904e-04 9.9921e-01
15960.30 1.4819e-03 9.9852e-01
16187.41 1.2461e-03 9.9875e-01
16354.17 1.4780e-03 9.9852e-01
16484.18 1.2106e-03 9.9879e-01
16593.12 1.0477e-03 9.9895e-01
16691.99 9.8836e-04 9.9901e-01
16788.59 7.3367e-04 9.9927e-01
16888.37 6.8550e-04 9.9931e-01
16998.79 7.9034e-04 9.9921e-01
17146.37 4.7438e-04 9.9953e-01
17415.23 5.7766e-04 9.9942e-01
17888.12 4.6127e-04 9.9954e-01
18532.37 3.2386e-04 9.9968e-01
19260.76 2.8844e-04 9.9971e-01
20034.10 2.4029e-04 9.9976e-01
20838.00 1.7749e-04 9.9982e-01
21647.97 1.3910e-04 9.9986e-01
22447.94 1.2997e-04 9.9987e-01
23245.88 1.0132e-04 9.9990e-01
24052.47 9.5482e-05 9.9990e-01
24867.72 7.6504e-05 9.9992e-01
25698.86 6.1854e-05 9.9994e-01
26587.16 5.3528e-05 9.9995e-01
27637.54 5.2021e-05 9.9995e-01
28986.97 3.5397e-05 9.9996e-01
#TIME: 250.25
#NVEL 78
#vel_mid[km/s] mg0 mg1
1060.83 9.2506e-03 9.9075e-01
1919.29 8.9246e-03 9.9108e-01
2581.60 2.3909e-03 9.9761e-01
3084.17 1.5359e-03 9.9846e-01
3472.46 1.0051e-03 9.9899e-01
3909.64 7.3339e-04 9.9927e-01
4148.46 7.0799e-04 9.9929e-01
4670.75 6.1691e-04 9.9938e-01
4956.05 4.4214e-04 9.9956e-01
5258.79 2.5960e-04 9.9974e-01
5580.02 1.8537e-04 9.9981e-01
5920.87 1.4135e-04 9.9986e-01
6282.54 1.1396e-04 9.9989e-01
6666.30 1.0439e-04 9.9990e-01
7073.50 1.0275e-04 9.9990e-01
7505.58 9.7425e-05 9.9990e-01
7964.05 1.0803e-04 9.9989e-01
8450.53 1.3579e-04 9.9986e-01
8966.72 7.7112e-05 9.9992e-01
9514.44 1.0540e-04 9.9989e-01
10095.62 1.5301e-04 9.9985e-01
10712.30 5.0740e-04 9.9949e-01
11366.65 2.5275e-04 9.9975e-01
12061.10 2.4227e-04 9.9976e-01
12793.43 2.3879e-04 9.9976e-01
13528.61 7.6769e-04 9.9923e-01
14194.74 6.4899e-04 9.9935e-01
14757.77 6.2651e-04 9.9937e-01
15240.48 5.6124e-04 9.9944e-01
15646.99 9.9713e-04 9.9900e-01
15960.30 1.4017e-03 9.9860e-01
16187.41 1.1920e-03 9.9881e-01
16354.17 1.9448e-03 9.9806e-01
16484.18 1.5286e-03 9.9847e-01
16593.12 1.0991e-03 9.9890e-01
16691.99 9.4757e-04 9.9905e-01
16788.59 8.7665e-04 9.9912e-01
16888.37 7.9729e-04 9.9920e-01
16998.79 7.1907e-04 9.9928e-01
17146.37 6.0566e-04 9.9939e-01
17415.23 5.1097e-04 9.9949e-01
17888.12 3.7978e-04 9.9962e-01
18532.37 3.6330e-04 9.9964e-01
19260.76 3.1846e-04 9.9968e-01
20034.10 2.0861e-04 9.9979e-01
20838.00 1.6851e-04 9.9983e-01
21647.97 1.5154e-04 9.9985e-01
22447.94 1.3706e-04 9.9986e-01
23245.88 1.1719e-04 9.9988e-01
24052.47 8.0664e-05 9.9992e-01
24867.72 6.6893e-05 9.9993e-01
25698.86 6.7323e-05 9.9993e-01
26587.16 6.8583e-05 9.9993e-01
27637.54 6.5502e-05 9.9993e-01
28986.97 4.1559e-05 9.9996e-01
#TIME: 253.85
#NVEL 78
#vel_mid[km/s] mg0 mg1
1060.83 9.4733e-03 9.9053e-01
1919.29 8.1581e-03 9.9184e-01
2581.60 2.4141e-03 9.9759e-01
3084.17 1.5223e-03 9.9848e-01
3472.46 1.0288e-03 9.9897e-01
3909.64 8.3833e-04 9.9916e-01
4148.46 7.4871e-04 9.9925e-01
4670.75 6.2065e-04 9.9938e-01
4956.05 4.7438e-04 9.9953e-01
5258.79 2.8844e-04 9.9971e-01
5580.02 1.9816e-04 9.9980e-01
5920.87 1.5144e-04 9.9985e-01
6282.54 1.2085e-04 9.9988e-01
6666.30 1.1418e-04 9.9989e-01
7073.50 1.0576e-04 9.9989e-01
7505.58 1.0984e-04 9.9989e-01
7964.05 1.1633e-04 9.9988e-01
8450.53 1.4278e-04 9.9986e-01
8966.72 8.1643e-05 9.9992e-01
9514.44 1.0358e-04 9.9990e-01
10095.62 1.6206e-04 9.9984e-01
10712.30 5.0393e-04 9.9950e-01
11366.65 2.5914e-04 9.9974e-01
12061.10 2.7425e-04 9.9973e-01
12793.43 2.8079e-04 9.9972e-01
13528.61 7.0624e-04 9.9929e-01
14194.74 6.7522e-04 9.9932e-01
14757.77 6.8343e-04 9.9932e-01
15240.48 5.9959e-04 9.9940e-01
15646.99 1.0508e-03 9.9895e-01
15960.30 1.4344e-03 9.9857e-01
16187.41 1.4933e-03 9.9851e-01
16354.17 1.5975e-03 9.9840e-01
16484.18 1.2304e-03 9.9877e-01
16593.12 9.8399e-04 9.9902e-01
16691.99 1.0914e-03 9.9891e-01
16788.59 6.9955e-04 9.9930e-01
16888.37 9.5727e-04 9.9904e-01
16998.79 1.0290e-03 9.9897e-01
17146.37 6.5403e-04 9.9935e-01
17415.23 5.3059e-04 9.9947e-01
17888.12 4.6244e-04 9.9954e-01
18532.37 3.2522e-04 9.9967e-01
19260.76 3.0179e-04 9.9970e-01
20034.10 2.3755e-04 9.9976e-01
20838.00 1.8195e-04 9.9982e-01
21647.97 1.5383e-04 9.9985e-01
22447.94 1.2843e-04 9.9987e-01
23245.88 1.2598e-04 9.9987e-01
24052.47 1.0036e-04 9.9990e-01
24867.72 8.1770e-05 9.9992e-01
25698.86 7.2167e-05 9.9993e-01
26587.16 6.6863e-05 9.9993e-01
27637.54 5.2898e-05 9.9995e-01
28986.97 4.9092e-05 9.9995e-01
#TIME: 257.49
#NVEL 78
#vel_mid[km/s] mg0 mg1
1060.83 1.4049e-02 9.8595e-01
1919.29 7.9120e-03 9.9209e-01
2581.60 2.5720e-03 9.9743e-01
3084.17 1.5181e-03 9.9848e-01
3472.46 1.0958e-03 9.9890e-01
3909.64 8.0286e-04 9.9920e-01
4148.46 6.8145e-04 9.9932e-01
4670.75 6.7820e-04 9.9932e-01
4956.05 4.8995e-04 9.9951e-01
5258.79 3.1349e-04 9.9969e-01
5580.02 2.1615e-04 9.9978e-01
5920.87 1.6197e-04 9.9984e-01
6282.54 1.2704e-04 9.9987e-01
6666.30 1.1760e-04 9.9988e-01
7073.50 1.1552e-04 9.9988e-01
7505.58 1.0900e-04 9.9989e-01
7964.05 1.1988e-04 9.9988e-01
8450.53 1.4611e-04 9.9985e-01
8966.72 8.5453e-05 9.9991e-01
9514.44 1.1419e-04 9.9989e-01
10095.62 1.7299e-04 9.9983e-01
10712.30 5.0648e-04 9.9949e-01
11366.65 2.5435e-04 9.9975e-01
12061.10 2.5530e-04 9.9974e-01
12793.43 2.6249e-04 9.9974e-01
13528.61 7.1061e-04 9.9929e-01
14194.74 6.5925e-04 9.9934e-01
14757.77 6.6724e-04 9.9933e-01
15240.48 6.3793e-04 9.9936e-01
15646.99 8.5779e-04 9.9914e-01
15960.30 1.4124e-03 9.9859e-01
16187.41 1.7225e-03 9.9828e-01
16354.17 1.2894e-03 9.9871e-01
16484.18 1.3543e-03 9.9865e-01
16593.12 1.2382e-03 9.9876e-01
16691.99 9.0389e-04 9.9910e-01
16788.59 9.8271e-04 9.9902e-01
16888.37 9.4341e-04 9.9906e-01
16998.79 8.7135e-04 9.9913e-01
17146.37 6.5848e-04 9.9934e-01
17415.23 5.8385e-04 9.9942e-01
17888.12 3.9996e-04 9.9960e-01
18532.37 3.5631e-04 9.9964e-01
19260.76 3.3316e-04 9.9967e-01
20034.10 2.6178e-04 9.9974e-01
20838.00 2.2327e-04 9.9978e-01
21647.97 1.6288e-04 9.9984e-01
22447.94 1.6386e-04 9.9984e-01
23245.88 1.2355e-04 9.9988e-01
24052.47 8.9845e-05 9.9991e-01
24867.72 7.0737e-05 9.9993e-01
25698.86 6.4012e-05 9.9994e-01
26587.16 6.3607e-05 9.9994e-01
27637.54 6.1441e-05 9.9994e-01
28986.97 4.3405e-05 9.9996e-01
#TIME: 261.20
#NVEL 78
#vel_mid[km/s] mg0 mg1
1060.83 1.1277e-02 9.8872e-01
1919.29 4.6753e-03 9.9532e-01
2581.60 2.9673e-03 9.9703e-01
3084.17 1.6616e-03 9.9834e-01
3472.46 1.1251e-03 9.9887e-01
3909.64 8.2126e-04 9.9918e-01
4148.46 7.5711e-04 9.9924e-01
4670.75 6.5389e-04 9.9935e-01
4956.05 5.2117e-04 9.9948e-01
5258.79 3.0508e-04 9.9969e-01
5580.02 2.2969e-04 9.9977e-01
5920.87 1.6516e-04 9.9983e-01
6282.54 1.3352e-04 9.9987e-01
6666.30 1.2337e-04 9.9988e-01
7073.50 1.2000e-04 9.9988e-01
7505.58 1.1775e-04 9.9988e-01
7964.05 1.1956e-04 9.9988e-01
8450.53 1.5736e-04 9.9984e-01
8966.72 9.1326e-05 9.9991e-01
9514.44 1.2018e-04 9.9988e-01
10095.62 1.6446e-04 9.9984e-01
10712.30 5.0029e-04 9.9950e-01
11366.65 2.6567e-04 9.9973e-01
12061.10 2.7900e-04 9.9972e-01
12793.43 2.5755e-04 9.9974e-01
13528.61 7.8190e-04 9.9922e-01
14194.74 6.8495e-04 9.9932e-01
14757.77 6.0328e-04 9.9940e-01
15240.48 5.9304e-04 9.9941e-01
15646.99 9.1663e-04 9.9908e-01
15960.30 1.2341e-03 9.9877e-01
16187.41 1.5125e-03 9.9849e-01
16354.17 1.2780e-03 9.9872e-01
16484.18 1.6267e-03 9.9837e-01
16593.12 8.6685e-04 9.9913e-01
16691.99 7.4601e-04 9.9925e-01
16788.59 9.0524e-04 9.9909e-01
16888.37 6.9367e-04 9.9931e-01
16998.79 7.4443e-04 9.9926e-01
17146.37 6.8513e-04 9.9931e-01
17415.23 5.4953e-04 9.9945e-01
17888.12 4.6167e-04 9.9954e-01
18532.37 3.8975e-04 9.9961e-01
19260.76 3.2660e-04 9.9967e-01
20034.10 3.0824e-04 9.9969e-01
20838.00 2.1537e-04 9.9978e-01
21647.97 1.7289e-04 9.9983e-01
22447.94 1.4609e-04 9.9985e-01
23245.88 1.3402e-04 9.9987e-01
24052.47 8.8268e-05 9.9991e-01
24867.72 7.6267e-05 9.9992e-01
25698.86 6.7413e-05 9.9993e-01
26587.16 4.5619e-05 9.9995e-01
27637.54 4.9749e-05 9.9995e-01
28986.97 5.0561e-05 9.9995e-01
#TIME: 264.95
#NVEL 78
#vel_mid[km/s] mg0 mg1
1060.83 1.1522e-02 9.8848e-01
1919.29 1.4542e-02 9.8546e-01
2581.60 2.9381e-03 9.9706e-01
3084.17 1.6207e-03 9.9838e-01
3472.46 1.2090e-03 9.9879e-01
3909.64 9.0589e-04 9.9909e-01
4148.46 7.7902e-04 9.9922e-01
4670.75 7.3039e-04 9.9927e-01
4956.05 5.2751e-04 9.9947e-01
5258.79 3.5788e-04 9.9964e-01
5580.02 2.2871e-04 9.9977e-01
5920.87 1.6657e-04 9.9983e-01
6282.54 1.4565e-04 9.9985e-01
6666.30 1.2743e-04 9.9987e-01
7073.50 1.2382e-04 9.9988e-01
7505.58 1.2068e-04 9.9988e-01
7964.05 1.2583e-04 9.9987e-01
8450.53 1.5718e-04 9.9984e-01
8966.72 9.3996e-05 9.9991e-01
9514.44 1.2552e-04 9.9987e-01
10095.62 1.7798e-04 9.9982e-01
10712.30 4.9144e-04 9.9951e-01
11366.65 2.5028e-04 9.9975e-01
12061.10 2.7527e-04 9.9972e-01
12793.43 2.8692e-04 9.9971e-01
13528.61 7.0294e-04 9.9930e-01
14194.74 6.6903e-04 9.9933e-01
14757.77 6.1145e-04 9.9939e-01
15240.48 7.5039e-04 9.9925e-01
15646.99 8.8182e-04 9.9912e-01
15960.30 1.6176e-03 9.9838e-01
16187.41 1.5055e-03 9.9849e-01
16354.17 1.4722e-03 9.9853e-01
16484.18 1.2214e-03 9.9878e-01
16593.12 1.0847e-03 9.9892e-01
16691.99 8.6943e-04 9.9913e-01
16788.59 1.2432e-03 9.9876e-01
16888.37 6.0537e-04 9.9939e-01
16998.79 6.3906e-04 9.9936e-01
17146.37 5.8499e-04 9.9942e-01
17415.23 6.0752e-04 9.9939e-01
17888.12 5.1725e-04 9.9948e-01
18532.37 4.2731e-04 9.9957e-01
19260.76 3.6962e-04 9.9963e-01
20034.10 2.5915e-04 9.9974e-01
20838.00 2.4088e-04 9.9976e-01
21647.97 1.9663e-04 9.9980e-01
22447.94 1.7585e-04 9.9982e-01
23245.88 1.3203e-04 9.9987e-01
24052.47 9.6485e-05 9.9990e-01
24867.72 9.1608e-05 9.9991e-01
25698.86 7.2564e-05 9.9993e-01
26587.16 6.0661e-05 9.9994e-01
27637.54 4.7348e-05 9.9995e-01
28986.97 4.8455e-05 9.9995e-01
#TIME: 268.76
#NVEL 78
#vel_mid[km/s] mg0 mg1
1060.83 6.1164e-03 9.9388e-01
1919.29 2.1132e-02 9.7887e-01
2581.60 2.8288e-03 9.9717e-01
3084.17 1.6764e-03 9.9832e-01
3472.46 1.3538e-03 9.9865e-01
3909.64 9.2172e-04 9.9908e-01
4148.46 7.4987e-04 9.9925e-01
4670.75 7.3641e-04 9.9926e-01
4956.05 5.4869e-04 9.9945e-01
5258.79 3.5342e-04 9.9965e-01
5580.02 2.4184e-04 9.9976e-01
5920.87 1.7553e-04 9.9982e-01
6282.54 1.5407e-04 9.9985e-01
6666.30 1.3437e-04 9.9987e-01
7073.50 1.3160e-04 9.9987e-01
7505.58 1.2273e-04 9.9988e-01
7964.05 1.3007e-04 9.9987e-01
8450.53 1.6421e-04 9.9984e-01
8966.72 9.3339e-05 9.9991e-01
9514.44 1.2446e-04 9.9988e-01
10095.62 1.8246e-04 9.9982e-01
10712.30 5.0041e-04 9.9950e-01
11366.65 2.6545e-04 9.9973e-01
12061.10 2.9418e-04 9.9971e-01
12793.43 2.8798e-04 9.9971e-01
13528.61 7.4927e-04 9.9925e-01
14194.74 8.0382e-04 9.9920e-01
14757.77 6.7179e-04 9.9933e-01
15240.48 6.9991e-04 9.9930e-01
15646.99 1.1883e-03 9.9881e-01
15960.30 1.5626e-03 9.9844e-01
16187.41 1.6256e-03 9.9837e-01
16354.17 1.4961e-03 9.9850e-01
16484.18 1.2621e-03 9.9874e-01
16593.12 1.4750e-03 9.9852e-01
16691.99 1.7737e-03 9.9823e-01
16788.59 8.0010e-04 9.9920e-01
16888.37 7.5563e-04 9.9924e-01
16998.79 9.9010e-04 9.9901e-01
17146.37 8.2116e-04 9.9918e-01
17415.23 6.1118e-04 9.9939e-01
17888.12 5.3683e-04 9.9946e-01
18532.37 4.2903e-04 9.9957e-01
19260.76 3.2043e-04 9.9968e-01
20034.10 2.6110e-04 9.9974e-01
20838.00 2.3640e-04 9.9976e-01
21647.97 2.0485e-04 9.9980e-01
22447.94 1.6617e-04 9.9983e-01
23245.88 1.4114e-04 9.9986e-01
24052.47 1.1897e-04 9.9988e-01
24867.72 1.1444e-04 9.9989e-01
25698.86 7.5971e-05 9.9992e-01
26587.16 6.3122e-05 9.9994e-01
27637.54 4.4915e-05 9.9996e-01
28986.97 4.7445e-05 9.9995e-01
#TIME: 272.62
#NVEL 78
#vel_mid[km/s] mg0 mg1
1060.83 3.1301e-02 9.6870e-01
1919.29 1.9527e-02 9.8047e-01
2581.60 2.9523e-03 9.9705e-01
3084.17 1.6618e-03 9.9834e-01
3472.46 1.3532e-03 9.9865e-01
3909.64 9.5521e-04 9.9904e-01
4148.46 8.8101e-04 9.9912e-01
4670.75 7.4734e-04 9.9925e-01
4956.05 5.3841e-04 9.9946e-01
5258.79 3.7315e-04 9.9963e-01
5580.02 2.5895e-04 9.9974e-01
5920.87 1.8205e-04 9.9982e-01
6282.54 1.4771e-04 9.9985e-01
6666.30 1.3900e-04 9.9986e-01
7073.50 1.3460e-04 9.9987e-01
7505.58 1.3457e-04 9.9987e-01
7964.05 1.3950e-04 9.9986e-01
8450.53 1.7035e-04 9.9983e-01
8966.72 1.0244e-04 9.9990e-01
9514.44 1.3583e-04 9.9986e-01
10095.62 1.9593e-04 9.9980e-01
10712.30 5.0074e-04 9.9950e-01
11366.65 2.8704e-04 9.9971e-01
12061.10 2.8175e-04 9.9972e-01
12793.43 3.1692e-04 9.9968e-01
13528.61 8.1679e-04 9.9918e-01
14194.74 6.1428e-04 9.9939e-01
14757.77 6.4536e-04 9.9935e-01
15240.48 8.6282e-04 9.9914e-01
15646.99 1.1821e-03 9.9882e-01
15960.30 1.5949e-03 9.9841e-01
16187.41 1.5563e-03 9.9844e-01
16354.17 1.7314e-03 9.9827e-01
16484.18 1.5630e-03 9.9844e-01
16593.12 1.1588e-03 9.9884e-01
16691.99 1.2243e-03 9.9878e-01
16788.59 9.0358e-04 9.9910e-01
16888.37 8.1496e-04 9.9919e-01
16998.79 7.8337e-04 9.9922e-01
17146.37 9.0151e-04 9.9910e-01
17415.23 8.7242e-04 9.9913e-01
17888.12 4.8905e-04 9.9951e-01
18532.37 4.8934e-04 9.9951e-01
19260.76 3.4141e-04 9.9966e-01
20034.10 3.0188e-04 9.9970e-01
20838.00 2.5490e-04 9.9975e-01
21647.97 2.2081e-04 9.9978e-01
22447.94 1.6635e-04 9.9983e-01
23245.88 1.4456e-04 9.9986e-01
24052.47 1.4600e-04 9.9985e-01
24867.72 8.7686e-05 9.9991e-01
25698.86 9.3760e-05 9.9991e-01
26587.16 7.9123e-05 9.9992e-01
27637.54 6.4512e-05 9.9994e-01
28986.97 4.8951e-05 9.9995e-01
#TIME: 276.54
#NVEL 78
#vel_mid[km/s] mg0 mg1
1060.83 1.9497e-02 9.8050e-01
1919.29 1.9197e-02 9.8080e-01
2581.60 3.0869e-03 9.9691e-01
3084.17 1.8424e-03 9.9816e-01
3472.46 1.3430e-03 9.9866e-01
3909.64 1.0182e-03 9.9898e-01
4148.46 9.1101e-04 9.9909e-01
4670.75 7.5910e-04 9.9924e-01
4956.05 6.0201e-04 9.9940e-01
5258.79 3.7420e-04 9.9963e-01
5580.02 2.6663e-04 9.9973e-01
5920.87 2.0115e-04 9.9980e-01
6282.54 1.6300e-04 9.9984e-01
6666.30 1.5101e-04 9.9985e-01
7073.50 1.4728e-04 9.9985e-01
7505.58 1.4545e-04 9.9985e-01
7964.05 1.4034e-04 9.9986e-01
8450.53 1.7408e-04 9.9983e-01
8966.72 1.0310e-04 9.9990e-01
9514.44 1.3498e-04 9.9987e-01
10095.62 2.0785e-04 9.9979e-01
10712.30 5.4906e-04 9.9945e-01
11366.65 2.6578e-04 9.9973e-01
12061.10 2.8907e-04 9.9971e-01
12793.43 2.7569e-04 9.9972e-01
13528.61 7.2842e-04 9.9927e-01
14194.74 6.9355e-04 9.9931e-01
14757.77 6.4935e-04 9.9935e-01
15240.48 6.7990e-04 9.9932e-01
15646.99 8.8420e-04 9.9912e-01
15960.30 1.5059e-03 9.9849e-01
16187.41 1.7664e-03 9.9823e-01
16354.17 1.4244e-03 9.9858e-01
16484.18 1.6182e-03 9.9838e-01
16593.12 1.0711e-03 9.9893e-01
16691.99 8.3792e-04 9.9916e-01
16788.59 1.2292e-03 9.9877e-01
16888.37 1.2116e-03 9.9879e-01
16998.79 8.2779e-04 9.9917e-01
17146.37 9.0855e-04 9.9909e-01
17415.23 7.0056e-04 9.9930e-01
17888.12 4.7978e-04 9.9952e-01
18532.37 4.6971e-04 9.9953e-01
19260.76 3.6023e-04 9.9964e-01
20034.10 3.2082e-04 9.9968e-01
20838.00 2.7487e-04 9.9973e-01
21647.97 2.1849e-04 9.9978e-01
22447.94 1.9475e-04 9.9981e-01
23245.88 1.3376e-04 9.9987e-01
24052.47 1.1695e-04 9.9988e-01
24867.72 1.0016e-04 9.9990e-01
25698.86 9.6239e-05 9.9990e-01
26587.16 9.0625e-05 9.9991e-01
27637.54 7.4153e-05 9.9993e-01
28986.97 6.0809e-05 9.9994e-01
#TIME: 280.51
#NVEL 78
#vel_mid[km/s] mg0 mg1
1060.83 3.3562e-02 9.6644e-01
1919.29 1.8641e-02 9.8136e-01
2581.60 1.8359e-03 9.9816e-01
3084.17 2.0044e-03 9.9800e-01
3472.46 1.2982e-03 9.9870e-01
3909.64 1.0049e-03 9.9900e-01
4148.46 9.0457e-04 9.9910e-01
4670.75 8.3345e-04 9.9917e-01
4956.05 6.1855e-04 9.9938e-01
5258.79 3.7594e-04 9.9962e-01
5580.02 2.6778e-04 9.9973e-01
5920.87 2.0255e-04 9.9980e-01
6282.54 1.6518e-04 9.9983e-01
6666.30 1.5930e-04 9.9984e-01
7073.50 1.5090e-04 9.9985e-01
7505.58 1.4366e-04 9.9986e-01
7964.05 1.4647e-04 9.9985e-01
8450.53 1.8118e-04 9.9982e-01
8966.72 1.0471e-04 9.9990e-01
9514.44 1.3669e-04 9.9986e-01
10095.62 1.9850e-04 9.9980e-01
10712.30 5.2750e-04 9.9947e-01
11366.65 2.8991e-04 9.9971e-01
12061.10 3.0580e-04 9.9969e-01
12793.43 3.0332e-04 9.9970e-01
13528.61 7.3315e-04 9.9927e-01
14194.74 7.9352e-04 9.9921e-01
14757.77 6.2095e-04 9.9938e-01
15240.48 7.6827e-04 9.9923e-01
15646.99 1.1424e-03 9.9886e-01
15960.30 1.7717e-03 9.9823e-01
16187.41 1.4776e-03 9.9852e-01
16354.17 1.4817e-03 9.9852e-01
16484.18 1.7541e-03 9.9825e-01
16593.12 1.3823e-03 9.9862e-01
16691.99 1.4238e-03 9.9858e-01
16788.59 1.0664e-03 9.9893e-01
16888.37 9.8735e-04 9.9901e-01
16998.79 8.7550e-04 9.9912e-01
17146.37 6.6211e-04 9.9934e-01
17415.23 6.8019e-04 9.9932e-01
17888.12 5.6977e-04 9.9943e-01
18532.37 5.3196e-04 9.9947e-01
19260.76 4.5822e-04 9.9954e-01
20034.10 3.0336e-04 9.9970e-01
20838.00 2.7462e-04 9.9973e-01
21647.97 2.6472e-04 9.9974e-01
22447.94 1.8664e-04 9.9981e-01
23245.88 1.5156e-04 9.9985e-01
24052.47 1.1896e-04 9.9988e-01
24867.72 1.2263e-04 9.9988e-01
25698.86 8.0169e-05 9.9992e-01
26587.16 7.2724e-05 9.9993e-01
27637.54 6.7166e-05 9.9993e-01
28986.97 6.3079e-05 9.9994e-01
#TIME: 284.55
#NVEL 78
#vel_mid[km/s] mg0 mg1
1060.83 3.1471e-02 9.6853e-01
1919.29 1.2313e-02 9.8769e-01
2581.60 7.6892e-03 9.9231e-01
3084.17 2.1035e-03 9.9790e-01
3472.46 1.3424e-03 9.9866e-01
3909.64 1.0007e-03 9.9900e-01
4148.46 9.6683e-04 9.9903e-01
4670.75 8.4985e-04 9.9915e-01
4956.05 6.4991e-04 9.9935e-01
5258.79 3.7936e-04 9.9962e-01
5580.02 2.8227e-04 9.9972e-01
5920.87 2.2052e-04 9.9978e-01
6282.54 1.8042e-04 9.9982e-01
6666.30 1.5933e-04 9.9984e-01
7073.50 1.5985e-04 9.9984e-01
7505.58 1.4454e-04 9.9986e-01
7964.05 1.5269e-04 9.9985e-01
8450.53 1.8907e-04 9.9981e-01
8966.72 1.1122e-04 9.9989e-01
9514.44 1.3974e-04 9.9986e-01
10095.62 1.9921e-04 9.9980e-01
10712.30 5.3608e-04 9.9946e-01
11366.65 2.9508e-04 9.9970e-01
12061.10 3.2183e-04 9.9968e-01
12793.43 2.9991e-04 9.9970e-01
13528.61 7.4737e-04 9.9925e-01
14194.74 6.6045e-04 9.9934e-01
14757.77 6.8711e-04 9.9931e-01
15240.48 6.4808e-04 9.9935e-01
15646.99 1.1918e-03 9.9881e-01
15960.30 1.6544e-03 9.9835e-01
16187.41 1.8532e-03 9.9815e-01
16354.17 1.7044e-03 9.9830e-01
16484.18 2.0729e-03 9.9793e-01
16593.12 1.5411e-03 9.9846e-01
16691.99 1.2622e-03 9.9874e-01
16788.59 1.1173e-03 9.9888e-01
16888.37 8.4041e-04 9.9916e-01
16998.79 1.0444e-03 9.9896e-01
17146.37 8.8312e-04 9.9912e-01
17415.23 8.5958e-04 9.9914e-01
17888.12 5.9561e-04 9.9940e-01
18532.37 5.0883e-04 9.9949e-01
19260.76 4.0386e-04 9.9960e-01
20034.10 3.1720e-04 9.9968e-01
20838.00 2.9436e-04 9.9971e-01
21647.97 2.5480e-04 9.9975e-01
22447.94 2.0568e-04 9.9979e-01
23245.88 1.5410e-04 9.9985e-01
24052.47 1.4384e-04 9.9986e-01
24867.72 1.0768e-04 9.9989e-01
25698.86 9.4387e-05 9.9991e-01
26587.16 7.9405e-05 9.9992e-01
27637.54 5.4148e-05 9.9995e-01
28986.97 5.1853e-05 9.9995e-01
#TIME: 288.64
#NVEL 78
#vel_mid[km/s] mg0 mg1
1060.83 2.1957e-02 9.7804e-01
1919.29 2.6056e-02 9.7394e-01
2581.60 1.0123e-02 9.8988e-01
3084.17 2.1737e-03 9.9783e-01
3472.46 1.3444e-03 9.9866e-01
3909.64 1.0008e-03 9.9900e-01
4148.46 9.7828e-04 9.9902e-01
4670.75 8.4528e-04 9.9915e-01
4956.05 5.8820e-04 9.9941e-01
5258.79 4.3069e-04 9.9957e-01
5580.02 3.0481e-04 9.9970e-01
5920.87 2.2052e-04 9.9978e-01
6282.54 1.9431e-04 9.9981e-01
6666.30 1.6913e-04 9.9983e-01
7073.50 1.6271e-04 9.9984e-01
7505.58 1.5302e-04 9.9985e-01
7964.05 1.6096e-04 9.9984e-01
8450.53 1.8969e-04 9.9981e-01
8966.72 1.1845e-04 9.9988e-01
9514.44 1.4987e-04 9.9985e-01
10095.62 2.1944e-04 9.9978e-01
10712.30 5.5425e-04 9.9945e-01
11366.65 3.0766e-04 9.9969e-01
12061.10 3.1185e-04 9.9969e-01
12793.43 3.0782e-04 9.9969e-01
13528.61 7.9140e-04 9.9921e-01
14194.74 8.0040e-04 9.9920e-01
14757.77 6.7053e-04 9.9933e-01
15240.48 7.4453e-04 9.9926e-01
15646.99 9.5592e-04 9.9904e-01
15960.30 1.5780e-03 9.9842e-01
16187.41 1.7006e-03 9.9830e-01
16354.17 2.0233e-03 9.9798e-01
16484.18 1.5726e-03 9.9843e-01
16593.12 1.2391e-03 9.9876e-01
16691.99 2.4159e-03 9.9758e-01
16788.59 1.5816e-03 9.9842e-01
16888.37 1.0154e-03 9.9898e-01
16998.79 8.2915e-04 9.9917e-01
17146.37 1.0399e-03 9.9896e-01
17415.23 9.8047e-04 9.9902e-01
17888.12 7.4187e-04 9.9926e-01
18532.37 5.1525e-04 9.9948e-01
19260.76 4.1155e-04 9.9959e-01
20034.10 3.4805e-04 9.9965e-01
20838.00 2.6018e-04 9.9974e-01
21647.97 2.5496e-04 9.9975e-01
22447.94 1.9809e-04 9.9980e-01
23245.88 1.6211e-04 9.9984e-01
24052.47 1.2894e-04 9.9987e-01
24867.72 1.2233e-04 9.9988e-01
25698.86 8.6302e-05 9.9991e-01
26587.16 8.9247e-05 9.9991e-01
27637.54 6.0473e-05 9.9994e-01
28986.97 5.6337e-05 9.9994e-01
#TIME: 292.79
#NVEL 78
#vel_mid[km/s] mg0 mg1
1060.83 3.8209e-02 9.6179e-01
1919.29 4.4817e-02 9.5518e-01
2581.60 8.8393e-03 9.9116e-01
3084.17 1.9837e-03 9.9802e-01
3472.46 1.4461e-03 9.9855e-01
3909.64 1.0856e-03 9.9891e-01
4148.46 1.0050e-03 9.9900e-01
4670.75 9.0801e-04 9.9909e-01
4956.05 6.7402e-04 9.9933e-01
5258.79 4.5144e-04 9.9955e-01
5580.02 3.2936e-04 9.9967e-01
5920.87 2.3945e-04 9.9976e-01
6282.54 2.0411e-04 9.9980e-01
6666.30 1.7716e-04 9.9982e-01
7073.50 1.8114e-04 9.9982e-01
7505.58 1.6785e-04 9.9983e-01
7964.05 1.6912e-04 9.9983e-01
8450.53 2.0793e-04 9.9979e-01
8966.72 1.1821e-04 9.9988e-01
9514.44 1.5352e-04 9.9985e-01
10095.62 2.2175e-04 9.9978e-01
10712.30 5.7147e-04 9.9943e-01
11366.65 3.0205e-04 9.9970e-01
12061.10 3.0732e-04 9.9969e-01
12793.43 3.0283e-04 9.9970e-01
13528.61 7.2620e-04 9.9927e-01
14194.74 7.6097e-04 9.9924e-01
14757.77 6.5827e-04 9.9934e-01
15240.48 7.4468e-04 9.9926e-01
15646.99 1.1588e-03 9.9884e-01
15960.30 1.6067e-03 9.9839e-01
16187.41 2.4136e-03 9.9759e-01
16354.17 1.8319e-03 9.9817e-01
16484.18 1.8280e-03 9.9817e-01
16593.12 1.2285e-03 9.9877e-01
16691.99 1.3116e-03 9.9869e-01
16788.59 1.1790e-03 9.9882e-01
16888.37 1.0415e-03 9.9896e-01
16998.79 9.7771e-04 9.9902e-01
17146.37 6.9225e-04 9.9931e-01
17415.23 8.4081e-04 9.9916e-01
17888.12 5.5602e-04 9.9944e-01
18532.37 4.9111e-04 9.9951e-01
19260.76 4.5174e-04 9.9955e-01
20034.10 3.4664e-04 9.9965e-01
20838.00 2.8463e-04 9.9972e-01
21647.97 2.1690e-04 9.9978e-01
22447.94 2.1145e-04 9.9979e-01
23245.88 1.7451e-04 9.9983e-01
24052.47 1.2557e-04 9.9987e-01
24867.72 1.1055e-04 9.9989e-01
25698.86 8.8742e-05 9.9991e-01
26587.16 8.3133e-05 9.9992e-01
27637.54 7.0693e-05 9.9993e-01
28986.97 6.5371e-05 9.9993e-01
#TIME: 296.99
#NVEL 78
#vel_mid[km/s] mg0 mg1
1060.83 4.7238e-02 9.5276e-01
1919.29 4.2084e-02 9.5792e-01
2581.60 7.2012e-03 9.9280e-01
3084.17 2.0301e-03 9.9797e-01
3472.46 1.5714e-03 9.9843e-01
3909.64 1.0923e-03 9.9891e-01
4148.46 1.0013e-03 9.9900e-01
4670.75 9.4682e-04 9.9905e-01
4956.05 8.3012e-04 9.9917e-01
5258.79 4.8498e-04 9.9952e-01
5580.02 3.4245e-04 9.9966e-01
5920.87 2.5127e-04 9.9975e-01
6282.54 2.2115e-04 9.9978e-01
6666.30 1.9119e-04 9.9981e-01
7073.50 1.9381e-04 9.9981e-01
7505.58 1.7677e-04 9.9982e-01
7964.05 1.8218e-04 9.9982e-01
8450.53 2.1951e-04 9.9978e-01
8966.72 1.2970e-04 9.9987e-01
9514.44 1.7471e-04 9.9983e-01
10095.62 2.4106e-04 9.9976e-01
10712.30 5.9522e-04 9.9940e-01
11366.65 3.2292e-04 9.9968e-01
12061.10 3.1732e-04 9.9968e-01
12793.43 3.2269e-04 9.9968e-01
13528.61 8.3093e-04 9.9917e-01
14194.74 8.3568e-04 9.9916e-01
14757.77 7.1586e-04 9.9928e-01
15240.48 8.6192e-04 9.9914e-01
15646.99 1.1420e-03 9.9886e-01
15960.30 1.6075e-03 9.9839e-01
16187.41 1.8250e-03 9.9817e-01
16354.17 2.7222e-03 9.9728e-01
16484.18 1.8353e-03 9.9816e-01
16593.12 1.0682e-03 9.9893e-01
16691.99 1.4246e-03 9.9858e-01
16788.59 1.4130e-03 9.9859e-01
16888.37 7.9037e-04 9.9921e-01
16998.79 7.7317e-04 9.9923e-01
17146.37 8.2585e-04 9.9917e-01
17415.23 8.0080e-04 9.9920e-01
17888.12 6.3519e-04 9.9936e-01
18532.37 5.0437e-04 9.9950e-01
19260.76 3.7396e-04 9.9963e-01
20034.10 3.2615e-04 9.9967e-01
20838.00 2.8532e-04 9.9971e-01
21647.97 2.8389e-04 9.9972e-01
22447.94 2.3706e-04 9.9976e-01
23245.88 1.9487e-04 9.9981e-01
24052.47 1.3965e-04 9.9986e-01
24867.72 9.5417e-05 9.9990e-01
25698.86 9.1949e-05 9.9991e-01
26587.16 8.9622e-05 9.9991e-01
27637.54 6.7723e-05 9.9993e-01
28986.97 6.1385e-05 9.9994e-01
#TIME: 301.26
#NVEL 78
#vel_mid[km/s] mg0 mg1
1060.83 4.7514e-02 9.5249e-01
1919.29 3.6485e-02 9.6352e-01
2581.60 6.6883e-03 9.9331e-01
3084.17 2.2272e-03 9.9777e-01
3472.46 1.6634e-03 9.9834e-01
3909.64 1.0709e-03 9.9893e-01
4148.46 1.0136e-03 9.9899e-01
4670.75 9.4452e-04 9.9906e-01
4956.05 7.8135e-04 9.9922e-01
5258.79 4.8567e-04 9.9951e-01
5580.02 3.5888e-04 9.9964e-01
5920.87 2.6039e-04 9.9974e-01
6282.54 2.1564e-04 9.9978e-01
6666.30 1.9538e-04 9.9980e-01
7073.50 1.9326e-04 9.9981e-01
7505.58 1.8426e-04 9.9982e-01
7964.05 1.9171e-04 9.9981e-01
8450.53 2.2885e-04 9.9977e-01
8966.72 1.3081e-04 9.9987e-01
9514.44 1.7313e-04 9.9983e-01
10095.62 2.4269e-04 9.9976e-01
10712.30 6.3004e-04 9.9937e-01
11366.65 3.3566e-04 9.9966e-01
12061.10 3.5145e-04 9.9965e-01
12793.43 3.2848e-04 9.9967e-01
13528.61 8.2409e-04 9.9918e-01
14194.74 8.0553e-04 9.9919e-01
14757.77 7.0186e-04 9.9930e-01
15240.48 9.3403e-04 9.9907e-01
15646.99 1.1886e-03 9.9881e-01
15960.30 1.4606e-03 9.9854e-01
16187.41 2.0660e-03 9.9793e-01
16354.17 2.3562e-03 9.9764e-01
16484.18 1.4136e-03 9.9859e-01
16593.12 1.1552e-03 9.9884e-01
16691.99 1.3063e-03 9.9869e-01
16788.59 1.2438e-03 9.9876e-01
16888.37 1.0255e-03 9.9897e-01
16998.79 8.4915e-04 9.9915e-01
17146.37 7.5193e-04 9.9925e-01
17415.23 7.1230e-04 9.9929e-01
17888.12 5.7689e-04 9.9942e-01
18532.37 4.9481e-04 9.9951e-01
19260.76 4.2035e-04 9.9958e-01
20034.10 3.6686e-04 9.9963e-01
20838.00 2.7176e-04 9.9973e-01
21647.97 2.5919e-04 9.9974e-01
22447.94 2.2564e-04 9.9977e-01
23245.88 1.5705e-04 9.9984e-01
24052.47 1.4365e-04 9.9986e-01
24867.72 1.1790e-04 9.9988e-01
25698.86 1.0687e-04 9.9989e-01
26587.16 7.8434e-05 9.9992e-01
27637.54 6.4753e-05 9.9994e-01
28986.97 6.8815e-05 9.9993e-01
#TIME: 305.59
#NVEL 78
#vel_mid[km/s] mg0 mg1
1060.83 6.2711e-02 9.3729e-01
1919.29 3.0015e-02 9.6998e-01
2581.60 6.2390e-03 9.9376e-01
3084.17 2.4094e-03 9.9759e-01
3472.46 1.6256e-03 9.9837e-01
3909.64 1.4222e-03 9.9858e-01
4148.46 1.1084e-03 9.9889e-01
4670.75 9.7058e-04 9.9903e-01
4956.05 7.8856e-04 9.9921e-01
5258.79 5.2807e-04 9.9947e-01
5580.02 3.8047e-04 9.9962e-01
5920.87 2.6896e-04 9.9973e-01
6282.54 2.2889e-04 9.9977e-01
6666.30 1.9824e-04 9.9980e-01
7073.50 1.9736e-04 9.9980e-01
7505.58 1.8489e-04 9.9982e-01
7964.05 1.9462e-04 9.9981e-01
8450.53 2.2941e-04 9.9977e-01
8966.72 1.4007e-04 9.9986e-01
9514.44 1.7333e-04 9.9983e-01
10095.62 2.4296e-04 9.9976e-01
10712.30 6.3745e-04 9.9936e-01
11366.65 3.6358e-04 9.9964e-01
12061.10 3.5237e-04 9.9965e-01
12793.43 3.4700e-04 9.9965e-01
13528.61 8.8750e-04 9.9911e-01
14194.74 9.0330e-04 9.9910e-01
14757.77 7.6180e-04 9.9924e-01
15240.48 9.4367e-04 9.9906e-01
15646.99 1.3656e-03 9.9863e-01
15960.30 1.8879e-03 9.9811e-01
16187.41 2.1433e-03 9.9786e-01
16354.17 2.0779e-03 9.9792e-01
16484.18 2.0207e-03 9.9798e-01
16593.12 1.8470e-03 9.9815e-01
16691.99 1.6352e-03 9.9836e-01
16788.59 9.5845e-04 9.9904e-01
16888.37 9.6887e-04 9.9903e-01
16998.79 1.3728e-03 9.9863e-01
17146.37 8.8109e-04 9.9912e-01
17415.23 7.9716e-04 9.9920e-01
17888.12 6.6789e-04 9.9933e-01
18532.37 4.4635e-04 9.9955e-01
19260.76 4.6844e-04 9.9953e-01
20034.10 3.4038e-04 9.9966e-01
20838.00 2.4806e-04 9.9975e-01
21647.97 2.3236e-04 9.9977e-01
22447.94 2.5705e-04 9.9974e-01
23245.88 1.7367e-04 9.9983e-01
24052.47 1.2888e-04 9.9987e-01
24867.72 1.2237e-04 9.9988e-01
25698.86 9.3746e-05 9.9991e-01
26587.16 7.3238e-05 9.9993e-01
27637.54 7.0820e-05 9.9993e-01
28986.97 6.2479e-05 9.9994e-01
#TIME: 309.99
#NVEL 78
#vel_mid[km/s] mg0 mg1
1060.83 7.5071e-02 9.2493e-01
1919.29 5.6524e-02 9.4348e-01
2581.60 3.5681e-03 9.9643e-01
3084.17 2.2558e-03 9.9774e-01
3472.46 1.7490e-03 9.9825e-01
3909.64 1.3940e-03 9.9861e-01
4148.46 1.2292e-03 9.9877e-01
4670.75 1.0987e-03 9.9890e-01
4956.05 8.1724e-04 9.9918e-01
5258.79 5.3178e-04 9.9947e-01
5580.02 3.9088e-04 9.9961e-01
5920.87 2.9514e-04 9.9970e-01
6282.54 2.3416e-04 9.9977e-01
6666.30 2.0844e-04 9.9979e-01
7073.50 2.0101e-04 9.9980e-01
7505.58 1.9819e-04 9.9980e-01
7964.05 2.0012e-04 9.9980e-01
8450.53 2.3752e-04 9.9976e-01
8966.72 1.4405e-04 9.9986e-01
9514.44 1.8538e-04 9.9981e-01
10095.62 2.5771e-04 9.9974e-01
10712.30 6.2598e-04 9.9937e-01
11366.65 3.5096e-04 9.9965e-01
12061.10 3.4609e-04 9.9965e-01
12793.43 3.4369e-04 9.9966e-01
13528.61 8.8059e-04 9.9912e-01
14194.74 8.2158e-04 9.9918e-01
14757.77 8.0801e-04 9.9919e-01
15240.48 9.3214e-04 9.9907e-01
15646.99 9.1202e-04 9.9909e-01
15960.30 1.6917e-03 9.9831e-01
16187.41 2.4559e-03 9.9754e-01
16354.17 2.5082e-03 9.9749e-01
16484.18 3.9614e-03 9.9604e-01
16593.12 1.6171e-03 9.9838e-01
16691.99 1.4037e-03 9.9860e-01
16788.59 1.3200e-03 9.9868e-01
16888.37 1.1372e-03 9.9886e-01
16998.79 1.0352e-03 9.9896e-01
17146.37 1.0374e-03 9.9896e-01
17415.23 8.5231e-04 9.9915e-01
17888.12 6.4366e-04 9.9936e-01
18532.37 5.6359e-04 9.9944e-01
19260.76 4.3636e-04 9.9956e-01
20034.10 3.7571e-04 9.9962e-01
20838.00 2.9627e-04 9.9970e-01
21647.97 2.1019e-04 9.9979e-01
22447.94 1.9857e-04 9.9980e-01
23245.88 1.8681e-04 9.9981e-01
24052.47 1.4023e-04 9.9986e-01
24867.72 1.1291e-04 9.9989e-01
25698.86 1.0445e-04 9.9990e-01
26587.16 8.3976e-05 9.9992e-01
27637.54 7.6117e-05 9.9992e-01
28986.97 6.8508e-05 9.9993e-01
#TIME: 314.44
#NVEL 78
#vel_mid[km/s] mg0 mg1
1060.83 5.7901e-02 9.4210e-01
1919.29 6.2271e-02 9.3773e-01
2581.60 1.2390e-02 9.8761e-01
3084.17 2.2914e-03 9.9771e-01
3472.46 1.7177e-03 9.9828e-01
3909.64 1.3688e-03 9.9863e-01
4148.46 1.0960e-03 9.9890e-01
4670.75 1.0506e-03 9.9895e-01
4956.05 8.3320e-04 9.9917e-01
5258.79 5.3868e-04 9.9946e-01
5580.02 3.9953e-04 9.9960e-01
5920.87 3.0963e-04 9.9969e-01
6282.54 2.4184e-04 9.9976e-01
6666.30 2.1659e-04 9.9978e-01
7073.50 2.1528e-04 9.9978e-01
7505.58 2.0491e-04 9.9980e-01
7964.05 2.1017e-04 9.9979e-01
8450.53 2.4918e-04 9.9975e-01
8966.72 1.5602e-04 9.9984e-01
9514.44 1.9297e-04 9.9981e-01
10095.62 2.6613e-04 9.9973e-01
10712.30 6.0664e-04 9.9939e-01
11366.65 3.6760e-04 9.9963e-01
12061.10 3.5048e-04 9.9965e-01
12793.43 3.8515e-04 9.9961e-01
13528.61 9.6664e-04 9.9903e-01
14194.74 8.7223e-04 9.9913e-01
14757.77 8.7403e-04 9.9913e-01
15240.48 9.8223e-04 9.9902e-01
15646.99 1.3755e-03 9.9862e-01
15960.30 1.8347e-03 9.9817e-01
16187.41 2.6233e-03 9.9738e-01
16354.17 2.3492e-03 9.9765e-01
16484.18 2.0951e-03 9.9790e-01
16593.12 1.3123e-03 9.9869e-01
16691.99 1.5915e-03 9.9841e-01
16788.59 1.8682e-03 9.9813e-01
16888.37 1.1679e-03 9.9883e-01
16998.79 1.6499e-03 9.9835e-01
17146.37 9.1816e-04 9.9908e-01
17415.23 7.7207e-04 9.9923e-01
17888.12 7.1047e-04 9.9929e-01
18532.37 7.2784e-04 9.9927e-01
19260.76 5.3511e-04 9.9946e-01
20034.10 4.4849e-04 9.9955e-01
20838.00 3.0712e-04 9.9969e-01
21647.97 2.2058e-04 9.9978e-01
22447.94 1.7402e-04 9.9983e-01
23245.88 2.0145e-04 9.9980e-01
24052.47 1.4784e-04 9.9985e-01
24867.72 1.1197e-04 9.9989e-01
25698.86 9.5995e-05 9.9990e-01
26587.16 7.7766e-05 9.9992e-01
27637.54 7.0555e-05 9.9993e-01
28986.97 7.4157e-05 9.9993e-01
#TIME: 318.96
#NVEL 78
#vel_mid[km/s] mg0 mg1
1060.83 5.3423e-02 9.4658e-01
1919.29 6.9471e-02 9.3053e-01
2581.60 1.2381e-02 9.8762e-01
3084.17 2.5411e-03 9.9746e-01
3472.46 1.6781e-03 9.9832e-01
3909.64 1.4213e-03 9.9858e-01
4148.46 1.1986e-03 9.9880e-01
4670.75 1.1508e-03 9.9885e-01
4956.05 8.3457e-04 9.9917e-01
5258.79 5.7344e-04 9.9943e-01
5580.02 4.0692e-04 9.9959e-01
5920.87 3.1655e-04 9.9968e-01
6282.54 2.5032e-04 9.9975e-01
6666.30 2.2241e-04 9.9978e-01
7073.50 2.1282e-04 9.9979e-01
7505.58 2.0397e-04 9.9980e-01
7964.05 2.1426e-04 9.9979e-01
8450.53 2.6046e-04 9.9974e-01
8966.72 1.5502e-04 9.9984e-01
9514.44 1.9833e-04 9.9980e-01
10095.62 2.7709e-04 9.9972e-01
10712.30 6.8591e-04 9.9931e-01
11366.65 3.9876e-04 9.9960e-01
12061.10 3.8546e-04 9.9961e-01
12793.43 3.6365e-04 9.9964e-01
13528.61 8.5894e-04 9.9914e-01
14194.74 9.7574e-04 9.9902e-01
14757.77 1.0472e-03 9.9895e-01
15240.48 7.7523e-04 9.9922e-01
15646.99 1.5602e-03 9.9844e-01
15960.30 2.2483e-03 9.9775e-01
16187.41 3.1739e-03 9.9683e-01
16354.17 2.2336e-03 9.9777e-01
16484.18 2.7037e-03 9.9730e-01
16593.12 1.7520e-03 9.9825e-01
16691.99 1.3296e-03 9.9867e-01
16788.59 1.4561e-03 9.9854e-01
16888.37 1.5424e-03 9.9846e-01
16998.79 1.2616e-03 9.9874e-01
17146.37 8.8074e-04 9.9912e-01
17415.23 1.0954e-03 9.9890e-01
17888.12 7.1486e-04 9.9929e-01
18532.37 6.8460e-04 9.9932e-01
19260.76 5.5185e-04 9.9945e-01
20034.10 4.8528e-04 9.9951e-01
20838.00 4.0156e-04 9.9960e-01
21647.97 2.9573e-04 9.9970e-01
22447.94 2.3005e-04 9.9977e-01
23245.88 1.8252e-04 9.9982e-01
24052.47 1.5818e-04 9.9984e-01
24867.72 1.3901e-04 9.9986e-01
25698.86 1.5752e-04 9.9984e-01
26587.16 8.5645e-05 9.9991e-01
27637.54 6.9909e-05 9.9993e-01
28986.97 6.2586e-05 9.9994e-01
#TIME: 323.54
#NVEL 78
#vel_mid[km/s] mg0 mg1
1060.83 1.1114e-01 8.8886e-01
1919.29 6.0485e-02 9.3952e-01
2581.60 1.1606e-02 9.8839e-01
3084.17 2.4989e-03 9.9750e-01
3472.46 1.8254e-03 9.9817e-01
3909.64 1.3536e-03 9.9865e-01
4148.46 1.3215e-03 9.9868e-01
4670.75 1.1264e-03 9.9887e-01
4956.05 8.7103e-04 9.9913e-01
5258.79 6.1385e-04 9.9939e-01
5580.02 4.5267e-04 9.9955e-01
5920.87 3.2994e-04 9.9967e-01
6282.54 2.6638e-04 9.9973e-01
6666.30 2.3806e-04 9.9976e-01
7073.50 2.3139e-04 9.9977e-01
7505.58 2.1716e-04 9.9978e-01
7964.05 2.2339e-04 9.9978e-01
8450.53 2.6033e-04 9.9974e-01
8966.72 1.6543e-04 9.9983e-01
9514.44 2.0246e-04 9.9980e-01
10095.62 2.9337e-04 9.9971e-01
10712.30 6.3800e-04 9.9936e-01
11366.65 3.7890e-04 9.9962e-01
12061.10 3.9067e-04 9.9961e-01
12793.43 3.7416e-04 9.9963e-01
13528.61 1.0510e-03 9.9895e-01
14194.74 9.0614e-04 9.9909e-01
14757.77 8.4234e-04 9.9916e-01
15240.48 1.1935e-03 9.9881e-01
15646.99 1.6258e-03 9.9837e-01
15960.30 2.1745e-03 9.9783e-01
16187.41 2.8614e-03 9.9714e-01
16354.17 3.2805e-03 9.9672e-01
16484.18 2.3369e-03 9.9766e-01
16593.12 2.1526e-03 9.9785e-01
16691.99 1.7548e-03 9.9825e-01
16788.59 2.2559e-03 9.9774e-01
16888.37 1.1466e-03 9.9885e-01
16998.79 1.2195e-03 9.9878e-01
17146.37 1.1546e-03 9.9885e-01
17415.23 1.2030e-03 9.9880e-01
17888.12 8.1149e-04 9.9919e-01
18532.37 7.3177e-04 9.9927e-01
19260.76 5.4926e-04 9.9945e-01
20034.10 5.1430e-04 9.9949e-01
20838.00 4.9721e-04 9.9950e-01
21647.97 3.9638e-04 9.9960e-01
22447.94 2.1843e-04 9.9978e-01
23245.88 1.8655e-04 9.9981e-01
24052.47 1.8155e-04 9.9982e-01
24867.72 1.3587e-04 9.9986e-01
25698.86 1.3675e-04 9.9986e-01
26587.16 1.1026e-04 9.9989e-01
27637.54 9.9517e-05 9.9990e-01
28986.97 7.2264e-05 9.9993e-01
#TIME: 328.20
#NVEL 78
#vel_mid[km/s] mg0 mg1
1060.83 1.3531e-01 8.6469e-01
1919.29 1.0340e-01 8.9660e-01
2581.60 1.2798e-02 9.8720e-01
3084.17 2.6717e-03 9.9733e-01
3472.46 1.8478e-03 9.9815e-01
3909.64 1.3712e-03 9.9863e-01
4148.46 1.2763e-03 9.9872e-01
4670.75 1.1849e-03 9.9882e-01
4956.05 1.0044e-03 9.9900e-01
5258.79 6.0607e-04 9.9939e-01
5580.02 4.6499e-04 9.9954e-01
5920.87 3.4138e-04 9.9966e-01
6282.54 2.7650e-04 9.9972e-01
6666.30 2.4628e-04 9.9975e-01
7073.50 2.3723e-04 9.9976e-01
7505.58 2.3193e-04 9.9977e-01
7964.05 2.3246e-04 9.9977e-01
8450.53 2.7562e-04 9.9972e-01
8966.72 1.6207e-04 9.9984e-01
9514.44 2.1977e-04 9.9978e-01
10095.62 2.9379e-04 9.9971e-01
10712.30 7.0792e-04 9.9929e-01
11366.65 3.8989e-04 9.9961e-01
12061.10 4.0651e-04 9.9959e-01
12793.43 4.0222e-04 9.9960e-01
13528.61 1.0099e-03 9.9899e-01
14194.74 9.0283e-04 9.9910e-01
14757.77 1.0656e-03 9.9893e-01
15240.48 1.2495e-03 9.9875e-01
15646.99 1.7197e-03 9.9828e-01
15960.30 2.3308e-03 9.9767e-01
16187.41 2.7557e-03 9.9724e-01
16354.17 3.8717e-03 9.9613e-01
16484.18 2.0793e-03 9.9792e-01
16593.12 2.2038e-03 9.9780e-01
16691.99 2.0361e-03 9.9796e-01
16788.59 1.4040e-03 9.9860e-01
16888.37 1.4639e-03 9.9854e-01
16998.79 1.0695e-03 9.9893e-01
17146.37 1.1201e-03 9.9888e-01
17415.23 1.0515e-03 9.9895e-01
17888.12 9.0743e-04 9.9909e-01
18532.37 8.7554e-04 9.9912e-01
19260.76 8.3704e-04 9.9916e-01
20034.10 5.9316e-04 9.9941e-01
20838.00 4.7856e-04 9.9952e-01
21647.97 3.6871e-04 9.9963e-01
22447.94 3.1157e-04 9.9969e-01
23245.88 2.3491e-04 9.9977e-01
24052.47 1.6385e-04 9.9984e-01
24867.72 1.4097e-04 9.9986e-01
25698.86 1.2601e-04 9.9987e-01
26587.16 9.9131e-05 9.9990e-01
27637.54 9.2834e-05 9.9991e-01
28986.97 8.3569e-05 9.9992e-01
#TIME: 332.91
#NVEL 78
#vel_mid[km/s] mg0 mg1
1060.83 1.6657e-01 8.3343e-01
1919.29 1.3551e-01 8.6449e-01
2581.60 6.1392e-03 9.9386e-01
3084.17 2.8167e-03 9.9718e-01
3472.46 1.8438e-03 9.9816e-01
3909.64 1.7897e-03 9.9821e-01
4148.46 1.3453e-03 9.9865e-01
4670.75 1.2130e-03 9.9879e-01
4956.05 9.6664e-04 9.9903e-01
5258.79 6.6123e-04 9.9934e-01
5580.02 4.6142e-04 9.9954e-01
5920.87 3.5737e-04 9.9964e-01
6282.54 2.7937e-04 9.9972e-01
6666.30 2.5441e-04 9.9975e-01
7073.50 2.4472e-04 9.9976e-01
7505.58 2.4153e-04 9.9976e-01
7964.05 2.4323e-04 9.9976e-01
8450.53 2.8364e-04 9.9972e-01
8966.72 1.8490e-04 9.9982e-01
9514.44 2.2701e-04 9.9977e-01
10095.62 3.0810e-04 9.9969e-01
10712.30 7.1344e-04 9.9929e-01
11366.65 4.0460e-04 9.9960e-01
12061.10 3.7266e-04 9.9963e-01
12793.43 4.1423e-04 9.9959e-01
13528.61 1.0053e-03 9.9899e-01
14194.74 1.0717e-03 9.9893e-01
14757.77 9.4607e-04 9.9905e-01
15240.48 9.6889e-04 9.9903e-01
15646.99 1.2086e-03 9.9879e-01
15960.30 2.2975e-03 9.9770e-01
16187.41 3.6431e-03 9.9636e-01
16354.17 3.0488e-03 9.9695e-01
16484.18 2.5325e-03 9.9747e-01
16593.12 2.0692e-03 9.9793e-01
16691.99 2.5397e-03 9.9746e-01
16788.59 2.2008e-03 9.9780e-01
16888.37 1.8412e-03 9.9816e-01
16998.79 1.3180e-03 9.9868e-01
17146.37 1.3029e-03 9.9870e-01
17415.23 1.0446e-03 9.9896e-01
17888.12 1.0917e-03 9.9891e-01
18532.37 9.1256e-04 9.9909e-01
19260.76 7.3270e-04 9.9927e-01
20034.10 6.8524e-04 9.9931e-01
20838.00 5.7523e-04 9.9942e-01
21647.97 4.1213e-04 9.9959e-01
22447.94 3.4272e-04 9.9966e-01
23245.88 2.7506e-04 9.9972e-01
24052.47 1.8127e-04 9.9982e-01
24867.72 1.5004e-04 9.9985e-01
25698.86 1.2393e-04 9.9988e-01
26587.16 1.1037e-04 9.9989e-01
27637.54 9.2160e-05 9.9991e-01
28986.97 9.1339e-05 9.9991e-01
#TIME: 337.70
#NVEL 78
#vel_mid[km/s] mg0 mg1
1060.83 1.7390e-01 8.2610e-01
1919.29 1.0804e-01 8.9196e-01
2581.60 1.9187e-02 9.8081e-01
3084.17 3.2486e-03 9.9675e-01
3472.46 1.9153e-03 9.9808e-01
3909.64 1.4997e-03 9.9850e-01
4148.46 1.4339e-03 9.9857e-01
4670.75 1.3162e-03 9.9868e-01
4956.05 9.4810e-04 9.9905e-01
5258.79 6.5522e-04 9.9934e-01
5580.02 4.8180e-04 9.9952e-01
5920.87 3.5359e-04 9.9965e-01
6282.54 2.9989e-04 9.9970e-01
6666.30 2.6654e-04 9.9973e-01
7073.50 2.5847e-04 9.9974e-01
7505.58 2.4435e-04 9.9976e-01
7964.05 2.5045e-04 9.9975e-01
8450.53 2.8916e-04 9.9971e-01
8966.72 1.8982e-04 9.9981e-01
9514.44 2.2692e-04 9.9977e-01
10095.62 3.1550e-04 9.9968e-01
10712.30 7.5818e-04 9.9924e-01
11366.65 3.9663e-04 9.9960e-01
12061.10 4.1611e-04 9.9958e-01
12793.43 4.0390e-04 9.9960e-01
13528.61 9.9046e-04 9.9901e-01
14194.74 9.7033e-04 9.9903e-01
14757.77 9.5909e-04 9.9904e-01
15240.48 1.4565e-03 9.9854e-01
15646.99 1.8522e-03 9.9815e-01
15960.30 2.9652e-03 9.9703e-01
16187.41 3.7192e-03 9.9628e-01
16354.17 2.9949e-03 9.9701e-01
16484.18 2.6709e-03 9.9733e-01
16593.12 2.0544e-03 9.9795e-01
16691.99 2.6850e-03 9.9731e-01
16788.59 2.6593e-03 9.9734e-01
16888.37 1.6777e-03 9.9832e-01
16998.79 1.5114e-03 9.9849e-01
17146.37 1.7970e-03 9.9820e-01
17415.23 1.1412e-03 9.9886e-01
17888.12 1.0944e-03 9.9891e-01
18532.37 1.0756e-03 9.9892e-01
19260.76 8.3647e-04 9.9916e-01
20034.10 7.0329e-04 9.9930e-01
20838.00 5.6521e-04 9.9943e-01
21647.97 4.6772e-04 9.9953e-01
22447.94 3.2232e-04 9.9968e-01
23245.88 2.3882e-04 9.9976e-01
24052.47 1.9265e-04 9.9981e-01
24867.72 1.8853e-04 9.9981e-01
25698.86 1.5183e-04 9.9985e-01
26587.16 1.3036e-04 9.9987e-01
27637.54 9.7570e-05 9.9990e-01
28986.97 9.2125e-05 9.9991e-01
#TIME: 342.55
#NVEL 78
#vel_mid[km/s] mg0 mg1
1060.83 1.7725e-01 8.2275e-01
1919.29 1.4611e-01 8.5389e-01
2581.60 1.7926e-02 9.8207e-01
3084.17 2.9293e-03 9.9707e-01
3472.46 2.0592e-03 9.9794e-01
3909.64 1.8444e-03 9.9816e-01
4148.46 1.3735e-03 9.9863e-01
4670.75 1.3136e-03 9.9869e-01
4956.05 1.0027e-03 9.9900e-01
5258.79 7.1296e-04 9.9929e-01
5580.02 5.1098e-04 9.9949e-01
5920.87 3.7603e-04 9.9962e-01
6282.54 3.1493e-04 9.9969e-01
6666.30 2.7245e-04 9.9973e-01
7073.50 2.7367e-04 9.9973e-01
7505.58 2.4564e-04 9.9975e-01
7964.05 2.5990e-04 9.9974e-01
8450.53 3.1610e-04 9.9968e-01
8966.72 1.9782e-04 9.9980e-01
9514.44 2.4457e-04 9.9976e-01
10095.62 3.2360e-04 9.9968e-01
10712.30 7.5276e-04 9.9925e-01
11366.65 3.9603e-04 9.9960e-01
12061.10 4.3059e-04 9.9957e-01
12793.43 4.4921e-04 9.9955e-01
13528.61 1.0642e-03 9.9894e-01
14194.74 1.1313e-03 9.9887e-01
14757.77 1.2781e-03 9.9872e-01
15240.48 1.3282e-03 9.9867e-01
15646.99 2.2241e-03 9.9778e-01
15960.30 3.9444e-03 9.9606e-01
16187.41 4.0605e-03 9.9594e-01
16354.17 3.0252e-03 9.9697e-01
16484.18 3.3558e-03 9.9664e-01
16593.12 2.9317e-03 9.9707e-01
16691.99 4.2389e-03 9.9576e-01
16788.59 1.9432e-03 9.9806e-01
16888.37 1.6701e-03 9.9833e-01
16998.79 1.7096e-03 9.9829e-01
17146.37 1.8301e-03 9.9817e-01
17415.23 1.5188e-03 9.9848e-01
17888.12 1.2693e-03 9.9873e-01
18532.37 1.1215e-03 9.9888e-01
19260.76 8.0282e-04 9.9920e-01
20034.10 6.5976e-04 9.9934e-01
20838.00 4.7287e-04 9.9953e-01
21647.97 4.5304e-04 9.9955e-01
22447.94 3.0069e-04 9.9970e-01
23245.88 2.8854e-04 9.9971e-01
24052.47 2.2317e-04 9.9978e-01
24867.72 2.8069e-04 9.9972e-01
25698.86 1.8195e-04 9.9982e-01
26587.16 1.3121e-04 9.9987e-01
27637.54 1.2385e-04 9.9988e-01
28986.97 9.9143e-05 9.9990e-01
#TIME: 347.48
#NVEL 78
#vel_mid[km/s] mg0 mg1
1060.83 1.8019e-01 8.1981e-01
1919.29 2.1051e-01 7.8949e-01
2581.60 1.6920e-02 9.8308e-01
3084.17 3.0808e-03 9.9692e-01
3472.46 2.2620e-03 9.9774e-01
3909.64 1.5121e-03 9.9849e-01
4148.46 1.4361e-03 9.9856e-01
4670.75 1.3072e-03 9.9869e-01
4956.05 1.0271e-03 9.9897e-01
5258.79 7.0796e-04 9.9929e-01
5580.02 5.1260e-04 9.9949e-01
5920.87 3.8321e-04 9.9962e-01
6282.54 3.3124e-04 9.9967e-01
6666.30 2.9933e-04 9.9970e-01
7073.50 2.8332e-04 9.9972e-01
7505.58 2.5637e-04 9.9974e-01
7964.05 2.7106e-04 9.9973e-01
8450.53 3.2091e-04 9.9968e-01
8966.72 2.0589e-04 9.9979e-01
9514.44 2.5656e-04 9.9974e-01
10095.62 3.5074e-04 9.9965e-01
10712.30 7.3665e-04 9.9926e-01
11366.65 4.5365e-04 9.9955e-01
12061.10 4.2497e-04 9.9958e-01
12793.43 4.4114e-04 9.9956e-01
13528.61 9.5533e-04 9.9904e-01
14194.74 9.0792e-04 9.9909e-01
14757.77 9.2242e-04 9.9908e-01
15240.48 1.5690e-03 9.9843e-01
15646.99 1.4448e-03 9.9856e-01
15960.30 2.8597e-03 9.9714e-01
16187.41 3.4793e-03 9.9652e-01
16354.17 4.0239e-03 9.9598e-01
16484.18 3.2276e-03 9.9677e-01
16593.12 2.2300e-03 9.9777e-01
16691.99 1.6183e-03 9.9838e-01
16788.59 1.8226e-03 9.9818e-01
16888.37 2.8123e-03 9.9719e-01
16998.79 1.6338e-03 9.9837e-01
17146.37 1.8337e-03 9.9817e-01
17415.23 1.5276e-03 9.9847e-01
17888.12 1.2898e-03 9.9871e-01
18532.37 1.1523e-03 9.9885e-01
19260.76 9.0121e-04 9.9910e-01
20034.10 6.7858e-04 9.9932e-01
20838.00 4.9201e-04 9.9951e-01
21647.97 4.2313e-04 9.9958e-01
22447.94 3.3523e-04 9.9966e-01
23245.88 3.1908e-04 9.9968e-01
24052.47 2.4873e-04 9.9975e-01
24867.72 1.6895e-04 9.9983e-01
25698.86 2.0638e-04 9.9979e-01
26587.16 2.0285e-04 9.9980e-01
27637.54 1.3496e-04 9.9987e-01
28986.97 9.5628e-05 9.9990e-01
#TIME: 352.47
#NVEL 78
#vel_mid[km/s] mg0 mg1
1060.83 2.8505e-01 7.1495e-01
1919.29 1.7493e-01 8.2507e-01
2581.60 1.1740e-02 9.8826e-01
3084.17 3.1416e-03 9.9686e-01
3472.46 2.2186e-03 9.9778e-01
3909.64 1.7167e-03 9.9828e-01
4148.46 1.6695e-03 9.9833e-01
4670.75 1.4129e-03 9.9859e-01
4956.05 1.0039e-03 9.9900e-01
5258.79 7.4754e-04 9.9925e-01
5580.02 5.4561e-04 9.9945e-01
5920.87 4.0988e-04 9.9959e-01
6282.54 3.3611e-04 9.9966e-01
6666.30 3.1468e-04 9.9969e-01
7073.50 2.9489e-04 9.9971e-01
7505.58 2.7640e-04 9.9972e-01
7964.05 2.8632e-04 9.9971e-01
8450.53 3.4205e-04 9.9966e-01
8966.72 2.1457e-04 9.9979e-01
9514.44 2.7255e-04 9.9973e-01
10095.62 3.5783e-04 9.9964e-01
10712.30 7.8382e-04 9.9922e-01
11366.65 4.4459e-04 9.9956e-01
12061.10 4.3386e-04 9.9957e-01
12793.43 4.3149e-04 9.9957e-01
13528.61 1.1260e-03 9.9887e-01
14194.74 1.2214e-03 9.9878e-01
14757.77 1.1975e-03 9.9880e-01
15240.48 1.2665e-03 9.9873e-01
15646.99 2.3900e-03 9.9761e-01
15960.30 3.8703e-03 9.9613e-01
16187.41 4.0665e-03 9.9593e-01
16354.17 3.1603e-03 9.9684e-01
16484.18 3.9337e-03 9.9607e-01
16593.12 2.5261e-03 9.9747e-01
16691.99 2.2352e-03 9.9776e-01
16788.59 3.8266e-03 9.9617e-01
16888.37 1.9190e-03 9.9808e-01
16998.79 2.4780e-03 9.9752e-01
17146.37 2.1418e-03 9.9786e-01
17415.23 1.4592e-03 9.9854e-01
17888.12 1.2421e-03 9.9876e-01
18532.37 1.0354e-03 9.9896e-01
19260.76 9.2484e-04 9.9908e-01
20034.10 7.7809e-04 9.9922e-01
20838.00 5.5654e-04 9.9944e-01
21647.97 5.6399e-04 9.9944e-01
22447.94 3.4011e-04 9.9966e-01
23245.88 2.8031e-04 9.9972e-01
24052.47 1.9400e-04 9.9981e-01
24867.72 1.9869e-04 9.9980e-01
25698.86 2.1200e-04 9.9979e-01
26587.16 1.8634e-04 9.9981e-01
27637.54 1.3032e-04 9.9987e-01
28986.97 1.2380e-04 9.9988e-01
#TIME: 357.54
#NVEL 78
#vel_mid[km/s] mg0 mg1
1060.83 1.8401e-01 8.1599e-01
1919.29 1.4419e-01 8.5581e-01
2581.60 2.3177e-02 9.7682e-01
3084.17 3.3307e-03 9.9667e-01
3472.46 2.3200e-03 9.9768e-01
3909.64 1.7190e-03 9.9828e-01
4148.46 1.6951e-03 9.9830e-01
4670.75 1.4545e-03 9.9855e-01
4956.05 1.0974e-03 9.9890e-01
5258.79 8.2520e-04 9.9917e-01
5580.02 5.8720e-04 9.9941e-01
5920.87 4.3749e-04 9.9956e-01
6282.54 3.5887e-04 9.9964e-01
6666.30 3.3314e-04 9.9967e-01
7073.50 3.1583e-04 9.9968e-01
7505.58 2.9187e-04 9.9971e-01
7964.05 3.0836e-04 9.9969e-01
8450.53 3.5793e-04 9.9964e-01
8966.72 2.2518e-04 9.9977e-01
9514.44 2.8111e-04 9.9972e-01
10095.62 3.6092e-04 9.9964e-01
10712.30 7.7748e-04 9.9922e-01
11366.65 4.8808e-04 9.9951e-01
12061.10 4.5214e-04 9.9955e-01
12793.43 4.7102e-04 9.9953e-01
13528.61 1.2260e-03 9.9877e-01
14194.74 1.1965e-03 9.9880e-01
14757.77 1.0867e-03 9.9891e-01
15240.48 1.5154e-03 9.9848e-01
15646.99 1.6317e-03 9.9837e-01
15960.30 3.1204e-03 9.9688e-01
16187.41 5.0006e-03 9.9500e-01
16354.17 5.0450e-03 9.9495e-01
16484.18 2.8177e-03 9.9718e-01
16593.12 2.9517e-03 9.9705e-01
16691.99 2.4092e-03 9.9759e-01
16788.59 1.5932e-03 9.9841e-01
16888.37 1.8789e-03 9.9812e-01
16998.79 1.9474e-03 9.9805e-01
17146.37 1.6754e-03 9.9832e-01
17415.23 1.6415e-03 9.9836e-01
17888.12 1.4203e-03 9.9858e-01
18532.37 1.0259e-03 9.9897e-01
19260.76 9.0402e-04 9.9910e-01
20034.10 7.5832e-04 9.9924e-01
20838.00 6.4779e-04 9.9935e-01
21647.97 5.0665e-04 9.9949e-01
22447.94 3.5294e-04 9.9965e-01
23245.88 3.1044e-04 9.9969e-01
24052.47 2.7289e-04 9.9973e-01
24867.72 2.2264e-04 9.9978e-01
25698.86 2.3413e-04 9.9977e-01
26587.16 1.7510e-04 9.9982e-01
27637.54 1.1939e-04 9.9988e-01
28986.97 1.4630e-04 9.9985e-01
#TIME: 362.67
#NVEL 78
#vel_mid[km/s] mg0 mg1
1060.83 3.9554e-01 6.0446e-01
1919.29 1.9099e-01 8.0901e-01
2581.60 2.0573e-02 9.7943e-01
3084.17 3.5528e-03 9.9645e-01
3472.46 2.3892e-03 9.9761e-01
3909.64 1.8576e-03 9.9814e-01
4148.46 1.7409e-03 9.9826e-01
4670.75 1.4665e-03 9.9853e-01
4956.05 1.1529e-03 9.9885e-01
5258.79 7.9678e-04 9.9920e-01
5580.02 6.2718e-04 9.9937e-01
5920.87 4.6286e-04 9.9954e-01
6282.54 3.7191e-04 9.9963e-01
6666.30 3.5642e-04 9.9964e-01
7073.50 3.2326e-04 9.9968e-01
7505.58 3.0555e-04 9.9969e-01
7964.05 3.1037e-04 9.9969e-01
8450.53 3.5437e-04 9.9965e-01
8966.72 2.3858e-04 9.9976e-01
9514.44 2.8965e-04 9.9971e-01
10095.62 3.7987e-04 9.9962e-01
10712.30 8.3347e-04 9.9917e-01
11366.65 5.2759e-04 9.9947e-01
12061.10 5.2998e-04 9.9947e-01
12793.43 5.0278e-04 9.9950e-01
13528.61 1.1227e-03 9.9888e-01
14194.74 1.2894e-03 9.9871e-01
14757.77 1.4547e-03 9.9855e-01
15240.48 1.2187e-03 9.9878e-01
15646.99 2.3757e-03 9.9762e-01
15960.30 2.4060e-03 9.9759e-01
16187.41 4.4166e-03 9.9558e-01
16354.17 3.5791e-03 9.9642e-01
16484.18 3.0839e-03 9.9692e-01
16593.12 2.5576e-03 9.9744e-01
16691.99 2.2430e-03 9.9776e-01
16788.59 2.3561e-03 9.9764e-01
16888.37 1.8677e-03 9.9813e-01
16998.79 2.4935e-03 9.9751e-01
17146.37 1.8763e-03 9.9812e-01
17415.23 1.8169e-03 9.9818e-01
17888.12 1.3605e-03 9.9864e-01
18532.37 1.0634e-03 9.9894e-01
19260.76 1.1491e-03 9.9885e-01
20034.10 8.2776e-04 9.9917e-01
20838.00 7.2759e-04 9.9927e-01
21647.97 5.8037e-04 9.9942e-01
22447.94 4.1677e-04 9.9958e-01
23245.88 2.8601e-04 9.9971e-01
24052.47 2.3253e-04 9.9977e-01
24867.72 1.9631e-04 9.9980e-01
25698.86 2.2742e-04 9.9977e-01
26587.16 2.0411e-04 9.9980e-01
27637.54 1.7712e-04 9.9982e-01
28986.97 1.1969e-04 9.9988e-01
#TIME: 367.89
#NVEL 78
#vel_mid[km/s] mg0 mg1
1060.83 3.0902e-01 6.9098e-01
1919.29 1.6725e-01 8.3275e-01
2581.60 1.2632e-02 9.8737e-01
3084.17 3.5671e-03 9.9643e-01
3472.46 2.5070e-03 9.9749e-01
3909.64 1.9541e-03 9.9805e-01
4148.46 1.7043e-03 9.9830e-01
4670.75 1.5983e-03 9.9840e-01
4956.05 1.2531e-03 9.9875e-01
5258.79 8.3326e-04 9.9917e-01
5580.02 6.2136e-04 9.9938e-01
5920.87 4.7222e-04 9.9953e-01
6282.54 4.0340e-04 9.9960e-01
6666.30 3.4482e-04 9.9966e-01
7073.50 3.6649e-04 9.9963e-01
7505.58 3.2539e-04 9.9967e-01
7964.05 3.2529e-04 9.9967e-01
8450.53 3.6980e-04 9.9963e-01
8966.72 2.4724e-04 9.9975e-01
9514.44 2.8408e-04 9.9972e-01
10095.62 4.0669e-04 9.9959e-01
10712.30 8.0063e-04 9.9920e-01
11366.65 5.2071e-04 9.9948e-01
12061.10 5.1364e-04 9.9949e-01
12793.43 5.3263e-04 9.9947e-01
13528.61 1.3211e-03 9.9868e-01
14194.74 1.2436e-03 9.9876e-01
14757.77 1.1079e-03 9.9889e-01
15240.48 1.6508e-03 9.9835e-01
15646.99 1.7839e-03 9.9822e-01
15960.30 3.8539e-03 9.9615e-01
16187.41 3.5218e-03 9.9648e-01
16354.17 4.1672e-03 9.9583e-01
16484.18 3.6794e-03 9.9632e-01
16593.12 2.9678e-03 9.9703e-01
16691.99 2.6398e-03 9.9736e-01
16788.59 1.9169e-03 9.9808e-01
16888.37 1.8770e-03 9.9812e-01
16998.79 2.7625e-03 9.9724e-01
17146.37 1.9208e-03 9.9808e-01
17415.23 1.6867e-03 9.9831e-01
17888.12 1.2108e-03 9.9879e-01
18532.37 1.0901e-03 9.9891e-01
19260.76 1.0176e-03 9.9898e-01
20034.10 8.2796e-04 9.9917e-01
20838.00 6.2511e-04 9.9937e-01
21647.97 6.1386e-04 9.9939e-01
22447.94 5.0709e-04 9.9949e-01
23245.88 4.3847e-04 9.9956e-01
24052.47 3.0126e-04 9.9970e-01
24867.72 2.4573e-04 9.9975e-01
25698.86 2.6785e-04 9.9973e-01
26587.16 1.6441e-04 9.9984e-01
27637.54 1.4720e-04 9.9985e-01
28986.97 1.2398e-04 9.9988e-01
#TIME: 373.18
#NVEL 78
#vel_mid[km/s] mg0 mg1
1060.83 2.9168e-01 7.0832e-01
1919.29 1.7573e-01 8.2427e-01
2581.60 3.3559e-02 9.6644e-01
3084.17 3.7882e-03 9.9621e-01
3472.46 2.4870e-03 9.9751e-01
3909.64 1.9570e-03 9.9804e-01
4148.46 1.7742e-03 9.9823e-01
4670.75 1.6323e-03 9.9837e-01
4956.05 1.2107e-03 9.9879e-01
5258.79 9.2168e-04 9.9908e-01
5580.02 6.9595e-04 9.9930e-01
5920.87 5.1148e-04 9.9949e-01
6282.54 4.2772e-04 9.9957e-01
6666.30 3.8245e-04 9.9962e-01
7073.50 3.5934e-04 9.9964e-01
7505.58 3.2549e-04 9.9967e-01
7964.05 3.3840e-04 9.9966e-01
8450.53 3.7520e-04 9.9962e-01
8966.72 2.5996e-04 9.9974e-01
9514.44 3.0229e-04 9.9970e-01
10095.62 4.0540e-04 9.9959e-01
10712.30 8.4967e-04 9.9915e-01
11366.65 5.2273e-04 9.9948e-01
12061.10 5.4979e-04 9.9945e-01
12793.43 5.5536e-04 9.9944e-01
13528.61 1.2198e-03 9.9878e-01
14194.74 1.4748e-03 9.9853e-01
14757.77 1.7158e-03 9.9828e-01
15240.48 1.6654e-03 9.9833e-01
15646.99 2.4496e-03 9.9755e-01
15960.30 2.9203e-03 9.9708e-01
16187.41 3.0518e-03 9.9695e-01
16354.17 3.4091e-03 9.9659e-01
16484.18 3.2206e-03 9.9678e-01
16593.12 2.7471e-03 9.9725e-01
16691.99 2.7867e-03 9.9721e-01
16788.59 1.9709e-03 9.9803e-01
16888.37 2.1365e-03 9.9786e-01
16998.79 1.7884e-03 9.9821e-01
17146.37 2.1237e-03 9.9788e-01
17415.23 1.7589e-03 9.9824e-01
17888.12 1.4315e-03 9.9857e-01
18532.37 1.3174e-03 9.9868e-01
19260.76 1.1933e-03 9.9881e-01
20034.10 1.0390e-03 9.9896e-01
20838.00 6.8538e-04 9.9931e-01
21647.97 7.2903e-04 9.9927e-01
22447.94 5.0776e-04 9.9949e-01
23245.88 4.2393e-04 9.9958e-01
24052.47 3.6005e-04 9.9964e-01
24867.72 2.6446e-04 9.9974e-01
25698.86 2.8512e-04 9.9971e-01
26587.16 2.0395e-04 9.9980e-01
27637.54 1.6449e-04 9.9984e-01
28986.97 1.5325e-04 9.9985e-01
#TIME: 378.54
#NVEL 78
#vel_mid[km/s] mg0 mg1
1060.83 1.6822e-01 8.3178e-01
1919.29 3.2648e-01 6.7352e-01
2581.60 3.5684e-02 9.6432e-01
3084.17 3.8827e-03 9.9612e-01
3472.46 2.7152e-03 9.9728e-01
3909.64 2.1472e-03 9.9785e-01
4148.46 1.8875e-03 9.9811e-01
4670.75 1.7801e-03 9.9822e-01
4956.05 1.3967e-03 9.9860e-01
5258.79 9.5171e-04 9.9905e-01
5580.02 7.0879e-04 9.9929e-01
5920.87 5.2974e-04 9.9947e-01
6282.54 4.3156e-04 9.9957e-01
6666.30 4.0388e-04 9.9960e-01
7073.50 3.7156e-04 9.9963e-01
7505.58 3.3672e-04 9.9966e-01
7964.05 3.5945e-04 9.9964e-01
8450.53 4.0551e-04 9.9959e-01
8966.72 2.7177e-04 9.9973e-01
9514.44 3.1427e-04 9.9969e-01
10095.62 4.2172e-04 9.9958e-01
10712.30 9.1618e-04 9.9908e-01
11366.65 5.1788e-04 9.9948e-01
12061.10 5.1371e-04 9.9949e-01
12793.43 5.3316e-04 9.9947e-01
13528.61 1.3396e-03 9.9866e-01
14194.74 1.3791e-03 9.9862e-01
14757.77 1.2260e-03 9.9877e-01
15240.48 2.0300e-03 9.9797e-01
15646.99 2.3144e-03 9.9769e-01
15960.30 5.1927e-03 9.9481e-01
16187.41 4.6544e-03 9.9535e-01
16354.17 3.9263e-03 9.9607e-01
16484.18 5.0741e-03 9.9493e-01
16593.12 2.9797e-03 9.9702e-01
16691.99 3.2715e-03 9.9673e-01
16788.59 3.5270e-03 9.9647e-01
16888.37 3.2227e-03 9.9678e-01
16998.79 2.8055e-03 9.9719e-01
17146.37 2.2506e-03 9.9775e-01
17415.23 2.5485e-03 9.9745e-01
17888.12 1.5422e-03 9.9846e-01
18532.37 1.8075e-03 9.9819e-01
19260.76 1.5496e-03 9.9845e-01
20034.10 1.0434e-03 9.9896e-01
20838.00 8.0336e-04 9.9920e-01
21647.97 6.4725e-04 9.9935e-01
22447.94 4.7650e-04 9.9952e-01
23245.88 5.1829e-04 9.9948e-01
24052.47 3.0372e-04 9.9970e-01
24867.72 2.7448e-04 9.9973e-01
25698.86 2.3230e-04 9.9977e-01
26587.16 1.9078e-04 9.9981e-01
27637.54 1.8686e-04 9.9981e-01
28986.97 1.8263e-04 9.9982e-01
#TIME: 383.98
#NVEL 78
#vel_mid[km/s] mg0 mg1
1060.83 3.6037e-01 6.3963e-01
1919.29 2.4893e-01 7.5107e-01
2581.60 1.9086e-02 9.8091e-01
3084.17 4.3505e-03 9.9565e-01
3472.46 3.0795e-03 9.9692e-01
3909.64 2.2349e-03 9.9777e-01
4148.46 1.9227e-03 9.9808e-01
4670.75 1.8564e-03 9.9814e-01
4956.05 1.4325e-03 9.9857e-01
5258.79 1.0237e-03 9.9898e-01
5580.02 7.0588e-04 9.9929e-01
5920.87 5.2266e-04 9.9948e-01
6282.54 4.5868e-04 9.9954e-01
6666.30 4.1180e-04 9.9959e-01
7073.50 3.8524e-04 9.9961e-01
7505.58 3.6431e-04 9.9964e-01
7964.05 3.5943e-04 9.9964e-01
8450.53 4.1959e-04 9.9958e-01
8966.72 2.9166e-04 9.9971e-01
9514.44 3.3196e-04 9.9967e-01
10095.62 4.3473e-04 9.9957e-01
10712.30 9.0448e-04 9.9910e-01
11366.65 5.5567e-04 9.9944e-01
12061.10 5.4967e-04 9.9945e-01
12793.43 5.8296e-04 9.9942e-01
13528.61 1.2791e-03 9.9872e-01
14194.74 1.5352e-03 9.9846e-01
14757.77 1.4860e-03 9.9851e-01
15240.48 1.6529e-03 9.9835e-01
15646.99 2.5588e-03 9.9744e-01
15960.30 7.4701e-03 9.9253e-01
16187.41 4.6398e-03 9.9536e-01
16354.17 4.7078e-03 9.9529e-01
16484.18 3.8299e-03 9.9617e-01
16593.12 3.1100e-03 9.9689e-01
16691.99 5.1224e-03 9.9488e-01
16788.59 4.2030e-03 9.9580e-01
16888.37 3.0978e-03 9.9690e-01
16998.79 3.0895e-03 9.9691e-01
17146.37 3.0707e-03 9.9693e-01
17415.23 2.2126e-03 9.9779e-01
17888.12 2.1415e-03 9.9786e-01
18532.37 1.6865e-03 9.9831e-01
19260.76 1.3511e-03 9.9865e-01
20034.10 1.2421e-03 9.9876e-01
20838.00 1.1060e-03 9.9889e-01
21647.97 1.0718e-03 9.9893e-01
22447.94 5.5680e-04 9.9944e-01
23245.88 5.0667e-04 9.9949e-01
24052.47 4.0657e-04 9.9959e-01
24867.72 3.9242e-04 9.9961e-01
25698.86 2.2179e-04 9.9978e-01
26587.16 2.1775e-04 9.9978e-01
27637.54 1.8107e-04 9.9982e-01
28986.97 1.5481e-04 9.9985e-01
#TIME: 389.50
#NVEL 78
#vel_mid[km/s] mg0 mg1
1060.83 3.2160e-01 6.7840e-01
1919.29 3.3532e-01 6.6468e-01
2581.60 4.7857e-02 9.5214e-01
3084.17 4.3555e-03 9.9564e-01
3472.46 3.0913e-03 9.9691e-01
3909.64 2.2919e-03 9.9771e-01
4148.46 2.0525e-03 9.9795e-01
4670.75 1.9016e-03 9.9810e-01
4956.05 1.3740e-03 9.9863e-01
5258.79 1.0692e-03 9.9893e-01
5580.02 7.6493e-04 9.9924e-01
5920.87 5.9516e-04 9.9940e-01
6282.54 4.8258e-04 9.9952e-01
6666.30 4.1715e-04 9.9958e-01
7073.50 3.9902e-04 9.9960e-01
7505.58 3.8332e-04 9.9962e-01
7964.05 3.8242e-04 9.9962e-01
8450.53 4.2708e-04 9.9957e-01
8966.72 3.0706e-04 9.9969e-01
9514.44 3.5190e-04 9.9965e-01
10095.62 4.6846e-04 9.9953e-01
10712.30 9.9922e-04 9.9900e-01
11366.65 5.7626e-04 9.9942e-01
12061.10 6.2487e-04 9.9938e-01
12793.43 5.0425e-04 9.9950e-01
13528.61 1.3594e-03 9.9864e-01
14194.74 1.5524e-03 9.9845e-01
14757.77 1.6321e-03 9.9837e-01
15240.48 2.2000e-03 9.9780e-01
15646.99 3.1308e-03 9.9687e-01
15960.30 3.9300e-03 9.9607e-01
16187.41 6.1843e-03 9.9382e-01
16354.17 6.8778e-03 9.9312e-01
16484.18 6.4242e-03 9.9358e-01
16593.12 4.7464e-03 9.9525e-01
16691.99 4.4101e-03 9.9559e-01
16788.59 2.6703e-03 9.9733e-01
16888.37 2.7050e-03 9.9730e-01
16998.79 2.9437e-03 9.9706e-01
17146.37 2.9837e-03 9.9702e-01
17415.23 2.4686e-03 9.9753e-01
17888.12 2.1050e-03 9.9790e-01
18532.37 1.6960e-03 9.9830e-01
19260.76 1.5198e-03 9.9848e-01
20034.10 7.3856e-04 9.9926e-01
20838.00 6.3001e-04 9.9937e-01
21647.97 5.5705e-04 9.9944e-01
22447.94 5.7855e-04 9.9942e-01
23245.88 4.2255e-04 9.9958e-01
24052.47 4.0750e-04 9.9959e-01
24867.72 4.2740e-04 9.9957e-01
25698.86 2.8184e-04 9.9972e-01
26587.16 2.1964e-04 9.9978e-01
27637.54 1.9427e-04 9.9981e-01
28986.97 1.7394e-04 9.9983e-01
#TIME: 395.10
#NVEL 78
#vel_mid[km/s] mg0 mg1
1060.83 2.8876e-01 7.1124e-01
1919.29 3.1147e-01 6.8853e-01
2581.60 3.6943e-02 9.6306e-01
3084.17 4.7293e-03 9.9527e-01
3472.46 3.1976e-03 9.9680e-01
3909.64 2.4109e-03 9.9759e-01
4148.46 2.1864e-03 9.9781e-01
4670.75 1.9711e-03 9.9803e-01
4956.05 1.5653e-03 9.9843e-01
5258.79 1.1320e-03 9.9887e-01
5580.02 7.9769e-04 9.9920e-01
5920.87 5.9397e-04 9.9941e-01
6282.54 5.0798e-04 9.9949e-01
6666.30 4.5806e-04 9.9954e-01
7073.50 4.1335e-04 9.9959e-01
7505.58 3.8604e-04 9.9961e-01
7964.05 4.0126e-04 9.9960e-01
8450.53 4.5846e-04 9.9954e-01
8966.72 3.2676e-04 9.9967e-01
9514.44 3.6353e-04 9.9964e-01
10095.62 5.0085e-04 9.9950e-01
10712.30 1.0136e-03 9.9899e-01
11366.65 6.3686e-04 9.9936e-01
12061.10 6.3376e-04 9.9937e-01
12793.43 5.8923e-04 9.9941e-01
13528.61 1.5305e-03 9.9847e-01
14194.74 1.9420e-03 9.9806e-01
14757.77 2.0994e-03 9.9790e-01
15240.48 2.1181e-03 9.9788e-01
15646.99 2.6201e-03 9.9738e-01
15960.30 6.7552e-03 9.9324e-01
16187.41 5.0568e-03 9.9494e-01
16354.17 5.6571e-03 9.9434e-01
16484.18 5.3091e-03 9.9469e-01
16593.12 3.2923e-03 9.9671e-01
16691.99 3.7036e-03 9.9630e-01
16788.59 4.8578e-03 9.9514e-01
16888.37 2.2272e-03 9.9777e-01
16998.79 3.0057e-03 9.9699e-01
17146.37 3.3965e-03 9.9660e-01
17415.23 2.1676e-03 9.9783e-01
17888.12 1.9743e-03 9.9803e-01
18532.37 2.0532e-03 9.9795e-01
19260.76 1.3942e-03 9.9861e-01
20034.10 1.5663e-03 9.9843e-01
20838.00 1.4388e-03 9.9856e-01
21647.97 1.0227e-03 9.9898e-01
22447.94 7.0809e-04 9.9929e-01
23245.88 6.4922e-04 9.9935e-01
24052.47 5.7605e-04 9.9942e-01
24867.72 3.6695e-04 9.9963e-01
25698.86 2.4103e-04 9.9976e-01
26587.16 2.3650e-04 9.9976e-01
27637.54 1.9281e-04 9.9981e-01
28986.97 1.9975e-04 9.9980e-01
#TIME: 400.78
#NVEL 78
#vel_mid[km/s] mg0 mg1
1060.83 2.5650e-01 7.4350e-01
1919.29 3.1332e-01 6.8668e-01
2581.60 6.0742e-02 9.3926e-01
3084.17 4.6565e-03 9.9534e-01
3472.46 3.4738e-03 9.9653e-01
3909.64 2.4895e-03 9.9751e-01
4148.46 2.2784e-03 9.9772e-01
4670.75 2.1198e-03 9.9788e-01
4956.05 1.3817e-03 9.9862e-01
5258.79 1.1267e-03 9.9887e-01
5580.02 8.5038e-04 9.9915e-01
5920.87 6.1632e-04 9.9938e-01
6282.54 5.0238e-04 9.9950e-01
6666.30 4.8990e-04 9.9951e-01
7073.50 4.3914e-04 9.9956e-01
7505.58 4.2210e-04 9.9958e-01
7964.05 4.2556e-04 9.9957e-01
8450.53 4.7108e-04 9.9953e-01
8966.72 3.3936e-04 9.9966e-01
9514.44 4.0279e-04 9.9960e-01
10095.62 5.1860e-04 9.9948e-01
10712.30 1.0135e-03 9.9899e-01
11366.65 6.5520e-04 9.9934e-01
12061.10 6.1730e-04 9.9938e-01
12793.43 6.4075e-04 9.9936e-01
13528.61 1.7393e-03 9.9826e-01
14194.74 2.0255e-03 9.9797e-01
14757.77 2.2665e-03 9.9773e-01
15240.48 3.3890e-03 9.9661e-01
15646.99 3.9181e-03 9.9608e-01
15960.30 6.7774e-03 9.9322e-01
16187.41 6.3659e-03 9.9363e-01
16354.17 4.7193e-03 9.9528e-01
16484.18 5.3210e-03 9.9468e-01
16593.12 4.6623e-03 9.9534e-01
16691.99 2.7473e-03 9.9725e-01
16788.59 3.0579e-03 9.9694e-01
16888.37 3.0816e-03 9.9692e-01
16998.79 3.4195e-03 9.9658e-01
17146.37 3.0060e-03 9.9699e-01
17415.23 2.3633e-03 9.9764e-01
17888.12 2.0401e-03 9.9796e-01
18532.37 1.9683e-03 9.9803e-01
19260.76 1.6825e-03 9.9832e-01
20034.10 9.0688e-04 9.9909e-01
20838.00 1.5493e-03 9.9845e-01
21647.97 2.0569e-03 9.9794e-01
22447.94 8.2827e-04 9.9917e-01
23245.88 5.4545e-04 9.9945e-01
24052.47 5.1948e-04 9.9948e-01
24867.72 5.4219e-04 9.9946e-01
25698.86 3.1577e-04 9.9968e-01
26587.16 2.9865e-04 9.9970e-01
27637.54 2.9110e-04 9.9971e-01
28986.97 2.2883e-04 9.9977e-01
