#NTIMES: 398
#time[d] Lbol[erg/s] Edep[erg/s]
1.30000e+00 -1.24700e+39 7.89800e+42
1.30000e+00 -6.94000e+38 7.89800e+42
1.30000e+00 3.41700e+38 7.89800e+42
1.30000e+00 1.70000e+39 7.89800e+42
1.30000e+00 3.11500e+39 7.89800e+42
1.30100e+00 4.39900e+39 7.89700e+42
1.30100e+00 5.39300e+39 7.89700e+42
1.30300e+00 5.91400e+39 7.89600e+42
1.30400e+00 6.08400e+39 7.89500e+42
1.30500e+00 6.06600e+39 7.89400e+42
1.30700e+00 5.94100e+39 7.89300e+42
1.30800e+00 5.75300e+39 7.89200e+42
1.31000e+00 5.52700e+39 7.89100e+42
1.31200e+00 5.28200e+39 7.88900e+42
1.31400e+00 5.02700e+39 7.88800e+42
1.31700e+00 4.76900e+39 7.88600e+42
1.31900e+00 4.51400e+39 7.88400e+42
1.32200e+00 4.26400e+39 7.88200e+42
1.32400e+00 4.02300e+39 7.88100e+42
1.32700e+00 3.79000e+39 7.87800e+42
1.33000e+00 3.56700e+39 7.87700e+42
1.33300e+00 3.35500e+39 7.87400e+42
1.33600e+00 3.15300e+39 7.87200e+42
1.33900e+00 2.96200e+39 7.87000e+42
1.34300e+00 2.78200e+39 7.86700e+42
1.34600e+00 2.61200e+39 7.86500e+42
1.35000e+00 2.45200e+39 7.86200e+42
1.35400e+00 2.30200e+39 7.85900e+42
1.35800e+00 2.16100e+39 7.85600e+42
1.36200e+00 2.02900e+39 7.85300e+42
1.36600e+00 1.90500e+39 7.85000e+42
1.37100e+00 1.78900e+39 7.84700e+42
1.37500e+00 1.68100e+39 7.84400e+42
1.38000e+00 1.58000e+39 7.84000e+42
1.38500e+00 1.48600e+39 7.83600e+42
1.39100e+00 1.39700e+39 7.83300e+42
1.39600e+00 1.31400e+39 7.82900e+42
1.40200e+00 1.23700e+39 7.82400e+42
1.40900e+00 1.16600e+39 7.82000e+42
1.41500e+00 1.10100e+39 7.81500e+42
1.42200e+00 1.03900e+39 7.81000e+42
1.43000e+00 9.82700e+38 7.80400e+42
1.43800e+00 9.30300e+38 7.79800e+42
1.44700e+00 8.95500e+38 7.79200e+42
1.45700e+00 8.45800e+38 7.78500e+42
1.46800e+00 8.06000e+38 7.77800e+42
1.47900e+00 7.70100e+38 7.76900e+42
1.49300e+00 7.38300e+38 7.76000e+42
1.50800e+00 7.10600e+38 7.74900e+42
1.52600e+00 6.80600e+38 7.73600e+42
1.54400e+00 6.62300e+38 7.72300e+42
1.56300e+00 6.56600e+38 7.71000e+42
1.58200e+00 6.48200e+38 7.69700e+42
1.60200e+00 6.44800e+38 7.68300e+42
1.62200e+00 6.45900e+38 7.66900e+42
1.64200e+00 6.62400e+38 7.65400e+42
1.66400e+00 6.73000e+38 7.63900e+42
1.68600e+00 6.79000e+38 7.62400e+42
1.70900e+00 7.02400e+38 7.60800e+42
1.73200e+00 7.34100e+38 7.59200e+42
1.75700e+00 7.77200e+38 7.57500e+42
1.78200e+00 8.33000e+38 7.55700e+42
1.80900e+00 8.98000e+38 7.53900e+42
1.83500e+00 9.93900e+38 7.52100e+42
1.86200e+00 1.09900e+39 7.50300e+42
1.88800e+00 1.22300e+39 7.48500e+42
1.91500e+00 1.38100e+39 7.46700e+42
1.93900e+00 1.54000e+39 7.45000e+42
1.96300e+00 1.72700e+39 7.43400e+42
1.98600e+00 1.93500e+39 7.41900e+42
2.00900e+00 2.14000e+39 7.40300e+42
2.03100e+00 2.39300e+39 7.38800e+42
2.05300e+00 2.64200e+39 7.37400e+42
2.07600e+00 2.91500e+39 7.35900e+42
2.09800e+00 3.21700e+39 7.34400e+42
2.12100e+00 3.55000e+39 7.32900e+42
2.14400e+00 3.91700e+39 7.31400e+42
2.16700e+00 4.32300e+39 7.29800e+42
2.19100e+00 4.77100e+39 7.28200e+42
2.21600e+00 5.26700e+39 7.26600e+42
2.24200e+00 5.81600e+39 7.24900e+42
2.26800e+00 6.42400e+39 7.23200e+42
2.29500e+00 7.09800e+39 7.21400e+42
2.32400e+00 7.84700e+39 7.19600e+42
2.35400e+00 8.68000e+39 7.17600e+42
2.38500e+00 9.58000e+39 7.15600e+42
2.41700e+00 1.06100e+40 7.13500e+42
2.45200e+00 1.17700e+40 7.11300e+42
2.48800e+00 1.30600e+40 7.09000e+42
2.52600e+00 1.45100e+40 7.06600e+42
2.56700e+00 1.61300e+40 7.04000e+42
2.60900e+00 1.79000e+40 7.01400e+42
2.65300e+00 1.98200e+40 6.98700e+42
2.69700e+00 2.18800e+40 6.95900e+42
2.74100e+00 2.40600e+40 6.93200e+42
2.78700e+00 2.63700e+40 6.90300e+42
2.83300e+00 2.88200e+40 6.87500e+42
2.88000e+00 3.14100e+40 6.84700e+42
2.92700e+00 3.41400e+40 6.81800e+42
2.97600e+00 3.70300e+40 6.78900e+42
3.02500e+00 4.00600e+40 6.75900e+42
3.07500e+00 4.32400e+40 6.72900e+42
3.12600e+00 4.66200e+40 6.69900e+42
3.17700e+00 5.01200e+40 6.66800e+42
3.23000e+00 5.37900e+40 6.63800e+42
3.28300e+00 5.76200e+40 6.60600e+42
3.33700e+00 6.16200e+40 6.57500e+42
3.39200e+00 6.58000e+40 6.54300e+42
3.44800e+00 7.01600e+40 6.51100e+42
3.50500e+00 7.46900e+40 6.47900e+42
3.56300e+00 7.94100e+40 6.44600e+42
3.62100e+00 8.43100e+40 6.41300e+42
3.68100e+00 8.94100e+40 6.38000e+42
3.74100e+00 9.46900e+40 6.34600e+42
3.80300e+00 1.00200e+41 6.31200e+42
3.86600e+00 1.05900e+41 6.27800e+42
3.92900e+00 1.11700e+41 6.24400e+42
3.99400e+00 1.17800e+41 6.20900e+42
4.05900e+00 1.24200e+41 6.17400e+42
4.12600e+00 1.30700e+41 6.13800e+42
4.19400e+00 1.37500e+41 6.10200e+42
4.26300e+00 1.44400e+41 6.06600e+42
4.33300e+00 1.51600e+41 6.03000e+42
4.40400e+00 1.59100e+41 5.99300e+42
4.47600e+00 1.66800e+41 5.95600e+42
4.55000e+00 1.74700e+41 5.91900e+42
4.62400e+00 1.82900e+41 5.88100e+42
4.70000e+00 1.91400e+41 5.84300e+42
4.77700e+00 2.00200e+41 5.80500e+42
4.85600e+00 2.09300e+41 5.76600e+42
4.93500e+00 2.18700e+41 5.72800e+42
5.01600e+00 2.28500e+41 5.68800e+42
5.09900e+00 2.38600e+41 5.64900e+42
5.18200e+00 2.49100e+41 5.60900e+42
5.26700e+00 2.60000e+41 5.57000e+42
5.35400e+00 2.71400e+41 5.52900e+42
5.44200e+00 2.83300e+41 5.48900e+42
5.53100e+00 2.95700e+41 5.44800e+42
5.62200e+00 3.08600e+41 5.40700e+42
5.71400e+00 3.22200e+41 5.36600e+42
5.80800e+00 3.36400e+41 5.32400e+42
5.90300e+00 3.51400e+41 5.28300e+42
6.00000e+00 3.67100e+41 5.24100e+42
6.09800e+00 3.83600e+41 5.19900e+42
6.19800e+00 4.01000e+41 5.15600e+42
6.30000e+00 4.19400e+41 5.11400e+42
6.40300e+00 4.38800e+41 5.07100e+42
6.50900e+00 4.59300e+41 5.02700e+42
6.61500e+00 4.80900e+41 4.98400e+42
6.72400e+00 5.03800e+41 4.94100e+42
6.83400e+00 5.28000e+41 4.89700e+42
6.94700e+00 5.53600e+41 4.85300e+42
7.06100e+00 5.80600e+41 4.80900e+42
7.17700e+00 6.09100e+41 4.76500e+42
7.29500e+00 6.39200e+41 4.72100e+42
7.41400e+00 6.70900e+41 4.67600e+42
7.53600e+00 7.04300e+41 4.63200e+42
7.66000e+00 7.39500e+41 4.58700e+42
7.78600e+00 7.76400e+41 4.54200e+42
7.91400e+00 8.15200e+41 4.49700e+42
8.04400e+00 8.55800e+41 4.45200e+42
8.17600e+00 8.98300e+41 4.40600e+42
8.31100e+00 9.42700e+41 4.36100e+42
8.44700e+00 9.89000e+41 4.31600e+42
8.58600e+00 1.03700e+42 4.27000e+42
8.72800e+00 1.08700e+42 4.22500e+42
8.87100e+00 1.13900e+42 4.17900e+42
9.01700e+00 1.19200e+42 4.13300e+42
9.16600e+00 1.24800e+42 4.08800e+42
9.31700e+00 1.30400e+42 4.04200e+42
9.47000e+00 1.36300e+42 3.99700e+42
9.62600e+00 1.42300e+42 3.95100e+42
9.78500e+00 1.48400e+42 3.90500e+42
9.94600e+00 1.54600e+42 3.86000e+42
1.01100e+01 1.60900e+42 3.81400e+42
1.02800e+01 1.67300e+42 3.76900e+42
1.04500e+01 1.73700e+42 3.72300e+42
1.06200e+01 1.80300e+42 3.67800e+42
1.07900e+01 1.86800e+42 3.63300e+42
1.09700e+01 1.93300e+42 3.58800e+42
1.11500e+01 1.99900e+42 3.54200e+42
1.13400e+01 2.06300e+42 3.49700e+42
1.15200e+01 2.12700e+42 3.45300e+42
1.17100e+01 2.19000e+42 3.40800e+42
1.19100e+01 2.25200e+42 3.36400e+42
1.21000e+01 2.31200e+42 3.32000e+42
1.23000e+01 2.37000e+42 3.27600e+42
1.25000e+01 2.42700e+42 3.23300e+42
1.27000e+01 2.48100e+42 3.19000e+42
1.29100e+01 2.53200e+42 3.14700e+42
1.31200e+01 2.58100e+42 3.10500e+42
1.33300e+01 2.62700e+42 3.06300e+42
1.35500e+01 2.67000e+42 3.02100e+42
1.37600e+01 2.75100e+42 2.98000e+42
1.39900e+01 2.78700e+42 2.93700e+42
1.42200e+01 2.82000e+42 2.89500e+42
1.44600e+01 2.84900e+42 2.85400e+42
1.46900e+01 2.87400e+42 2.81300e+42
1.49300e+01 2.89500e+42 2.77400e+42
1.51600e+01 2.91100e+42 2.73500e+42
1.53900e+01 2.92400e+42 2.69700e+42
1.56300e+01 2.93300e+42 2.66000e+42
1.58600e+01 2.93800e+42 2.62400e+42
1.61000e+01 2.94000e+42 2.58900e+42
1.63400e+01 2.93800e+42 2.55400e+42
1.65800e+01 2.93300e+42 2.52000e+42
1.68200e+01 2.92400e+42 2.48600e+42
1.70600e+01 2.91200e+42 2.45300e+42
1.73000e+01 2.89700e+42 2.42000e+42
1.75500e+01 2.87900e+42 2.38800e+42
1.78000e+01 2.85700e+42 2.35600e+42
1.80500e+01 2.83300e+42 2.32500e+42
1.83100e+01 2.80500e+42 2.29400e+42
1.85700e+01 2.77500e+42 2.26300e+42
1.88300e+01 2.74300e+42 2.23300e+42
1.90900e+01 2.70800e+42 2.20300e+42
1.93500e+01 2.67200e+42 2.17400e+42
1.96200e+01 2.63300e+42 2.14600e+42
1.98800e+01 2.59300e+42 2.11800e+42
2.01600e+01 2.55200e+42 2.09000e+42
2.04300e+01 2.50900e+42 2.06300e+42
2.07100e+01 2.46500e+42 2.03500e+42
2.09900e+01 2.41900e+42 2.00800e+42
2.12800e+01 2.37300e+42 1.98200e+42
2.15800e+01 2.32600e+42 1.95500e+42
2.18800e+01 2.27900e+42 1.92800e+42
2.21900e+01 2.23100e+42 1.90200e+42
2.25100e+01 2.18300e+42 1.87500e+42
2.28400e+01 2.13600e+42 1.84900e+42
2.31700e+01 2.08900e+42 1.82300e+42
2.35000e+01 2.04300e+42 1.79700e+42
2.38400e+01 1.99800e+42 1.77100e+42
2.41900e+01 1.95400e+42 1.74600e+42
2.45500e+01 1.91000e+42 1.72100e+42
2.49200e+01 1.86800e+42 1.69600e+42
2.52900e+01 1.82800e+42 1.67100e+42
2.56700e+01 1.78800e+42 1.64600e+42
2.60500e+01 1.74900e+42 1.62100e+42
2.64500e+01 1.71200e+42 1.59700e+42
2.68500e+01 1.67600e+42 1.57300e+42
2.72600e+01 1.64100e+42 1.54900e+42
2.76800e+01 1.60600e+42 1.52500e+42
2.81100e+01 1.57300e+42 1.50200e+42
2.85500e+01 1.54100e+42 1.47800e+42
2.89900e+01 1.51000e+42 1.45500e+42
2.94400e+01 1.48000e+42 1.43200e+42
2.99000e+01 1.45100e+42 1.41000e+42
3.03600e+01 1.42300e+42 1.38700e+42
3.08300e+01 1.39600e+42 1.36500e+42
3.13000e+01 1.37000e+42 1.34400e+42
3.17800e+01 1.34500e+42 1.32200e+42
3.22600e+01 1.32000e+42 1.30100e+42
3.27500e+01 1.29700e+42 1.28000e+42
3.32500e+01 1.27400e+42 1.26000e+42
3.37500e+01 1.25100e+42 1.23900e+42
3.42600e+01 1.23000e+42 1.21900e+42
3.47800e+01 1.20800e+42 1.19900e+42
3.53000e+01 1.18700e+42 1.17900e+42
3.58400e+01 1.16600e+42 1.16000e+42
3.63900e+01 1.14400e+42 1.14000e+42
3.69500e+01 1.12300e+42 1.12000e+42
3.75300e+01 1.10200e+42 1.10000e+42
3.81000e+01 1.08100e+42 1.08100e+42
3.86800e+01 1.06100e+42 1.06200e+42
3.92600e+01 1.04100e+42 1.04300e+42
3.98400e+01 1.02200e+42 1.02500e+42
4.04200e+01 1.00300e+42 1.00600e+42
4.10000e+01 9.84200e+41 9.88900e+41
4.15800e+01 9.66200e+41 9.71600e+41
4.21600e+01 9.48700e+41 9.54600e+41
4.27300e+01 9.31600e+41 9.38000e+41
4.33100e+01 9.15000e+41 9.21800e+41
4.38900e+01 8.98800e+41 9.05800e+41
4.44700e+01 8.83000e+41 8.90200e+41
4.50500e+01 8.67600e+41 8.74800e+41
4.56300e+01 8.52500e+41 8.59800e+41
4.62100e+01 8.37900e+41 8.45000e+41
4.67800e+01 8.23500e+41 8.30500e+41
4.73600e+01 8.09500e+41 8.16300e+41
4.79400e+01 7.95900e+41 8.02300e+41
4.85200e+01 7.82500e+41 7.88600e+41
4.91000e+01 7.69400e+41 7.75200e+41
4.96800e+01 7.56500e+41 7.62000e+41
5.02600e+01 7.44000e+41 7.49000e+41
5.08400e+01 7.31700e+41 7.36300e+41
5.14100e+01 7.19600e+41 7.23800e+41
5.19900e+01 7.07800e+41 7.11600e+41
5.25700e+01 6.96200e+41 6.99600e+41
5.31500e+01 6.84800e+41 6.87800e+41
5.37300e+01 6.73600e+41 6.76200e+41
5.43100e+01 6.62700e+41 6.64800e+41
5.48900e+01 6.51900e+41 6.53700e+41
5.54700e+01 6.41400e+41 6.42700e+41
5.60400e+01 6.31100e+41 6.31900e+41
5.66200e+01 6.20900e+41 6.21400e+41
5.72000e+01 6.10900e+41 6.11000e+41
5.77800e+01 6.01100e+41 6.00900e+41
5.83600e+01 5.91500e+41 5.90900e+41
5.89400e+01 5.82100e+41 5.81100e+41
5.95200e+01 5.72800e+41 5.71400e+41
6.00900e+01 5.63700e+41 5.62000e+41
6.06700e+01 5.54800e+41 5.52700e+41
6.12500e+01 5.46100e+41 5.43600e+41
6.18300e+01 5.37500e+41 5.34700e+41
6.24100e+01 5.29000e+41 5.25900e+41
6.29900e+01 5.20700e+41 5.17300e+41
6.35700e+01 5.12600e+41 5.08900e+41
6.41500e+01 5.04600e+41 5.00600e+41
6.47200e+01 4.96700e+41 4.92500e+41
6.53000e+01 4.89000e+41 4.84500e+41
6.58800e+01 4.81400e+41 4.76600e+41
6.64600e+01 4.74000e+41 4.68900e+41
6.70400e+01 4.66600e+41 4.61400e+41
6.76200e+01 4.59400e+41 4.53900e+41
6.82000e+01 4.52300e+41 4.46700e+41
6.87800e+01 4.45400e+41 4.39500e+41
6.93500e+01 4.38500e+41 4.32500e+41
6.99300e+01 4.31800e+41 4.25600e+41
7.05100e+01 4.25200e+41 4.18900e+41
7.10900e+01 4.18700e+41 4.12200e+41
7.16700e+01 4.12300e+41 4.05700e+41
7.22500e+01 4.06000e+41 3.99300e+41
7.28300e+01 3.99800e+41 3.93000e+41
7.34100e+01 3.93700e+41 3.86800e+41
7.39800e+01 3.87800e+41 3.80800e+41
7.45600e+01 3.81900e+41 3.74800e+41
7.51400e+01 3.76100e+41 3.69000e+41
7.57200e+01 3.70500e+41 3.63300e+41
7.63000e+01 3.64900e+41 3.57700e+41
7.68800e+01 3.59500e+41 3.52100e+41
7.74600e+01 3.54100e+41 3.46700e+41
7.80300e+01 3.48800e+41 3.41400e+41
7.86100e+01 3.43700e+41 3.36200e+41
7.91900e+01 3.38600e+41 3.31000e+41
7.97700e+01 3.33600e+41 3.26000e+41
8.03500e+01 3.28700e+41 3.21000e+41
8.09300e+01 3.23900e+41 3.16200e+41
8.15100e+01 3.19200e+41 3.11400e+41
8.20900e+01 3.14500e+41 3.06700e+41
8.26600e+01 3.10000e+41 3.02100e+41
8.32400e+01 3.05500e+41 2.97600e+41
8.38200e+01 3.01100e+41 2.93200e+41
8.44000e+01 2.96700e+41 2.88800e+41
8.49800e+01 2.92500e+41 2.84500e+41
8.55600e+01 2.88300e+41 2.80300e+41
8.61400e+01 2.84200e+41 2.76100e+41
8.67200e+01 2.80100e+41 2.72100e+41
8.72900e+01 2.76200e+41 2.68100e+41
8.78700e+01 2.72300e+41 2.64200e+41
8.84500e+01 2.68400e+41 2.60300e+41
8.90300e+01 2.64600e+41 2.56500e+41
8.96100e+01 2.60900e+41 2.52800e+41
9.01900e+01 2.57300e+41 2.49200e+41
9.07700e+01 2.53700e+41 2.45600e+41
9.13400e+01 2.50200e+41 2.42000e+41
9.19200e+01 2.46700e+41 2.38600e+41
9.25000e+01 2.43300e+41 2.35200e+41
9.30800e+01 2.39900e+41 2.31800e+41
9.36600e+01 2.36600e+41 2.28500e+41
9.42400e+01 2.33400e+41 2.25300e+41
9.48200e+01 2.30200e+41 2.22100e+41
9.54000e+01 2.27100e+41 2.19000e+41
9.59700e+01 2.24000e+41 2.15900e+41
9.65500e+01 2.20900e+41 2.12900e+41
9.71300e+01 2.17900e+41 2.09900e+41
9.77100e+01 2.15000e+41 2.07000e+41
9.82900e+01 2.12100e+41 2.04100e+41
9.88700e+01 2.09300e+41 2.01300e+41
9.94500e+01 2.06500e+41 1.98500e+41
1.00000e+02 2.03700e+41 1.95800e+41
1.00600e+02 2.01000e+41 1.93100e+41
1.01200e+02 1.98300e+41 1.90500e+41
1.01800e+02 1.95700e+41 1.87900e+41
1.02300e+02 1.93100e+41 1.85300e+41
1.02900e+02 1.90600e+41 1.82800e+41
1.03500e+02 1.88100e+41 1.80400e+41
1.04100e+02 1.85600e+41 1.77900e+41
1.04700e+02 1.83200e+41 1.75500e+41
1.05200e+02 1.80800e+41 1.73200e+41
1.05800e+02 1.78500e+41 1.70900e+41
1.06400e+02 1.76200e+41 1.68600e+41
1.07000e+02 1.73900e+41 1.66400e+41
1.07500e+02 1.71700e+41 1.64200e+41
1.08100e+02 1.69500e+41 1.62000e+41
1.08700e+02 1.67300e+41 1.59900e+41
1.09300e+02 1.65200e+41 1.57800e+41
1.09900e+02 1.63100e+41 1.55700e+41
1.10400e+02 1.61000e+41 1.53700e+41
1.11000e+02 1.59000e+41 1.51700e+41
1.11600e+02 1.57000e+41 1.49700e+41
1.12200e+02 1.55000e+41 1.47800e+41
1.12800e+02 1.53100e+41 1.45900e+41
1.13300e+02 1.51200e+41 1.44000e+41
1.13900e+02 1.49300e+41 1.42200e+41
1.14500e+02 1.47400e+41 1.40400e+41
1.15100e+02 1.45600e+41 1.38600e+41
1.15700e+02 1.43800e+41 1.36800e+41
1.16200e+02 1.42000e+41 1.35100e+41
