#time[d]   Lbol[erg/s]   Edep[erg/s]
#NTIMES:           33
 1.00000E-01 1.38357E+40   9.296E+42
 5.00000E-01 2.01837E+39   8.967E+42
 1.00000E+00 1.27938E+39   8.588E+42
 2.00000E+00 6.95024E+39   7.876E+42
 3.00000E+00 3.31131E+40   7.238E+42
 4.00000E+00 7.69130E+40   6.649E+42
 5.00000E+00 1.44877E+41   6.135E+42
 6.00000E+00 2.31206E+41   5.671E+42
 7.00000E+00 3.41979E+41   5.251E+42
 8.00000E+00 4.89779E+41   4.866E+42
 9.00000E+00 6.51628E+41   4.522E+42
 1.00000E+01 8.53100E+41   4.181E+42
 1.20000E+01 1.34586E+42   3.637E+42
 1.40000E+01 1.77011E+42   3.215E+42
 1.60000E+01 2.18776E+42   2.828E+42
 1.80000E+01 2.38781E+42   2.508E+42
 2.00000E+01 2.48313E+42   2.242E+42
 2.20000E+01 2.44906E+42   2.007E+42
 2.40000E+01 2.37137E+42   1.802E+42
 2.60000E+01 2.23872E+42   1.707E+42
 2.80000E+01 2.05589E+42   1.542E+42
 3.00000E+01 1.88799E+42   1.403E+42
 3.50000E+01 1.48252E+42   1.179E+42
 4.00000E+01 1.18032E+42   1.008E+42
 5.00000E+01 8.01678E+41   7.551E+41
 6.00000E+01 5.88844E+41   5.764E+41
 7.00000E+01 4.53942E+41   4.449E+41
 8.00000E+01 3.56451E+41   3.469E+41
 9.00000E+01 2.89068E+41   2.723E+41
 1.00000E+02 2.29087E+41   2.168E+41
 1.10000E+02 1.83231E+41   1.744E+41
 1.20000E+02 1.48936E+41   1.416E+41
 1.30000E+02 1.21339E+41   1.161E+41
