#NTIMES: 128
#NBANDS:   8
#OPTSET: Bessell
#NIRSET: 2MASS
#time[d] U B V R I J H K
2.03703e+00  -7.387  -7.438  -9.023 -10.630 -11.133 -12.146 -12.823 -13.174
2.11246e+00  99.999  -6.817  -9.832 -10.945 -11.688 -12.611 -12.195 -12.489
2.19068e+00  99.999  -6.714  -9.798 -10.171 -10.569 -11.756 -12.759 -12.896
2.27179e+00  99.999  -7.282  -9.345 -10.769 -11.357 -11.937 -12.342 -13.119
2.35591e+00  99.999  -7.664 -10.064 -10.882 -11.223 -12.545 -12.381 -13.320
2.44315e+00  99.999  -6.548 -10.119 -11.169 -11.996 -12.636 -13.259 -13.470
2.53361e+00  99.999  -7.607 -10.396 -11.369 -11.948 -12.858 -13.285 -13.796
2.62743e+00  99.999  -8.446 -10.730 -11.727 -11.985 -12.996 -13.218 -13.591
2.72472e+00  99.999  -7.646 -10.753 -11.649 -12.165 -12.800 -13.312 -13.353
2.82561e+00  99.999  -8.379 -11.310 -11.963 -12.564 -12.933 -13.736 -14.050
2.93024e+00  99.999  -7.991 -11.052 -12.181 -12.623 -13.591 -13.791 -14.070
3.03874e+00  99.999  -8.600 -11.573 -12.562 -12.793 -13.733 -13.960 -14.536
3.15125e+00  99.999  -9.438 -11.874 -12.769 -13.139 -14.043 -14.195 -14.310
3.26794e+00  99.999  -9.670 -12.062 -12.899 -13.320 -14.286 -14.412 -14.545
3.38895e+00  99.999 -10.007 -12.325 -13.193 -13.474 -14.211 -14.665 -14.594
3.51443e+00  99.999 -10.434 -12.671 -13.492 -13.778 -14.400 -14.973 -15.050
3.64457e+00  -3.940 -11.094 -12.939 -13.848 -14.082 -14.586 -15.000 -15.114
3.77952e+00  -3.630 -11.307 -13.263 -14.001 -14.313 -14.822 -15.161 -15.484
3.91947e+00  -7.746 -11.773 -13.430 -14.246 -14.492 -15.016 -15.212 -15.451
4.06459e+00  -9.557 -12.139 -13.724 -14.324 -14.648 -15.038 -15.293 -15.657
4.21510e+00  -9.585 -12.433 -13.866 -14.531 -14.684 -15.092 -15.374 -15.501
4.37118e+00  -9.908 -12.664 -14.062 -14.672 -14.923 -15.234 -15.590 -15.801
4.53303e+00 -10.862 -12.925 -14.246 -14.787 -15.055 -15.390 -15.581 -15.876
4.70088e+00 -11.276 -13.190 -14.396 -14.925 -15.155 -15.483 -15.724 -16.012
4.87495e+00 -11.446 -13.331 -14.511 -15.002 -15.222 -15.594 -15.871 -16.000
5.05546e+00 -11.613 -13.522 -14.661 -15.158 -15.347 -15.642 -15.886 -16.106
5.24265e+00 -11.974 -13.684 -14.802 -15.278 -15.495 -15.692 -15.963 -16.136
5.43678e+00 -12.206 -13.843 -14.893 -15.353 -15.540 -15.768 -16.030 -16.132
5.63809e+00 -12.523 -13.981 -15.010 -15.482 -15.705 -15.872 -16.081 -16.290
5.84686e+00 -12.646 -14.082 -15.138 -15.588 -15.792 -15.961 -16.185 -16.326
6.06336e+00 -12.917 -14.180 -15.234 -15.676 -15.873 -16.046 -16.280 -16.424
6.28787e+00 -13.069 -14.296 -15.322 -15.759 -15.965 -16.107 -16.341 -16.470
6.52070e+00 -13.280 -14.402 -15.411 -15.848 -16.076 -16.181 -16.361 -16.660
6.76215e+00 -13.474 -14.499 -15.510 -15.941 -16.137 -16.295 -16.496 -16.654
7.01254e+00 -13.631 -14.585 -15.590 -16.032 -16.240 -16.419 -16.523 -16.692
7.27220e+00 -13.705 -14.705 -15.682 -16.124 -16.322 -16.491 -16.591 -16.743
7.54148e+00 -13.857 -14.778 -15.743 -16.208 -16.413 -16.557 -16.702 -16.862
7.82073e+00 -14.084 -14.882 -15.846 -16.289 -16.520 -16.655 -16.798 -16.875
8.11031e+00 -14.176 -14.963 -15.934 -16.389 -16.620 -16.756 -16.897 -16.983
8.41062e+00 -14.362 -15.070 -16.029 -16.476 -16.685 -16.859 -16.979 -17.112
8.72205e+00 -14.543 -15.162 -16.110 -16.574 -16.810 -16.905 -17.040 -17.145
9.04501e+00 -14.699 -15.268 -16.186 -16.654 -16.894 -17.038 -17.117 -17.229
9.37993e+00 -14.868 -15.366 -16.287 -16.756 -16.982 -17.125 -17.254 -17.327
9.72725e+00 -15.060 -15.471 -16.379 -16.843 -17.082 -17.205 -17.323 -17.385
1.00874e+01 -15.249 -15.575 -16.478 -16.941 -17.168 -17.315 -17.419 -17.515
1.04610e+01 -15.430 -15.683 -16.563 -17.029 -17.265 -17.382 -17.508 -17.603
1.08483e+01 -15.593 -15.780 -16.658 -17.119 -17.342 -17.450 -17.598 -17.660
1.12500e+01 -15.741 -15.891 -16.748 -17.210 -17.431 -17.533 -17.662 -17.727
1.16666e+01 -15.875 -15.986 -16.825 -17.285 -17.506 -17.621 -17.738 -17.839
1.20986e+01 -16.017 -16.074 -16.915 -17.364 -17.589 -17.683 -17.821 -17.893
1.25465e+01 -16.151 -16.169 -16.999 -17.450 -17.656 -17.759 -17.891 -17.987
1.30111e+01 -16.258 -16.250 -17.068 -17.519 -17.728 -17.827 -17.964 -18.071
1.34929e+01 -16.374 -16.336 -17.151 -17.596 -17.796 -17.882 -18.030 -18.118
1.39925e+01 -16.469 -16.411 -17.228 -17.657 -17.854 -17.960 -18.101 -18.187
1.45106e+01 -16.544 -16.491 -17.293 -17.714 -17.917 -17.994 -18.165 -18.262
1.50479e+01 -16.611 -16.551 -17.356 -17.777 -17.963 -18.036 -18.223 -18.321
1.56051e+01 -16.665 -16.607 -17.413 -17.823 -18.007 -18.086 -18.274 -18.378
1.61830e+01 -16.717 -16.649 -17.463 -17.865 -18.054 -18.106 -18.312 -18.438
1.67822e+01 -16.726 -16.688 -17.508 -17.904 -18.086 -18.147 -18.344 -18.469
1.74036e+01 -16.751 -16.714 -17.548 -17.937 -18.122 -18.162 -18.368 -18.506
1.80480e+01 -16.739 -16.726 -17.578 -17.965 -18.151 -18.189 -18.408 -18.557
1.87163e+01 -16.711 -16.730 -17.596 -17.985 -18.165 -18.194 -18.431 -18.576
1.94093e+01 -16.673 -16.726 -17.611 -17.997 -18.180 -18.184 -18.453 -18.610
2.01280e+01 -16.604 -16.704 -17.620 -18.004 -18.189 -18.172 -18.461 -18.630
2.08733e+01 -16.527 -16.673 -17.618 -18.000 -18.191 -18.162 -18.469 -18.631
2.16462e+01 -16.437 -16.636 -17.611 -17.992 -18.187 -18.126 -18.449 -18.632
2.24477e+01 -16.303 -16.589 -17.592 -17.977 -18.170 -18.092 -18.431 -18.621
2.32789e+01 -16.146 -16.519 -17.558 -17.955 -18.155 -18.034 -18.425 -18.629
2.41409e+01 -15.967 -16.450 -17.528 -17.923 -18.127 -17.984 -18.393 -18.610
2.50348e+01 -15.764 -16.363 -17.489 -17.889 -18.091 -17.930 -18.355 -18.578
2.59618e+01 -15.538 -16.281 -17.443 -17.851 -18.050 -17.846 -18.300 -18.557
2.69231e+01 -15.289 -16.176 -17.389 -17.802 -18.010 -17.757 -18.249 -18.503
2.79200e+01 -15.035 -16.071 -17.327 -17.751 -17.966 -17.650 -18.161 -18.453
2.89539e+01 -14.789 -15.954 -17.250 -17.685 -17.909 -17.551 -18.099 -18.396
3.00260e+01 -14.533 -15.838 -17.175 -17.624 -17.861 -17.459 -18.042 -18.325
3.11378e+01 -14.293 -15.711 -17.089 -17.554 -17.811 -17.386 -17.981 -18.235
3.22908e+01 -14.053 -15.580 -16.997 -17.475 -17.739 -17.342 -17.893 -18.174
3.34864e+01 -13.814 -15.455 -16.899 -17.393 -17.671 -17.309 -17.823 -18.095
3.47264e+01 -13.640 -15.361 -16.820 -17.309 -17.597 -17.291 -17.776 -18.045
3.60122e+01 -13.450 -15.259 -16.741 -17.231 -17.518 -17.265 -17.704 -17.956
3.73457e+01 -13.286 -15.182 -16.667 -17.156 -17.453 -17.225 -17.664 -17.914
3.87285e+01 -13.124 -15.123 -16.597 -17.081 -17.392 -17.204 -17.598 -17.823
4.01626e+01 -13.058 -15.083 -16.546 -17.025 -17.342 -17.140 -17.544 -17.728
4.16497e+01 -12.919 -15.031 -16.502 -16.956 -17.285 -17.073 -17.480 -17.644
4.31919e+01 -12.871 -15.010 -16.446 -16.899 -17.239 -16.966 -17.402 -17.543
4.47912e+01 -12.715 -14.969 -16.409 -16.843 -17.183 -16.834 -17.309 -17.409
4.64498e+01 -12.627 -14.932 -16.353 -16.784 -17.129 -16.688 -17.206 -17.239
4.81697e+01 -12.481 -14.904 -16.314 -16.726 -17.078 -16.543 -17.095 -17.108
4.99534e+01 -12.369 -14.854 -16.266 -16.673 -17.016 -16.416 -16.998 -16.947
5.18030e+01 -12.247 -14.810 -16.219 -16.619 -16.969 -16.353 -16.877 -16.837
5.37212e+01 -12.129 -14.767 -16.164 -16.561 -16.909 -16.263 -16.754 -16.717
5.57104e+01 -12.001 -14.698 -16.102 -16.508 -16.849 -16.233 -16.687 -16.593
5.77732e+01 -11.851 -14.639 -16.044 -16.454 -16.809 -16.192 -16.531 -16.469
5.99125e+01 -11.614 -14.548 -15.972 -16.394 -16.769 -16.195 -16.439 -16.378
6.21309e+01 -11.488 -14.453 -15.898 -16.339 -16.724 -16.208 -16.297 -16.207
6.44315e+01 -11.228 -14.321 -15.796 -16.290 -16.699 -16.246 -16.141 -16.078
6.68173e+01 -11.007 -14.157 -15.697 -16.232 -16.665 -16.277 -16.011 -15.892
6.92914e+01 -10.793 -13.981 -15.587 -16.172 -16.630 -16.319 -15.834 -15.739
7.18572e+01 -10.436 -13.788 -15.468 -16.116 -16.607 -16.392 -15.672 -15.504
7.45179e+01 -10.332 -13.586 -15.331 -16.048 -16.582 -16.427 -15.472 -15.355
7.72772e+01 -10.034 -13.334 -15.200 -15.984 -16.534 -16.472 -15.243 -15.092
8.01386e+01 -10.103 -13.060 -15.057 -15.909 -16.496 -16.503 -15.051 -14.848
8.31060e+01  -9.947 -12.769 -14.900 -15.832 -16.442 -16.535 -14.814 -14.592
8.61832e+01  -9.771 -12.471 -14.747 -15.743 -16.384 -16.550 -14.630 -14.307
8.93744e+01  -9.673 -12.097 -14.577 -15.649 -16.321 -16.576 -14.394 -14.083
9.26838e+01  -9.484 -11.666 -14.360 -15.545 -16.246 -16.581 -14.305 -13.860
9.61157e+01  -9.613 -11.316 -14.114 -15.385 -16.173 -16.571 -14.381 -13.845
9.96747e+01  -9.403 -10.925 -13.820 -15.177 -16.085 -16.524 -14.564 -13.993
1.03365e+02  -9.495 -10.628 -13.523 -14.931 -15.965 -16.469 -14.789 -14.290
1.07193e+02  -9.319 -10.431 -13.239 -14.687 -15.795 -16.413 -14.814 -14.519
1.11162e+02  -9.148 -10.277 -13.057 -14.504 -15.659 -16.344 -14.690 -14.501
1.15278e+02  -8.952 -10.158 -12.930 -14.365 -15.541 -16.262 -14.528 -14.445
1.19547e+02  -9.005  -9.988 -12.799 -14.252 -15.434 -16.177 -14.176 -14.377
1.23973e+02  -8.862  -9.856 -12.683 -14.144 -15.325 -16.090 -13.985 -14.314
1.28564e+02  -8.725  -9.724 -12.579 -14.025 -15.215 -16.016 -13.724 -14.343
1.33324e+02  -8.778  -9.657 -12.456 -13.899 -15.096 -15.919 -13.571 -14.290
1.38261e+02  -8.688  -9.490 -12.342 -13.784 -14.977 -15.835 -13.382 -14.271
1.43381e+02  -8.723  -9.411 -12.229 -13.649 -14.869 -15.739 -13.197 -14.177
1.48690e+02  -8.295  -9.296 -12.133 -13.534 -14.739 -15.643 -12.972 -14.132
1.54195e+02  -8.477  -9.164 -12.002 -13.411 -14.616 -15.548 -12.785 -14.018
1.59905e+02  -8.149  -8.887 -11.730 -13.090 -14.302 -15.252 -12.343 -13.812
1.65826e+02  99.999  99.999  99.999  99.999  99.999  99.999  99.999  99.999
1.71966e+02  99.999  99.999  99.999  99.999  99.999  99.999  99.999  99.999
1.78334e+02  99.999  99.999  99.999  99.999  99.999  99.999  99.999  99.999
1.84937e+02  99.999  99.999  99.999  99.999  99.999  99.999  99.999  99.999
1.91785e+02  99.999  99.999  99.999  99.999  99.999  99.999  99.999  99.999
1.98887e+02  99.999  99.999  99.999  99.999  99.999  99.999  99.999  99.999
2.06251e+02  99.999  99.999  99.999  99.999  99.999  99.999  99.999  99.999
