#NTIMES:  59
#NVEL:   115
#TIMES: 1.30000e+00 1.43000e+00 1.57300e+00 1.73000e+00 1.90000e+00 2.09000e+00 2.30000e+00 2.53000e+00 2.78300e+00 3.06100e+00 3.36700e+00 3.70400e+00 4.07400e+00 4.48100e+00 4.92900e+00 5.42200e+00 5.96400e+00 6.56000e+00 7.21600e+00 7.93800e+00 8.73200e+00 9.60000e+00 1.05600e+01 1.16200e+01 1.27800e+01 1.40600e+01 1.54700e+01 1.70200e+01 1.87200e+01 2.05900e+01 2.26500e+01 2.49100e+01 2.74000e+01 3.01400e+01 3.31500e+01 3.64600e+01 4.01100e+01 4.41200e+01 4.85300e+01 5.33800e+01 5.87200e+01 6.45900e+01 7.10500e+01 7.81600e+01 8.60000e+01 9.46000e+01 1.04100e+02 1.14500e+02 1.26000e+02 1.38600e+02 1.52500e+02 1.67800e+02 1.84600e+02 2.03100e+02 2.23400e+02 2.45800e+02 2.70400e+02 2.97400e+02 3.20000e+02
#vel_mid[km/s] Tgas_t0[K] Tgas_t1[K] ... Tgas_tn[K]
8.48466e+02 7.27880e+04 -9.99999e+99 -9.99999e+99 -9.99999e+99 -9.99999e+99 -9.99999e+99 5.26369e+04 4.99371e+04 4.74088e+04 4.50619e+04 4.28842e+04 4.09093e+04 3.91641e+04 3.76483e+04 3.63781e+04 3.53053e+04 3.44020e+04 3.35976e+04 3.28418e+04 3.20937e+04 3.12987e+04 3.04360e+04 2.94506e+04 2.82441e+04 2.68365e+04 2.52830e+04 2.36613e+04 2.20265e+04 2.03700e+04 1.85880e+04 1.67831e+04 1.48558e+04 1.26833e+04 1.07793e+04 9.38903e+03 8.39900e+03 7.40728e+03 6.46868e+03 5.92872e+03 5.69926e+03 5.60713e+03 5.58220e+03 5.53155e+03 5.45114e+03 5.34761e+03 5.22327e+03 5.07451e+03 4.93661e+03 4.65464e+03 4.42991e+03 4.33587e+03 3.88659e+03 3.79252e+03 3.62006e+03 3.32565e+03 3.11846e+03 2.80335e+03 2.72842e+03 2.20721e+03
8.54639e+02 7.27880e+04 6.89507e+04 6.52964e+04 6.18378e+04 5.86176e+04 5.55391e+04 5.26374e+04 4.99371e+04 4.74095e+04 4.50622e+04 4.28853e+04 4.09100e+04 3.91641e+04 3.76492e+04 3.63781e+04 3.53060e+04 3.44021e+04 3.35980e+04 3.28423e+04 3.20938e+04 3.12991e+04 3.04362e+04 2.94506e+04 2.82441e+04 2.68367e+04 2.52830e+04 2.36615e+04 2.20266e+04 2.03701e+04 1.85880e+04 1.67830e+04 1.48557e+04 1.26834e+04 1.07792e+04 9.38900e+03 8.39890e+03 7.40726e+03 6.46867e+03 5.92863e+03 5.69923e+03 5.60703e+03 5.58227e+03 5.53149e+03 5.45116e+03 5.34756e+03 5.22319e+03 5.07439e+03 4.94769e+03 4.68936e+03 4.43670e+03 4.31202e+03 3.88553e+03 3.79635e+03 3.66598e+03 3.35297e+03 3.11725e+03 2.83948e+03 2.71879e+03 2.23715e+03
8.73427e+02 7.27893e+04 6.89532e+04 6.53002e+04 6.18426e+04 5.86247e+04 5.55466e+04 5.26486e+04 4.99482e+04 4.74260e+04 4.50786e+04 4.29068e+04 4.09307e+04 3.91812e+04 3.76696e+04 3.63925e+04 3.53220e+04 3.44127e+04 3.36089e+04 3.28513e+04 3.21000e+04 3.13046e+04 3.04404e+04 2.94532e+04 2.82459e+04 2.68382e+04 2.52842e+04 2.36626e+04 2.20273e+04 2.03705e+04 1.85882e+04 1.67829e+04 1.48550e+04 1.26823e+04 1.07794e+04 9.38956e+03 8.39949e+03 7.40809e+03 6.46945e+03 5.92889e+03 5.69914e+03 5.60667e+03 5.58190e+03 5.53106e+03 5.45067e+03 5.34707e+03 5.22263e+03 5.07382e+03 4.97644e+03 4.76308e+03 4.48923e+03 4.27034e+03 3.93534e+03 3.76693e+03 3.59473e+03 3.43246e+03 3.12008e+03 2.92960e+03 2.71296e+03 2.33843e+03
9.12250e+02 7.27978e+04 6.89694e+04 6.53240e+04 6.18739e+04 5.86680e+04 5.55956e+04 5.27159e+04 5.00214e+04 4.75222e+04 4.51810e+04 4.30295e+04 4.10544e+04 3.92939e+04 3.77892e+04 3.64887e+04 3.54161e+04 3.44840e+04 3.36737e+04 3.29043e+04 3.21385e+04 3.13363e+04 3.04646e+04 2.94695e+04 2.82578e+04 2.68474e+04 2.52913e+04 2.36682e+04 2.20306e+04 2.03719e+04 1.85882e+04 1.67818e+04 1.48528e+04 1.26787e+04 1.07806e+04 9.39165e+03 8.40124e+03 7.41003e+03 6.47140e+03 5.93000e+03 5.69955e+03 5.60662e+03 5.58196e+03 5.53081e+03 5.45031e+03 5.34693e+03 5.22221e+03 5.07405e+03 4.93010e+03 4.76119e+03 4.46882e+03 4.23595e+03 3.96356e+03 3.75907e+03 3.57033e+03 3.41590e+03 3.17164e+03 2.96844e+03 2.72456e+03 2.46765e+03
9.72937e+02 7.28351e+04 6.90334e+04 6.54126e+04 6.19892e+04 5.88168e+04 5.57705e+04 5.29339e+04 5.02703e+04 4.78181e+04 4.55098e+04 4.33928e+04 4.14323e+04 3.96637e+04 3.81448e+04 3.68051e+04 3.56960e+04 3.47169e+04 3.38669e+04 3.30586e+04 3.22589e+04 3.14300e+04 3.05359e+04 2.95228e+04 2.82971e+04 2.68765e+04 2.53130e+04 2.36840e+04 2.20406e+04 2.03763e+04 1.85893e+04 1.67804e+04 1.48487e+04 1.26722e+04 1.07828e+04 9.39558e+03 8.40305e+03 7.41262e+03 6.47494e+03 5.93306e+03 5.70109e+03 5.60859e+03 5.58671e+03 5.53170e+03 5.45104e+03 5.35151e+03 5.22296e+03 5.08051e+03 4.91557e+03 4.71712e+03 4.43872e+03 4.24224e+03 3.96168e+03 3.75513e+03 3.57598e+03 3.37690e+03 3.20754e+03 2.98462e+03 2.70453e+03 2.45759e+03
1.03402e+03 7.29449e+04 6.92015e+04 6.56281e+04 6.22528e+04 5.91329e+04 5.61274e+04 5.33458e+04 5.07227e+04 4.83286e+04 4.60679e+04 4.39871e+04 4.20470e+04 4.02724e+04 3.87151e+04 3.73217e+04 3.61416e+04 3.50930e+04 3.41721e+04 3.33010e+04 3.24502e+04 3.15772e+04 3.06485e+04 2.96088e+04 2.83608e+04 2.69233e+04 2.53475e+04 2.37091e+04 2.20565e+04 2.03836e+04 1.85919e+04 1.67807e+04 1.48438e+04 1.26642e+04 1.07871e+04 9.40163e+03 8.40493e+03 7.41511e+03 6.47925e+03 5.94015e+03 5.70635e+03 5.61788e+03 5.59364e+03 5.54120e+03 5.45553e+03 5.36619e+03 5.22542e+03 5.09310e+03 4.91430e+03 4.69360e+03 4.46820e+03 4.22932e+03 3.96245e+03 3.78218e+03 3.61779e+03 3.36288e+03 3.19933e+03 2.98032e+03 2.70715e+03 2.43268e+03
1.09895e+03 7.32590e+04 6.96317e+04 6.61367e+04 6.28267e+04 5.97729e+04 5.68044e+04 5.40730e+04 5.14770e+04 4.91344e+04 4.69136e+04 4.48632e+04 4.29393e+04 4.11516e+04 3.95384e+04 3.80658e+04 3.67822e+04 3.56302e+04 3.46065e+04 3.36447e+04 3.27198e+04 3.17845e+04 3.08072e+04 2.97298e+04 2.84505e+04 2.69891e+04 2.53964e+04 2.37448e+04 2.20804e+04 2.03942e+04 1.85970e+04 1.67806e+04 1.48376e+04 1.26540e+04 1.07907e+04 9.40939e+03 8.41050e+03 7.41768e+03 6.48380e+03 5.95109e+03 5.71992e+03 5.63491e+03 5.59787e+03 5.55447e+03 5.47304e+03 5.38970e+03 5.24931e+03 5.10678e+03 4.92394e+03 4.69388e+03 4.50145e+03 4.26729e+03 4.00055e+03 3.76499e+03 3.59627e+03 3.35715e+03 3.22875e+03 2.97744e+03 2.73052e+03 2.42346e+03
1.16795e+03 7.41083e+04 7.06402e+04 6.72317e+04 6.39706e+04 6.09590e+04 5.79924e+04 5.52642e+04 5.26511e+04 5.03098e+04 4.80918e+04 4.60419e+04 4.41173e+04 4.23071e+04 4.06244e+04 3.90529e+04 3.76346e+04 3.63437e+04 3.51816e+04 3.40974e+04 3.30727e+04 3.20549e+04 3.10138e+04 2.98870e+04 2.85671e+04 2.70747e+04 2.54604e+04 2.37919e+04 2.21119e+04 2.04089e+04 1.86032e+04 1.67793e+04 1.48292e+04 1.26413e+04 1.07943e+04 9.41472e+03 8.41519e+03 7.42182e+03 6.48607e+03 5.95875e+03 5.73385e+03 5.64721e+03 5.60171e+03 5.56434e+03 5.49210e+03 5.41511e+03 5.28069e+03 5.12098e+03 4.95823e+03 4.70892e+03 4.50412e+03 4.31525e+03 4.05111e+03 3.81118e+03 3.61363e+03 3.39303e+03 3.18653e+03 2.99601e+03 2.74342e+03 2.50490e+03
1.24129e+03 7.60623e+04 7.26472e+04 6.92481e+04 6.59518e+04 6.29000e+04 5.98688e+04 5.70589e+04 5.43559e+04 5.19297e+04 4.96410e+04 4.75354e+04 4.55709e+04 4.37173e+04 4.19598e+04 4.02824e+04 3.87119e+04 3.72515e+04 3.59152e+04 3.46726e+04 3.35188e+04 3.23948e+04 3.12723e+04 3.00835e+04 2.87126e+04 2.71817e+04 2.55409e+04 2.38514e+04 2.21519e+04 2.04276e+04 1.86089e+04 1.67757e+04 1.48172e+04 1.26239e+04 1.07946e+04 9.41421e+03 8.41515e+03 7.41667e+03 6.48427e+03 5.96058e+03 5.74630e+03 5.65573e+03 5.60606e+03 5.57432e+03 5.50584e+03 5.42594e+03 5.30003e+03 5.13621e+03 4.96480e+03 4.73939e+03 4.50662e+03 4.31352e+03 4.04785e+03 3.84525e+03 3.63428e+03 3.43143e+03 3.19378e+03 3.00758e+03 2.74202e+03 2.53467e+03
1.31923e+03 7.95310e+04 7.58454e+04 7.22757e+04 6.88282e+04 6.56241e+04 6.24710e+04 5.95010e+04 5.66570e+04 5.40568e+04 5.16124e+04 4.93726e+04 4.73014e+04 4.53609e+04 4.35155e+04 4.17355e+04 4.00169e+04 3.83742e+04 3.68349e+04 3.53960e+04 3.40776e+04 3.28178e+04 3.15934e+04 3.03259e+04 2.88920e+04 2.73136e+04 2.56405e+04 2.39261e+04 2.22016e+04 2.04522e+04 1.86144e+04 1.67693e+04 1.48005e+04 1.26035e+04 1.07813e+04 9.40194e+03 8.40860e+03 7.40330e+03 6.48152e+03 5.96605e+03 5.76220e+03 5.65996e+03 5.61005e+03 5.58078e+03 5.51388e+03 5.42380e+03 5.30823e+03 5.14725e+03 4.95128e+03 4.76349e+03 4.51548e+03 4.30980e+03 4.06483e+03 3.86696e+03 3.65120e+03 3.46283e+03 3.22772e+03 3.03076e+03 2.77109e+03 2.55251e+03
1.40207e+03 8.40391e+04 7.98648e+04 7.59784e+04 7.23138e+04 6.88970e+04 6.56037e+04 6.24564e+04 5.94767e+04 5.66729e+04 5.40323e+04 5.15875e+04 4.93295e+04 4.72339e+04 4.52589e+04 4.33653e+04 4.15152e+04 3.97060e+04 3.79588e+04 3.62957e+04 3.47721e+04 3.33412e+04 3.19899e+04 3.06218e+04 2.91104e+04 2.74741e+04 2.57623e+04 2.40177e+04 2.22621e+04 2.04796e+04 1.86188e+04 1.67593e+04 1.47758e+04 1.25779e+04 1.07691e+04 9.39068e+03 8.40129e+03 7.39021e+03 6.47929e+03 5.97278e+03 5.76125e+03 5.66261e+03 5.61069e+03 5.56910e+03 5.50962e+03 5.42473e+03 5.31063e+03 5.15144e+03 4.95706e+03 4.77466e+03 4.53296e+03 4.30922e+03 4.09250e+03 3.89106e+03 3.69476e+03 3.47591e+03 3.25859e+03 3.07977e+03 2.81893e+03 2.57681e+03
1.49010e+03 8.85891e+04 8.40896e+04 7.99119e+04 7.60333e+04 7.24174e+04 6.89814e+04 6.56884e+04 6.25972e+04 5.96322e+04 5.68221e+04 5.41600e+04 5.16621e+04 4.93381e+04 4.71664e+04 4.51140e+04 4.31292e+04 4.11803e+04 3.92567e+04 3.73741e+04 3.56124e+04 3.39757e+04 3.24659e+04 3.09735e+04 2.93684e+04 2.76630e+04 2.59061e+04 2.41255e+04 2.23333e+04 2.05076e+04 1.86197e+04 1.67448e+04 1.47443e+04 1.25466e+04 1.07578e+04 9.38617e+03 8.39769e+03 7.37765e+03 6.47361e+03 5.97868e+03 5.76640e+03 5.67066e+03 5.61658e+03 5.56585e+03 5.51102e+03 5.42610e+03 5.30418e+03 5.15559e+03 4.96733e+03 4.77452e+03 4.55496e+03 4.32935e+03 4.12849e+03 3.91488e+03 3.71786e+03 3.50320e+03 3.27926e+03 3.10480e+03 2.86089e+03 2.62509e+03
1.58367e+03 9.29363e+04 8.83200e+04 8.39504e+04 7.98734e+04 7.60766e+04 7.24769e+04 6.90475e+04 6.58411e+04 6.27519e+04 5.98086e+04 5.69666e+04 5.42403e+04 5.16553e+04 4.92245e+04 4.69466e+04 4.47860e+04 4.26971e+04 4.06361e+04 3.85770e+04 3.65772e+04 3.47136e+04 3.30148e+04 3.13741e+04 2.96589e+04 2.78740e+04 2.60670e+04 2.42454e+04 2.24114e+04 2.05351e+04 1.86180e+04 1.67265e+04 1.47048e+04 1.25112e+04 1.07508e+04 9.38992e+03 8.39793e+03 7.35783e+03 6.46752e+03 5.98991e+03 5.78531e+03 5.68803e+03 5.63817e+03 5.58483e+03 5.53539e+03 5.44953e+03 5.32273e+03 5.17539e+03 4.98486e+03 4.79068e+03 4.57165e+03 4.36887e+03 4.16708e+03 3.93653e+03 3.74645e+03 3.55127e+03 3.34157e+03 3.13944e+03 2.89849e+03 2.66230e+03
1.68311e+03 9.75783e+04 9.27698e+04 8.82115e+04 8.39293e+04 7.99398e+04 7.61381e+04 7.25323e+04 6.91608e+04 6.59306e+04 6.28456e+04 5.98484e+04 5.69306e+04 5.41102e+04 5.14092e+04 4.88537e+04 4.64613e+04 4.41950e+04 4.20012e+04 3.98051e+04 3.76145e+04 3.55300e+04 3.36216e+04 3.18111e+04 2.99700e+04 2.80971e+04 2.62348e+04 2.43703e+04 2.24913e+04 2.05594e+04 1.86113e+04 1.67030e+04 1.46547e+04 1.24713e+04 1.07517e+04 9.39833e+03 8.39394e+03 7.33569e+03 6.46171e+03 6.00575e+03 5.80832e+03 5.71412e+03 5.66251e+03 5.61873e+03 5.56339e+03 5.47374e+03 5.34732e+03 5.20570e+03 5.01336e+03 4.82744e+03 4.59909e+03 4.41630e+03 4.20721e+03 3.99976e+03 3.79929e+03 3.60091e+03 3.39903e+03 3.18780e+03 2.93098e+03 2.71229e+03
1.78879e+03 1.02612e+05 9.75470e+04 9.27632e+04 8.82720e+04 8.40653e+04 8.00389e+04 7.61963e+04 7.25927e+04 6.91508e+04 6.58702e+04 6.26965e+04 5.95958e+04 5.65745e+04 5.36437e+04 5.08133e+04 4.81601e+04 4.56680e+04 4.33131e+04 4.09872e+04 3.86585e+04 3.63874e+04 3.42685e+04 3.22718e+04 3.02900e+04 2.83225e+04 2.64019e+04 2.44924e+04 2.25659e+04 2.05752e+04 1.85937e+04 1.66660e+04 1.45893e+04 1.24257e+04 1.07567e+04 9.40729e+03 8.38960e+03 7.31012e+03 6.45567e+03 6.01983e+03 5.83605e+03 5.74395e+03 5.69418e+03 5.65021e+03 5.59326e+03 5.49926e+03 5.38121e+03 5.23533e+03 5.05312e+03 4.86386e+03 4.65118e+03 4.45939e+03 4.25481e+03 4.06129e+03 3.85194e+03 3.65239e+03 3.45488e+03 3.24442e+03 2.98312e+03 2.77905e+03
1.90111e+03 1.07936e+05 1.02640e+05 9.76153e+04 9.28864e+04 8.84366e+04 8.41523e+04 8.00302e+04 7.61404e+04 7.24097e+04 6.88548e+04 6.54474e+04 6.21374e+04 5.89222e+04 5.57998e+04 5.27418e+04 4.98495e+04 4.71096e+04 4.45607e+04 4.20839e+04 3.96430e+04 3.72303e+04 3.49262e+04 3.27374e+04 3.06034e+04 2.85378e+04 2.65547e+04 2.46002e+04 2.26226e+04 2.05736e+04 1.85604e+04 1.66118e+04 1.45037e+04 1.23708e+04 1.07626e+04 9.41552e+03 8.38278e+03 7.27876e+03 6.44728e+03 6.03906e+03 5.86668e+03 5.77854e+03 5.73105e+03 5.68472e+03 5.62735e+03 5.53912e+03 5.41865e+03 5.27019e+03 5.09031e+03 4.90242e+03 4.71183e+03 4.51530e+03 4.31895e+03 4.11737e+03 3.91850e+03 3.71632e+03 3.52374e+03 3.30672e+03 3.07120e+03 2.86109e+03
2.02048e+03 1.13770e+05 1.08125e+05 1.02780e+05 9.77370e+04 9.29845e+04 8.83878e+04 8.39393e+04 7.97214e+04 7.56557e+04 7.17690e+04 6.80702e+04 6.45008e+04 6.10721e+04 5.77717e+04 5.45269e+04 5.14481e+04 4.84809e+04 4.57274e+04 4.30730e+04 4.05188e+04 3.79972e+04 3.55508e+04 3.31794e+04 3.08888e+04 2.87268e+04 2.66805e+04 2.46778e+04 2.26480e+04 2.05405e+04 1.85021e+04 1.65325e+04 1.43902e+04 1.23025e+04 1.07638e+04 9.41750e+03 8.36332e+03 7.23304e+03 6.43510e+03 6.06042e+03 5.89940e+03 5.81666e+03 5.77160e+03 5.72026e+03 5.66321e+03 5.57555e+03 5.46276e+03 5.31024e+03 5.14024e+03 4.95656e+03 4.76122e+03 4.56560e+03 4.37499e+03 4.17614e+03 3.98941e+03 3.79965e+03 3.58997e+03 3.38901e+03 3.16526e+03 2.95362e+03
2.14735e+03 1.20073e+05 1.13948e+05 1.08176e+05 1.02703e+05 9.75552e+04 9.25766e+04 8.77503e+04 8.31707e+04 7.87504e+04 7.45187e+04 7.05114e+04 6.66450e+04 6.29745e+04 5.94941e+04 5.60808e+04 5.28613e+04 4.97129e+04 4.67650e+04 4.39307e+04 4.12558e+04 3.86378e+04 3.60883e+04 3.35590e+04 3.11189e+04 2.88692e+04 2.67623e+04 2.47066e+04 2.26167e+04 2.04577e+04 1.84037e+04 1.64172e+04 1.42328e+04 1.22181e+04 1.07575e+04 9.40381e+03 8.32842e+03 7.17277e+03 6.41923e+03 6.07975e+03 5.93102e+03 5.85574e+03 5.81246e+03 5.76108e+03 5.70667e+03 5.61454e+03 5.50355e+03 5.35562e+03 5.18495e+03 5.01052e+03 4.81118e+03 4.61912e+03 4.42476e+03 4.26111e+03 4.07174e+03 3.88587e+03 3.67936e+03 3.48351e+03 3.25750e+03 3.04668e+03
2.28219e+03 1.26467e+05 1.19733e+05 1.13451e+05 1.07478e+05 1.01857e+05 9.64341e+04 9.11942e+04 8.62399e+04 8.14708e+04 7.69137e+04 7.26278e+04 6.84744e+04 6.45564e+04 6.08969e+04 5.73247e+04 5.39882e+04 5.07107e+04 4.76035e+04 4.46056e+04 4.18118e+04 3.91050e+04 3.64758e+04 3.38159e+04 3.12558e+04 2.89306e+04 2.67744e+04 2.46612e+04 2.25010e+04 2.03028e+04 1.82473e+04 1.62481e+04 1.40175e+04 1.21074e+04 1.07181e+04 9.36414e+03 8.26510e+03 7.09255e+03 6.39798e+03 6.09433e+03 5.95846e+03 5.88948e+03 5.84490e+03 5.80101e+03 5.74471e+03 5.65515e+03 5.54548e+03 5.39953e+03 5.23198e+03 5.05793e+03 4.86872e+03 4.68261e+03 4.49091e+03 4.33025e+03 4.14236e+03 3.96810e+03 3.76872e+03 3.57309e+03 3.35166e+03 3.15643e+03
2.42549e+03 1.32043e+05 1.24726e+05 1.17953e+05 1.11507e+05 1.05421e+05 9.95610e+04 9.39145e+04 8.86087e+04 8.35338e+04 7.87011e+04 7.41960e+04 6.98106e+04 6.56829e+04 6.18720e+04 5.81591e+04 5.47203e+04 5.13615e+04 4.81323e+04 4.50109e+04 4.21160e+04 3.93391e+04 3.66394e+04 3.38670e+04 3.12398e+04 2.88745e+04 2.66814e+04 2.45063e+04 2.22660e+04 2.00519e+04 1.80162e+04 1.59993e+04 1.37368e+04 1.19664e+04 1.06353e+04 9.28902e+03 8.15813e+03 6.99079e+03 6.36965e+03 6.10082e+03 5.98078e+03 5.91872e+03 5.87732e+03 5.83178e+03 5.77060e+03 5.68926e+03 5.57445e+03 5.43342e+03 5.27593e+03 5.09745e+03 4.91747e+03 4.73588e+03 4.55596e+03 4.40103e+03 4.21936e+03 4.05117e+03 3.85956e+03 3.66729e+03 3.44075e+03 3.23333e+03
2.57779e+03 1.35794e+05 1.28016e+05 1.20873e+05 1.14068e+05 1.07632e+05 1.01437e+05 9.54803e+04 8.99080e+04 8.46217e+04 7.95980e+04 7.49595e+04 7.04229e+04 6.61622e+04 6.22602e+04 5.84565e+04 5.49441e+04 5.15402e+04 4.82224e+04 4.50363e+04 4.20869e+04 3.92597e+04 3.64904e+04 3.36350e+04 3.10147e+04 2.86513e+04 2.64310e+04 2.41877e+04 2.18712e+04 1.96806e+04 1.76865e+04 1.56387e+04 1.33872e+04 1.17872e+04 1.04902e+04 9.16786e+03 7.99416e+03 6.87054e+03 6.33199e+03 6.09975e+03 5.99322e+03 5.93652e+03 5.89996e+03 5.85643e+03 5.79471e+03 5.71187e+03 5.59757e+03 5.45600e+03 5.29978e+03 5.12510e+03 4.95483e+03 4.78011e+03 4.61656e+03 4.45231e+03 4.28486e+03 4.12901e+03 3.94471e+03 3.75099e+03 3.53843e+03 3.32856e+03
2.73965e+03 1.36666e+05 1.28681e+05 1.21340e+05 1.14405e+05 1.07799e+05 1.01485e+05 9.53975e+04 8.97409e+04 8.43794e+04 7.93042e+04 7.46426e+04 7.00611e+04 6.57775e+04 6.18573e+04 5.80582e+04 5.45114e+04 5.11020e+04 4.77397e+04 4.45639e+04 4.16196e+04 3.87609e+04 3.59245e+04 3.30559e+04 3.05291e+04 2.82065e+04 2.59638e+04 2.36409e+04 2.12861e+04 1.91739e+04 1.72314e+04 1.51269e+04 1.29798e+04 1.15614e+04 1.02782e+04 8.99739e+03 7.76566e+03 6.73739e+03 6.28418e+03 6.09255e+03 6.00049e+03 5.95099e+03 5.91859e+03 5.87730e+03 5.81493e+03 5.72979e+03 5.61857e+03 5.47722e+03 5.32079e+03 5.15962e+03 4.99160e+03 4.82621e+03 4.68106e+03 4.51481e+03 4.35818e+03 4.20648e+03 4.02695e+03 3.83722e+03 3.64273e+03 3.44509e+03
2.91167e+03 1.33996e+05 1.26014e+05 1.18757e+05 1.11929e+05 1.05406e+05 9.92408e+04 9.32671e+04 8.77638e+04 8.25114e+04 7.75567e+04 7.29790e+04 6.85116e+04 6.43480e+04 6.05061e+04 5.68115e+04 5.32736e+04 4.99172e+04 4.65951e+04 4.35175e+04 4.06259e+04 3.77465e+04 3.48845e+04 3.21365e+04 2.97627e+04 2.75069e+04 2.52391e+04 2.28403e+04 2.05282e+04 1.85392e+04 1.66371e+04 1.44543e+04 1.25512e+04 1.12945e+04 1.00302e+04 8.78593e+03 7.49842e+03 6.60765e+03 6.24346e+03 6.09025e+03 6.02011e+03 5.97966e+03 5.94781e+03 5.91190e+03 5.85604e+03 5.76985e+03 5.66222e+03 5.52417e+03 5.37231e+03 5.21832e+03 5.05084e+03 4.90040e+03 4.74830e+03 4.59531e+03 4.46109e+03 4.30213e+03 4.14044e+03 3.95843e+03 3.77605e+03 3.57534e+03
3.09450e+03 1.27371e+05 1.19737e+05 1.12758e+05 1.06455e+05 1.00285e+05 9.46052e+04 8.90119e+04 8.39055e+04 7.89525e+04 7.43090e+04 6.99505e+04 6.57709e+04 6.18760e+04 5.82128e+04 5.46751e+04 5.12418e+04 4.79834e+04 4.48645e+04 4.19415e+04 3.91050e+04 3.62424e+04 3.34901e+04 3.09774e+04 2.87678e+04 2.65796e+04 2.42714e+04 2.18605e+04 1.96882e+04 1.78269e+04 1.59287e+04 1.37458e+04 1.21489e+04 1.10034e+04 9.78056e+03 8.55273e+03 7.24008e+03 6.50654e+03 6.22574e+03 6.10549e+03 6.05914e+03 6.02680e+03 6.00005e+03 5.96983e+03 5.91858e+03 5.83731e+03 5.73666e+03 5.60960e+03 5.45785e+03 5.30485e+03 5.15505e+03 4.99218e+03 4.86019e+03 4.71827e+03 4.58524e+03 4.43565e+03 4.28579e+03 4.11281e+03 3.92747e+03 3.72903e+03
3.28880e+03 1.16500e+05 1.10193e+05 1.04120e+05 9.85755e+04 9.32494e+04 8.81971e+04 8.32908e+04 7.86864e+04 7.42548e+04 7.00554e+04 6.60674e+04 6.22838e+04 5.86950e+04 5.52438e+04 5.19038e+04 4.86788e+04 4.56331e+04 4.27550e+04 3.99702e+04 3.71886e+04 3.44665e+04 3.19826e+04 2.97070e+04 2.76345e+04 2.54801e+04 2.31268e+04 2.08286e+04 1.88446e+04 1.70853e+04 1.51319e+04 1.30996e+04 1.17693e+04 1.06754e+04 9.53306e+03 8.28441e+03 7.01478e+03 6.43422e+03 6.21800e+03 6.12849e+03 6.09294e+03 6.07277e+03 6.05121e+03 6.03203e+03 5.98198e+03 5.90338e+03 5.80952e+03 5.68947e+03 5.54350e+03 5.39298e+03 5.24928e+03 5.08641e+03 4.97123e+03 4.83007e+03 4.70723e+03 4.57490e+03 4.41873e+03 4.26255e+03 4.06127e+03 3.86824e+03
3.49531e+03 1.04640e+05 9.98213e+04 9.48887e+04 9.00809e+04 8.56032e+04 8.11824e+04 7.69627e+04 7.28979e+04 6.90415e+04 6.53059e+04 6.17814e+04 5.83379e+04 5.50202e+04 5.18154e+04 4.87677e+04 4.58081e+04 4.30282e+04 4.03020e+04 3.76361e+04 3.50289e+04 3.26162e+04 3.04378e+04 2.83517e+04 2.63610e+04 2.41807e+04 2.18601e+04 1.97792e+04 1.79838e+04 1.62781e+04 1.42588e+04 1.25140e+04 1.13478e+04 1.02726e+04 9.24475e+03 7.94044e+03 6.81684e+03 6.36054e+03 6.19001e+03 6.12229e+03 6.09076e+03 6.08215e+03 6.06703e+03 6.05033e+03 6.00367e+03 5.93099e+03 5.82867e+03 5.71567e+03 5.57139e+03 5.43501e+03 5.28490e+03 5.14456e+03 5.03145e+03 4.88594e+03 4.77917e+03 4.63442e+03 4.48848e+03 4.32866e+03 4.13814e+03 3.93155e+03
3.71478e+03 9.48536e+04 9.01932e+04 8.57852e+04 8.14952e+04 7.75345e+04 7.36776e+04 6.99800e+04 6.64331e+04 6.30514e+04 5.97474e+04 5.66435e+04 5.35871e+04 5.06447e+04 4.77849e+04 4.51270e+04 4.24100e+04 3.98761e+04 3.73333e+04 3.49261e+04 3.27035e+04 3.06515e+04 2.87345e+04 2.68198e+04 2.48160e+04 2.26236e+04 2.05041e+04 1.86871e+04 1.70546e+04 1.53231e+04 1.33904e+04 1.19461e+04 1.08676e+04 9.84457e+03 8.91308e+03 7.56608e+03 6.64656e+03 6.28468e+03 6.14639e+03 6.08883e+03 6.06948e+03 6.06423e+03 6.05889e+03 6.03157e+03 6.00176e+03 5.92536e+03 5.82707e+03 5.71825e+03 5.58443e+03 5.45267e+03 5.31482e+03 5.17045e+03 5.06213e+03 4.91755e+03 4.79287e+03 4.65390e+03 4.50712e+03 4.32236e+03 4.15905e+03 3.93988e+03
3.94804e+03 8.47048e+04 7.97260e+04 7.54992e+04 7.18644e+04 6.82562e+04 6.50110e+04 6.17090e+04 5.87572e+04 5.58002e+04 5.30568e+04 5.04172e+04 4.78626e+04 4.53725e+04 4.29498e+04 4.06088e+04 3.83058e+04 3.61187e+04 3.40282e+04 3.20612e+04 3.02837e+04 2.85316e+04 2.68334e+04 2.50423e+04 2.29902e+04 2.09653e+04 1.91585e+04 1.75853e+04 1.60426e+04 1.42839e+04 1.26254e+04 1.14031e+04 1.03981e+04 9.48442e+03 8.59845e+03 7.26089e+03 6.53245e+03 6.24171e+03 6.13264e+03 6.09110e+03 6.08494e+03 6.09138e+03 6.09385e+03 6.06736e+03 6.04423e+03 5.97119e+03 5.88525e+03 5.78208e+03 5.65565e+03 5.53960e+03 5.39419e+03 5.24398e+03 5.13442e+03 4.98238e+03 4.85857e+03 4.73066e+03 4.55127e+03 4.35789e+03 4.16520e+03 3.97064e+03
4.19594e+03 7.03279e+04 6.77329e+04 6.43740e+04 6.13793e+04 5.84384e+04 5.57348e+04 5.30685e+04 5.06556e+04 4.81891e+04 4.59873e+04 4.37804e+04 4.16124e+04 3.95870e+04 3.78397e+04 3.59121e+04 3.42685e+04 3.25713e+04 3.10131e+04 2.94464e+04 2.79948e+04 2.64594e+04 2.48943e+04 2.31649e+04 2.12340e+04 1.95150e+04 1.79861e+04 1.65704e+04 1.50429e+04 1.33790e+04 1.20065e+04 1.09308e+04 1.00102e+04 9.22737e+03 8.35998e+03 7.07377e+03 6.49025e+03 6.26506e+03 6.18132e+03 6.15644e+03 6.17675e+03 6.20651e+03 6.21039e+03 6.19552e+03 6.15566e+03 6.10613e+03 6.04395e+03 5.92756e+03 5.78984e+03 5.70080e+03 5.53556e+03 5.38426e+03 5.25845e+03 5.11180e+03 4.97620e+03 4.83464e+03 4.65425e+03 4.42339e+03 4.19720e+03 4.01687e+03
4.45941e+03 6.11725e+04 5.87144e+04 5.60071e+04 5.32100e+04 5.08438e+04 4.84212e+04 4.62279e+04 4.41081e+04 4.19737e+04 4.01523e+04 3.82975e+04 3.65845e+04 3.50163e+04 3.37615e+04 3.23434e+04 3.11204e+04 2.98308e+04 2.85858e+04 2.72880e+04 2.59933e+04 2.45744e+04 2.30773e+04 2.14801e+04 1.98349e+04 1.83830e+04 1.70347e+04 1.56796e+04 1.41764e+04 1.26908e+04 1.15123e+04 1.05329e+04 9.70164e+03 9.03278e+03 8.16039e+03 6.96650e+03 6.48854e+03 6.30927e+03 6.24834e+03 6.23643e+03 6.28300e+03 6.32648e+03 6.33300e+03 6.32842e+03 6.27979e+03 6.23550e+03 6.17911e+03 6.04505e+03 5.90707e+03 5.80625e+03 5.66766e+03 5.49983e+03 5.34578e+03 5.20462e+03 5.04591e+03 4.86177e+03 4.67458e+03 4.44201e+03 4.19702e+03 3.99229e+03
4.73942e+03 5.77283e+04 5.48123e+04 5.19366e+04 4.91414e+04 4.66666e+04 4.42523e+04 4.20343e+04 3.99668e+04 3.79478e+04 3.62656e+04 3.46515e+04 3.32230e+04 3.19413e+04 3.08406e+04 2.97095e+04 2.86644e+04 2.75869e+04 2.64976e+04 2.53452e+04 2.41155e+04 2.27897e+04 2.14442e+04 2.00838e+04 1.87173e+04 1.74467e+04 1.61977e+04 1.48561e+04 1.34385e+04 1.21357e+04 1.10822e+04 1.01743e+04 9.42803e+03 8.82820e+03 7.91325e+03 6.85756e+03 6.45092e+03 6.29446e+03 6.24971e+03 6.27120e+03 6.30994e+03 6.36651e+03 6.37282e+03 6.37065e+03 6.32628e+03 6.26795e+03 6.18566e+03 6.04813e+03 5.91863e+03 5.80475e+03 5.68639e+03 5.50600e+03 5.34097e+03 5.19207e+03 5.01113e+03 4.79917e+03 4.58927e+03 4.32867e+03 4.09493e+03 3.87951e+03
5.03701e+03 5.68291e+04 5.35637e+04 5.04666e+04 4.74777e+04 4.48163e+04 4.22458e+04 3.98805e+04 3.77039e+04 3.56485e+04 3.38929e+04 3.22805e+04 3.08516e+04 2.95893e+04 2.85129e+04 2.74557e+04 2.64562e+04 2.54599e+04 2.44213e+04 2.33489e+04 2.22400e+04 2.11012e+04 1.99917e+04 1.88641e+04 1.77059e+04 1.65495e+04 1.53408e+04 1.40476e+04 1.27794e+04 1.16320e+04 1.06713e+04 9.83431e+03 9.16958e+03 8.57346e+03 7.61397e+03 6.72800e+03 6.36997e+03 6.21645e+03 6.17671e+03 6.21633e+03 6.26063e+03 6.31165e+03 6.32774e+03 6.32147e+03 6.27661e+03 6.20925e+03 6.10731e+03 5.96792e+03 5.84204e+03 5.73782e+03 5.60669e+03 5.41414e+03 5.24018e+03 5.07902e+03 4.90064e+03 4.67089e+03 4.42789e+03 4.15950e+03 3.91740e+03 3.72808e+03
5.35329e+03 5.68308e+04 5.32756e+04 4.99848e+04 4.68716e+04 4.40520e+04 4.13373e+04 3.88460e+04 3.65331e+04 3.43901e+04 3.24813e+04 3.07454e+04 2.91894e+04 2.78119e+04 2.66288e+04 2.54927e+04 2.44368e+04 2.34328e+04 2.24194e+04 2.14581e+04 2.05237e+04 1.95959e+04 1.86760e+04 1.77152e+04 1.66918e+04 1.55962e+04 1.44311e+04 1.32611e+04 1.21654e+04 1.11472e+04 1.02671e+04 9.51323e+03 8.91334e+03 8.27739e+03 7.31443e+03 6.59914e+03 6.26651e+03 6.10352e+03 6.07162e+03 6.11975e+03 6.17374e+03 6.22142e+03 6.23533e+03 6.22652e+03 6.18049e+03 6.09016e+03 6.00145e+03 5.86311e+03 5.72519e+03 5.63919e+03 5.50933e+03 5.30790e+03 5.12459e+03 4.95345e+03 4.75574e+03 4.50527e+03 4.26702e+03 3.99688e+03 3.79175e+03 3.57977e+03
5.68943e+03 5.65969e+04 5.29872e+04 4.96305e+04 4.64660e+04 4.35658e+04 4.07899e+04 3.82165e+04 3.58190e+04 3.36143e+04 3.15924e+04 2.97445e+04 2.80666e+04 2.65511e+04 2.52055e+04 2.39375e+04 2.27856e+04 2.17408e+04 2.07578e+04 1.98894e+04 1.90539e+04 1.82529e+04 1.74406e+04 1.65778e+04 1.56206e+04 1.45780e+04 1.35245e+04 1.25258e+04 1.15837e+04 1.06752e+04 9.87736e+03 9.21222e+03 8.64055e+03 7.93782e+03 7.04811e+03 6.46510e+03 6.14801e+03 5.97662e+03 5.94579e+03 6.00776e+03 6.07100e+03 6.13000e+03 6.14572e+03 6.13364e+03 6.07537e+03 5.97820e+03 5.88767e+03 5.75614e+03 5.61438e+03 5.52487e+03 5.40339e+03 5.22054e+03 5.04626e+03 4.82179e+03 4.61901e+03 4.36509e+03 4.13566e+03 3.91303e+03 3.66546e+03 3.45866e+03
6.04667e+03 5.58945e+04 5.22728e+04 4.89158e+04 4.57752e+04 4.28738e+04 4.01074e+04 3.75235e+04 3.51171e+04 3.29062e+04 3.08481e+04 2.89515e+04 2.72125e+04 2.56098e+04 2.41368e+04 2.27636e+04 2.15222e+04 2.04234e+04 1.94297e+04 1.85761e+04 1.77635e+04 1.70028e+04 1.62288e+04 1.54115e+04 1.45039e+04 1.35776e+04 1.26859e+04 1.18466e+04 1.10347e+04 1.02123e+04 9.50896e+03 8.91998e+03 8.33160e+03 7.58987e+03 6.81693e+03 6.33072e+03 6.00319e+03 5.83157e+03 5.80688e+03 5.87721e+03 5.95756e+03 6.03616e+03 6.04155e+03 6.03786e+03 5.97371e+03 5.89300e+03 5.77807e+03 5.65593e+03 5.51247e+03 5.43822e+03 5.30065e+03 5.15372e+03 4.96084e+03 4.74510e+03 4.50439e+03 4.27727e+03 4.04150e+03 3.81827e+03 3.58360e+03 3.38036e+03
6.42635e+03 5.44743e+04 5.09590e+04 4.76788e+04 4.46302e+04 4.17880e+04 3.90897e+04 3.65541e+04 3.42014e+04 3.20330e+04 3.00064e+04 2.81243e+04 2.63792e+04 2.47442e+04 2.32087e+04 2.17784e+04 2.04796e+04 1.93287e+04 1.83002e+04 1.74051e+04 1.65661e+04 1.57819e+04 1.50157e+04 1.42475e+04 1.34419e+04 1.26710e+04 1.19268e+04 1.12094e+04 1.05011e+04 9.76751e+03 9.16193e+03 8.61291e+03 7.98065e+03 7.25598e+03 6.61316e+03 6.18133e+03 5.82921e+03 5.67418e+03 5.66661e+03 5.74433e+03 5.83862e+03 5.92277e+03 5.92794e+03 5.92701e+03 5.86937e+03 5.79042e+03 5.68845e+03 5.56323e+03 5.40118e+03 5.36856e+03 5.22564e+03 5.07078e+03 4.87672e+03 4.65919e+03 4.42950e+03 4.21452e+03 3.96285e+03 3.74096e+03 3.50859e+03 3.32369e+03
6.82986e+03 5.24808e+04 4.91645e+04 4.60276e+04 4.30877e+04 4.03524e+04 3.77487e+04 3.53056e+04 3.30383e+04 3.09450e+04 2.89869e+04 2.71506e+04 2.54262e+04 2.37929e+04 2.22482e+04 2.08094e+04 1.94976e+04 1.83155e+04 1.72478e+04 1.62789e+04 1.53838e+04 1.45822e+04 1.38533e+04 1.31736e+04 1.24975e+04 1.18569e+04 1.12229e+04 1.05971e+04 9.98670e+03 9.35300e+03 8.82146e+03 8.27063e+03 7.61116e+03 6.94570e+03 6.41968e+03 5.99719e+03 5.63581e+03 5.50625e+03 5.52059e+03 5.61437e+03 5.72310e+03 5.79511e+03 5.82799e+03 5.81744e+03 5.77380e+03 5.68487e+03 5.60066e+03 5.46378e+03 5.31407e+03 5.29102e+03 5.13722e+03 4.96317e+03 4.78301e+03 4.58243e+03 4.34354e+03 4.11726e+03 3.90026e+03 3.66393e+03 3.46182e+03 3.27709e+03
7.25871e+03 5.03168e+04 4.71223e+04 4.41237e+04 4.12876e+04 3.86697e+04 3.61646e+04 3.38317e+04 3.16559e+04 2.96564e+04 2.77720e+04 2.59702e+04 2.42733e+04 2.26654e+04 2.11551e+04 1.97523e+04 1.84666e+04 1.72698e+04 1.61553e+04 1.51289e+04 1.42198e+04 1.34532e+04 1.27936e+04 1.22075e+04 1.16370e+04 1.10941e+04 1.05453e+04 1.00067e+04 9.50289e+03 8.95344e+03 8.44986e+03 7.87323e+03 7.23943e+03 6.66250e+03 6.21492e+03 5.77405e+03 5.42966e+03 5.32878e+03 5.37261e+03 5.49437e+03 5.61041e+03 5.67403e+03 5.72237e+03 5.71716e+03 5.67573e+03 5.57154e+03 5.50343e+03 5.36549e+03 5.22467e+03 5.21806e+03 5.07274e+03 4.88990e+03 4.72675e+03 4.48401e+03 4.27943e+03 4.03708e+03 3.81874e+03 3.58633e+03 3.38602e+03 3.23801e+03
7.71450e+03 4.78807e+04 4.47661e+04 4.18900e+04 3.91656e+04 3.66683e+04 3.42764e+04 3.20663e+04 2.99880e+04 2.80879e+04 2.62658e+04 2.44785e+04 2.28310e+04 2.12912e+04 1.98625e+04 1.85297e+04 1.72877e+04 1.60791e+04 1.49532e+04 1.39541e+04 1.31023e+04 1.23993e+04 1.18076e+04 1.12979e+04 1.08111e+04 1.03530e+04 9.88945e+03 9.45188e+03 9.04107e+03 8.52959e+03 8.01932e+03 7.45585e+03 6.87991e+03 6.39877e+03 5.97720e+03 5.52781e+03 5.22674e+03 5.17796e+03 5.23961e+03 5.36982e+03 5.50179e+03 5.57617e+03 5.62918e+03 5.61976e+03 5.58081e+03 5.48883e+03 5.40827e+03 5.28311e+03 5.13247e+03 5.14785e+03 5.02265e+03 4.81721e+03 4.62293e+03 4.39971e+03 4.17659e+03 3.96361e+03 3.73325e+03 3.52551e+03 3.31566e+03 3.17926e+03
8.19890e+03 4.46781e+04 4.16089e+04 3.88793e+04 3.63653e+04 3.40386e+04 3.18219e+04 2.97690e+04 2.78067e+04 2.60083e+04 2.42587e+04 2.25617e+04 2.10342e+04 1.96253e+04 1.83160e+04 1.70558e+04 1.58581e+04 1.47066e+04 1.36756e+04 1.27795e+04 1.20120e+04 1.13730e+04 1.08444e+04 1.04111e+04 1.00070e+04 9.63989e+03 9.26573e+03 8.90971e+03 8.54156e+03 8.05468e+03 7.56144e+03 7.04073e+03 6.54384e+03 6.12907e+03 5.69698e+03 5.27529e+03 5.04976e+03 5.03817e+03 5.11749e+03 5.25505e+03 5.40299e+03 5.49174e+03 5.54682e+03 5.53250e+03 5.50533e+03 5.41635e+03 5.32249e+03 5.20235e+03 5.04792e+03 5.08331e+03 4.94408e+03 4.75303e+03 4.51673e+03 4.32153e+03 4.09597e+03 3.86381e+03 3.64487e+03 3.43392e+03 3.23602e+03 3.09627e+03
8.71393e+03 3.96762e+04 3.70151e+04 3.46384e+04 3.24712e+04 3.04323e+04 2.84757e+04 2.66479e+04 2.48571e+04 2.31887e+04 2.16317e+04 2.01965e+04 1.88690e+04 1.76200e+04 1.64328e+04 1.52854e+04 1.42157e+04 1.32405e+04 1.23688e+04 1.15873e+04 1.09099e+04 1.03488e+04 9.90039e+03 9.55366e+03 9.22770e+03 8.93472e+03 8.62022e+03 8.29976e+03 7.97591e+03 7.54500e+03 7.09314e+03 6.63373e+03 6.21298e+03 5.81194e+03 5.37534e+03 5.03959e+03 4.88476e+03 4.89661e+03 4.99709e+03 5.14788e+03 5.30112e+03 5.40061e+03 5.46213e+03 5.44727e+03 5.43502e+03 5.36166e+03 5.26173e+03 5.11825e+03 4.96655e+03 5.01784e+03 4.84214e+03 4.67481e+03 4.46712e+03 4.21161e+03 3.97395e+03 3.71308e+03 3.52773e+03 3.31154e+03 3.14915e+03 3.01888e+03
9.24417e+03 3.31131e+04 3.10722e+04 2.92042e+04 2.74381e+04 2.57737e+04 2.41295e+04 2.25857e+04 2.11581e+04 1.98385e+04 1.86032e+04 1.74490e+04 1.63295e+04 1.52759e+04 1.42984e+04 1.33921e+04 1.25613e+04 1.17828e+04 1.10553e+04 1.03932e+04 9.82989e+03 9.36768e+03 9.00468e+03 8.71983e+03 8.45093e+03 8.20649e+03 7.94516e+03 7.66886e+03 7.39589e+03 7.02415e+03 6.63145e+03 6.24503e+03 5.86734e+03 5.46222e+03 5.08989e+03 4.86188e+03 4.76148e+03 4.79852e+03 4.91486e+03 5.08922e+03 5.23841e+03 5.34325e+03 5.42037e+03 5.40879e+03 5.40354e+03 5.33457e+03 5.24515e+03 5.08381e+03 4.93501e+03 5.01046e+03 4.79870e+03 4.62746e+03 4.38872e+03 4.13975e+03 3.87911e+03 3.62712e+03 3.43519e+03 3.25579e+03 3.10662e+03 2.98689e+03
9.65668e+03 2.72337e+04 2.56610e+04 2.41795e+04 2.27741e+04 2.14874e+04 2.02537e+04 1.90927e+04 1.80056e+04 1.69683e+04 1.59886e+04 1.50720e+04 1.42060e+04 1.34172e+04 1.26972e+04 1.19932e+04 1.13259e+04 1.06759e+04 1.00769e+04 9.52505e+03 9.04655e+03 8.64812e+03 8.32895e+03 8.09283e+03 7.86350e+03 7.65995e+03 7.44982e+03 7.21321e+03 6.96491e+03 6.63991e+03 6.30450e+03 5.96656e+03 5.61360e+03 5.22510e+03 4.96703e+03 4.80678e+03 4.76460e+03 4.83305e+03 4.97529e+03 5.13134e+03 5.26784e+03 5.38202e+03 5.45180e+03 5.45798e+03 5.43215e+03 5.36331e+03 5.29192e+03 5.15982e+03 5.01470e+03 5.06926e+03 4.83431e+03 4.66599e+03 4.40457e+03 4.17260e+03 3.87586e+03 3.67485e+03 3.47286e+03 3.32520e+03 3.11992e+03 3.01061e+03
9.95891e+03 2.25985e+04 2.15064e+04 2.03605e+04 1.93104e+04 1.83578e+04 1.74081e+04 1.65046e+04 1.56668e+04 1.48496e+04 1.41336e+04 1.34505e+04 1.28093e+04 1.22081e+04 1.16143e+04 1.10419e+04 1.04713e+04 9.93624e+03 9.40865e+03 8.94126e+03 8.50338e+03 8.15589e+03 7.87530e+03 7.66029e+03 7.45966e+03 7.28841e+03 7.11943e+03 6.91736e+03 6.68045e+03 6.39209e+03 6.09398e+03 5.78791e+03 5.45381e+03 5.13513e+03 4.91465e+03 4.79557e+03 4.80696e+03 4.88599e+03 5.05728e+03 5.22703e+03 5.35500e+03 5.42391e+03 5.48731e+03 5.50723e+03 5.47824e+03 5.42906e+03 5.34548e+03 5.22015e+03 5.07706e+03 5.13669e+03 4.90357e+03 4.72281e+03 4.48296e+03 4.24001e+03 3.96976e+03 3.75719e+03 3.55308e+03 3.38017e+03 3.17700e+03 3.05276e+03
1.02419e+04 1.88401e+04 1.80272e+04 1.71500e+04 1.63564e+04 1.56906e+04 1.49907e+04 1.43525e+04 1.37630e+04 1.31930e+04 1.26861e+04 1.21699e+04 1.17021e+04 1.12278e+04 1.07409e+04 1.02784e+04 9.80271e+03 9.33939e+03 8.88687e+03 8.44953e+03 8.06178e+03 7.72593e+03 7.47752e+03 7.29177e+03 7.12161e+03 6.97092e+03 6.82891e+03 6.66652e+03 6.44356e+03 6.18741e+03 5.91577e+03 5.63562e+03 5.33457e+03 5.05698e+03 4.89542e+03 4.80542e+03 4.83962e+03 4.93760e+03 5.12420e+03 5.27315e+03 5.38939e+03 5.46424e+03 5.51861e+03 5.52393e+03 5.49662e+03 5.44866e+03 5.37107e+03 5.26108e+03 5.13231e+03 5.16670e+03 4.94979e+03 4.76984e+03 4.54015e+03 4.30051e+03 4.04719e+03 3.82202e+03 3.60049e+03 3.43348e+03 3.25056e+03 3.09817e+03
1.05398e+04 1.55317e+04 1.49879e+04 1.43618e+04 1.38519e+04 1.33980e+04 1.29426e+04 1.25221e+04 1.21393e+04 1.17641e+04 1.14139e+04 1.10544e+04 1.06961e+04 1.03215e+04 9.95069e+03 9.55572e+03 9.16851e+03 8.76178e+03 8.36773e+03 7.98170e+03 7.62114e+03 7.32755e+03 7.09924e+03 6.94424e+03 6.79955e+03 6.67714e+03 6.57252e+03 6.42679e+03 6.22314e+03 5.99336e+03 5.74843e+03 5.49118e+03 5.21752e+03 4.99555e+03 4.87484e+03 4.81578e+03 4.87390e+03 4.98351e+03 5.15552e+03 5.26776e+03 5.35649e+03 5.42598e+03 5.47941e+03 5.48685e+03 5.48939e+03 5.45111e+03 5.37521e+03 5.27322e+03 5.15669e+03 5.18208e+03 4.98315e+03 4.81514e+03 4.59226e+03 4.36409e+03 4.11227e+03 3.88943e+03 3.66396e+03 3.52464e+03 3.33890e+03 3.14959e+03
1.08445e+04 1.28465e+04 1.25013e+04 1.21097e+04 1.17687e+04 1.14583e+04 1.11753e+04 1.09283e+04 1.07015e+04 1.04851e+04 1.02614e+04 1.00295e+04 9.76975e+03 9.49236e+03 9.20842e+03 8.90007e+03 8.57192e+03 8.22797e+03 7.87486e+03 7.52660e+03 7.20143e+03 6.94118e+03 6.74797e+03 6.61214e+03 6.49447e+03 6.39727e+03 6.32627e+03 6.21292e+03 6.02006e+03 5.80999e+03 5.58964e+03 5.35448e+03 5.12426e+03 4.93764e+03 4.85355e+03 4.82606e+03 4.87304e+03 4.98376e+03 5.10557e+03 5.22046e+03 5.29487e+03 5.36438e+03 5.41577e+03 5.43301e+03 5.43713e+03 5.40889e+03 5.35465e+03 5.26252e+03 5.15988e+03 5.18777e+03 5.03570e+03 4.88384e+03 4.72343e+03 4.49429e+03 4.24132e+03 4.02329e+03 3.77387e+03 3.63733e+03 3.44890e+03 3.25366e+03
1.11311e+04 1.08280e+04 1.05733e+04 1.02435e+04 9.95852e+03 9.75097e+03 9.60111e+03 9.49975e+03 9.40980e+03 9.32720e+03 9.21316e+03 9.08724e+03 8.92592e+03 8.74904e+03 8.53482e+03 8.28575e+03 8.02068e+03 7.71974e+03 7.41672e+03 7.11323e+03 6.82669e+03 6.59626e+03 6.43229e+03 6.32041e+03 6.22980e+03 6.15301e+03 6.10971e+03 6.01794e+03 5.84725e+03 5.65115e+03 5.44769e+03 5.23894e+03 5.03718e+03 4.89202e+03 4.83176e+03 4.83573e+03 4.87079e+03 4.97823e+03 5.04530e+03 5.15756e+03 5.22017e+03 5.28458e+03 5.34240e+03 5.35805e+03 5.35334e+03 5.33592e+03 5.30102e+03 5.22534e+03 5.13996e+03 5.17303e+03 5.06347e+03 4.93282e+03 4.79424e+03 4.59950e+03 4.36178e+03 4.15598e+03 3.92715e+03 3.78412e+03 3.60802e+03 3.37140e+03
1.13698e+04 9.47537e+03 9.08665e+03 8.67393e+03 8.38477e+03 8.25303e+03 8.21373e+03 8.22767e+03 8.25329e+03 8.27901e+03 8.26270e+03 8.22906e+03 8.16786e+03 8.05490e+03 7.91683e+03 7.72359e+03 7.51668e+03 7.27654e+03 7.01639e+03 6.75561e+03 6.51227e+03 6.31656e+03 6.17773e+03 6.08791e+03 6.01605e+03 5.95519e+03 5.93345e+03 5.85933e+03 5.70141e+03 5.52093e+03 5.33367e+03 5.14492e+03 4.96668e+03 4.86194e+03 4.81281e+03 4.83334e+03 4.86880e+03 4.94355e+03 4.98949e+03 5.08792e+03 5.14325e+03 5.20908e+03 5.25176e+03 5.27566e+03 5.28499e+03 5.26120e+03 5.24011e+03 5.19012e+03 5.11318e+03 5.15057e+03 5.06743e+03 4.96712e+03 4.82197e+03 4.66986e+03 4.44291e+03 4.27108e+03 4.04234e+03 3.87523e+03 3.72006e+03 3.49226e+03
1.15525e+04 8.46526e+03 7.88753e+03 7.45347e+03 7.25560e+03 7.19440e+03 7.19840e+03 7.25416e+03 7.30288e+03 7.38562e+03 7.44868e+03 7.48743e+03 7.49085e+03 7.44337e+03 7.36838e+03 7.25088e+03 7.09740e+03 6.91033e+03 6.69655e+03 6.47431e+03 6.27048e+03 6.10285e+03 5.98436e+03 5.91050e+03 5.85301e+03 5.80287e+03 5.79787e+03 5.73515e+03 5.58934e+03 5.41804e+03 5.25149e+03 5.07333e+03 4.92122e+03 4.84856e+03 4.81605e+03 4.83124e+03 4.86727e+03 4.91701e+03 4.98698e+03 5.06425e+03 5.11578e+03 5.16725e+03 5.20023e+03 5.22505e+03 5.23545e+03 5.21057e+03 5.18709e+03 5.16017e+03 5.08339e+03 5.14692e+03 5.05524e+03 4.99761e+03 4.83404e+03 4.70642e+03 4.52336e+03 4.36200e+03 4.13978e+03 3.94209e+03 3.79507e+03 3.59306e+03
1.16843e+04 7.65030e+03 7.09455e+03 6.78530e+03 6.65905e+03 6.62447e+03 6.62987e+03 6.67472e+03 6.74119e+03 6.81493e+03 6.88425e+03 6.93920e+03 6.97468e+03 6.98714e+03 6.95745e+03 6.87397e+03 6.76696e+03 6.62598e+03 6.45127e+03 6.26514e+03 6.09540e+03 5.94881e+03 5.84718e+03 5.78277e+03 5.73468e+03 5.69140e+03 5.69958e+03 5.64517e+03 5.50862e+03 5.34719e+03 5.19398e+03 5.04673e+03 4.91755e+03 4.83892e+03 4.83271e+03 4.83992e+03 4.87600e+03 4.92780e+03 4.98539e+03 5.05699e+03 5.09907e+03 5.14975e+03 5.18054e+03 5.19585e+03 5.22093e+03 5.17938e+03 5.17742e+03 5.15111e+03 5.07468e+03 5.14558e+03 5.05899e+03 5.01262e+03 4.87006e+03 4.74917e+03 4.57932e+03 4.43372e+03 4.21673e+03 4.00852e+03 3.80772e+03 3.66874e+03
1.17875e+04 7.02830e+03 6.61227e+03 6.39097e+03 6.29611e+03 6.27614e+03 6.29783e+03 6.33745e+03 6.39924e+03 6.46073e+03 6.50618e+03 6.57686e+03 6.62573e+03 6.63224e+03 6.63321e+03 6.60280e+03 6.52678e+03 6.40848e+03 6.26892e+03 6.11329e+03 5.96366e+03 5.83683e+03 5.74299e+03 5.68721e+03 5.64326e+03 5.60534e+03 5.62497e+03 5.57961e+03 5.45207e+03 5.30029e+03 5.15897e+03 5.02828e+03 4.91468e+03 4.85564e+03 4.84575e+03 4.86322e+03 4.89832e+03 4.94393e+03 4.99054e+03 5.05552e+03 5.09496e+03 5.13877e+03 5.16849e+03 5.18618e+03 5.20969e+03 5.16059e+03 5.16984e+03 5.14715e+03 5.07388e+03 5.14619e+03 5.06938e+03 5.02156e+03 4.90761e+03 4.78934e+03 4.61865e+03 4.49725e+03 4.27959e+03 4.06054e+03 3.81762e+03 3.71551e+03
1.18769e+04 6.58761e+03 6.27084e+03 6.10864e+03 6.04279e+03 6.03113e+03 6.06253e+03 6.10476e+03 6.14189e+03 6.20088e+03 6.27554e+03 6.33078e+03 6.36326e+03 6.40427e+03 6.41151e+03 6.37615e+03 6.32220e+03 6.24399e+03 6.12400e+03 5.98576e+03 5.85856e+03 5.74028e+03 5.65269e+03 5.60847e+03 5.57046e+03 5.53583e+03 5.56386e+03 5.52394e+03 5.40398e+03 5.26103e+03 5.13875e+03 5.01229e+03 4.91218e+03 4.87602e+03 4.85759e+03 4.88341e+03 4.91766e+03 4.95791e+03 4.99899e+03 5.05982e+03 5.09303e+03 5.13523e+03 5.16448e+03 5.17780e+03 5.20600e+03 5.14430e+03 5.17036e+03 5.14707e+03 5.07319e+03 5.14671e+03 5.08121e+03 5.03448e+03 4.93843e+03 4.82144e+03 4.65273e+03 4.55231e+03 4.31929e+03 4.11493e+03 3.85504e+03 3.74069e+03
1.19621e+04 6.25365e+03 6.00773e+03 5.87923e+03 5.82415e+03 5.82391e+03 5.85759e+03 5.90338e+03 5.96683e+03 6.02416e+03 6.07032e+03 6.12385e+03 6.18016e+03 6.20272e+03 6.21428e+03 6.21219e+03 6.17277e+03 6.09725e+03 5.99795e+03 5.88156e+03 5.76029e+03 5.65965e+03 5.58391e+03 5.53349e+03 5.50113e+03 5.46964e+03 5.50566e+03 5.47093e+03 5.36948e+03 5.23419e+03 5.11949e+03 5.01613e+03 4.93021e+03 4.89543e+03 4.88956e+03 4.90264e+03 4.93608e+03 4.97122e+03 5.00703e+03 5.06391e+03 5.09120e+03 5.13187e+03 5.16065e+03 5.18686e+03 5.20547e+03 5.16222e+03 5.17342e+03 5.16083e+03 5.10112e+03 5.16641e+03 5.09975e+03 5.05367e+03 4.96606e+03 4.84809e+03 4.69316e+03 4.59986e+03 4.35324e+03 4.16905e+03 3.91216e+03 3.76467e+03
1.20524e+04 5.99018e+03 5.79030e+03 5.67001e+03 5.64338e+03 5.65272e+03 5.68929e+03 5.74033e+03 5.78379e+03 5.84221e+03 5.91305e+03 5.96633e+03 6.00024e+03 6.04152e+03 6.06133e+03 6.05261e+03 6.02239e+03 5.97201e+03 5.88716e+03 5.78341e+03 5.68097e+03 5.58490e+03 5.51196e+03 5.46960e+03 5.43518e+03 5.40719e+03 5.45710e+03 5.43597e+03 5.33760e+03 5.20571e+03 5.10719e+03 5.02373e+03 4.94934e+03 4.91603e+03 4.92349e+03 4.92365e+03 4.95676e+03 4.99487e+03 5.02068e+03 5.07611e+03 5.11694e+03 5.14545e+03 5.17758e+03 5.20148e+03 5.20540e+03 5.18691e+03 5.17870e+03 5.17543e+03 5.13202e+03 5.18982e+03 5.11943e+03 5.07403e+03 4.99697e+03 4.87637e+03 4.73773e+03 4.64983e+03 4.41269e+03 4.22753e+03 3.97278e+03 3.80619e+03
1.21546e+04 5.77213e+03 5.59590e+03 5.50345e+03 5.45745e+03 5.47190e+03 5.52590e+03 5.58034e+03 5.64276e+03 5.70362e+03 5.74955e+03 5.79972e+03 5.85760e+03 5.89019e+03 5.91117e+03 5.91414e+03 5.89722e+03 5.85163e+03 5.78091e+03 5.69180e+03 5.59128e+03 5.50599e+03 5.44104e+03 5.40081e+03 5.37344e+03 5.35012e+03 5.41335e+03 5.39709e+03 5.31488e+03 5.18831e+03 5.10235e+03 5.03233e+03 4.97097e+03 4.94510e+03 4.96186e+03 4.95372e+03 4.99263e+03 5.02566e+03 5.06200e+03 5.11383e+03 5.14887e+03 5.18311e+03 5.21393e+03 5.22740e+03 5.25336e+03 5.22925e+03 5.23664e+03 5.21812e+03 5.17481e+03 5.22821e+03 5.16509e+03 5.12236e+03 5.05440e+03 4.95000e+03 4.80226e+03 4.71692e+03 4.49395e+03 4.31023e+03 4.05920e+03 3.87569e+03
1.23200e+04 5.50190e+03 5.34819e+03 5.26856e+03 5.25645e+03 5.28257e+03 5.32837e+03 5.38915e+03 5.43853e+03 5.50602e+03 5.56744e+03 5.62453e+03 5.67313e+03 5.70339e+03 5.73146e+03 5.74885e+03 5.74121e+03 5.70428e+03 5.64751e+03 5.57155e+03 5.48960e+03 5.40876e+03 5.34699e+03 5.31296e+03 5.28653e+03 5.26839e+03 5.34907e+03 5.34447e+03 5.28688e+03 5.16007e+03 5.08992e+03 5.03838e+03 4.99629e+03 4.99253e+03 5.00761e+03 5.00236e+03 5.05069e+03 5.07549e+03 5.12886e+03 5.17045e+03 5.20122e+03 5.24267e+03 5.27505e+03 5.30109e+03 5.33095e+03 5.34370e+03 5.33365e+03 5.32855e+03 5.27802e+03 5.31558e+03 5.24873e+03 5.19965e+03 5.13465e+03 5.03431e+03 4.92313e+03 4.84035e+03 4.61526e+03 4.41949e+03 4.19920e+03 3.95546e+03
1.26490e+04 5.10087e+03 4.98915e+03 4.93686e+03 4.94755e+03 4.98921e+03 5.04592e+03 5.11570e+03 5.17432e+03 5.24422e+03 5.30886e+03 5.36806e+03 5.42013e+03 5.45943e+03 5.49518e+03 5.51563e+03 5.51984e+03 5.50025e+03 5.45869e+03 5.39759e+03 5.32658e+03 5.25851e+03 5.20780e+03 5.17970e+03 5.16123e+03 5.14672e+03 5.23778e+03 5.24679e+03 5.20610e+03 5.08894e+03 5.04264e+03 5.01374e+03 5.00401e+03 5.01146e+03 5.06369e+03 5.05253e+03 5.10474e+03 5.12473e+03 5.20774e+03 5.24050e+03 5.29266e+03 5.34793e+03 5.39467e+03 5.43459e+03 5.47646e+03 5.52546e+03 5.52779e+03 5.49592e+03 5.46235e+03 5.45194e+03 5.39271e+03 5.28058e+03 5.20559e+03 5.08994e+03 4.96960e+03 4.79551e+03 4.53864e+03 4.42956e+03 4.26554e+03 3.79556e+03
1.30639e+04 4.72279e+03 4.64590e+03 4.61964e+03 4.64773e+03 4.70608e+03 4.77834e+03 4.85770e+03 4.92624e+03 4.99830e+03 5.06430e+03 5.12397e+03 5.17726e+03 5.22079e+03 5.25950e+03 5.28446e+03 5.29726e+03 5.29076e+03 5.26324e+03 5.21691e+03 5.15919e+03 5.10334e+03 5.06172e+03 5.03795e+03 5.02161e+03 5.00617e+03 5.10278e+03 5.12283e+03 5.10804e+03 4.99755e+03 4.96210e+03 4.93919e+03 4.93419e+03 4.97561e+03 5.03248e+03 5.06646e+03 5.11967e+03 5.16293e+03 5.25556e+03 5.32377e+03 5.37995e+03 5.45499e+03 5.52581e+03 5.57587e+03 5.64409e+03 5.68722e+03 5.71072e+03 5.63079e+03 5.61659e+03 5.56359e+03 5.45191e+03 5.31160e+03 5.20369e+03 5.02929e+03 4.83678e+03 4.63870e+03 4.39353e+03 4.16389e+03 4.03465e+03 3.03614e+03
1.35246e+04 4.38378e+03 4.33401e+03 4.33067e+03 4.37637e+03 4.44984e+03 4.53543e+03 4.62414e+03 4.69964e+03 4.77340e+03 4.83796e+03 4.89629e+03 4.94903e+03 4.99369e+03 5.03570e+03 5.06606e+03 5.08871e+03 5.09454e+03 5.07965e+03 5.04600e+03 5.00114e+03 4.95399e+03 4.91513e+03 4.88852e+03 4.86814e+03 4.84874e+03 4.95970e+03 4.99879e+03 4.98964e+03 4.89225e+03 4.86286e+03 4.86225e+03 4.87848e+03 4.92401e+03 4.99724e+03 5.04613e+03 5.11455e+03 5.20654e+03 5.30585e+03 5.38744e+03 5.48012e+03 5.57392e+03 5.65423e+03 5.73720e+03 5.81824e+03 5.82395e+03 5.82515e+03 5.75637e+03 5.73329e+03 5.65172e+03 5.50334e+03 5.26569e+03 5.20395e+03 4.97520e+03 4.77303e+03 4.40340e+03 4.43204e+03 3.94207e+03 3.40801e+03 2.40014e+03
1.40090e+04 4.08661e+03 4.06021e+03 4.07702e+03 4.13899e+03 4.22525e+03 4.32067e+03 4.41676e+03 4.49531e+03 4.56902e+03 4.63283e+03 4.69061e+03 4.74598e+03 4.79394e+03 4.84239e+03 4.88050e+03 4.91229e+03 4.92615e+03 4.92062e+03 4.89575e+03 4.85613e+03 4.80949e+03 4.76626e+03 4.73264e+03 4.70540e+03 4.68203e+03 4.81769e+03 4.88378e+03 4.88901e+03 4.78501e+03 4.76978e+03 4.79827e+03 4.85455e+03 4.89888e+03 4.98425e+03 5.06057e+03 5.12322e+03 5.26338e+03 5.36976e+03 5.45530e+03 5.57663e+03 5.69316e+03 5.80604e+03 5.89355e+03 5.95642e+03 5.95433e+03 5.94420e+03 5.90146e+03 5.80624e+03 5.77174e+03 5.57621e+03 5.29078e+03 5.20026e+03 4.99416e+03 4.75363e+03 4.26458e+03 4.15620e+03 3.66360e+03 2.60972e+03 1.70525e+03
1.45084e+04 3.83046e+03 3.82270e+03 3.85640e+03 3.93298e+03 4.03202e+03 4.13599e+03 4.23850e+03 4.32192e+03 4.39614e+03 4.46125e+03 4.52034e+03 4.57737e+03 4.63054e+03 4.68385e+03 4.72736e+03 4.76199e+03 4.77837e+03 4.77545e+03 4.75147e+03 4.71002e+03 4.66011e+03 4.61253e+03 4.57454e+03 4.54376e+03 4.51995e+03 4.69212e+03 4.76890e+03 4.81422e+03 4.67826e+03 4.69536e+03 4.75031e+03 4.82205e+03 4.90059e+03 4.99458e+03 5.08385e+03 5.16784e+03 5.32021e+03 5.44668e+03 5.53414e+03 5.70834e+03 5.82318e+03 5.95341e+03 6.02255e+03 6.12007e+03 6.15705e+03 6.12042e+03 6.02584e+03 5.86754e+03 5.93290e+03 5.68794e+03 5.53234e+03 5.36984e+03 5.02110e+03 4.74589e+03 4.37930e+03 3.81602e+03 2.76891e+03 1.81065e+03 1.24454e+03
1.50095e+04 3.60886e+03 3.61536e+03 3.66228e+03 3.75209e+03 3.86571e+03 3.97983e+03 4.08936e+03 4.18092e+03 4.25819e+03 4.32252e+03 4.38094e+03 4.43635e+03 4.49050e+03 4.54354e+03 4.58673e+03 4.61969e+03 4.63404e+03 4.62889e+03 4.60284e+03 4.56057e+03 4.50994e+03 4.46215e+03 4.42420e+03 4.39451e+03 4.37322e+03 4.59869e+03 4.65374e+03 4.74945e+03 4.63575e+03 4.59854e+03 4.72107e+03 4.80781e+03 4.89623e+03 5.02160e+03 5.11475e+03 5.23697e+03 5.37552e+03 5.52738e+03 5.64582e+03 5.85459e+03 6.02704e+03 6.13578e+03 6.24330e+03 6.36364e+03 6.39150e+03 6.32329e+03 6.20713e+03 5.93686e+03 6.03047e+03 5.80890e+03 5.73897e+03 5.63233e+03 5.09422e+03 4.72203e+03 4.47482e+03 3.32895e+03 1.69252e+03 1.47175e+03 1.15648e+03
1.54819e+04 3.42217e+03 3.43978e+03 3.49585e+03 3.59655e+03 3.72453e+03 3.85023e+03 3.96617e+03 4.06452e+03 4.14457e+03 4.20704e+03 4.26111e+03 4.31171e+03 4.36235e+03 4.41235e+03 4.45343e+03 4.48382e+03 4.49497e+03 4.48776e+03 4.46106e+03 4.41975e+03 4.37138e+03 4.32658e+03 4.29210e+03 4.26641e+03 4.24821e+03 4.51607e+03 4.54676e+03 4.72081e+03 4.55767e+03 4.51210e+03 4.72173e+03 4.81375e+03 4.90890e+03 5.04773e+03 5.17923e+03 5.33500e+03 5.43686e+03 5.62906e+03 5.79816e+03 5.99944e+03 6.21545e+03 6.34441e+03 6.50265e+03 6.61883e+03 6.67976e+03 6.44870e+03 6.40262e+03 5.88718e+03 6.06977e+03 5.82740e+03 5.80321e+03 5.68388e+03 5.08679e+03 4.67074e+03 4.39923e+03 2.71957e+03 1.28384e+03 1.21975e+03 1.08851e+03
1.59279e+04 3.26753e+03 3.29385e+03 3.35626e+03 3.46347e+03 3.60291e+03 3.74076e+03 3.86153e+03 3.96339e+03 4.04354e+03 4.10280e+03 4.15072e+03 4.19520e+03 4.24053e+03 4.28602e+03 4.32465e+03 4.35213e+03 4.36081e+03 4.35233e+03 4.32618e+03 4.28660e+03 4.24247e+03 4.20282e+03 4.17406e+03 4.15346e+03 4.13819e+03 4.41748e+03 4.46618e+03 4.66522e+03 4.57354e+03 4.44157e+03 4.71755e+03 4.83440e+03 4.93601e+03 5.12484e+03 5.25862e+03 5.42587e+03 5.53533e+03 5.74333e+03 5.96424e+03 6.16983e+03 6.40026e+03 6.57624e+03 6.77927e+03 6.86397e+03 6.89555e+03 6.38788e+03 6.54615e+03 5.70714e+03 6.06632e+03 5.81977e+03 5.80732e+03 5.69605e+03 5.05861e+03 4.58637e+03 4.26992e+03 2.21871e+03 1.15635e+03 1.12782e+03 1.06419e+03
1.63571e+04 3.14233e+03 3.17559e+03 3.24267e+03 3.35131e+03 3.49773e+03 3.64696e+03 3.77081e+03 3.87213e+03 3.94965e+03 4.00446e+03 4.04592e+03 4.08379e+03 4.12306e+03 4.16305e+03 4.19893e+03 4.22302e+03 4.23099e+03 4.22227e+03 4.19801e+03 4.16184e+03 4.12357e+03 4.09017e+03 4.06727e+03 4.05177e+03 4.03929e+03 4.35098e+03 4.40942e+03 4.64150e+03 4.59702e+03 4.38797e+03 4.69643e+03 4.80556e+03 4.91061e+03 5.23071e+03 5.37055e+03 5.51201e+03 5.64630e+03 5.86385e+03 6.12292e+03 6.36417e+03 6.57638e+03 6.82488e+03 6.95994e+03 7.06184e+03 7.04517e+03 6.14768e+03 6.77351e+03 5.43612e+03 6.01454e+03 5.77575e+03 5.77287e+03 5.66862e+03 4.98517e+03 4.42997e+03 4.02570e+03 1.85481e+03 1.10310e+03 1.08959e+03 1.04760e+03
1.67805e+04 3.03768e+03 3.07642e+03 3.14711e+03 3.25454e+03 3.40350e+03 3.56316e+03 3.68894e+03 3.78675e+03 3.86019e+03 3.90937e+03 3.94442e+03 3.97503e+03 4.00764e+03 4.04232e+03 4.07579e+03 4.09786e+03 4.10676e+03 4.09957e+03 4.07893e+03 4.04857e+03 4.01669e+03 3.98890e+03 3.97106e+03 3.96061e+03 3.95150e+03 4.29195e+03 4.35709e+03 4.60904e+03 4.55167e+03 4.32314e+03 4.64614e+03 4.75548e+03 4.86282e+03 5.34194e+03 5.48359e+03 5.59636e+03 5.76848e+03 5.96407e+03 6.25792e+03 6.58640e+03 6.80994e+03 7.04061e+03 7.09483e+03 7.21150e+03 7.16775e+03 5.83111e+03 6.91006e+03 5.04968e+03 5.92414e+03 5.69965e+03 5.70591e+03 5.60697e+03 4.87016e+03 4.18863e+03 3.57504e+03 1.57336e+03 1.07762e+03 1.06697e+03 1.03392e+03
1.71869e+04 2.95130e+03 2.99468e+03 3.06823e+03 3.17204e+03 3.31907e+03 3.48686e+03 3.61392e+03 3.70630e+03 3.77439e+03 3.81788e+03 3.84731e+03 3.87139e+03 3.89790e+03 3.92857e+03 3.96033e+03 3.98275e+03 3.99362e+03 3.98943e+03 3.97338e+03 3.94915e+03 3.92350e+03 3.90173e+03 3.88929e+03 3.88453e+03 3.87981e+03 4.23392e+03 4.30288e+03 4.56214e+03 4.55405e+03 4.25408e+03 4.56956e+03 4.69132e+03 4.80204e+03 5.40589e+03 5.59374e+03 5.68019e+03 5.92353e+03 6.08386e+03 6.40202e+03 6.77042e+03 7.03487e+03 7.12808e+03 7.31042e+03 7.36011e+03 7.26463e+03 5.47875e+03 6.94305e+03 4.58904e+03 5.83968e+03 5.63358e+03 5.65092e+03 5.55811e+03 4.79088e+03 3.99198e+03 3.17848e+03 1.42801e+03 1.06657e+03 1.05440e+03 1.02708e+03
1.75782e+04 2.88337e+03 2.93059e+03 3.00481e+03 3.09999e+03 3.24187e+03 3.41456e+03 3.54061e+03 3.62608e+03 3.68790e+03 3.72690e+03 3.75238e+03 3.77255e+03 3.79506e+03 3.82337e+03 3.85387e+03 3.87795e+03 3.89124e+03 3.89103e+03 3.88023e+03 3.86232e+03 3.84352e+03 3.82890e+03 3.82218e+03 3.82319e+03 3.82283e+03 4.19053e+03 4.26437e+03 4.53598e+03 4.58414e+03 4.18303e+03 4.50024e+03 4.62122e+03 4.73477e+03 5.48201e+03 5.69552e+03 5.77393e+03 6.05682e+03 6.22583e+03 6.61763e+03 6.94708e+03 7.15922e+03 7.31265e+03 7.46535e+03 7.38858e+03 7.36290e+03 5.17234e+03 6.98276e+03 4.30048e+03 5.81938e+03 5.64046e+03 5.67015e+03 5.59062e+03 4.86723e+03 4.11120e+03 3.39859e+03 1.54387e+03 1.07588e+03 1.05539e+03 1.02857e+03
1.79785e+04 2.82688e+03 2.87710e+03 2.94654e+03 3.02603e+03 3.16328e+03 3.33971e+03 3.46197e+03 3.53979e+03 3.59586e+03 3.63242e+03 3.65636e+03 3.67630e+03 3.69823e+03 3.72626e+03 3.75689e+03 3.78327e+03 3.79860e+03 3.80301e+03 3.79819e+03 3.78763e+03 3.77657e+03 3.76957e+03 3.76641e+03 3.77077e+03 3.77290e+03 4.17323e+03 4.25748e+03 4.55632e+03 4.68963e+03 4.13510e+03 4.44130e+03 4.56871e+03 4.68516e+03 5.58777e+03 5.80409e+03 5.84966e+03 6.18787e+03 6.45329e+03 6.82103e+03 7.14522e+03 7.31876e+03 7.56318e+03 7.56070e+03 7.47829e+03 7.52467e+03 5.01859e+03 7.17927e+03 4.40292e+03 5.89978e+03 5.76069e+03 5.80134e+03 5.74101e+03 5.13725e+03 4.60032e+03 4.21149e+03 2.44300e+03 1.30826e+03 1.08122e+03 1.04415e+03
1.84262e+04 2.76410e+03 2.81352e+03 2.86672e+03 2.93110e+03 3.06923e+03 3.25267e+03 3.37088e+03 3.44133e+03 3.49392e+03 3.53223e+03 3.55801e+03 3.58038e+03 3.60553e+03 3.63609e+03 3.66972e+03 3.69933e+03 3.71821e+03 3.72648e+03 3.72750e+03 3.72497e+03 3.72036e+03 3.71856e+03 3.71530e+03 3.71720e+03 3.71759e+03 4.17717e+03 4.27992e+03 4.62417e+03 4.75207e+03 4.09041e+03 4.39164e+03 4.52230e+03 4.64202e+03 5.72594e+03 5.95253e+03 5.93446e+03 6.49737e+03 6.79276e+03 7.12708e+03 7.30267e+03 7.54543e+03 7.69268e+03 7.62611e+03 7.62494e+03 7.65598e+03 5.06393e+03 7.43266e+03 4.85788e+03 6.09181e+03 5.99115e+03 6.04213e+03 6.00260e+03 5.53407e+03 5.17599e+03 4.96478e+03 4.05785e+03 2.55122e+03 1.76718e+03 1.33221e+03
1.90013e+04 2.67910e+03 2.70771e+03 2.72840e+03 2.78133e+03 2.93102e+03 3.12896e+03 3.24614e+03 3.31160e+03 3.36449e+03 3.41083e+03 3.44492e+03 3.47605e+03 3.51074e+03 3.54854e+03 3.58810e+03 3.62199e+03 3.64625e+03 3.65767e+03 3.65962e+03 3.66152e+03 3.65777e+03 3.65435e+03 3.64570e+03 3.63749e+03 3.62808e+03 4.19912e+03 4.33648e+03 4.75430e+03 4.82107e+03 4.04630e+03 4.33904e+03 4.47469e+03 4.59500e+03 6.02673e+03 6.26217e+03 6.07343e+03 6.68608e+03 7.14161e+03 7.44595e+03 7.47720e+03 7.76226e+03 7.85022e+03 7.80818e+03 7.77642e+03 7.84134e+03 5.27434e+03 7.66560e+03 5.48999e+03 6.38613e+03 6.31109e+03 6.37264e+03 6.34890e+03 5.97278e+03 5.71553e+03 5.56728e+03 5.05596e+03 4.33758e+03 4.01049e+03 3.53228e+03
1.99099e+04 2.56642e+03 2.56514e+03 2.56670e+03 2.57832e+03 2.68899e+03 2.88573e+03 3.00788e+03 3.08351e+03 3.15633e+03 3.22654e+03 3.28600e+03 3.34217e+03 3.39741e+03 3.44832e+03 3.49755e+03 3.53236e+03 3.54325e+03 3.54491e+03 3.53332e+03 3.51731e+03 3.49619e+03 3.47364e+03 3.46997e+03 3.44380e+03 3.41060e+03 4.28355e+03 4.51218e+03 5.11861e+03 4.90081e+03 4.02898e+03 4.35243e+03 4.50161e+03 4.62969e+03 6.31803e+03 6.37107e+03 6.36507e+03 6.82066e+03 7.51531e+03 7.72141e+03 7.90846e+03 8.00427e+03 8.14729e+03 8.21034e+03 7.99158e+03 8.20899e+03 5.65288e+03 8.19220e+03 6.28615e+03 6.85134e+03 6.78598e+03 6.86230e+03 6.85138e+03 6.51838e+03 6.30266e+03 6.17751e+03 5.78403e+03 5.34137e+03 5.19495e+03 4.96261e+03
2.11781e+04 2.55032e+03 2.54774e+03 2.54612e+03 2.54456e+03 2.54719e+03 2.58606e+03 2.65437e+03 2.77262e+03 2.88188e+03 2.99430e+03 3.08972e+03 3.17096e+03 3.23834e+03 3.29167e+03 3.32574e+03 3.34046e+03 3.33988e+03 3.31637e+03 3.27854e+03 3.23631e+03 3.18329e+03 3.12930e+03 3.06429e+03 2.99247e+03 2.92950e+03 4.37506e+03 4.83904e+03 5.80038e+03 5.24225e+03 4.13528e+03 4.53099e+03 4.72467e+03 4.89991e+03 6.90161e+03 6.92304e+03 6.93362e+03 7.58653e+03 7.94784e+03 8.30378e+03 8.36723e+03 8.66921e+03 8.65504e+03 8.73353e+03 8.59443e+03 8.67962e+03 6.11762e+03 9.44154e+03 7.24205e+03 7.56944e+03 7.48552e+03 7.57561e+03 7.57572e+03 7.21902e+03 6.99820e+03 6.87730e+03 6.48485e+03 6.05937e+03 5.93612e+03 5.72129e+03
2.25078e+04 2.55089e+03 2.54750e+03 2.54472e+03 2.54222e+03 2.54110e+03 2.54262e+03 2.54955e+03 2.58871e+03 2.66766e+03 2.78553e+03 2.89577e+03 2.99001e+03 3.06654e+03 3.11765e+03 3.15081e+03 3.15350e+03 3.13152e+03 3.08973e+03 3.03093e+03 2.96126e+03 2.88980e+03 2.81922e+03 2.75225e+03 2.69009e+03 2.63542e+03 4.18365e+03 4.77934e+03 5.88928e+03 5.33976e+03 4.26390e+03 4.76372e+03 5.01477e+03 5.23690e+03 7.51774e+03 7.45386e+03 7.38801e+03 8.12481e+03 8.47333e+03 8.86831e+03 8.92557e+03 9.25968e+03 9.64424e+03 9.51315e+03 9.25590e+03 9.68730e+03 6.52964e+03 9.78798e+03 8.18235e+03 8.45406e+03 8.33633e+03 8.44679e+03 8.45253e+03 8.03823e+03 7.78222e+03 7.64663e+03 7.20657e+03 6.72259e+03 6.56791e+03 6.33059e+03
2.39211e+04 2.55565e+03 2.55202e+03 2.54889e+03 2.54628e+03 2.54429e+03 2.54323e+03 2.54381e+03 2.54863e+03 2.56863e+03 2.62322e+03 2.69698e+03 2.78221e+03 2.85154e+03 2.89827e+03 2.91902e+03 2.91576e+03 2.88719e+03 2.83766e+03 2.77344e+03 2.70696e+03 2.63883e+03 2.59653e+03 2.54577e+03 2.52256e+03 2.51709e+03 3.87185e+03 4.47722e+03 5.50772e+03 5.24775e+03 4.34742e+03 4.93576e+03 5.22984e+03 5.48106e+03 8.10197e+03 7.95765e+03 7.80975e+03 8.60671e+03 8.95634e+03 9.41829e+03 9.50312e+03 9.91351e+03 1.05470e+04 1.04538e+04 9.93621e+03 1.10354e+04 6.96289e+03 1.04360e+04 9.13170e+03 9.44726e+03 9.31679e+03 9.43837e+03 9.44993e+03 8.96661e+03 8.66435e+03 8.49983e+03 8.00700e+03 7.42271e+03 7.20347e+03 6.92359e+03
2.54232e+04 2.55991e+03 2.55633e+03 2.55321e+03 2.55054e+03 2.54840e+03 2.54706e+03 2.54704e+03 2.54875e+03 2.55273e+03 2.56307e+03 2.58849e+03 2.62563e+03 2.66263e+03 2.69217e+03 2.70531e+03 2.70138e+03 2.66793e+03 2.62308e+03 2.57212e+03 2.56012e+03 2.53504e+03 2.52561e+03 2.52145e+03 2.51843e+03 2.51574e+03 3.56487e+03 4.10728e+03 4.99491e+03 5.23536e+03 4.31462e+03 4.95399e+03 5.29328e+03 5.57245e+03 8.64608e+03 8.46794e+03 8.25652e+03 9.21145e+03 9.57075e+03 1.00225e+04 1.01197e+04 1.05869e+04 1.15372e+04 1.10174e+04 1.06552e+04 1.25802e+04 7.46856e+03 1.10433e+04 1.01691e+04 1.06480e+04 1.05351e+04 1.06703e+04 1.06901e+04 1.01318e+04 9.74839e+03 9.54063e+03 9.07034e+03 8.30368e+03 7.98642e+03 7.63961e+03
2.70195e+04 2.56480e+03 2.56104e+03 2.55789e+03 2.55527e+03 2.55320e+03 2.55178e+03 2.55127e+03 2.55174e+03 2.55300e+03 2.55521e+03 2.55897e+03 2.56591e+03 2.56966e+03 2.57119e+03 2.55757e+03 2.55036e+03 2.54288e+03 2.53910e+03 2.53457e+03 2.53068e+03 2.52691e+03 2.52381e+03 2.52111e+03 2.51854e+03 2.51615e+03 3.28845e+03 3.76419e+03 4.58152e+03 5.14802e+03 4.29080e+03 4.94049e+03 5.34567e+03 5.64181e+03 9.30341e+03 9.16871e+03 8.83884e+03 9.98864e+03 1.04425e+04 1.10117e+04 1.10036e+04 1.15033e+04 1.26883e+04 1.20914e+04 1.15881e+04 1.39210e+04 8.07868e+03 1.19243e+04 1.16041e+04 1.23895e+04 1.22902e+04 1.24284e+04 1.24573e+04 1.18037e+04 1.13388e+04 1.10643e+04 1.06356e+04 9.65787e+03 9.18577e+03 8.73192e+03
2.87161e+04 2.57041e+03 2.56617e+03 2.56291e+03 2.56041e+03 2.55823e+03 2.55663e+03 2.55557e+03 2.55472e+03 2.55426e+03 2.55378e+03 2.55314e+03 2.55224e+03 2.55061e+03 2.54854e+03 2.54560e+03 2.54251e+03 2.53920e+03 2.53607e+03 2.53303e+03 2.53041e+03 2.52774e+03 2.52531e+03 2.52304e+03 2.52084e+03 2.51872e+03 3.11807e+03 3.54982e+03 4.39108e+03 5.17938e+03 4.35998e+03 5.05679e+03 5.55340e+03 5.90952e+03 1.03631e+04 1.02676e+04 9.89428e+03 1.13132e+04 1.18072e+04 1.25887e+04 1.24184e+04 1.30001e+04 1.44720e+04 1.37562e+04 1.31810e+04 1.59848e+04 9.13437e+03 1.33864e+04 1.40940e+04 1.52298e+04 1.51993e+04 1.54079e+04 1.54884e+04 1.46637e+04 1.39831e+04 1.35497e+04 1.25600e+04 1.14403e+04 1.07562e+04 1.01486e+04
3.05250e+04 2.57446e+03 2.56948e+03 2.56609e+03 2.56348e+03 2.56120e+03 2.55936e+03 2.55781e+03 2.55631e+03 2.55503e+03 2.55358e+03 2.55218e+03 2.55061e+03 2.54888e+03 2.54691e+03 2.54469e+03 2.54219e+03 2.53969e+03 2.53710e+03 2.53458e+03 2.53213e+03 2.52989e+03 2.52779e+03 2.52562e+03 2.52361e+03 2.52165e+03 2.97473e+03 3.35398e+03 4.19126e+03 5.12955e+03 4.45545e+03 5.13471e+03 5.69569e+03 6.13469e+03 1.13860e+04 1.14366e+04 1.10426e+04 1.27272e+04 1.33397e+04 1.44384e+04 1.43359e+04 1.46149e+04 1.63231e+04 1.55488e+04 1.49023e+04 1.81226e+04 1.03254e+04 1.43201e+04 1.67321e+04 1.85333e+04 1.86167e+04 1.89178e+04 1.90292e+04 1.80106e+04 1.70872e+04 1.64458e+04 1.50483e+04 1.37135e+04 1.27343e+04 1.19421e+04
3.23145e+04 2.57545e+03 2.57023e+03 2.56687e+03 2.56416e+03 2.56185e+03 2.55981e+03 2.55798e+03 2.55620e+03 2.55449e+03 2.55282e+03 2.55107e+03 2.54921e+03 2.54727e+03 2.54523e+03 2.54315e+03 2.54102e+03 2.53888e+03 2.53677e+03 2.53472e+03 2.53270e+03 2.53078e+03 2.52891e+03 2.52700e+03 2.52515e+03 2.52331e+03 2.79681e+03 3.07355e+03 3.76982e+03 4.70736e+03 4.18656e+03 4.83342e+03 5.38974e+03 5.91032e+03 1.14090e+04 1.18414e+04 1.14983e+04 1.33593e+04 1.41488e+04 1.55130e+04 1.58119e+04 1.56589e+04 1.74539e+04 1.65629e+04 1.57260e+04 1.89156e+04 1.09270e+04 1.41157e+04 1.75757e+04 2.05416e+04 2.10412e+04 2.14763e+04 2.16044e+04 2.04608e+04 1.93276e+04 1.84371e+04 1.74648e+04 1.56675e+04 1.44179e+04 1.34503e+04
3.38200e+04 2.57432e+03 2.56980e+03 2.56659e+03 2.56397e+03 2.56167e+03 2.55958e+03 2.55761e+03 2.55570e+03 2.55383e+03 2.55195e+03 2.55000e+03 2.54798e+03 2.54595e+03 2.54392e+03 2.54193e+03 2.53997e+03 2.53807e+03 2.53618e+03 2.53434e+03 2.53252e+03 2.53072e+03 2.52894e+03 2.52713e+03 2.52533e+03 2.52354e+03 2.65778e+03 2.83742e+03 3.36922e+03 4.25506e+03 3.86919e+03 4.45461e+03 5.02998e+03 5.58511e+03 1.10766e+04 1.18966e+04 1.17673e+04 1.37430e+04 1.46657e+04 1.61234e+04 1.66946e+04 1.63756e+04 1.80049e+04 1.71508e+04 1.61636e+04 1.92152e+04 1.13835e+04 1.35882e+04 1.80171e+04 2.19186e+04 2.27757e+04 2.33572e+04 2.35054e+04 2.22863e+04 2.09874e+04 1.99388e+04 1.94439e+04 1.72472e+04 1.57635e+04 1.46491e+04
3.51376e+04 2.57241e+03 2.56866e+03 2.56573e+03 2.56324e+03 2.56101e+03 2.55886e+03 2.55686e+03 2.55486e+03 2.55293e+03 2.55092e+03 2.54890e+03 2.54686e+03 2.54485e+03 2.54289e+03 2.54098e+03 2.53909e+03 2.53730e+03 2.53550e+03 2.53373e+03 2.53190e+03 2.53012e+03 2.52837e+03 2.52654e+03 2.52475e+03 2.52296e+03 2.58781e+03 2.71157e+03 3.18471e+03 4.07662e+03 3.77000e+03 4.34855e+03 4.98218e+03 5.59569e+03 1.13312e+04 1.26335e+04 1.26344e+04 1.47645e+04 1.63129e+04 1.77795e+04 1.84944e+04 1.85246e+04 2.00822e+04 1.91477e+04 1.80170e+04 2.11588e+04 1.30895e+04 1.46566e+04 2.02824e+04 2.49947e+04 2.63000e+04 2.70711e+04 2.72585e+04 2.58662e+04 2.43033e+04 2.29112e+04 2.11760e+04 1.88464e+04 1.70741e+04 1.59657e+04
3.63387e+04 2.56979e+03 2.56668e+03 2.56401e+03 2.56163e+03 2.55946e+03 2.55730e+03 2.55529e+03 2.55328e+03 2.55131e+03 2.54928e+03 2.54728e+03 2.54528e+03 2.54333e+03 2.54141e+03 2.53954e+03 2.53768e+03 2.53592e+03 2.53414e+03 2.53238e+03 2.53053e+03 2.52875e+03 2.52697e+03 2.52513e+03 2.52332e+03 2.52147e+03 2.56422e+03 2.66767e+03 3.14164e+03 4.13807e+03 3.87352e+03 4.51258e+03 5.25306e+03 5.98463e+03 1.24390e+04 1.41455e+04 1.43147e+04 1.67602e+04 1.85002e+04 2.02057e+04 2.11308e+04 2.16493e+04 2.33702e+04 2.24494e+04 2.11671e+04 2.47612e+04 1.61036e+04 1.74078e+04 2.48473e+04 3.05353e+04 3.22135e+04 3.32354e+04 3.34725e+04 3.17705e+04 2.97766e+04 2.79928e+04 2.62155e+04 2.29129e+04 2.06737e+04 1.88429e+04
3.74901e+04 2.56666e+03 2.56393e+03 2.56145e+03 2.55916e+03 2.55704e+03 2.55491e+03 2.55289e+03 2.55089e+03 2.54890e+03 2.54690e+03 2.54493e+03 2.54299e+03 2.54108e+03 2.53918e+03 2.53732e+03 2.53548e+03 2.53370e+03 2.53193e+03 2.53016e+03 2.52832e+03 2.52651e+03 2.52470e+03 2.52283e+03 2.52095e+03 2.51904e+03 2.55598e+03 2.65301e+03 3.13453e+03 4.26756e+03 4.06342e+03 4.80632e+03 5.67983e+03 6.55074e+03 1.38760e+04 1.61327e+04 1.64867e+04 1.92561e+04 2.13091e+04 2.33853e+04 2.44904e+04 2.56191e+04 2.76877e+04 2.67248e+04 2.52814e+04 2.94428e+04 1.99719e+04 2.11106e+04 3.07219e+04 3.74870e+04 3.96943e+04 4.10092e+04 4.13030e+04 3.92022e+04 3.66678e+04 3.42861e+04 3.27165e+04 2.69452e+04 2.42082e+04 2.22451e+04
3.86278e+04 2.56326e+03 2.56075e+03 2.55841e+03 2.55619e+03 2.55410e+03 2.55201e+03 2.54999e+03 2.54798e+03 2.54599e+03 2.54402e+03 2.54209e+03 2.54017e+03 2.53827e+03 2.53639e+03 2.53453e+03 2.53271e+03 2.53093e+03 2.52916e+03 2.52737e+03 2.52553e+03 2.52368e+03 2.52181e+03 2.51990e+03 2.51797e+03 2.51602e+03 2.54777e+03 2.63607e+03 3.12874e+03 4.35621e+03 4.19346e+03 5.03399e+03 6.03068e+03 7.05222e+03 1.52220e+04 1.80710e+04 1.86441e+04 2.18025e+04 2.41875e+04 2.66491e+04 2.79820e+04 2.96458e+04 3.21297e+04 3.11919e+04 2.96031e+04 3.45210e+04 2.43517e+04 2.53227e+04 3.75027e+04 4.57308e+04 4.86603e+04 5.04123e+04 5.08135e+04 4.82587e+04 4.50600e+04 4.19746e+04 3.91397e+04 3.37030e+04 3.01657e+04 2.73824e+04
3.97673e+04 2.55967e+03 2.55732e+03 2.55507e+03 2.55292e+03 2.55087e+03 2.54880e+03 2.54678e+03 2.54478e+03 2.54280e+03 2.54086e+03 2.53894e+03 2.53703e+03 2.53515e+03 2.53327e+03 2.53143e+03 2.52961e+03 2.52783e+03 2.52605e+03 2.52423e+03 2.52236e+03 2.52047e+03 2.51857e+03 2.51662e+03 2.51466e+03 2.51271e+03 2.53909e+03 2.61368e+03 3.10391e+03 4.36469e+03 4.22962e+03 5.10735e+03 6.16776e+03 7.29839e+03 1.61840e+04 1.96328e+04 2.05644e+04 2.41620e+04 2.71439e+04 3.01119e+04 3.17664e+04 3.39605e+04 3.68740e+04 3.59535e+04 3.42312e+04 3.97771e+04 2.90273e+04 2.97460e+04 4.46506e+04 5.45672e+04 5.84156e+04 6.07180e+04 6.12743e+04 5.82628e+04 5.43482e+04 5.04673e+04 4.55781e+04 4.04716e+04 3.61327e+04 3.28682e+04
4.09121e+04 2.55592e+03 2.55368e+03 2.55151e+03 2.54942e+03 2.54740e+03 2.54537e+03 2.54336e+03 2.54137e+03 2.53941e+03 2.53748e+03 2.53558e+03 2.53367e+03 2.53179e+03 2.52991e+03 2.52807e+03 2.52625e+03 2.52446e+03 2.52265e+03 2.52081e+03 2.51891e+03 2.51699e+03 2.51507e+03 2.51312e+03 2.51116e+03 2.50922e+03 2.53207e+03 2.59398e+03 3.06108e+03 -9.99999e+99 -9.99999e+99 -9.99999e+99 -9.99999e+99 -9.99999e+99 -9.99999e+99 -9.99999e+99 -9.99999e+99 -9.99999e+99 -9.99999e+99 -9.99999e+99 -9.99999e+99 -9.99999e+99 -9.99999e+99 -9.99999e+99 -9.99999e+99 -9.99999e+99 -9.99999e+99 -9.99999e+99 -9.99999e+99 -9.99999e+99 -9.99999e+99 -9.99999e+99 -9.99999e+99 -9.99999e+99 -9.99999e+99 -9.99999e+99 -9.99999e+99 -9.99999e+99 -9.99999e+99 -9.99999e+99
4.20697e+04 2.55207e+03 2.54991e+03 2.54782e+03 2.54577e+03 2.54379e+03 2.54178e+03 2.53979e+03 2.53782e+03 2.53587e+03 2.53395e+03 2.53205e+03 2.53015e+03 2.52826e+03 2.52638e+03 2.52453e+03 2.52270e+03 2.52089e+03 2.51905e+03 2.51718e+03 2.51527e+03 2.51334e+03 2.51142e+03 2.50948e+03 2.50754e+03 2.50562e+03 2.52657e+03 2.57965e+03 3.03978e+03 -9.99999e+99 -9.99999e+99 -9.99999e+99 -9.99999e+99 -9.99999e+99 -9.99999e+99 -9.99999e+99 -9.99999e+99 -9.99999e+99 -9.99999e+99 -9.99999e+99 -9.99999e+99 -9.99999e+99 -9.99999e+99 -9.99999e+99 -9.99999e+99 -9.99999e+99 -9.99999e+99 -9.99999e+99 -9.99999e+99 -9.99999e+99 -9.99999e+99 -9.99999e+99 -9.99999e+99 -9.99999e+99 -9.99999e+99 -9.99999e+99 -9.99999e+99 -9.99999e+99 -9.99999e+99 -9.99999e+99
4.32465e+04 2.54818e+03 2.54609e+03 2.54404e+03 2.54202e+03 2.54007e+03 2.53808e+03 2.53611e+03 2.53416e+03 2.53222e+03 2.53031e+03 2.52840e+03 2.52650e+03 2.52461e+03 2.52273e+03 2.52087e+03 2.51903e+03 2.51719e+03 2.51533e+03 2.51344e+03 2.51153e+03 2.50960e+03 2.50769e+03 2.50576e+03 2.50383e+03 2.50192e+03 2.52176e+03 2.56885e+03 3.02850e+03 -9.99999e+99 -9.99999e+99 -9.99999e+99 -9.99999e+99 -9.99999e+99 -9.99999e+99 -9.99999e+99 -9.99999e+99 -9.99999e+99 -9.99999e+99 -9.99999e+99 -9.99999e+99 -9.99999e+99 -9.99999e+99 -9.99999e+99 -9.99999e+99 -9.99999e+99 -9.99999e+99 -9.99999e+99 -9.99999e+99 -9.99999e+99 -9.99999e+99 -9.99999e+99 -9.99999e+99 -9.99999e+99 -9.99999e+99 -9.99999e+99 -9.99999e+99 -9.99999e+99 -9.99999e+99 -9.99999e+99
4.44471e+04 2.54425e+03 2.54221e+03 2.54019e+03 2.53821e+03 2.53627e+03 2.53431e+03 2.53234e+03 2.53041e+03 2.52848e+03 2.52657e+03 2.52467e+03 2.52276e+03 2.52087e+03 2.51899e+03 2.51712e+03 2.51527e+03 2.51341e+03 2.51154e+03 2.50965e+03 2.50773e+03 2.50580e+03 2.50390e+03 2.50198e+03 2.50006e+03 2.49815e+03 2.51731e+03 2.56035e+03 3.00642e+03 -9.99999e+99 -9.99999e+99 -9.99999e+99 -9.99999e+99 -9.99999e+99 -9.99999e+99 -9.99999e+99 -9.99999e+99 -9.99999e+99 -9.99999e+99 -9.99999e+99 -9.99999e+99 -9.99999e+99 -9.99999e+99 -9.99999e+99 -9.99999e+99 -9.99999e+99 -9.99999e+99 -9.99999e+99 -9.99999e+99 -9.99999e+99 -9.99999e+99 -9.99999e+99 -9.99999e+99 -9.99999e+99 -9.99999e+99 -9.99999e+99 -9.99999e+99 -9.99999e+99 -9.99999e+99 -9.99999e+99
4.56755e+04 2.54032e+03 2.53831e+03 2.53632e+03 2.53436e+03 2.53244e+03 2.53048e+03 2.52853e+03 2.52660e+03 2.52468e+03 2.52278e+03 2.52087e+03 2.51897e+03 2.51708e+03 2.51519e+03 2.51332e+03 2.51145e+03 2.50959e+03 2.50771e+03 2.50581e+03 2.50389e+03 2.50197e+03 2.50007e+03 2.49816e+03 2.49624e+03 2.49434e+03 2.51307e+03 2.55346e+03 2.99732e+03 -9.99999e+99 -9.99999e+99 -9.99999e+99 -9.99999e+99 -9.99999e+99 -9.99999e+99 -9.99999e+99 -9.99999e+99 -9.99999e+99 -9.99999e+99 -9.99999e+99 -9.99999e+99 -9.99999e+99 -9.99999e+99 -9.99999e+99 -9.99999e+99 -9.99999e+99 -9.99999e+99 -9.99999e+99 -9.99999e+99 -9.99999e+99 -9.99999e+99 -9.99999e+99 -9.99999e+99 -9.99999e+99 -9.99999e+99 -9.99999e+99 -9.99999e+99 -9.99999e+99 -9.99999e+99 -9.99999e+99
4.69340e+04 2.53640e+03 2.53441e+03 2.53244e+03 2.53049e+03 2.52858e+03 2.52664e+03 2.52470e+03 2.52278e+03 2.52086e+03 2.51895e+03 2.51705e+03 2.51515e+03 2.51326e+03 2.51137e+03 2.50949e+03 2.50762e+03 2.50574e+03 2.50386e+03 2.50196e+03 2.50004e+03 2.49813e+03 2.49623e+03 2.49432e+03 2.49241e+03 2.49051e+03 2.50895e+03 2.54750e+03 2.98270e+03 -9.99999e+99 -9.99999e+99 -9.99999e+99 -9.99999e+99 -9.99999e+99 -9.99999e+99 -9.99999e+99 -9.99999e+99 -9.99999e+99 -9.99999e+99 -9.99999e+99 -9.99999e+99 -9.99999e+99 -9.99999e+99 -9.99999e+99 -9.99999e+99 -9.99999e+99 -9.99999e+99 -9.99999e+99 -9.99999e+99 -9.99999e+99 -9.99999e+99 -9.99999e+99 -9.99999e+99 -9.99999e+99 -9.99999e+99 -9.99999e+99 -9.99999e+99 -9.99999e+99 -9.99999e+99 -9.99999e+99
4.82232e+04 2.53250e+03 2.53053e+03 2.52857e+03 2.52663e+03 2.52473e+03 2.52279e+03 2.52085e+03 2.51894e+03 2.51702e+03 2.51512e+03 2.51322e+03 2.51132e+03 2.50943e+03 2.50754e+03 2.50566e+03 2.50378e+03 2.50190e+03 2.50001e+03 2.49810e+03 2.49619e+03 2.49428e+03 2.49239e+03 2.49048e+03 2.48857e+03 2.48668e+03 2.50490e+03 2.54198e+03 -9.99999e+99 -9.99999e+99 -9.99999e+99 -9.99999e+99 -9.99999e+99 -9.99999e+99 -9.99999e+99 -9.99999e+99 -9.99999e+99 -9.99999e+99 -9.99999e+99 -9.99999e+99 -9.99999e+99 -9.99999e+99 -9.99999e+99 -9.99999e+99 -9.99999e+99 -9.99999e+99 -9.99999e+99 -9.99999e+99 -9.99999e+99 -9.99999e+99 -9.99999e+99 -9.99999e+99 -9.99999e+99 -9.99999e+99 -9.99999e+99 -9.99999e+99 -9.99999e+99 -9.99999e+99 -9.99999e+99 -9.99999e+99
4.95428e+04 2.52861e+03 2.52665e+03 2.52470e+03 2.52277e+03 2.52087e+03 2.51894e+03 2.51700e+03 2.51509e+03 2.51318e+03 2.51128e+03 2.50938e+03 2.50748e+03 2.50559e+03 2.50371e+03 2.50182e+03 2.49994e+03 2.49805e+03 2.49615e+03 2.49425e+03 2.49235e+03 2.49044e+03 2.48855e+03 2.48664e+03 2.48473e+03 2.48284e+03 2.50089e+03 2.53675e+03 -9.99999e+99 -9.99999e+99 -9.99999e+99 -9.99999e+99 -9.99999e+99 -9.99999e+99 -9.99999e+99 -9.99999e+99 -9.99999e+99 -9.99999e+99 -9.99999e+99 -9.99999e+99 -9.99999e+99 -9.99999e+99 -9.99999e+99 -9.99999e+99 -9.99999e+99 -9.99999e+99 -9.99999e+99 -9.99999e+99 -9.99999e+99 -9.99999e+99 -9.99999e+99 -9.99999e+99 -9.99999e+99 -9.99999e+99 -9.99999e+99 -9.99999e+99 -9.99999e+99 -9.99999e+99 -9.99999e+99 -9.99999e+99
5.08923e+04 2.52473e+03 2.52278e+03 2.52084e+03 2.51891e+03 2.51701e+03 2.51509e+03 2.51316e+03 2.51125e+03 2.50934e+03 2.50744e+03 2.50554e+03 2.50365e+03 2.50176e+03 2.49987e+03 2.49798e+03 2.49609e+03 2.49420e+03 2.49231e+03 2.49041e+03 2.48850e+03 2.48660e+03 2.48471e+03 2.48281e+03 2.48089e+03 2.47900e+03 2.49691e+03 2.53177e+03 -9.99999e+99 -9.99999e+99 -9.99999e+99 -9.99999e+99 -9.99999e+99 -9.99999e+99 -9.99999e+99 -9.99999e+99 -9.99999e+99 -9.99999e+99 -9.99999e+99 -9.99999e+99 -9.99999e+99 -9.99999e+99 -9.99999e+99 -9.99999e+99 -9.99999e+99 -9.99999e+99 -9.99999e+99 -9.99999e+99 -9.99999e+99 -9.99999e+99 -9.99999e+99 -9.99999e+99 -9.99999e+99 -9.99999e+99 -9.99999e+99 -9.99999e+99 -9.99999e+99 -9.99999e+99 -9.99999e+99 -9.99999e+99
5.22700e+04 2.52087e+03 2.51892e+03 2.51698e+03 2.51505e+03 2.51316e+03 2.51124e+03 2.50931e+03 2.50741e+03 2.50550e+03 2.50361e+03 2.50171e+03 2.49981e+03 2.49792e+03 2.49603e+03 2.49414e+03 2.49225e+03 2.49036e+03 2.48846e+03 2.48657e+03 2.48466e+03 2.48276e+03 2.48087e+03 2.47897e+03 2.47706e+03 2.47516e+03 2.49296e+03 2.52698e+03 -9.99999e+99 -9.99999e+99 -9.99999e+99 -9.99999e+99 -9.99999e+99 -9.99999e+99 -9.99999e+99 -9.99999e+99 -9.99999e+99 -9.99999e+99 -9.99999e+99 -9.99999e+99 -9.99999e+99 -9.99999e+99 -9.99999e+99 -9.99999e+99 -9.99999e+99 -9.99999e+99 -9.99999e+99 -9.99999e+99 -9.99999e+99 -9.99999e+99 -9.99999e+99 -9.99999e+99 -9.99999e+99 -9.99999e+99 -9.99999e+99 -9.99999e+99 -9.99999e+99 -9.99999e+99 -9.99999e+99 -9.99999e+99
5.36751e+04 2.51700e+03 2.51505e+03 2.51311e+03 2.51119e+03 2.50931e+03 2.50739e+03 2.50547e+03 2.50357e+03 2.50167e+03 2.49977e+03 2.49788e+03 2.49598e+03 2.49409e+03 2.49220e+03 2.49030e+03 2.48841e+03 2.48651e+03 2.48462e+03 2.48272e+03 2.48082e+03 2.47892e+03 2.47703e+03 2.47513e+03 2.47322e+03 2.47132e+03 2.48904e+03 2.52243e+03 -9.99999e+99 -9.99999e+99 -9.99999e+99 -9.99999e+99 -9.99999e+99 -9.99999e+99 -9.99999e+99 -9.99999e+99 -9.99999e+99 -9.99999e+99 -9.99999e+99 -9.99999e+99 -9.99999e+99 -9.99999e+99 -9.99999e+99 -9.99999e+99 -9.99999e+99 -9.99999e+99 -9.99999e+99 -9.99999e+99 -9.99999e+99 -9.99999e+99 -9.99999e+99 -9.99999e+99 -9.99999e+99 -9.99999e+99 -9.99999e+99 -9.99999e+99 -9.99999e+99 -9.99999e+99 -9.99999e+99 -9.99999e+99
5.51044e+04 2.51314e+03 2.51119e+03 2.50926e+03 2.50735e+03 2.50547e+03 2.50355e+03 2.50164e+03 2.49973e+03 2.49783e+03 2.49594e+03 2.49404e+03 2.49215e+03 2.49026e+03 2.48836e+03 2.48647e+03 2.48457e+03 2.48268e+03 2.48078e+03 2.47889e+03 2.47699e+03 2.47508e+03 2.47320e+03 2.47129e+03 2.46938e+03 2.46749e+03 2.48516e+03 2.51816e+03 -9.99999e+99 -9.99999e+99 -9.99999e+99 -9.99999e+99 -9.99999e+99 -9.99999e+99 -9.99999e+99 -9.99999e+99 -9.99999e+99 -9.99999e+99 -9.99999e+99 -9.99999e+99 -9.99999e+99 -9.99999e+99 -9.99999e+99 -9.99999e+99 -9.99999e+99 -9.99999e+99 -9.99999e+99 -9.99999e+99 -9.99999e+99 -9.99999e+99 -9.99999e+99 -9.99999e+99 -9.99999e+99 -9.99999e+99 -9.99999e+99 -9.99999e+99 -9.99999e+99 -9.99999e+99 -9.99999e+99 -9.99999e+99
5.65569e+04 2.50928e+03 2.50735e+03 2.50543e+03 2.50352e+03 2.50164e+03 2.49973e+03 2.49781e+03 2.49591e+03 2.49401e+03 2.49212e+03 2.49022e+03 2.48832e+03 2.48643e+03 2.48454e+03 2.48264e+03 2.48075e+03 2.47885e+03 2.47695e+03 2.47506e+03 2.47316e+03 2.47126e+03 2.46937e+03 2.46747e+03 2.46556e+03 2.46366e+03 2.48132e+03 2.51418e+03 -9.99999e+99 -9.99999e+99 -9.99999e+99 -9.99999e+99 -9.99999e+99 -9.99999e+99 -9.99999e+99 -9.99999e+99 -9.99999e+99 -9.99999e+99 -9.99999e+99 -9.99999e+99 -9.99999e+99 -9.99999e+99 -9.99999e+99 -9.99999e+99 -9.99999e+99 -9.99999e+99 -9.99999e+99 -9.99999e+99 -9.99999e+99 -9.99999e+99 -9.99999e+99 -9.99999e+99 -9.99999e+99 -9.99999e+99 -9.99999e+99 -9.99999e+99 -9.99999e+99 -9.99999e+99 -9.99999e+99 -9.99999e+99
5.80264e+04 2.50547e+03 2.50354e+03 2.50162e+03 2.49971e+03 2.49784e+03 2.49593e+03 2.49401e+03 2.49212e+03 2.49022e+03 2.48832e+03 2.48643e+03 2.48453e+03 2.48264e+03 2.48074e+03 2.47884e+03 2.47695e+03 2.47505e+03 2.47315e+03 2.47126e+03 2.46936e+03 2.46746e+03 2.46557e+03 2.46367e+03 2.46176e+03 2.45987e+03 2.47755e+03 2.51051e+03 -9.99999e+99 -9.99999e+99 -9.99999e+99 -9.99999e+99 -9.99999e+99 -9.99999e+99 -9.99999e+99 -9.99999e+99 -9.99999e+99 -9.99999e+99 -9.99999e+99 -9.99999e+99 -9.99999e+99 -9.99999e+99 -9.99999e+99 -9.99999e+99 -9.99999e+99 -9.99999e+99 -9.99999e+99 -9.99999e+99 -9.99999e+99 -9.99999e+99 -9.99999e+99 -9.99999e+99 -9.99999e+99 -9.99999e+99 -9.99999e+99 -9.99999e+99 -9.99999e+99 -9.99999e+99 -9.99999e+99 -9.99999e+99
5.95102e+04 2.50170e+03 2.49978e+03 2.49786e+03 2.49595e+03 2.49408e+03 2.49217e+03 2.49026e+03 2.48836e+03 2.48646e+03 2.48457e+03 2.48267e+03 2.48077e+03 2.47888e+03 2.47698e+03 2.47508e+03 2.47319e+03 2.47129e+03 2.46939e+03 2.46749e+03 2.46559e+03 2.46370e+03 2.46181e+03 2.45991e+03 2.45800e+03 2.45611e+03 2.47384e+03 2.50707e+03 -9.99999e+99 -9.99999e+99 -9.99999e+99 -9.99999e+99 -9.99999e+99 -9.99999e+99 -9.99999e+99 -9.99999e+99 -9.99999e+99 -9.99999e+99 -9.99999e+99 -9.99999e+99 -9.99999e+99 -9.99999e+99 -9.99999e+99 -9.99999e+99 -9.99999e+99 -9.99999e+99 -9.99999e+99 -9.99999e+99 -9.99999e+99 -9.99999e+99 -9.99999e+99 -9.99999e+99 -9.99999e+99 -9.99999e+99 -9.99999e+99 -9.99999e+99 -9.99999e+99 -9.99999e+99 -9.99999e+99 -9.99999e+99
6.09949e+04 2.49801e+03 2.49609e+03 2.49417e+03 2.49227e+03 2.49040e+03 2.48849e+03 2.48657e+03 2.48468e+03 2.48278e+03 2.48088e+03 2.47898e+03 2.47708e+03 2.47519e+03 2.47329e+03 2.47140e+03 2.46950e+03 2.46760e+03 2.46571e+03 2.46381e+03 2.46191e+03 2.46001e+03 2.45812e+03 2.45622e+03 2.45431e+03 2.45242e+03 2.47023e+03 2.50388e+03 -9.99999e+99 -9.99999e+99 -9.99999e+99 -9.99999e+99 -9.99999e+99 -9.99999e+99 -9.99999e+99 -9.99999e+99 -9.99999e+99 -9.99999e+99 -9.99999e+99 -9.99999e+99 -9.99999e+99 -9.99999e+99 -9.99999e+99 -9.99999e+99 -9.99999e+99 -9.99999e+99 -9.99999e+99 -9.99999e+99 -9.99999e+99 -9.99999e+99 -9.99999e+99 -9.99999e+99 -9.99999e+99 -9.99999e+99 -9.99999e+99 -9.99999e+99 -9.99999e+99 -9.99999e+99 -9.99999e+99 -9.99999e+99
6.24738e+04 2.49440e+03 2.49248e+03 2.49057e+03 2.48866e+03 2.48679e+03 2.48489e+03 2.48297e+03 2.48108e+03 2.47918e+03 2.47728e+03 2.47538e+03 2.47348e+03 2.47159e+03 2.46969e+03 2.46780e+03 2.46590e+03 2.46400e+03 2.46210e+03 2.46020e+03 2.45831e+03 2.45641e+03 2.45452e+03 2.45262e+03 2.45071e+03 2.44882e+03 2.46673e+03 2.50092e+03 -9.99999e+99 -9.99999e+99 -9.99999e+99 -9.99999e+99 -9.99999e+99 -9.99999e+99 -9.99999e+99 -9.99999e+99 -9.99999e+99 -9.99999e+99 -9.99999e+99 -9.99999e+99 -9.99999e+99 -9.99999e+99 -9.99999e+99 -9.99999e+99 -9.99999e+99 -9.99999e+99 -9.99999e+99 -9.99999e+99 -9.99999e+99 -9.99999e+99 -9.99999e+99 -9.99999e+99 -9.99999e+99 -9.99999e+99 -9.99999e+99 -9.99999e+99 -9.99999e+99 -9.99999e+99 -9.99999e+99 -9.99999e+99
6.39232e+04 2.49093e+03 2.48901e+03 2.48710e+03 2.48520e+03 2.48333e+03 2.48142e+03 2.47951e+03 2.47761e+03 2.47572e+03 2.47382e+03 2.47192e+03 2.47002e+03 2.46813e+03 2.46623e+03 2.46433e+03 2.46243e+03 2.46054e+03 2.45864e+03 2.45674e+03 2.45484e+03 2.45294e+03 2.45106e+03 2.44916e+03 2.44725e+03 2.44536e+03 2.46338e+03 2.49822e+03 -9.99999e+99 -9.99999e+99 -9.99999e+99 -9.99999e+99 -9.99999e+99 -9.99999e+99 -9.99999e+99 -9.99999e+99 -9.99999e+99 -9.99999e+99 -9.99999e+99 -9.99999e+99 -9.99999e+99 -9.99999e+99 -9.99999e+99 -9.99999e+99 -9.99999e+99 -9.99999e+99 -9.99999e+99 -9.99999e+99 -9.99999e+99 -9.99999e+99 -9.99999e+99 -9.99999e+99 -9.99999e+99 -9.99999e+99 -9.99999e+99 -9.99999e+99 -9.99999e+99 -9.99999e+99 -9.99999e+99 -9.99999e+99
6.53305e+04 2.48761e+03 2.48570e+03 2.48379e+03 2.48189e+03 2.48003e+03 2.47812e+03 2.47621e+03 2.47431e+03 2.47241e+03 2.47052e+03 2.46862e+03 2.46672e+03 2.46483e+03 2.46293e+03 2.46103e+03 2.45913e+03 2.45724e+03 2.45534e+03 2.45344e+03 2.45154e+03 2.44964e+03 2.44776e+03 2.44586e+03 2.44395e+03 2.44206e+03 2.46020e+03 2.49579e+03 -9.99999e+99 -9.99999e+99 -9.99999e+99 -9.99999e+99 -9.99999e+99 -9.99999e+99 -9.99999e+99 -9.99999e+99 -9.99999e+99 -9.99999e+99 -9.99999e+99 -9.99999e+99 -9.99999e+99 -9.99999e+99 -9.99999e+99 -9.99999e+99 -9.99999e+99 -9.99999e+99 -9.99999e+99 -9.99999e+99 -9.99999e+99 -9.99999e+99 -9.99999e+99 -9.99999e+99 -9.99999e+99 -9.99999e+99 -9.99999e+99 -9.99999e+99 -9.99999e+99 -9.99999e+99 -9.99999e+99 -9.99999e+99
6.66622e+04 2.48454e+03 2.48263e+03 2.48072e+03 2.47882e+03 2.47696e+03 2.47505e+03 2.47314e+03 2.47125e+03 2.46935e+03 2.46745e+03 2.46555e+03 2.46365e+03 2.46176e+03 2.45986e+03 2.45796e+03 2.45606e+03 2.45417e+03 2.45227e+03 2.45037e+03 2.44847e+03 2.44657e+03 2.44469e+03 2.44279e+03 2.44088e+03 2.43899e+03 2.45726e+03 2.49364e+03 -9.99999e+99 -9.99999e+99 -9.99999e+99 -9.99999e+99 -9.99999e+99 -9.99999e+99 -9.99999e+99 -9.99999e+99 -9.99999e+99 -9.99999e+99 -9.99999e+99 -9.99999e+99 -9.99999e+99 -9.99999e+99 -9.99999e+99 -9.99999e+99 -9.99999e+99 -9.99999e+99 -9.99999e+99 -9.99999e+99 -9.99999e+99 -9.99999e+99 -9.99999e+99 -9.99999e+99 -9.99999e+99 -9.99999e+99 -9.99999e+99 -9.99999e+99 -9.99999e+99 -9.99999e+99 -9.99999e+99 -9.99999e+99
6.79021e+04 2.48170e+03 2.47980e+03 2.47789e+03 2.47600e+03 2.47413e+03 2.47223e+03 2.47032e+03 2.46842e+03 2.46652e+03 2.46463e+03 2.46273e+03 2.46083e+03 2.45893e+03 2.45703e+03 2.45514e+03 2.45324e+03 2.45134e+03 2.44944e+03 2.44754e+03 2.44564e+03 2.44375e+03 2.44186e+03 2.43996e+03 2.43805e+03 2.43616e+03 2.45459e+03 2.49190e+03 -9.99999e+99 -9.99999e+99 -9.99999e+99 -9.99999e+99 -9.99999e+99 -9.99999e+99 -9.99999e+99 -9.99999e+99 -9.99999e+99 -9.99999e+99 -9.99999e+99 -9.99999e+99 -9.99999e+99 -9.99999e+99 -9.99999e+99 -9.99999e+99 -9.99999e+99 -9.99999e+99 -9.99999e+99 -9.99999e+99 -9.99999e+99 -9.99999e+99 -9.99999e+99 -9.99999e+99 -9.99999e+99 -9.99999e+99 -9.99999e+99 -9.99999e+99 -9.99999e+99 -9.99999e+99 -9.99999e+99 -9.99999e+99
6.90167e+04 2.47917e+03 2.47727e+03 2.47537e+03 2.47347e+03 2.47161e+03 2.46970e+03 2.46779e+03 2.46589e+03 2.46399e+03 2.46210e+03 2.46020e+03 2.45830e+03 2.45640e+03 2.45451e+03 2.45261e+03 2.45071e+03 2.44881e+03 2.44691e+03 2.44502e+03 2.44312e+03 2.44122e+03 2.43933e+03 2.43743e+03 2.43552e+03 2.43363e+03 2.45224e+03 2.49067e+03 -9.99999e+99 -9.99999e+99 -9.99999e+99 -9.99999e+99 -9.99999e+99 -9.99999e+99 -9.99999e+99 -9.99999e+99 -9.99999e+99 -9.99999e+99 -9.99999e+99 -9.99999e+99 -9.99999e+99 -9.99999e+99 -9.99999e+99 -9.99999e+99 -9.99999e+99 -9.99999e+99 -9.99999e+99 -9.99999e+99 -9.99999e+99 -9.99999e+99 -9.99999e+99 -9.99999e+99 -9.99999e+99 -9.99999e+99 -9.99999e+99 -9.99999e+99 -9.99999e+99 -9.99999e+99 -9.99999e+99 -9.99999e+99
6.95224e+04 2.47799e+03 2.47608e+03 2.47418e+03 2.47229e+03 2.47042e+03 2.46852e+03 2.46661e+03 2.46471e+03 2.46281e+03 2.46092e+03 2.45902e+03 2.45712e+03 2.45522e+03 2.45333e+03 2.45143e+03 2.44953e+03 2.44763e+03 2.44573e+03 2.44384e+03 2.44194e+03 2.44004e+03 2.43815e+03 2.43625e+03 2.43434e+03 2.43245e+03 2.45121e+03 2.49052e+03 -9.99999e+99 -9.99999e+99 -9.99999e+99 -9.99999e+99 -9.99999e+99 -9.99999e+99 -9.99999e+99 -9.99999e+99 -9.99999e+99 -9.99999e+99 -9.99999e+99 -9.99999e+99 -9.99999e+99 -9.99999e+99 -9.99999e+99 -9.99999e+99 -9.99999e+99 -9.99999e+99 -9.99999e+99 -9.99999e+99 -9.99999e+99 -9.99999e+99 -9.99999e+99 -9.99999e+99 -9.99999e+99 -9.99999e+99 -9.99999e+99 -9.99999e+99 -9.99999e+99 -9.99999e+99 -9.99999e+99 -9.99999e+99
6.97767e+04 2.47737e+03 2.47547e+03 2.47357e+03 2.47168e+03 2.46981e+03 2.46791e+03 2.46600e+03 2.46410e+03 2.46220e+03 2.46031e+03 2.45841e+03 2.45651e+03 2.45461e+03 2.45272e+03 2.45082e+03 2.44892e+03 2.44702e+03 2.44512e+03 2.44323e+03 2.44133e+03 2.43943e+03 2.43754e+03 2.43564e+03 2.43373e+03 2.43184e+03 2.45070e+03 2.49065e+03 -9.99999e+99 -9.99999e+99 -9.99999e+99 -9.99999e+99 -9.99999e+99 -9.99999e+99 -9.99999e+99 -9.99999e+99 -9.99999e+99 -9.99999e+99 -9.99999e+99 -9.99999e+99 -9.99999e+99 -9.99999e+99 -9.99999e+99 -9.99999e+99 -9.99999e+99 -9.99999e+99 -9.99999e+99 -9.99999e+99 -9.99999e+99 -9.99999e+99 -9.99999e+99 -9.99999e+99 -9.99999e+99 -9.99999e+99 -9.99999e+99 -9.99999e+99 -9.99999e+99 -9.99999e+99 -9.99999e+99 -9.99999e+99
6.99042e+04 2.47705e+03 2.47515e+03 2.47324e+03 2.47135e+03 2.46949e+03 2.46758e+03 2.46567e+03 2.46377e+03 2.46188e+03 2.45998e+03 2.45808e+03 2.45618e+03 2.45428e+03 2.45239e+03 2.45049e+03 2.44859e+03 2.44669e+03 2.44480e+03 2.44290e+03 2.44100e+03 2.43910e+03 2.43721e+03 2.43531e+03 2.43341e+03 2.43151e+03 2.45045e+03 2.49092e+03 -9.99999e+99 -9.99999e+99 -9.99999e+99 -9.99999e+99 -9.99999e+99 -9.99999e+99 -9.99999e+99 -9.99999e+99 -9.99999e+99 -9.99999e+99 -9.99999e+99 -9.99999e+99 -9.99999e+99 -9.99999e+99 -9.99999e+99 -9.99999e+99 -9.99999e+99 -9.99999e+99 -9.99999e+99 -9.99999e+99 -9.99999e+99 -9.99999e+99 -9.99999e+99 -9.99999e+99 -9.99999e+99 -9.99999e+99 -9.99999e+99 -9.99999e+99 -9.99999e+99 -9.99999e+99 -9.99999e+99 -9.99999e+99
6.99680e+04 2.47686e+03 2.47496e+03 2.47306e+03 2.47116e+03 2.46930e+03 2.46740e+03 2.46549e+03 2.46359e+03 2.46169e+03 2.45980e+03 2.45790e+03 2.45600e+03 2.45410e+03 2.45220e+03 2.45031e+03 2.44841e+03 2.44651e+03 2.44461e+03 2.44271e+03 2.44081e+03 2.43892e+03 2.43703e+03 2.43513e+03 2.43322e+03 2.43133e+03 2.45034e+03 2.49123e+03 -9.99999e+99 -9.99999e+99 -9.99999e+99 -9.99999e+99 -9.99999e+99 -9.99999e+99 -9.99999e+99 -9.99999e+99 -9.99999e+99 -9.99999e+99 -9.99999e+99 -9.99999e+99 -9.99999e+99 -9.99999e+99 -9.99999e+99 -9.99999e+99 -9.99999e+99 -9.99999e+99 -9.99999e+99 -9.99999e+99 -9.99999e+99 -9.99999e+99 -9.99999e+99 -9.99999e+99 -9.99999e+99 -9.99999e+99 -9.99999e+99 -9.99999e+99 -9.99999e+99 -9.99999e+99 -9.99999e+99 -9.99999e+99
6.99983e+04 2.47676e+03 2.47486e+03 2.47296e+03 2.47106e+03 2.46920e+03 2.46729e+03 2.46538e+03 2.46349e+03 2.46159e+03 2.45969e+03 2.45780e+03 2.45590e+03 2.45400e+03 2.45210e+03 2.45020e+03 2.44831e+03 2.44641e+03 2.44451e+03 2.44261e+03 2.44071e+03 2.43881e+03 2.43693e+03 2.43503e+03 2.43312e+03 2.43123e+03 2.45029e+03 2.49151e+03 -9.99999e+99 -9.99999e+99 -9.99999e+99 -9.99999e+99 -9.99999e+99 -9.99999e+99 -9.99999e+99 -9.99999e+99 -9.99999e+99 -9.99999e+99 -9.99999e+99 -9.99999e+99 -9.99999e+99 -9.99999e+99 -9.99999e+99 -9.99999e+99 -9.99999e+99 -9.99999e+99 -9.99999e+99 -9.99999e+99 -9.99999e+99 -9.99999e+99 -9.99999e+99 -9.99999e+99 -9.99999e+99 -9.99999e+99 -9.99999e+99 -9.99999e+99 -9.99999e+99 -9.99999e+99 -9.99999e+99 -9.99999e+99
6.99999e+04 2.47675e+03 2.47485e+03 2.47295e+03 2.47105e+03 2.46919e+03 2.46728e+03 2.46537e+03 2.46348e+03 2.46158e+03 2.45968e+03 2.45778e+03 2.45588e+03 2.45399e+03 2.45209e+03 2.45019e+03 2.44829e+03 2.44640e+03 2.44450e+03 2.44260e+03 2.44070e+03 2.43880e+03 2.43692e+03 2.43502e+03 2.43311e+03 2.43122e+03 2.45031e+03 2.49172e+03 -9.99999e+99 -9.99999e+99 -9.99999e+99 -9.99999e+99 -9.99999e+99 -9.99999e+99 -9.99999e+99 -9.99999e+99 -9.99999e+99 -9.99999e+99 -9.99999e+99 -9.99999e+99 -9.99999e+99 -9.99999e+99 -9.99999e+99 -9.99999e+99 -9.99999e+99 -9.99999e+99 -9.99999e+99 -9.99999e+99 -9.99999e+99 -9.99999e+99 -9.99999e+99 -9.99999e+99 -9.99999e+99 -9.99999e+99 -9.99999e+99 -9.99999e+99 -9.99999e+99 -9.99999e+99 -9.99999e+99 -9.99999e+99
