#NTIMES: 50
#NVEL: 115
#TIMES[d]: 199.16 202.03 204.93 207.87 210.86 213.89 216.97 220.09 223.25 226.46 229.71 233.01 236.36 239.76 243.21 246.70 250.25 253.85 257.50 261.20 264.95 268.76 272.62 276.54 280.51 284.55 288.64 292.79 296.99 301.26 305.59 309.99 314.44 318.96 323.55 328.19 332.91 337.70 342.55 347.48 352.47 357.54 362.68 367.89 373.18 378.54 383.98 389.50 395.10 400.78
#vel_mid[km/s] Tgas_t0[K] Tgas_t1[K] ... Tgas_tn[K]
425.78 7.386e+03 4.915e+03 4.619e+03 4.396e+03 4.222e+03 4.084e+03 3.968e+03 3.867e+03 3.780e+03 3.703e+03 5.967e+03 4.526e+03 4.240e+03 4.018e+03 3.843e+03 3.653e+03 3.539e+03 3.952e+03 3.759e+03 3.597e+03 3.418e+03 3.593e+03 3.440e+03 3.584e+03 3.416e+03 3.557e+03 3.374e+03 3.340e+03 3.271e+03 3.143e+03 3.042e+03 2.998e+03 2.952e+03 2.954e+03 2.861e+03 2.809e+03 2.650e+03 2.596e+03 2.514e+03 2.458e+03 2.305e+03 2.260e+03 2.136e+03 2.034e+03 1.912e+03 1.683e+03 1.551e+03 1.495e+03 1.471e+03 1.396e+03
857.79 5.098e+03 4.755e+03 4.421e+03 4.250e+03 4.111e+03 3.994e+03 3.896e+03 3.788e+03 3.714e+03 3.644e+03 3.580e+03 3.501e+03 3.608e+03 4.707e+03 4.313e+03 3.932e+03 3.738e+03 3.527e+03 3.373e+03 3.302e+03 3.253e+03 3.926e+03 3.690e+03 3.437e+03 3.441e+03 3.239e+03 3.040e+03 2.971e+03 2.848e+03 2.923e+03 2.788e+03 2.728e+03 3.239e+03 3.682e+03 3.388e+03 3.338e+03 2.778e+03 2.756e+03 2.757e+03 3.335e+03 4.167e+03 2.346e+03 2.181e+03 1.964e+03 1.868e+03 1.681e+03 1.413e+03 1.458e+03 1.342e+03 1.062e+03
878.44 3.842e+03 6.837e+03 4.957e+03 4.629e+03 4.387e+03 4.207e+03 4.063e+03 3.944e+03 3.844e+03 3.732e+03 3.655e+03 3.584e+03 5.203e+03 4.486e+03 4.176e+03 3.935e+03 3.691e+03 3.555e+03 4.346e+03 4.036e+03 3.705e+03 3.534e+03 3.335e+03 3.243e+03 3.293e+03 3.229e+03 3.456e+03 3.339e+03 3.254e+03 3.139e+03 3.028e+03 2.983e+03 3.013e+03 3.263e+03 3.228e+03 3.058e+03 2.870e+03 2.628e+03 2.588e+03 2.504e+03 2.287e+03 2.137e+03 1.906e+03 1.808e+03 1.757e+03 1.545e+03 1.408e+03 1.307e+03 1.293e+03 1.273e+03
917.72 3.850e+03 6.792e+03 4.956e+03 4.641e+03 4.408e+03 4.226e+03 4.079e+03 3.957e+03 3.853e+03 3.762e+03 3.681e+03 5.443e+03 4.486e+03 4.203e+03 3.903e+03 3.744e+03 3.613e+03 3.504e+03 3.755e+03 3.546e+03 3.424e+03 3.547e+03 3.410e+03 3.570e+03 3.409e+03 3.569e+03 3.319e+03 3.344e+03 3.314e+03 3.384e+03 3.532e+03 3.310e+03 3.447e+03 3.130e+03 2.995e+03 2.980e+03 2.913e+03 2.628e+03 2.369e+03 2.231e+03 2.198e+03 2.207e+03 2.178e+03 2.160e+03 1.692e+03 1.648e+03 1.479e+03 1.453e+03 1.430e+03 1.282e+03
973.04 7.565e+03 4.958e+03 4.653e+03 4.424e+03 4.247e+03 4.064e+03 3.954e+03 3.859e+03 3.776e+03 3.699e+03 3.616e+03 5.429e+03 4.487e+03 4.209e+03 3.922e+03 3.767e+03 3.634e+03 3.522e+03 4.028e+03 3.812e+03 3.636e+03 3.488e+03 3.315e+03 3.459e+03 3.261e+03 3.196e+03 3.190e+03 3.117e+03 3.115e+03 3.118e+03 2.970e+03 2.928e+03 2.871e+03 2.850e+03 2.744e+03 2.725e+03 2.692e+03 2.757e+03 2.712e+03 2.589e+03 2.457e+03 2.287e+03 2.244e+03 2.168e+03 2.140e+03 1.833e+03 1.787e+03 1.679e+03 1.537e+03 1.531e+03
1034.98 4.978e+03 4.680e+03 4.456e+03 4.287e+03 4.145e+03 4.029e+03 3.930e+03 3.842e+03 3.748e+03 5.955e+03 4.722e+03 4.395e+03 4.148e+03 3.957e+03 3.801e+03 3.673e+03 3.562e+03 3.939e+03 3.752e+03 3.595e+03 3.464e+03 3.594e+03 3.445e+03 3.638e+03 3.394e+03 3.328e+03 3.331e+03 3.364e+03 3.493e+03 3.222e+03 3.174e+03 3.087e+03 3.003e+03 2.845e+03 2.792e+03 2.765e+03 2.719e+03 2.715e+03 2.605e+03 2.581e+03 2.465e+03 2.403e+03 2.269e+03 2.015e+03 1.999e+03 1.887e+03 1.827e+03 1.789e+03 1.447e+03 1.444e+03
1099.97 3.864e+03 3.828e+03 7.282e+03 4.860e+03 4.564e+03 4.343e+03 4.171e+03 4.031e+03 3.914e+03 3.815e+03 3.727e+03 3.648e+03 5.464e+03 4.472e+03 4.184e+03 3.886e+03 3.728e+03 3.558e+03 3.454e+03 3.912e+03 3.712e+03 3.493e+03 3.637e+03 3.415e+03 3.463e+03 3.499e+03 3.262e+03 3.248e+03 3.219e+03 3.211e+03 3.177e+03 3.140e+03 3.104e+03 2.920e+03 2.790e+03 2.703e+03 2.645e+03 2.546e+03 2.470e+03 2.356e+03 2.250e+03 2.204e+03 2.249e+03 2.138e+03 1.903e+03 1.845e+03 1.774e+03 1.670e+03 1.383e+03 1.359e+03
1169.04 3.873e+03 7.437e+03 4.916e+03 4.615e+03 4.391e+03 4.219e+03 4.078e+03 3.929e+03 3.836e+03 3.754e+03 3.681e+03 5.907e+03 4.664e+03 4.338e+03 4.012e+03 3.842e+03 3.700e+03 3.575e+03 4.315e+03 4.026e+03 3.722e+03 3.556e+03 3.414e+03 3.521e+03 3.364e+03 3.404e+03 3.373e+03 3.411e+03 3.514e+03 3.318e+03 3.322e+03 3.306e+03 3.200e+03 3.119e+03 2.994e+03 2.929e+03 2.772e+03 2.647e+03 2.531e+03 2.420e+03 2.356e+03 2.328e+03 2.230e+03 2.169e+03 2.092e+03 2.085e+03 1.836e+03 1.861e+03 1.656e+03 1.625e+03
1242.44 3.848e+03 7.498e+03 4.919e+03 4.727e+03 4.473e+03 4.276e+03 4.116e+03 3.986e+03 3.877e+03 3.785e+03 3.704e+03 5.638e+03 4.580e+03 4.280e+03 4.051e+03 3.809e+03 3.672e+03 3.556e+03 4.321e+03 3.925e+03 3.721e+03 3.494e+03 3.362e+03 3.431e+03 3.661e+03 3.469e+03 3.257e+03 3.374e+03 3.381e+03 3.376e+03 3.353e+03 3.232e+03 3.001e+03 2.916e+03 2.847e+03 2.750e+03 2.718e+03 2.705e+03 2.602e+03 2.463e+03 2.341e+03 2.263e+03 2.193e+03 2.165e+03 2.135e+03 2.028e+03 2.082e+03 1.901e+03 1.786e+03 1.731e+03
1320.45 3.859e+03 7.085e+03 5.047e+03 4.711e+03 4.463e+03 4.272e+03 4.120e+03 3.996e+03 3.889e+03 3.796e+03 3.715e+03 5.457e+03 4.514e+03 4.232e+03 4.016e+03 3.844e+03 3.701e+03 3.579e+03 4.003e+03 3.727e+03 3.574e+03 3.402e+03 3.469e+03 3.300e+03 3.359e+03 3.472e+03 3.264e+03 3.246e+03 3.264e+03 3.243e+03 3.230e+03 3.164e+03 3.058e+03 2.905e+03 2.838e+03 2.812e+03 2.770e+03 2.727e+03 2.645e+03 2.557e+03 2.502e+03 2.308e+03 2.197e+03 2.156e+03 2.018e+03 1.829e+03 1.777e+03 1.710e+03 1.571e+03 1.589e+03
1403.37 4.772e+03 4.541e+03 4.359e+03 4.212e+03 4.090e+03 3.985e+03 3.894e+03 3.814e+03 3.741e+03 3.675e+03 5.520e+03 4.736e+03 4.406e+03 4.156e+03 3.959e+03 3.798e+03 3.662e+03 3.546e+03 3.724e+03 3.583e+03 3.461e+03 3.720e+03 3.555e+03 3.367e+03 3.401e+03 3.462e+03 3.260e+03 3.255e+03 3.286e+03 3.193e+03 3.129e+03 3.101e+03 3.051e+03 2.968e+03 2.913e+03 2.886e+03 2.773e+03 2.732e+03 2.691e+03 2.613e+03 2.489e+03 2.429e+03 2.300e+03 2.231e+03 2.071e+03 1.986e+03 1.911e+03 1.864e+03 1.759e+03 1.649e+03
1491.49 4.782e+03 4.550e+03 4.368e+03 4.220e+03 4.099e+03 3.993e+03 3.901e+03 3.821e+03 3.748e+03 3.682e+03 5.650e+03 4.639e+03 4.342e+03 4.114e+03 3.931e+03 3.780e+03 3.651e+03 3.507e+03 3.413e+03 3.566e+03 3.451e+03 3.582e+03 3.408e+03 3.506e+03 3.328e+03 3.428e+03 3.289e+03 3.313e+03 3.286e+03 3.231e+03 3.234e+03 3.161e+03 3.111e+03 2.997e+03 2.904e+03 2.864e+03 2.789e+03 2.716e+03 2.622e+03 2.547e+03 2.521e+03 2.416e+03 2.393e+03 2.283e+03 2.108e+03 1.962e+03 1.866e+03 1.805e+03 1.712e+03 1.556e+03
1585.14 5.190e+03 4.845e+03 4.588e+03 4.388e+03 4.227e+03 4.093e+03 3.979e+03 3.880e+03 3.796e+03 3.719e+03 3.649e+03 5.134e+03 4.696e+03 4.378e+03 4.132e+03 3.934e+03 3.772e+03 3.636e+03 3.523e+03 3.672e+03 3.540e+03 3.424e+03 3.644e+03 3.494e+03 3.323e+03 3.352e+03 3.413e+03 3.421e+03 3.219e+03 3.215e+03 3.168e+03 3.117e+03 3.074e+03 2.994e+03 2.932e+03 2.866e+03 2.803e+03 2.747e+03 2.688e+03 2.673e+03 2.624e+03 2.519e+03 2.429e+03 2.406e+03 2.285e+03 2.165e+03 2.056e+03 2.016e+03 1.904e+03 1.761e+03
1684.67 4.814e+03 4.580e+03 4.394e+03 4.244e+03 4.118e+03 4.012e+03 3.919e+03 3.840e+03 3.765e+03 3.696e+03 5.247e+03 4.620e+03 4.336e+03 4.111e+03 3.930e+03 3.780e+03 3.654e+03 3.546e+03 3.774e+03 3.630e+03 3.508e+03 3.710e+03 3.507e+03 3.392e+03 3.541e+03 3.397e+03 3.519e+03 3.364e+03 3.353e+03 3.283e+03 3.235e+03 3.212e+03 3.209e+03 3.156e+03 3.047e+03 2.958e+03 2.900e+03 2.819e+03 2.802e+03 2.724e+03 2.675e+03 2.593e+03 2.528e+03 2.416e+03 2.346e+03 2.306e+03 2.274e+03 2.152e+03 2.029e+03 1.911e+03
1790.45 4.851e+03 4.611e+03 4.425e+03 4.272e+03 4.144e+03 4.035e+03 3.940e+03 3.856e+03 3.781e+03 3.712e+03 5.883e+03 4.760e+03 4.441e+03 4.196e+03 4.001e+03 3.841e+03 3.707e+03 3.593e+03 3.495e+03 3.920e+03 3.745e+03 3.596e+03 3.469e+03 3.704e+03 3.543e+03 3.399e+03 3.504e+03 3.353e+03 3.391e+03 3.489e+03 3.257e+03 3.256e+03 3.245e+03 3.205e+03 3.127e+03 3.027e+03 2.961e+03 2.871e+03 2.786e+03 2.723e+03 2.639e+03 2.553e+03 2.474e+03 2.418e+03 2.344e+03 2.277e+03 2.202e+03 2.097e+03 1.984e+03 1.940e+03
1902.87 5.212e+03 4.878e+03 4.627e+03 4.432e+03 4.274e+03 4.144e+03 4.033e+03 3.937e+03 3.855e+03 3.779e+03 3.711e+03 6.458e+03 4.753e+03 4.432e+03 4.188e+03 3.998e+03 3.841e+03 3.709e+03 3.597e+03 4.428e+03 4.130e+03 3.896e+03 3.711e+03 3.558e+03 3.427e+03 3.633e+03 3.472e+03 3.572e+03 3.406e+03 3.547e+03 3.368e+03 3.400e+03 3.382e+03 3.332e+03 3.262e+03 3.182e+03 3.152e+03 3.079e+03 3.007e+03 2.910e+03 2.855e+03 2.776e+03 2.706e+03 2.601e+03 2.525e+03 2.402e+03 2.372e+03 2.222e+03 2.119e+03 2.014e+03
2022.36 8.392e+03 5.251e+03 4.899e+03 4.642e+03 4.442e+03 4.283e+03 4.152e+03 4.043e+03 3.946e+03 3.862e+03 3.787e+03 3.718e+03 6.535e+03 4.767e+03 4.442e+03 4.197e+03 4.004e+03 3.849e+03 3.719e+03 3.608e+03 4.857e+03 4.424e+03 4.108e+03 3.868e+03 3.678e+03 3.522e+03 3.394e+03 3.782e+03 3.581e+03 3.411e+03 3.512e+03 3.341e+03 3.511e+03 3.320e+03 3.303e+03 3.272e+03 3.266e+03 3.216e+03 3.189e+03 3.078e+03 2.982e+03 2.888e+03 2.852e+03 2.823e+03 2.742e+03 2.687e+03 2.602e+03 2.467e+03 2.420e+03 2.364e+03
2149.34 3.973e+03 3.941e+03 3.910e+03 8.276e+03 5.175e+03 4.831e+03 4.577e+03 4.382e+03 4.226e+03 4.098e+03 3.990e+03 3.897e+03 3.815e+03 3.742e+03 7.005e+03 4.671e+03 4.366e+03 4.139e+03 3.959e+03 3.811e+03 3.687e+03 3.581e+03 5.258e+03 4.308e+03 4.023e+03 3.802e+03 3.625e+03 3.480e+03 3.996e+03 3.753e+03 3.552e+03 3.386e+03 3.569e+03 3.317e+03 3.479e+03 3.226e+03 3.419e+03 3.418e+03 3.415e+03 3.408e+03 3.098e+03 3.060e+03 3.003e+03 2.980e+03 2.948e+03 2.833e+03 2.737e+03 2.654e+03 2.566e+03 2.469e+03
2284.30 4.079e+03 4.046e+03 4.017e+03 3.984e+03 3.952e+03 3.920e+03 8.267e+03 5.128e+03 4.783e+03 4.533e+03 4.344e+03 4.193e+03 4.071e+03 3.967e+03 3.878e+03 3.800e+03 3.729e+03 7.144e+03 4.652e+03 4.344e+03 4.114e+03 3.935e+03 3.791e+03 3.670e+03 5.616e+03 4.442e+03 4.121e+03 3.881e+03 3.692e+03 3.539e+03 4.479e+03 4.088e+03 3.802e+03 3.582e+03 3.346e+03 3.723e+03 3.492e+03 3.303e+03 3.601e+03 3.289e+03 3.365e+03 3.429e+03 3.204e+03 3.254e+03 3.219e+03 3.144e+03 3.057e+03 2.973e+03 2.905e+03 2.810e+03
2427.74 4.170e+03 4.145e+03 4.122e+03 4.095e+03 4.067e+03 4.039e+03 4.011e+03 3.982e+03 3.958e+03 3.928e+03 3.898e+03 3.867e+03 7.830e+03 4.956e+03 4.634e+03 4.402e+03 4.224e+03 4.085e+03 3.968e+03 3.870e+03 3.786e+03 3.712e+03 6.911e+03 4.545e+03 4.249e+03 4.030e+03 3.858e+03 3.718e+03 3.602e+03 5.872e+03 4.297e+03 3.998e+03 3.772e+03 3.594e+03 3.448e+03 4.625e+03 4.002e+03 3.723e+03 3.506e+03 3.872e+03 3.594e+03 3.373e+03 3.502e+03 3.206e+03 3.291e+03 3.437e+03 3.198e+03 3.300e+03 3.247e+03 3.145e+03
2580.18 4.311e+03 4.286e+03 4.261e+03 4.235e+03 4.210e+03 4.184e+03 4.158e+03 4.132e+03 4.106e+03 4.079e+03 4.052e+03 4.024e+03 3.997e+03 3.969e+03 3.941e+03 3.915e+03 3.885e+03 3.854e+03 7.613e+03 4.839e+03 4.527e+03 4.304e+03 4.136e+03 4.003e+03 3.894e+03 3.803e+03 3.725e+03 6.628e+03 4.453e+03 4.173e+03 3.964e+03 3.801e+03 3.669e+03 3.558e+03 5.698e+03 4.216e+03 3.930e+03 3.713e+03 3.541e+03 4.347e+03 3.971e+03 3.697e+03 3.484e+03 3.845e+03 3.572e+03 3.355e+03 3.567e+03 3.330e+03 3.389e+03 3.396e+03
2742.19 4.445e+03 4.423e+03 4.401e+03 4.377e+03 4.354e+03 4.331e+03 4.307e+03 4.286e+03 4.262e+03 4.237e+03 4.213e+03 4.187e+03 4.162e+03 4.136e+03 4.110e+03 4.084e+03 4.058e+03 4.032e+03 4.006e+03 3.979e+03 3.948e+03 3.920e+03 3.892e+03 3.860e+03 3.827e+03 3.797e+03 6.692e+03 4.734e+03 4.418e+03 4.192e+03 4.024e+03 3.893e+03 3.785e+03 3.693e+03 5.889e+03 4.357e+03 4.076e+03 3.866e+03 3.703e+03 3.571e+03 4.788e+03 4.132e+03 3.848e+03 3.632e+03 3.461e+03 4.000e+03 3.707e+03 3.481e+03 3.644e+03 3.409e+03
2914.37 4.565e+03 4.545e+03 4.525e+03 4.504e+03 4.483e+03 4.461e+03 4.440e+03 4.419e+03 4.397e+03 4.376e+03 4.354e+03 4.332e+03 4.309e+03 4.285e+03 4.261e+03 4.238e+03 4.214e+03 4.191e+03 4.165e+03 4.139e+03 4.114e+03 4.086e+03 4.059e+03 4.031e+03 4.001e+03 3.972e+03 3.943e+03 3.913e+03 3.883e+03 3.850e+03 3.817e+03 3.783e+03 3.748e+03 6.078e+03 4.531e+03 4.252e+03 4.049e+03 3.896e+03 3.773e+03 3.671e+03 3.583e+03 5.266e+03 4.249e+03 3.964e+03 3.751e+03 3.585e+03 3.449e+03 3.897e+03 3.656e+03 3.464e+03
3097.37 4.674e+03 4.655e+03 4.636e+03 4.616e+03 4.596e+03 4.576e+03 4.557e+03 4.537e+03 4.517e+03 4.497e+03 4.475e+03 4.454e+03 4.433e+03 4.411e+03 4.390e+03 4.368e+03 4.346e+03 4.324e+03 4.301e+03 4.278e+03 4.254e+03 4.229e+03 4.203e+03 4.177e+03 4.150e+03 4.124e+03 4.095e+03 4.066e+03 4.036e+03 4.003e+03 3.970e+03 3.938e+03 3.906e+03 3.873e+03 3.838e+03 3.802e+03 3.766e+03 3.728e+03 3.690e+03 5.355e+03 4.552e+03 4.232e+03 4.001e+03 3.827e+03 3.690e+03 3.579e+03 3.484e+03 3.960e+03 3.738e+03 3.562e+03
3291.85 4.820e+03 4.803e+03 4.786e+03 4.768e+03 4.749e+03 4.730e+03 4.710e+03 4.693e+03 4.672e+03 4.651e+03 4.634e+03 4.614e+03 4.591e+03 4.568e+03 4.546e+03 4.525e+03 4.503e+03 4.481e+03 4.459e+03 4.435e+03 4.411e+03 4.385e+03 4.360e+03 4.335e+03 4.310e+03 4.284e+03 4.257e+03 4.228e+03 4.198e+03 4.168e+03 4.138e+03 4.107e+03 4.074e+03 4.039e+03 4.003e+03 3.967e+03 3.931e+03 3.895e+03 3.857e+03 3.817e+03 3.776e+03 3.733e+03 3.687e+03 3.641e+03 3.593e+03 3.542e+03 4.295e+03 4.010e+03 3.797e+03 3.632e+03
3498.55 4.862e+03 4.845e+03 4.825e+03 4.806e+03 4.789e+03 4.768e+03 4.748e+03 4.727e+03 4.707e+03 4.686e+03 4.667e+03 4.645e+03 4.623e+03 4.601e+03 4.579e+03 4.556e+03 4.533e+03 4.510e+03 4.485e+03 4.460e+03 4.433e+03 4.407e+03 4.381e+03 4.353e+03 4.327e+03 4.297e+03 4.268e+03 4.237e+03 4.204e+03 4.174e+03 4.142e+03 4.109e+03 4.076e+03 4.041e+03 4.007e+03 3.970e+03 3.930e+03 3.890e+03 3.850e+03 3.811e+03 3.770e+03 3.727e+03 3.682e+03 3.636e+03 3.590e+03 3.540e+03 3.491e+03 3.439e+03 3.530e+03 3.439e+03
3718.23 4.599e+03 4.578e+03 4.558e+03 4.534e+03 4.511e+03 4.486e+03 4.463e+03 4.438e+03 4.413e+03 4.389e+03 4.364e+03 4.338e+03 4.312e+03 4.285e+03 4.260e+03 4.235e+03 4.209e+03 4.182e+03 4.154e+03 4.126e+03 4.100e+03 4.072e+03 4.043e+03 4.015e+03 3.987e+03 3.957e+03 3.927e+03 3.896e+03 3.866e+03 3.833e+03 3.802e+03 3.768e+03 3.735e+03 3.701e+03 3.668e+03 3.635e+03 3.599e+03 3.563e+03 3.525e+03 3.487e+03 3.448e+03 3.409e+03 3.371e+03 3.333e+03 3.325e+03 3.307e+03 3.279e+03 3.246e+03 3.219e+03 3.188e+03
3951.70 4.277e+03 4.254e+03 4.232e+03 4.208e+03 4.185e+03 4.162e+03 4.138e+03 4.115e+03 4.091e+03 4.068e+03 4.043e+03 4.018e+03 3.993e+03 3.967e+03 3.943e+03 3.919e+03 3.894e+03 3.868e+03 3.844e+03 3.821e+03 3.795e+03 3.770e+03 3.744e+03 3.718e+03 3.691e+03 3.664e+03 3.638e+03 3.611e+03 3.583e+03 3.594e+03 3.593e+03 3.586e+03 3.574e+03 3.560e+03 3.542e+03 3.517e+03 3.489e+03 3.462e+03 3.433e+03 3.401e+03 3.371e+03 3.341e+03 3.295e+03 3.262e+03 3.227e+03 3.185e+03 3.147e+03 3.109e+03 3.071e+03 3.031e+03
4199.83 4.376e+03 4.351e+03 4.326e+03 4.303e+03 4.276e+03 4.250e+03 4.223e+03 4.195e+03 4.168e+03 4.142e+03 4.115e+03 4.088e+03 4.061e+03 4.033e+03 4.006e+03 3.978e+03 3.949e+03 3.923e+03 3.896e+03 3.869e+03 3.844e+03 3.818e+03 3.788e+03 3.756e+03 3.727e+03 3.699e+03 3.670e+03 3.641e+03 3.612e+03 3.584e+03 3.556e+03 3.527e+03 3.537e+03 3.504e+03 3.471e+03 3.467e+03 3.460e+03 3.422e+03 3.404e+03 3.380e+03 3.337e+03 3.314e+03 3.270e+03 3.244e+03 3.217e+03 3.186e+03 3.132e+03 3.089e+03 3.047e+03 2.990e+03
4463.54 4.294e+03 4.268e+03 4.241e+03 4.214e+03 4.187e+03 4.160e+03 4.135e+03 4.110e+03 4.083e+03 4.055e+03 4.028e+03 4.001e+03 3.975e+03 3.947e+03 3.918e+03 3.889e+03 3.863e+03 3.835e+03 3.805e+03 3.776e+03 3.750e+03 3.723e+03 3.692e+03 3.660e+03 3.631e+03 3.603e+03 3.577e+03 3.550e+03 3.523e+03 3.523e+03 3.490e+03 3.487e+03 3.457e+03 3.423e+03 3.414e+03 3.395e+03 3.374e+03 3.330e+03 3.305e+03 3.285e+03 3.244e+03 3.214e+03 3.176e+03 3.117e+03 3.068e+03 3.009e+03 2.957e+03 2.907e+03 2.858e+03 2.816e+03
4743.81 4.128e+03 4.104e+03 4.082e+03 4.058e+03 4.033e+03 4.011e+03 3.987e+03 3.963e+03 3.938e+03 3.912e+03 3.886e+03 3.861e+03 3.834e+03 3.806e+03 3.779e+03 3.752e+03 3.725e+03 3.696e+03 3.668e+03 3.640e+03 3.614e+03 3.588e+03 3.587e+03 3.555e+03 3.521e+03 3.520e+03 3.508e+03 3.470e+03 3.431e+03 3.392e+03 3.380e+03 3.363e+03 3.320e+03 3.299e+03 3.275e+03 3.250e+03 3.218e+03 3.187e+03 3.145e+03 3.094e+03 3.044e+03 2.996e+03 2.950e+03 2.904e+03 2.860e+03 2.816e+03 2.774e+03 2.737e+03 2.683e+03 2.620e+03
5041.68 3.997e+03 3.973e+03 3.951e+03 3.928e+03 3.905e+03 3.882e+03 3.858e+03 3.833e+03 3.809e+03 3.783e+03 3.757e+03 3.765e+03 3.737e+03 3.708e+03 3.679e+03 3.678e+03 3.645e+03 3.640e+03 3.608e+03 3.573e+03 3.537e+03 3.529e+03 3.496e+03 3.483e+03 3.450e+03 3.436e+03 3.415e+03 3.394e+03 3.352e+03 3.309e+03 3.288e+03 3.268e+03 3.227e+03 3.198e+03 3.154e+03 3.107e+03 3.064e+03 3.026e+03 2.989e+03 2.951e+03 2.898e+03 2.851e+03 2.801e+03 2.756e+03 2.714e+03 2.677e+03 2.634e+03 2.587e+03 2.540e+03 2.493e+03
5358.25 3.899e+03 3.875e+03 3.853e+03 3.830e+03 3.808e+03 3.786e+03 3.764e+03 3.743e+03 3.721e+03 3.698e+03 3.671e+03 3.675e+03 3.648e+03 3.644e+03 3.640e+03 3.609e+03 3.576e+03 3.543e+03 3.537e+03 3.525e+03 3.512e+03 3.476e+03 3.455e+03 3.433e+03 3.411e+03 3.385e+03 3.346e+03 3.322e+03 3.281e+03 3.254e+03 3.214e+03 3.185e+03 3.144e+03 3.093e+03 3.049e+03 3.007e+03 2.967e+03 2.929e+03 2.881e+03 2.840e+03 2.805e+03 2.768e+03 2.729e+03 2.680e+03 2.638e+03 2.592e+03 2.538e+03 2.486e+03 2.436e+03 2.386e+03
5694.70 3.826e+03 3.804e+03 3.781e+03 3.758e+03 3.735e+03 3.743e+03 3.747e+03 3.720e+03 3.691e+03 3.663e+03 3.662e+03 3.633e+03 3.627e+03 3.595e+03 3.586e+03 3.575e+03 3.559e+03 3.522e+03 3.484e+03 3.469e+03 3.431e+03 3.412e+03 3.396e+03 3.359e+03 3.339e+03 3.317e+03 3.276e+03 3.253e+03 3.229e+03 3.203e+03 3.175e+03 3.130e+03 3.086e+03 3.034e+03 2.990e+03 2.953e+03 2.916e+03 2.880e+03 2.832e+03 2.789e+03 2.750e+03 2.710e+03 2.661e+03 2.616e+03 2.572e+03 2.533e+03 2.488e+03 2.435e+03 2.382e+03 2.328e+03
6052.28 3.755e+03 3.734e+03 3.714e+03 3.694e+03 3.672e+03 3.651e+03 3.630e+03 3.607e+03 3.585e+03 3.595e+03 3.597e+03 3.567e+03 3.537e+03 3.507e+03 3.502e+03 3.493e+03 3.482e+03 3.448e+03 3.430e+03 3.394e+03 3.376e+03 3.361e+03 3.325e+03 3.306e+03 3.269e+03 3.248e+03 3.209e+03 3.186e+03 3.148e+03 3.111e+03 3.062e+03 3.024e+03 2.991e+03 2.960e+03 2.913e+03 2.878e+03 2.842e+03 2.803e+03 2.764e+03 2.724e+03 2.686e+03 2.648e+03 2.596e+03 2.547e+03 2.506e+03 2.466e+03 2.414e+03 2.360e+03 2.312e+03 2.264e+03
6432.31 3.700e+03 3.679e+03 3.657e+03 3.636e+03 3.615e+03 3.595e+03 3.573e+03 3.582e+03 3.558e+03 3.531e+03 3.532e+03 3.505e+03 3.476e+03 3.473e+03 3.469e+03 3.437e+03 3.427e+03 3.394e+03 3.382e+03 3.348e+03 3.333e+03 3.316e+03 3.276e+03 3.256e+03 3.239e+03 3.217e+03 3.176e+03 3.134e+03 3.098e+03 3.052e+03 3.016e+03 2.984e+03 2.938e+03 2.902e+03 2.857e+03 2.823e+03 2.789e+03 2.759e+03 2.725e+03 2.685e+03 2.635e+03 2.591e+03 2.551e+03 2.509e+03 2.464e+03 2.415e+03 2.365e+03 2.314e+03 2.265e+03 2.211e+03
6836.20 3.677e+03 3.654e+03 3.630e+03 3.638e+03 3.640e+03 3.613e+03 3.585e+03 3.584e+03 3.578e+03 3.548e+03 3.537e+03 3.503e+03 3.491e+03 3.458e+03 3.445e+03 3.432e+03 3.417e+03 3.378e+03 3.357e+03 3.336e+03 3.316e+03 3.277e+03 3.255e+03 3.232e+03 3.210e+03 3.185e+03 3.130e+03 3.089e+03 3.052e+03 3.005e+03 2.969e+03 2.937e+03 2.892e+03 2.857e+03 2.811e+03 2.775e+03 2.738e+03 2.700e+03 2.665e+03 2.627e+03 2.585e+03 2.543e+03 2.498e+03 2.453e+03 2.408e+03 2.355e+03 2.306e+03 2.257e+03 2.199e+03 2.140e+03
7265.45 3.657e+03 3.656e+03 3.627e+03 3.596e+03 3.595e+03 3.589e+03 3.557e+03 3.548e+03 3.539e+03 3.526e+03 3.490e+03 3.453e+03 3.439e+03 3.425e+03 3.390e+03 3.374e+03 3.357e+03 3.340e+03 3.302e+03 3.279e+03 3.259e+03 3.239e+03 3.216e+03 3.193e+03 3.166e+03 3.123e+03 3.083e+03 3.043e+03 3.004e+03 2.966e+03 2.917e+03 2.879e+03 2.843e+03 2.807e+03 2.772e+03 2.726e+03 2.684e+03 2.645e+03 2.597e+03 2.553e+03 2.511e+03 2.472e+03 2.421e+03 2.370e+03 2.324e+03 2.273e+03 2.222e+03 2.166e+03 2.106e+03 2.045e+03
7721.65 3.605e+03 3.599e+03 3.591e+03 3.559e+03 3.550e+03 3.518e+03 3.507e+03 3.474e+03 3.464e+03 3.451e+03 3.416e+03 3.401e+03 3.365e+03 3.351e+03 3.333e+03 3.295e+03 3.277e+03 3.257e+03 3.238e+03 3.202e+03 3.179e+03 3.141e+03 3.107e+03 3.060e+03 3.025e+03 2.995e+03 2.962e+03 2.917e+03 2.884e+03 2.855e+03 2.824e+03 2.791e+03 2.756e+03 2.721e+03 2.686e+03 2.647e+03 2.599e+03 2.559e+03 2.523e+03 2.482e+03 2.439e+03 2.396e+03 2.353e+03 2.296e+03 2.244e+03 2.188e+03 2.127e+03 2.069e+03 2.013e+03 1.950e+03
8206.56 3.551e+03 3.540e+03 3.508e+03 3.496e+03 3.482e+03 3.449e+03 3.413e+03 3.401e+03 3.387e+03 3.353e+03 3.336e+03 3.319e+03 3.302e+03 3.267e+03 3.247e+03 3.228e+03 3.191e+03 3.151e+03 3.106e+03 3.074e+03 3.046e+03 3.017e+03 2.973e+03 2.942e+03 2.914e+03 2.886e+03 2.857e+03 2.822e+03 2.785e+03 2.755e+03 2.722e+03 2.684e+03 2.647e+03 2.611e+03 2.572e+03 2.530e+03 2.486e+03 2.443e+03 2.399e+03 2.348e+03 2.301e+03 2.255e+03 2.206e+03 2.152e+03 2.091e+03 2.035e+03 1.981e+03 1.920e+03 1.850e+03 1.783e+03
8717.73 3.476e+03 3.461e+03 3.426e+03 3.411e+03 3.394e+03 3.378e+03 3.344e+03 3.326e+03 3.309e+03 3.272e+03 3.252e+03 3.234e+03 3.198e+03 3.176e+03 3.140e+03 3.094e+03 3.061e+03 3.017e+03 2.985e+03 2.958e+03 2.926e+03 2.896e+03 2.869e+03 2.839e+03 2.806e+03 2.769e+03 2.734e+03 2.695e+03 2.658e+03 2.620e+03 2.584e+03 2.547e+03 2.503e+03 2.452e+03 2.407e+03 2.360e+03 2.316e+03 2.272e+03 2.226e+03 2.180e+03 2.129e+03 2.074e+03 2.019e+03 1.962e+03 1.897e+03 1.828e+03 1.761e+03 1.693e+03 1.611e+03 1.521e+03
9214.74 3.394e+03 3.377e+03 3.357e+03 3.338e+03 3.316e+03 3.291e+03 3.252e+03 3.230e+03 3.201e+03 3.177e+03 3.136e+03 3.088e+03 3.051e+03 3.019e+03 2.987e+03 2.952e+03 2.918e+03 2.888e+03 2.844e+03 2.807e+03 2.775e+03 2.740e+03 2.694e+03 2.659e+03 2.627e+03 2.584e+03 2.544e+03 2.503e+03 2.460e+03 2.415e+03 2.376e+03 2.339e+03 2.298e+03 2.252e+03 2.204e+03 2.156e+03 2.107e+03 2.052e+03 1.993e+03 1.927e+03 1.865e+03 1.802e+03 1.734e+03 1.676e+03 1.605e+03 1.535e+03 1.456e+03 1.370e+03 1.281e+03 1.204e+03
9629.11 3.303e+03 3.284e+03 3.266e+03 3.246e+03 3.210e+03 3.190e+03 3.143e+03 3.103e+03 3.066e+03 3.031e+03 2.997e+03 2.964e+03 2.932e+03 2.902e+03 2.859e+03 2.825e+03 2.781e+03 2.743e+03 2.712e+03 2.680e+03 2.642e+03 2.602e+03 2.565e+03 2.527e+03 2.476e+03 2.437e+03 2.394e+03 2.342e+03 2.294e+03 2.250e+03 2.211e+03 2.180e+03 2.141e+03 2.091e+03 2.033e+03 1.977e+03 1.915e+03 1.849e+03 1.783e+03 1.727e+03 1.661e+03 1.590e+03 1.530e+03 1.474e+03 1.396e+03 1.324e+03 1.251e+03 1.177e+03 1.102e+03 1.039e+03
9954.11 3.259e+03 3.246e+03 3.213e+03 3.194e+03 3.149e+03 3.110e+03 3.066e+03 3.033e+03 2.991e+03 2.958e+03 2.929e+03 2.899e+03 2.872e+03 2.829e+03 2.786e+03 2.739e+03 2.705e+03 2.662e+03 2.623e+03 2.596e+03 2.553e+03 2.517e+03 2.483e+03 2.433e+03 2.389e+03 2.357e+03 2.312e+03 2.262e+03 2.218e+03 2.172e+03 2.117e+03 2.087e+03 2.057e+03 1.997e+03 1.945e+03 1.887e+03 1.826e+03 1.753e+03 1.680e+03 1.586e+03 1.499e+03 1.437e+03 1.368e+03 1.298e+03 1.222e+03 1.140e+03 1.071e+03 1.013e+03 1.008e+03 1.006e+03
10245.64 3.320e+03 3.297e+03 3.278e+03 3.257e+03 3.232e+03 3.191e+03 3.133e+03 3.084e+03 3.035e+03 2.999e+03 2.953e+03 2.912e+03 2.880e+03 2.849e+03 2.814e+03 2.781e+03 2.737e+03 2.689e+03 2.643e+03 2.607e+03 2.573e+03 2.539e+03 2.499e+03 2.454e+03 2.399e+03 2.343e+03 2.298e+03 2.264e+03 2.202e+03 2.191e+03 2.149e+03 2.094e+03 2.025e+03 1.985e+03 1.939e+03 1.866e+03 1.795e+03 1.723e+03 1.648e+03 1.585e+03 1.499e+03 1.410e+03 1.339e+03 1.254e+03 1.194e+03 1.134e+03 1.062e+03 1.014e+03 1.014e+03 1.000e+03
10541.49 3.352e+03 3.338e+03 3.305e+03 3.286e+03 3.250e+03 3.233e+03 3.202e+03 3.155e+03 3.118e+03 3.068e+03 3.029e+03 2.991e+03 2.959e+03 2.927e+03 2.900e+03 2.850e+03 2.806e+03 2.788e+03 2.751e+03 2.726e+03 2.701e+03 2.659e+03 2.615e+03 2.566e+03 2.503e+03 2.469e+03 2.430e+03 2.381e+03 2.315e+03 2.237e+03 2.185e+03 2.181e+03 2.134e+03 2.071e+03 1.992e+03 1.939e+03 1.878e+03 1.804e+03 1.727e+03 1.645e+03 1.569e+03 1.529e+03 1.435e+03 1.340e+03 1.251e+03 1.204e+03 1.185e+03 1.090e+03 1.017e+03 1.000e+03
10839.94 3.436e+03 3.419e+03 3.412e+03 3.382e+03 3.344e+03 3.332e+03 3.296e+03 3.269e+03 3.237e+03 3.216e+03 3.194e+03 3.162e+03 3.123e+03 3.086e+03 3.046e+03 3.014e+03 2.972e+03 2.941e+03 2.912e+03 2.878e+03 2.845e+03 2.799e+03 2.755e+03 2.721e+03 2.700e+03 2.639e+03 2.600e+03 2.583e+03 2.549e+03 2.501e+03 2.445e+03 2.399e+03 2.365e+03 2.323e+03 2.270e+03 2.230e+03 2.195e+03 2.132e+03 2.055e+03 1.980e+03 1.909e+03 1.871e+03 1.801e+03 1.747e+03 1.659e+03 1.613e+03 1.514e+03 1.403e+03 1.268e+03 1.197e+03
11119.11 3.548e+03 3.532e+03 3.518e+03 3.503e+03 3.490e+03 3.455e+03 3.429e+03 3.407e+03 3.368e+03 3.343e+03 3.305e+03 3.293e+03 3.257e+03 3.231e+03 3.213e+03 3.156e+03 3.150e+03 3.130e+03 3.094e+03 3.058e+03 3.021e+03 2.991e+03 2.966e+03 2.930e+03 2.923e+03 2.872e+03 2.840e+03 2.797e+03 2.743e+03 2.693e+03 2.703e+03 2.644e+03 2.613e+03 2.566e+03 2.516e+03 2.477e+03 2.432e+03 2.360e+03 2.320e+03 2.238e+03 2.202e+03 2.163e+03 2.090e+03 2.041e+03 1.962e+03 1.889e+03 1.839e+03 1.734e+03 1.619e+03 1.486e+03
11355.83 3.675e+03 3.655e+03 3.634e+03 3.618e+03 3.542e+03 3.529e+03 3.516e+03 3.506e+03 3.491e+03 3.472e+03 3.455e+03 3.437e+03 3.417e+03 3.398e+03 3.370e+03 3.340e+03 3.312e+03 3.289e+03 3.266e+03 3.243e+03 3.196e+03 3.189e+03 3.165e+03 3.123e+03 3.111e+03 3.084e+03 3.054e+03 3.040e+03 2.993e+03 2.938e+03 2.899e+03 2.876e+03 2.851e+03 2.821e+03 2.761e+03 2.704e+03 2.636e+03 2.620e+03 2.596e+03 2.562e+03 2.536e+03 2.465e+03 2.412e+03 2.343e+03 2.277e+03 2.294e+03 2.262e+03 2.148e+03 1.986e+03 1.906e+03
11539.81 3.662e+03 3.652e+03 3.638e+03 3.622e+03 3.607e+03 3.588e+03 3.570e+03 3.549e+03 3.530e+03 3.508e+03 3.491e+03 3.466e+03 3.443e+03 3.424e+03 3.398e+03 3.373e+03 3.351e+03 3.353e+03 3.319e+03 3.296e+03 3.250e+03 3.209e+03 3.200e+03 3.179e+03 3.136e+03 3.117e+03 3.096e+03 3.062e+03 3.021e+03 3.009e+03 2.973e+03 2.927e+03 2.863e+03 2.853e+03 2.817e+03 2.768e+03 2.747e+03 2.704e+03 2.683e+03 2.624e+03 2.557e+03 2.547e+03 2.499e+03 2.479e+03 2.423e+03 2.360e+03 2.333e+03 2.269e+03 2.177e+03 2.029e+03
11677.16 3.709e+03 3.678e+03 3.657e+03 3.658e+03 3.629e+03 3.603e+03 3.576e+03 3.575e+03 3.561e+03 3.556e+03 3.513e+03 3.502e+03 3.486e+03 3.445e+03 3.427e+03 3.407e+03 3.395e+03 3.359e+03 3.344e+03 3.306e+03 3.269e+03 3.257e+03 3.237e+03 3.196e+03 3.195e+03 3.162e+03 3.148e+03 3.119e+03 3.101e+03 3.059e+03 3.032e+03 2.990e+03 2.959e+03 2.934e+03 2.880e+03 2.850e+03 2.852e+03 2.777e+03 2.752e+03 2.727e+03 2.684e+03 2.607e+03 2.594e+03 2.523e+03 2.451e+03 2.417e+03 2.379e+03 2.326e+03 2.244e+03 2.104e+03
11784.05 3.670e+03 3.655e+03 3.664e+03 3.655e+03 3.622e+03 3.598e+03 3.579e+03 3.511e+03 3.497e+03 3.522e+03 3.538e+03 3.506e+03 3.486e+03 3.482e+03 3.470e+03 3.426e+03 3.428e+03 3.400e+03 3.370e+03 3.342e+03 3.300e+03 3.264e+03 3.263e+03 3.241e+03 3.228e+03 3.216e+03 3.184e+03 3.155e+03 3.109e+03 3.090e+03 3.092e+03 3.036e+03 2.998e+03 2.977e+03 2.938e+03 2.912e+03 2.856e+03 2.784e+03 2.747e+03 2.723e+03 2.674e+03 2.658e+03 2.617e+03 2.545e+03 2.490e+03 2.438e+03 2.358e+03 2.266e+03 2.230e+03 2.174e+03
11875.85 3.705e+03 3.715e+03 3.710e+03 3.722e+03 3.702e+03 3.673e+03 3.631e+03 3.601e+03 3.576e+03 3.548e+03 3.562e+03 3.510e+03 3.496e+03 3.485e+03 3.477e+03 3.416e+03 3.404e+03 3.401e+03 3.390e+03 3.347e+03 3.339e+03 3.311e+03 3.280e+03 3.254e+03 3.231e+03 3.191e+03 3.187e+03 3.173e+03 3.151e+03 3.117e+03 3.079e+03 3.036e+03 3.008e+03 2.993e+03 2.947e+03 2.905e+03 2.844e+03 2.851e+03 2.788e+03 2.772e+03 2.731e+03 2.647e+03 2.648e+03 2.560e+03 2.522e+03 2.456e+03 2.433e+03 2.362e+03 2.286e+03 2.226e+03
11963.37 3.763e+03 3.770e+03 3.740e+03 3.714e+03 3.697e+03 3.677e+03 3.657e+03 3.636e+03 3.615e+03 3.591e+03 3.565e+03 3.580e+03 3.567e+03 3.551e+03 3.548e+03 3.502e+03 3.461e+03 3.452e+03 3.448e+03 3.388e+03 3.377e+03 3.360e+03 3.338e+03 3.300e+03 3.296e+03 3.276e+03 3.246e+03 3.212e+03 3.225e+03 3.183e+03 3.168e+03 3.142e+03 3.116e+03 3.082e+03 3.012e+03 2.986e+03 2.952e+03 2.878e+03 2.871e+03 2.809e+03 2.781e+03 2.750e+03 2.721e+03 2.643e+03 2.594e+03 2.585e+03 2.524e+03 2.477e+03 2.399e+03 2.310e+03
12055.39 3.912e+03 3.889e+03 3.871e+03 3.848e+03 3.823e+03 3.810e+03 3.792e+03 3.693e+03 3.704e+03 3.697e+03 3.687e+03 3.673e+03 3.652e+03 3.671e+03 3.637e+03 3.647e+03 3.598e+03 3.583e+03 3.568e+03 3.518e+03 3.421e+03 3.414e+03 3.431e+03 3.429e+03 3.427e+03 3.380e+03 3.332e+03 3.306e+03 3.265e+03 3.193e+03 3.228e+03 3.213e+03 3.174e+03 3.146e+03 3.128e+03 3.120e+03 3.024e+03 3.025e+03 2.995e+03 2.928e+03 2.942e+03 2.902e+03 2.831e+03 2.791e+03 2.755e+03 2.721e+03 2.675e+03 2.666e+03 2.567e+03 2.433e+03
12170.41 3.937e+03 3.926e+03 3.928e+03 3.879e+03 3.886e+03 3.835e+03 3.837e+03 3.833e+03 3.776e+03 3.795e+03 3.748e+03 3.745e+03 3.735e+03 3.681e+03 3.684e+03 3.661e+03 3.643e+03 3.631e+03 3.650e+03 3.587e+03 3.544e+03 3.535e+03 3.515e+03 3.470e+03 3.441e+03 3.407e+03 3.394e+03 3.358e+03 3.280e+03 3.275e+03 3.224e+03 3.192e+03 3.211e+03 3.156e+03 3.163e+03 3.105e+03 2.999e+03 3.016e+03 2.928e+03 2.933e+03 2.941e+03 2.868e+03 2.783e+03 2.714e+03 2.674e+03 2.658e+03 2.621e+03 2.506e+03 2.443e+03 2.347e+03
12360.89 4.131e+03 4.110e+03 4.091e+03 4.142e+03 4.109e+03 4.078e+03 4.052e+03 4.028e+03 3.999e+03 3.975e+03 4.022e+03 3.964e+03 3.979e+03 3.929e+03 3.880e+03 3.903e+03 3.837e+03 3.849e+03 3.830e+03 3.827e+03 3.753e+03 3.756e+03 3.684e+03 3.687e+03 3.680e+03 3.580e+03 3.555e+03 3.468e+03 3.459e+03 3.486e+03 3.376e+03 3.358e+03 3.337e+03 3.369e+03 3.322e+03 3.286e+03 3.250e+03 3.215e+03 3.125e+03 3.175e+03 3.114e+03 3.085e+03 2.980e+03 3.010e+03 2.927e+03 2.839e+03 2.808e+03 2.706e+03 2.716e+03 2.589e+03
12670.46 4.337e+03 4.315e+03 4.288e+03 4.271e+03 4.245e+03 4.218e+03 4.199e+03 4.177e+03 4.149e+03 4.125e+03 4.101e+03 4.066e+03 4.044e+03 4.027e+03 3.995e+03 3.957e+03 3.918e+03 3.885e+03 3.853e+03 3.808e+03 3.857e+03 3.798e+03 3.740e+03 3.778e+03 3.772e+03 3.691e+03 3.691e+03 3.592e+03 3.599e+03 3.591e+03 3.556e+03 3.517e+03 3.465e+03 3.445e+03 3.428e+03 3.296e+03 3.251e+03 3.232e+03 3.256e+03 3.136e+03 3.347e+03 3.191e+03 3.091e+03 2.997e+03 3.163e+03 2.947e+03 2.961e+03 2.896e+03 2.745e+03 2.617e+03
13075.34 4.384e+03 4.371e+03 4.345e+03 4.303e+03 4.287e+03 4.257e+03 4.233e+03 4.218e+03 4.173e+03 4.128e+03 4.108e+03 4.089e+03 4.059e+03 4.039e+03 3.997e+03 3.957e+03 3.932e+03 3.910e+03 3.883e+03 3.837e+03 3.870e+03 3.805e+03 3.725e+03 3.745e+03 3.669e+03 3.577e+03 3.617e+03 3.606e+03 3.600e+03 3.552e+03 3.414e+03 3.345e+03 5.458e+03 3.889e+03 3.541e+03 3.287e+03 4.662e+03 3.661e+03 3.250e+03 3.023e+03 4.021e+03 3.197e+03 2.979e+03 3.203e+03 2.766e+03 2.812e+03 3.138e+03 2.619e+03 2.818e+03 2.427e+03
13530.52 4.404e+03 4.384e+03 4.345e+03 4.292e+03 4.241e+03 4.233e+03 4.208e+03 4.189e+03 4.169e+03 4.124e+03 4.062e+03 4.022e+03 4.073e+03 4.005e+03 3.918e+03 3.841e+03 3.870e+03 3.785e+03 3.754e+03 3.695e+03 3.676e+03 3.690e+03 3.659e+03 3.571e+03 3.516e+03 3.441e+03 3.414e+03 3.408e+03 6.020e+03 3.888e+03 3.477e+03 3.061e+03 5.099e+03 3.615e+03 3.162e+03 5.002e+03 3.077e+03 4.426e+03 3.007e+03 4.096e+03 2.735e+03 3.718e+03 2.381e+03 3.151e+03 3.589e+03 2.047e+03 2.911e+03 2.791e+03 2.740e+03 2.543e+03
14012.75 4.313e+03 4.256e+03 4.222e+03 4.183e+03 4.128e+03 4.168e+03 4.120e+03 4.066e+03 3.992e+03 3.968e+03 3.952e+03 3.952e+03 3.839e+03 3.770e+03 3.786e+03 3.692e+03 3.678e+03 3.712e+03 3.495e+03 3.365e+03 6.785e+03 4.081e+03 3.634e+03 3.240e+03 6.336e+03 4.095e+03 3.563e+03 3.215e+03 6.141e+03 3.586e+03 2.959e+03 5.404e+03 2.559e+03 4.708e+03 2.263e+03 4.411e+03 1.724e+03 4.997e+03 2.068e+03 4.583e+03 1.767e+03 3.251e+03 1.385e+03 3.686e+03 1.556e+03 3.315e+03 1.348e+03 2.885e+03 4.082e+03 1.181e+03
14508.81 4.290e+03 4.184e+03 4.176e+03 4.205e+03 4.193e+03 4.205e+03 4.131e+03 4.088e+03 4.067e+03 3.894e+03 3.778e+03 3.762e+03 3.615e+03 3.574e+03 3.518e+03 3.525e+03 3.456e+03 7.572e+03 4.228e+03 3.813e+03 3.488e+03 3.083e+03 6.940e+03 2.959e+03 6.330e+03 3.172e+03 6.113e+03 2.104e+03 6.073e+03 1.951e+03 6.282e+03 2.601e+03 5.859e+03 1.796e+03 4.592e+03 1.410e+03 4.858e+03 1.821e+03 4.541e+03 1.192e+03 4.640e+03 1.197e+03 2.133e+03 4.772e+03 1.240e+03 2.988e+03 2.486e+03 1.674e+03 1.860e+03 3.861e+03
15002.30 4.260e+03 4.261e+03 4.106e+03 4.079e+03 4.084e+03 3.992e+03 3.900e+03 3.856e+03 3.671e+03 3.570e+03 8.560e+03 3.815e+03 3.240e+03 7.808e+03 4.132e+03 3.593e+03 2.953e+03 7.380e+03 3.271e+03 6.721e+03 2.765e+03 7.107e+03 2.714e+03 6.957e+03 2.940e+03 6.387e+03 2.134e+03 6.578e+03 2.195e+03 5.557e+03 2.064e+03 5.742e+03 1.405e+03 5.446e+03 1.686e+03 5.467e+03 1.189e+03 2.226e+03 4.521e+03 1.000e+03 3.853e+03 1.000e+03 1.676e+03 3.822e+03 1.053e+03 1.134e+03 1.137e+03 1.421e+03 1.123e+03 1.906e+03
15475.29 4.263e+03 4.209e+03 4.139e+03 4.034e+03 4.021e+03 3.947e+03 3.822e+03 3.621e+03 3.643e+03 3.347e+03 8.020e+03 3.333e+03 7.658e+03 3.615e+03 2.855e+03 7.315e+03 3.016e+03 6.964e+03 2.211e+03 7.153e+03 1.797e+03 6.785e+03 1.641e+03 7.130e+03 1.740e+03 6.405e+03 1.700e+03 5.841e+03 1.526e+03 5.839e+03 1.378e+03 5.519e+03 1.329e+03 5.071e+03 1.574e+03 5.352e+03 1.372e+03 3.851e+03 1.075e+03 4.747e+03 1.086e+03 5.063e+03 1.351e+03 1.203e+03 1.265e+03 1.175e+03 1.189e+03 4.017e+03 1.000e+03 1.000e+03
15923.68 4.432e+03 4.423e+03 4.325e+03 4.286e+03 4.167e+03 4.143e+03 4.010e+03 3.958e+03 3.834e+03 3.624e+03 3.473e+03 8.369e+03 4.194e+03 3.652e+03 3.213e+03 6.537e+03 2.807e+03 7.462e+03 2.524e+03 7.312e+03 2.274e+03 6.992e+03 2.524e+03 6.908e+03 1.503e+03 7.193e+03 1.741e+03 6.193e+03 1.551e+03 5.556e+03 1.247e+03 5.492e+03 1.203e+03 4.292e+03 1.247e+03 3.699e+03 1.296e+03 2.602e+03 4.685e+03 1.000e+03 2.162e+03 3.604e+03 1.001e+03 1.257e+03 3.373e+03 1.000e+03 1.000e+03 1.699e+03 2.070e+03 1.209e+03
16355.64 4.756e+03 4.682e+03 4.543e+03 4.522e+03 4.563e+03 4.470e+03 4.364e+03 4.350e+03 4.353e+03 4.228e+03 4.238e+03 3.977e+03 4.048e+03 3.858e+03 3.700e+03 3.567e+03 3.586e+03 3.632e+03 3.278e+03 7.473e+03 3.356e+03 7.468e+03 3.728e+03 2.649e+03 7.330e+03 2.162e+03 6.931e+03 2.160e+03 6.618e+03 1.588e+03 5.872e+03 1.755e+03 4.840e+03 1.292e+03 5.580e+03 1.267e+03 2.825e+03 3.840e+03 1.015e+03 2.832e+03 4.538e+03 1.000e+03 1.333e+03 1.284e+03 1.605e+03 1.129e+03 1.000e+03 1.000e+03 1.000e+03 1.000e+03
16776.27 4.997e+03 4.946e+03 4.807e+03 4.791e+03 4.786e+03 4.724e+03 4.779e+03 4.655e+03 4.571e+03 4.492e+03 4.543e+03 4.399e+03 4.422e+03 4.392e+03 4.206e+03 4.116e+03 4.237e+03 3.902e+03 3.741e+03 3.750e+03 3.992e+03 3.824e+03 3.386e+03 3.410e+03 3.060e+03 3.814e+03 1.144e+03 6.765e+03 2.044e+03 3.088e+03 5.547e+03 1.797e+03 6.121e+03 2.141e+03 4.301e+03 1.220e+03 3.863e+03 1.531e+03 1.626e+03 2.445e+03 2.055e+03 4.598e+03 1.011e+03 1.419e+03 2.216e+03 1.365e+03 1.313e+03 1.093e+03 1.118e+03 1.000e+03
17183.14 5.185e+03 5.163e+03 5.083e+03 5.021e+03 4.999e+03 4.995e+03 5.008e+03 4.984e+03 4.859e+03 4.872e+03 4.792e+03 4.705e+03 4.686e+03 4.713e+03 4.658e+03 4.615e+03 4.495e+03 4.423e+03 4.174e+03 4.389e+03 4.080e+03 3.917e+03 3.849e+03 3.959e+03 3.634e+03 3.564e+03 3.537e+03 3.236e+03 6.046e+03 3.232e+03 5.425e+03 1.916e+03 5.996e+03 3.121e+03 3.965e+03 1.108e+03 5.265e+03 1.673e+03 3.384e+03 1.199e+03 1.656e+03 2.738e+03 3.498e+03 1.634e+03 1.840e+03 1.789e+03 1.473e+03 1.169e+03 1.127e+03 1.188e+03
17580.45 5.363e+03 5.261e+03 5.326e+03 5.350e+03 5.343e+03 5.290e+03 5.270e+03 5.214e+03 5.146e+03 5.112e+03 5.045e+03 5.083e+03 5.052e+03 4.852e+03 4.726e+03 4.896e+03 4.991e+03 4.814e+03 4.622e+03 4.732e+03 4.651e+03 4.630e+03 4.546e+03 4.433e+03 4.353e+03 4.405e+03 4.301e+03 4.294e+03 4.073e+03 3.902e+03 3.872e+03 3.968e+03 3.769e+03 3.315e+03 3.378e+03 2.531e+03 4.979e+03 2.760e+03 3.226e+03 2.655e+03 3.863e+03 2.146e+03 2.074e+03 4.494e+03 2.132e+03 1.930e+03 2.644e+03 1.436e+03 1.781e+03 1.627e+03
17990.34 5.747e+03 5.710e+03 5.586e+03 5.600e+03 5.632e+03 5.620e+03 5.536e+03 5.550e+03 5.427e+03 5.505e+03 5.481e+03 5.432e+03 5.427e+03 5.422e+03 5.274e+03 5.186e+03 5.273e+03 5.308e+03 5.249e+03 5.212e+03 5.030e+03 4.967e+03 5.037e+03 4.956e+03 4.899e+03 4.842e+03 4.826e+03 4.747e+03 4.677e+03 4.612e+03 4.585e+03 4.457e+03 4.408e+03 4.420e+03 4.255e+03 4.286e+03 4.087e+03 3.661e+03 3.525e+03 3.513e+03 3.346e+03 3.171e+03 2.901e+03 2.761e+03 2.979e+03 2.343e+03 2.092e+03 2.426e+03 2.083e+03 1.820e+03
18458.06 5.932e+03 5.946e+03 5.947e+03 5.924e+03 5.957e+03 5.917e+03 5.821e+03 5.832e+03 5.858e+03 5.841e+03 5.704e+03 5.677e+03 5.540e+03 5.615e+03 5.629e+03 5.600e+03 5.513e+03 5.483e+03 5.486e+03 5.486e+03 5.316e+03 5.280e+03 5.300e+03 5.279e+03 5.154e+03 5.068e+03 5.172e+03 5.031e+03 5.029e+03 4.839e+03 4.805e+03 4.923e+03 4.898e+03 4.786e+03 4.652e+03 4.517e+03 4.615e+03 4.531e+03 4.380e+03 4.213e+03 4.063e+03 4.066e+03 3.731e+03 3.804e+03 3.541e+03 3.197e+03 3.353e+03 3.098e+03 2.893e+03 2.668e+03
19084.69 6.193e+03 6.169e+03 6.166e+03 6.151e+03 6.153e+03 6.047e+03 6.006e+03 6.097e+03 5.965e+03 5.977e+03 5.854e+03 5.940e+03 5.811e+03 5.906e+03 5.946e+03 5.786e+03 5.824e+03 5.819e+03 5.793e+03 5.732e+03 5.608e+03 5.683e+03 5.664e+03 5.512e+03 5.542e+03 5.483e+03 5.327e+03 5.299e+03 5.126e+03 5.115e+03 5.191e+03 5.241e+03 5.183e+03 5.141e+03 5.074e+03 5.010e+03 4.888e+03 4.669e+03 4.640e+03 4.476e+03 4.349e+03 4.390e+03 4.257e+03 4.281e+03 4.067e+03 4.003e+03 3.953e+03 3.804e+03 3.474e+03 2.761e+03
19999.79 6.433e+03 6.316e+03 6.373e+03 6.422e+03 6.267e+03 6.323e+03 6.181e+03 6.251e+03 6.348e+03 6.255e+03 6.090e+03 6.114e+03 6.211e+03 6.220e+03 6.147e+03 6.181e+03 6.256e+03 6.119e+03 5.934e+03 6.076e+03 6.096e+03 6.056e+03 6.002e+03 5.970e+03 5.987e+03 5.773e+03 5.788e+03 5.654e+03 5.725e+03 5.506e+03 5.659e+03 5.443e+03 5.534e+03 5.382e+03 5.505e+03 5.397e+03 5.357e+03 5.107e+03 5.113e+03 4.960e+03 4.851e+03 4.895e+03 4.749e+03 4.770e+03 4.652e+03 4.545e+03 4.466e+03 4.068e+03 4.108e+03 3.910e+03
21193.46 6.884e+03 6.635e+03 6.662e+03 6.505e+03 6.817e+03 6.723e+03 6.736e+03 6.744e+03 6.638e+03 6.757e+03 6.720e+03 6.607e+03 6.655e+03 6.546e+03 6.610e+03 6.488e+03 6.072e+03 6.487e+03 6.356e+03 6.401e+03 6.294e+03 6.495e+03 6.346e+03 5.625e+03 5.926e+03 5.821e+03 6.242e+03 6.163e+03 5.929e+03 5.932e+03 5.822e+03 5.860e+03 5.720e+03 5.733e+03 5.591e+03 5.263e+03 5.416e+03 5.286e+03 5.372e+03 5.380e+03 5.283e+03 5.083e+03 4.974e+03 4.896e+03 4.858e+03 4.752e+03 4.600e+03 4.525e+03 4.328e+03 4.190e+03
22528.72 7.423e+03 7.424e+03 7.393e+03 7.152e+03 7.281e+03 7.323e+03 6.951e+03 7.180e+03 7.116e+03 6.758e+03 6.538e+03 6.345e+03 7.055e+03 7.002e+03 6.992e+03 6.326e+03 6.912e+03 6.402e+03 6.535e+03 6.691e+03 6.748e+03 6.076e+03 6.543e+03 6.457e+03 5.306e+03 5.923e+03 6.305e+03 6.434e+03 6.182e+03 6.056e+03 6.127e+03 6.159e+03 5.891e+03 5.827e+03 5.742e+03 5.698e+03 5.716e+03 5.492e+03 5.267e+03 5.019e+03 5.215e+03 4.583e+03 4.978e+03 4.895e+03 4.743e+03 4.607e+03 4.464e+03 4.291e+03 4.057e+03 3.762e+03
23943.32 7.615e+03 8.078e+03 7.860e+03 7.765e+03 7.389e+03 7.503e+03 7.737e+03 7.850e+03 6.784e+03 6.610e+03 7.544e+03 7.418e+03 7.454e+03 6.927e+03 6.778e+03 6.931e+03 6.829e+03 7.332e+03 7.092e+03 7.158e+03 6.981e+03 6.865e+03 6.813e+03 6.766e+03 6.897e+03 6.809e+03 6.664e+03 6.618e+03 6.541e+03 6.302e+03 6.147e+03 6.105e+03 5.943e+03 6.018e+03 5.942e+03 5.814e+03 5.681e+03 5.454e+03 5.354e+03 5.362e+03 5.234e+03 5.094e+03 4.922e+03 4.813e+03 4.678e+03 4.410e+03 4.134e+03 3.828e+03 3.703e+03 3.485e+03
25446.74 7.803e+03 8.383e+03 8.231e+03 8.289e+03 8.192e+03 7.747e+03 8.448e+03 8.138e+03 8.107e+03 7.980e+03 7.900e+03 7.921e+03 8.051e+03 8.001e+03 7.050e+03 7.592e+03 6.529e+03 6.788e+03 7.205e+03 7.335e+03 7.414e+03 7.138e+03 7.220e+03 6.915e+03 6.857e+03 6.928e+03 6.721e+03 5.997e+03 6.476e+03 6.481e+03 6.302e+03 6.012e+03 6.129e+03 5.843e+03 5.880e+03 5.592e+03 5.590e+03 5.303e+03 5.298e+03 5.069e+03 4.877e+03 4.755e+03 4.266e+03 4.465e+03 4.369e+03 4.125e+03 3.949e+03 3.695e+03 3.380e+03 3.385e+03
27044.57 8.946e+03 9.383e+03 9.404e+03 9.428e+03 9.278e+03 9.243e+03 9.295e+03 9.014e+03 8.721e+03 8.703e+03 8.691e+03 8.505e+03 8.352e+03 8.356e+03 7.222e+03 7.370e+03 7.209e+03 7.575e+03 7.894e+03 7.934e+03 7.765e+03 7.548e+03 7.368e+03 7.209e+03 7.284e+03 7.163e+03 6.432e+03 6.170e+03 6.135e+03 6.416e+03 6.417e+03 5.951e+03 5.955e+03 5.922e+03 5.421e+03 5.278e+03 5.477e+03 4.299e+03 4.928e+03 4.860e+03 4.529e+03 4.470e+03 4.223e+03 3.878e+03 3.698e+03 3.740e+03 3.623e+03 3.354e+03 3.189e+03 3.012e+03
28744.18 1.158e+04 1.087e+04 1.118e+04 1.086e+04 1.099e+04 1.094e+04 1.081e+04 1.067e+04 9.907e+03 1.029e+04 1.020e+04 1.005e+04 9.646e+03 9.595e+03 9.560e+03 9.379e+03 9.199e+03 8.986e+03 8.849e+03 8.652e+03 8.462e+03 8.272e+03 8.079e+03 7.885e+03 7.685e+03 7.484e+03 6.832e+03 6.736e+03 6.866e+03 6.655e+03 6.384e+03 6.130e+03 5.901e+03 5.763e+03 5.469e+03 5.260e+03 5.167e+03 4.838e+03 4.457e+03 4.526e+03 4.214e+03 3.833e+03 3.727e+03 3.619e+03 3.440e+03 3.302e+03 3.181e+03 2.949e+03 2.147e+03 1.074e+03
30520.16 1.336e+04 1.299e+04 1.263e+04 1.281e+04 1.264e+04 1.244e+04 1.223e+04 1.202e+04 1.163e+04 1.099e+04 1.135e+04 1.112e+04 1.088e+04 1.047e+04 1.039e+04 1.014e+04 9.887e+03 9.499e+03 9.343e+03 9.108e+03 8.848e+03 8.586e+03 8.330e+03 7.815e+03 7.743e+03 7.539e+03 7.291e+03 6.823e+03 6.695e+03 6.326e+03 6.183e+03 6.022e+03 5.791e+03 5.555e+03 5.316e+03 5.086e+03 4.854e+03 4.587e+03 4.353e+03 4.110e+03 3.966e+03 3.783e+03 3.475e+03 3.343e+03 3.250e+03 3.055e+03 1.752e+03 2.059e+03 1.941e+03 1.297e+03
32243.50 1.408e+04 1.388e+04 1.348e+04 1.328e+04 1.318e+04 1.296e+04 1.270e+04 1.243e+04 1.215e+04 1.164e+04 1.163e+04 1.133e+04 1.104e+04 1.075e+04 1.046e+04 1.016e+04 9.867e+03 9.510e+03 9.211e+03 8.918e+03 8.672e+03 8.378e+03 8.088e+03 7.665e+03 7.435e+03 7.194e+03 6.955e+03 6.680e+03 6.431e+03 6.057e+03 5.829e+03 5.583e+03 5.395e+03 5.161e+03 4.927e+03 4.697e+03 4.474e+03 4.168e+03 4.017e+03 3.821e+03 3.646e+03 3.387e+03 3.268e+03 3.104e+03 2.849e+03 2.117e+03 2.434e+03 1.900e+03 1.938e+03 2.066e+03
33773.01 1.440e+04 1.415e+04 1.374e+04 1.337e+04 1.333e+04 1.306e+04 1.276e+04 1.245e+04 1.216e+04 1.186e+04 1.153e+04 1.122e+04 1.090e+04 1.057e+04 1.024e+04 9.930e+03 9.608e+03 9.284e+03 8.934e+03 8.656e+03 8.341e+03 8.034e+03 7.731e+03 7.440e+03 7.065e+03 6.795e+03 6.581e+03 6.312e+03 6.047e+03 5.789e+03 5.458e+03 5.265e+03 4.999e+03 4.807e+03 4.586e+03 4.365e+03 4.157e+03 3.949e+03 3.751e+03 3.515e+03 3.360e+03 3.147e+03 3.027e+03 2.484e+03 2.508e+03 2.291e+03 2.245e+03 1.865e+03 1.745e+03 2.583e+03
35108.48 1.483e+04 1.453e+04 1.421e+04 1.378e+04 1.358e+04 1.326e+04 1.291e+04 1.257e+04 1.222e+04 1.188e+04 1.153e+04 1.117e+04 1.081e+04 1.046e+04 1.010e+04 9.762e+03 9.417e+03 9.076e+03 8.735e+03 8.402e+03 8.087e+03 7.772e+03 7.460e+03 7.160e+03 6.863e+03 6.554e+03 6.306e+03 6.030e+03 5.765e+03 5.511e+03 5.261e+03 4.981e+03 4.731e+03 4.557e+03 4.361e+03 4.094e+03 3.923e+03 3.730e+03 3.542e+03 3.352e+03 3.168e+03 3.039e+03 2.834e+03 2.522e+03 2.360e+03 2.272e+03 2.116e+03 1.988e+03 1.920e+03 1.726e+03
36326.30 1.511e+04 1.476e+04 1.441e+04 1.396e+04 1.367e+04 1.331e+04 1.293e+04 1.255e+04 1.216e+04 1.178e+04 1.141e+04 1.102e+04 1.064e+04 1.027e+04 9.897e+03 9.538e+03 9.187e+03 8.834e+03 8.490e+03 8.153e+03 7.832e+03 7.514e+03 7.204e+03 6.904e+03 6.614e+03 6.326e+03 6.051e+03 5.788e+03 5.527e+03 5.358e+03 5.136e+03 4.894e+03 4.588e+03 4.362e+03 4.203e+03 3.966e+03 3.755e+03 3.533e+03 3.382e+03 3.210e+03 3.031e+03 2.856e+03 2.675e+03 2.547e+03 2.399e+03 2.374e+03 2.283e+03 1.991e+03 1.944e+03 1.763e+03
37486.70 1.509e+04 1.470e+04 1.430e+04 1.391e+04 1.350e+04 1.310e+04 1.269e+04 1.230e+04 1.189e+04 1.149e+04 1.110e+04 1.071e+04 1.033e+04 9.947e+03 9.582e+03 9.214e+03 8.871e+03 8.523e+03 8.193e+03 7.856e+03 7.536e+03 7.226e+03 6.925e+03 6.631e+03 6.351e+03 6.076e+03 5.812e+03 5.548e+03 5.316e+03 5.063e+03 4.828e+03 4.675e+03 4.465e+03 4.172e+03 3.966e+03 3.846e+03 3.603e+03 3.421e+03 3.244e+03 3.078e+03 2.924e+03 2.798e+03 2.638e+03 2.499e+03 2.340e+03 2.223e+03 2.072e+03 1.983e+03 1.875e+03 1.913e+03
38628.25 1.476e+04 1.434e+04 1.392e+04 1.350e+04 1.310e+04 1.268e+04 1.227e+04 1.186e+04 1.145e+04 1.106e+04 1.067e+04 1.029e+04 9.912e+03 9.540e+03 9.182e+03 8.825e+03 8.492e+03 8.157e+03 7.844e+03 7.525e+03 7.212e+03 6.910e+03 6.622e+03 6.339e+03 6.070e+03 5.809e+03 5.563e+03 5.306e+03 5.069e+03 4.839e+03 4.619e+03 4.404e+03 4.189e+03 4.023e+03 3.782e+03 3.680e+03 3.442e+03 3.274e+03 3.110e+03 2.950e+03 2.855e+03 2.705e+03 2.566e+03 2.426e+03 2.252e+03 2.134e+03 2.037e+03 1.960e+03 1.827e+03 1.782e+03
39768.62 1.424e+04 1.381e+04 1.339e+04 1.298e+04 1.257e+04 1.214e+04 1.174e+04 1.134e+04 1.095e+04 1.056e+04 1.018e+04 9.814e+03 9.453e+03 9.098e+03 8.752e+03 8.413e+03 8.092e+03 7.775e+03 7.465e+03 7.173e+03 6.872e+03 6.589e+03 6.314e+03 6.045e+03 5.788e+03 5.540e+03 5.301e+03 5.070e+03 4.837e+03 4.619e+03 4.412e+03 4.205e+03 4.015e+03 3.815e+03 3.676e+03 3.493e+03 3.323e+03 3.116e+03 2.978e+03 2.889e+03 2.732e+03 2.594e+03 2.465e+03 2.340e+03 2.202e+03 2.046e+03 1.952e+03 1.835e+03 1.817e+03 1.673e+03
40915.31 1.363e+04 1.320e+04 1.279e+04 1.238e+04 1.197e+04 1.158e+04 1.118e+04 1.079e+04 1.042e+04 1.004e+04 9.682e+03 9.333e+03 8.987e+03 8.652e+03 8.320e+03 8.004e+03 7.690e+03 7.397e+03 7.101e+03 6.824e+03 6.545e+03 6.272e+03 6.009e+03 5.758e+03 5.512e+03 5.278e+03 5.050e+03 4.833e+03 4.611e+03 4.404e+03 4.207e+03 4.013e+03 3.827e+03 3.651e+03 3.471e+03 3.345e+03 3.186e+03 2.988e+03 2.845e+03 2.761e+03 2.623e+03 2.487e+03 2.355e+03 2.235e+03 2.119e+03 1.962e+03 1.856e+03 1.785e+03 1.661e+03 1.604e+03
42074.51 1.297e+04 1.256e+04 1.215e+04 1.176e+04 1.137e+04 1.099e+04 1.062e+04 1.025e+04 9.891e+03 9.535e+03 9.193e+03 8.861e+03 8.535e+03 8.219e+03 7.905e+03 7.605e+03 7.307e+03 7.030e+03 6.752e+03 6.482e+03 6.219e+03 5.968e+03 5.715e+03 5.476e+03 5.244e+03 5.022e+03 4.806e+03 4.598e+03 4.397e+03 4.197e+03 4.008e+03 3.826e+03 3.649e+03 3.483e+03 3.314e+03 3.157e+03 3.038e+03 2.891e+03 2.762e+03 2.623e+03 2.526e+03 2.370e+03 2.276e+03 2.130e+03 2.055e+03 1.906e+03 1.775e+03 1.709e+03 1.614e+03 1.532e+03
43252.44 1.229e+04 1.190e+04 1.152e+04 1.114e+04 1.078e+04 1.041e+04 1.005e+04 9.710e+03 9.370e+03 9.036e+03 8.710e+03 8.396e+03 8.090e+03 7.791e+03 7.497e+03 7.212e+03 6.932e+03 6.668e+03 6.407e+03 6.153e+03 5.904e+03 5.665e+03 5.430e+03 5.204e+03 4.984e+03 4.774e+03 4.570e+03 4.374e+03 4.183e+03 3.994e+03 3.815e+03 3.645e+03 3.476e+03 3.314e+03 3.163e+03 3.011e+03 2.895e+03 2.798e+03 2.633e+03 2.498e+03 2.398e+03 2.262e+03 2.149e+03 2.037e+03 1.933e+03 1.832e+03 1.697e+03 1.609e+03 1.548e+03 1.434e+03
44454.05 1.163e+04 1.126e+04 1.090e+04 1.054e+04 1.019e+04 9.850e+03 9.516e+03 9.188e+03 8.866e+03 8.556e+03 8.245e+03 7.950e+03 7.662e+03 7.378e+03 7.104e+03 6.832e+03 6.573e+03 6.317e+03 6.077e+03 5.835e+03 5.602e+03 5.374e+03 5.158e+03 4.943e+03 4.737e+03 4.537e+03 4.346e+03 4.159e+03 3.976e+03 3.801e+03 3.628e+03 3.467e+03 3.309e+03 3.157e+03 3.011e+03 2.866e+03 2.788e+03 2.632e+03 2.509e+03 2.380e+03 2.262e+03 2.151e+03 2.042e+03 1.938e+03 1.837e+03 1.743e+03 1.651e+03 1.537e+03 1.479e+03 1.383e+03
45683.04 1.099e+04 1.064e+04 1.030e+04 9.960e+03 9.634e+03 9.312e+03 8.996e+03 8.687e+03 8.387e+03 8.094e+03 7.802e+03 7.522e+03 7.251e+03 6.984e+03 6.726e+03 6.470e+03 6.226e+03 5.983e+03 5.757e+03 5.531e+03 5.311e+03 5.096e+03 4.891e+03 4.690e+03 4.495e+03 4.305e+03 4.125e+03 3.949e+03 3.778e+03 3.610e+03 3.452e+03 3.298e+03 3.149e+03 3.005e+03 2.865e+03 2.792e+03 2.621e+03 2.497e+03 2.381e+03 2.263e+03 2.152e+03 2.046e+03 1.947e+03 1.848e+03 1.750e+03 1.661e+03 1.574e+03 1.475e+03 1.391e+03 1.318e+03
46941.68 1.038e+04 1.005e+04 9.727e+03 9.407e+03 9.098e+03 8.800e+03 8.500e+03 8.208e+03 7.927e+03 7.650e+03 7.378e+03 7.112e+03 6.857e+03 6.607e+03 6.364e+03 6.125e+03 5.893e+03 5.666e+03 5.451e+03 5.239e+03 5.032e+03 4.829e+03 4.634e+03 4.447e+03 4.263e+03 4.083e+03 3.912e+03 3.747e+03 3.587e+03 3.428e+03 3.278e+03 3.132e+03 2.993e+03 2.855e+03 2.746e+03 2.614e+03 2.490e+03 2.371e+03 2.262e+03 2.152e+03 2.042e+03 1.944e+03 1.850e+03 1.756e+03 1.665e+03 1.582e+03 1.499e+03 1.420e+03 1.328e+03 1.278e+03
48230.81 9.793e+03 9.483e+03 9.180e+03 8.881e+03 8.589e+03 8.306e+03 8.027e+03 7.755e+03 7.488e+03 7.226e+03 6.975e+03 6.721e+03 6.482e+03 6.248e+03 6.017e+03 5.794e+03 5.574e+03 5.364e+03 5.155e+03 4.960e+03 4.764e+03 4.574e+03 4.389e+03 4.213e+03 4.039e+03 3.872e+03 3.709e+03 3.553e+03 3.401e+03 3.253e+03 3.110e+03 2.973e+03 2.841e+03 2.715e+03 2.600e+03 2.479e+03 2.365e+03 2.248e+03 2.142e+03 2.044e+03 1.944e+03 1.847e+03 1.756e+03 1.669e+03 1.584e+03 1.495e+03 1.447e+03 1.350e+03 1.276e+03 1.208e+03
49550.29 9.235e+03 8.942e+03 8.659e+03 8.380e+03 8.102e+03 7.837e+03 7.577e+03 7.319e+03 7.069e+03 6.825e+03 6.587e+03 6.351e+03 6.123e+03 5.903e+03 5.687e+03 5.478e+03 5.270e+03 5.072e+03 4.875e+03 4.692e+03 4.508e+03 4.330e+03 4.155e+03 3.989e+03 3.825e+03 3.668e+03 3.513e+03 3.367e+03 3.224e+03 3.086e+03 2.949e+03 2.820e+03 2.697e+03 2.583e+03 2.456e+03 2.345e+03 2.243e+03 2.128e+03 2.046e+03 1.940e+03 1.847e+03 1.755e+03 1.668e+03 1.586e+03 1.502e+03 1.426e+03 1.356e+03 1.278e+03 1.213e+03 1.143e+03
50899.37 8.704e+03 8.429e+03 8.163e+03 7.901e+03 7.642e+03 7.390e+03 7.150e+03 6.907e+03 6.670e+03 6.442e+03 6.217e+03 5.998e+03 5.782e+03 5.575e+03 5.373e+03 5.176e+03 4.983e+03 4.794e+03 4.611e+03 4.435e+03 4.264e+03 4.096e+03 3.932e+03 3.773e+03 3.622e+03 3.472e+03 3.327e+03 3.188e+03 3.054e+03 2.924e+03 2.809e+03 2.680e+03 2.562e+03 2.443e+03 2.333e+03 2.230e+03 2.126e+03 2.028e+03 1.925e+03 1.837e+03 1.750e+03 1.667e+03 1.584e+03 1.506e+03 1.432e+03 1.357e+03 1.286e+03 1.219e+03 1.157e+03 1.093e+03
52276.86 8.200e+03 7.945e+03 7.694e+03 7.449e+03 7.207e+03 6.970e+03 6.741e+03 6.516e+03 6.295e+03 6.079e+03 5.868e+03 5.664e+03 5.459e+03 5.265e+03 5.076e+03 4.888e+03 4.709e+03 4.529e+03 4.360e+03 4.190e+03 4.032e+03 3.874e+03 3.720e+03 3.570e+03 3.427e+03 3.287e+03 3.151e+03 3.018e+03 2.893e+03 2.770e+03 2.654e+03 2.538e+03 2.423e+03 2.316e+03 2.211e+03 2.110e+03 2.013e+03 1.923e+03 1.828e+03 1.743e+03 1.662e+03 1.583e+03 1.504e+03 1.429e+03 1.360e+03 1.290e+03 1.224e+03 1.161e+03 1.093e+03 1.035e+03
53681.16 7.726e+03 7.488e+03 7.250e+03 7.022e+03 6.796e+03 6.572e+03 6.357e+03 6.148e+03 5.939e+03 5.735e+03 5.539e+03 5.346e+03 5.156e+03 4.971e+03 4.792e+03 4.618e+03 4.449e+03 4.282e+03 4.120e+03 3.961e+03 3.812e+03 3.663e+03 3.519e+03 3.378e+03 3.242e+03 3.111e+03 2.983e+03 2.865e+03 2.742e+03 2.626e+03 2.514e+03 2.403e+03 2.299e+03 2.197e+03 2.097e+03 2.001e+03 1.910e+03 1.824e+03 1.739e+03 1.653e+03 1.576e+03 1.501e+03 1.429e+03 1.358e+03 1.291e+03 1.226e+03 1.163e+03 1.099e+03 1.042e+03 1.000e+03
55110.21 7.280e+03 7.056e+03 6.835e+03 6.619e+03 6.408e+03 6.199e+03 5.995e+03 5.799e+03 5.603e+03 5.413e+03 5.228e+03 5.045e+03 4.870e+03 4.693e+03 4.526e+03 4.363e+03 4.202e+03 4.047e+03 3.893e+03 3.747e+03 3.602e+03 3.466e+03 3.329e+03 3.197e+03 3.067e+03 2.945e+03 2.823e+03 2.715e+03 2.596e+03 2.485e+03 2.380e+03 2.278e+03 2.178e+03 2.082e+03 1.990e+03 1.898e+03 1.812e+03 1.728e+03 1.650e+03 1.569e+03 1.496e+03 1.425e+03 1.357e+03 1.290e+03 1.226e+03 1.166e+03 1.101e+03 1.045e+03 1.000e+03 1.000e+03
56561.17 6.861e+03 6.649e+03 6.444e+03 6.240e+03 6.042e+03 5.848e+03 5.654e+03 5.470e+03 5.288e+03 5.109e+03 4.934e+03 4.764e+03 4.598e+03 4.434e+03 4.275e+03 4.122e+03 3.971e+03 3.825e+03 3.681e+03 3.543e+03 3.405e+03 3.277e+03 3.149e+03 3.025e+03 2.904e+03 2.791e+03 2.675e+03 2.565e+03 2.458e+03 2.355e+03 2.256e+03 2.159e+03 2.064e+03 1.974e+03 1.887e+03 1.803e+03 1.719e+03 1.640e+03 1.565e+03 1.492e+03 1.420e+03 1.353e+03 1.289e+03 1.225e+03 1.165e+03 1.102e+03 1.047e+03 1.000e+03 1.000e+03 1.000e+03
58030.00 6.469e+03 6.269e+03 6.077e+03 5.885e+03 5.699e+03 5.517e+03 5.337e+03 5.161e+03 4.993e+03 4.823e+03 4.659e+03 4.500e+03 4.343e+03 4.190e+03 4.039e+03 3.895e+03 3.754e+03 3.616e+03 3.482e+03 3.350e+03 3.223e+03 3.099e+03 2.981e+03 2.863e+03 2.750e+03 2.639e+03 2.534e+03 2.430e+03 2.329e+03 2.231e+03 2.137e+03 2.046e+03 1.957e+03 1.872e+03 1.789e+03 1.710e+03 1.633e+03 1.557e+03 1.485e+03 1.417e+03 1.350e+03 1.285e+03 1.224e+03 1.164e+03 1.102e+03 1.047e+03 1.000e+03 1.000e+03 1.000e+03 1.000e+03
59510.42 6.103e+03 5.914e+03 5.732e+03 5.554e+03 5.378e+03 5.208e+03 5.040e+03 4.873e+03 4.714e+03 4.556e+03 4.402e+03 4.251e+03 4.104e+03 3.962e+03 3.819e+03 3.683e+03 3.551e+03 3.420e+03 3.295e+03 3.170e+03 3.051e+03 2.933e+03 2.822e+03 2.712e+03 2.605e+03 2.501e+03 2.401e+03 2.303e+03 2.207e+03 2.115e+03 2.027e+03 1.941e+03 1.857e+03 1.776e+03 1.698e+03 1.623e+03 1.551e+03 1.479e+03 1.411e+03 1.346e+03 1.283e+03 1.223e+03 1.163e+03 1.103e+03 1.048e+03 1.000e+03 1.000e+03 1.000e+03 1.000e+03 1.000e+03
60993.45 5.760e+03 5.585e+03 5.412e+03 5.246e+03 5.080e+03 4.920e+03 4.762e+03 4.605e+03 4.454e+03 4.309e+03 4.162e+03 4.020e+03 3.883e+03 3.747e+03 3.615e+03 3.485e+03 3.360e+03 3.239e+03 3.120e+03 3.003e+03 2.890e+03 2.780e+03 2.674e+03 2.571e+03 2.470e+03 2.371e+03 2.276e+03 2.184e+03 2.095e+03 2.007e+03 1.923e+03 1.842e+03 1.764e+03 1.687e+03 1.613e+03 1.542e+03 1.474e+03 1.407e+03 1.342e+03 1.280e+03 1.221e+03 1.163e+03 1.102e+03 1.049e+03 1.000e+03 1.000e+03 1.000e+03 1.000e+03 1.000e+03 1.000e+03
62466.44 5.445e+03 5.280e+03 5.117e+03 4.959e+03 4.805e+03 4.653e+03 4.505e+03 4.359e+03 4.215e+03 4.077e+03 3.941e+03 3.807e+03 3.677e+03 3.549e+03 3.426e+03 3.302e+03 3.185e+03 3.070e+03 2.957e+03 2.848e+03 2.740e+03 2.638e+03 2.535e+03 2.440e+03 2.344e+03 2.251e+03 2.160e+03 2.074e+03 1.989e+03 1.907e+03 1.827e+03 1.751e+03 1.677e+03 1.604e+03 1.534e+03 1.467e+03 1.402e+03 1.339e+03 1.278e+03 1.218e+03 1.162e+03 1.102e+03 1.050e+03 1.001e+03 1.000e+03 1.000e+03 1.000e+03 1.000e+03 1.000e+03 1.000e+03
63912.69 5.157e+03 5.000e+03 4.847e+03 4.697e+03 4.553e+03 4.408e+03 4.269e+03 4.132e+03 3.996e+03 3.865e+03 3.738e+03 3.611e+03 3.488e+03 3.368e+03 3.251e+03 3.135e+03 3.023e+03 2.915e+03 2.809e+03 2.706e+03 2.604e+03 2.506e+03 2.410e+03 2.319e+03 2.229e+03 2.141e+03 2.055e+03 1.973e+03 1.893e+03 1.815e+03 1.739e+03 1.667e+03 1.597e+03 1.528e+03 1.461e+03 1.398e+03 1.336e+03 1.277e+03 1.218e+03 1.162e+03 1.103e+03 1.052e+03 1.002e+03 1.000e+03 1.000e+03 1.000e+03 1.000e+03 1.000e+03 1.000e+03 1.000e+03
65311.62 4.894e+03 4.747e+03 4.603e+03 4.461e+03 4.324e+03 4.188e+03 4.056e+03 3.926e+03 3.799e+03 3.674e+03 3.554e+03 3.434e+03 3.318e+03 3.204e+03 3.092e+03 2.984e+03 2.876e+03 2.774e+03 2.675e+03 2.576e+03 2.481e+03 2.387e+03 2.297e+03 2.208e+03 2.124e+03 2.041e+03 1.960e+03 1.881e+03 1.806e+03 1.731e+03 1.660e+03 1.590e+03 1.524e+03 1.459e+03 1.395e+03 1.334e+03 1.276e+03 1.220e+03 1.165e+03 1.111e+03 1.055e+03 1.006e+03 1.000e+03 1.000e+03 1.000e+03 1.000e+03 1.000e+03 1.000e+03 1.000e+03 1.000e+03
66639.26 4.659e+03 4.522e+03 4.385e+03 4.250e+03 4.119e+03 3.992e+03 3.865e+03 3.743e+03 3.622e+03 3.503e+03 3.388e+03 3.276e+03 3.165e+03 3.056e+03 2.951e+03 2.849e+03 2.747e+03 2.649e+03 2.554e+03 2.460e+03 2.370e+03 2.280e+03 2.195e+03 2.110e+03 2.031e+03 1.951e+03 1.874e+03 1.799e+03 1.727e+03 1.657e+03 1.588e+03 1.522e+03 1.459e+03 1.397e+03 1.337e+03 1.278e+03 1.223e+03 1.168e+03 1.116e+03 1.060e+03 1.011e+03 1.000e+03 1.000e+03 1.000e+03 1.000e+03 1.000e+03 1.000e+03 1.000e+03 1.000e+03 1.000e+03
67870.77 4.453e+03 4.325e+03 4.193e+03 4.066e+03 3.940e+03 3.819e+03 3.698e+03 3.582e+03 3.467e+03 3.353e+03 3.243e+03 3.138e+03 3.031e+03 2.927e+03 2.827e+03 2.729e+03 2.633e+03 2.538e+03 2.447e+03 2.359e+03 2.272e+03 2.188e+03 2.105e+03 2.024e+03 1.948e+03 1.873e+03 1.799e+03 1.727e+03 1.658e+03 1.591e+03 1.526e+03 1.462e+03 1.401e+03 1.342e+03 1.285e+03 1.229e+03 1.175e+03 1.123e+03 1.069e+03 1.020e+03 1.000e+03 1.000e+03 1.000e+03 1.000e+03 1.000e+03 1.000e+03 1.000e+03 1.000e+03 1.000e+03 1.000e+03
68864.47 4.297e+03 4.172e+03 4.046e+03 3.924e+03 3.802e+03 3.685e+03 3.571e+03 3.458e+03 3.348e+03 3.239e+03 3.133e+03 3.030e+03 2.928e+03 2.829e+03 2.732e+03 2.637e+03 2.545e+03 2.453e+03 2.366e+03 2.281e+03 2.197e+03 2.116e+03 2.035e+03 1.959e+03 1.883e+03 1.812e+03 1.741e+03 1.672e+03 1.604e+03 1.540e+03 1.477e+03 1.416e+03 1.357e+03 1.300e+03 1.245e+03 1.191e+03 1.139e+03 1.083e+03 1.036e+03 1.000e+03 1.000e+03 1.000e+03 1.000e+03 1.000e+03 1.000e+03 1.000e+03 1.000e+03 1.000e+03 1.000e+03 1.000e+03
69459.55 4.206e+03 4.083e+03 3.962e+03 3.842e+03 3.723e+03 3.609e+03 3.496e+03 3.386e+03 3.279e+03 3.173e+03 3.068e+03 2.967e+03 2.869e+03 2.771e+03 2.677e+03 2.584e+03 2.494e+03 2.404e+03 2.319e+03 2.236e+03 2.153e+03 2.074e+03 1.996e+03 1.921e+03 1.846e+03 1.777e+03 1.707e+03 1.640e+03 1.574e+03 1.511e+03 1.449e+03 1.389e+03 1.331e+03 1.276e+03 1.222e+03 1.169e+03 1.118e+03 1.064e+03 1.016e+03 1.000e+03 1.000e+03 1.000e+03 1.000e+03 1.000e+03 1.000e+03 1.000e+03 1.000e+03 1.000e+03 1.000e+03 1.000e+03
69744.99 4.163e+03 4.041e+03 3.922e+03 3.803e+03 3.686e+03 3.573e+03 3.462e+03 3.352e+03 3.246e+03 3.142e+03 3.037e+03 2.939e+03 2.840e+03 2.744e+03 2.650e+03 2.559e+03 2.470e+03 2.381e+03 2.296e+03 2.214e+03 2.133e+03 2.055e+03 1.977e+03 1.903e+03 1.829e+03 1.760e+03 1.692e+03 1.625e+03 1.559e+03 1.497e+03 1.436e+03 1.377e+03 1.319e+03 1.264e+03 1.211e+03 1.159e+03 1.102e+03 1.054e+03 1.007e+03 1.000e+03 1.000e+03 1.000e+03 1.000e+03 1.000e+03 1.000e+03 1.000e+03 1.000e+03 1.000e+03 1.000e+03 1.000e+03
69888.26 4.141e+03 4.021e+03 3.902e+03 3.784e+03 3.667e+03 3.555e+03 3.444e+03 3.335e+03 3.230e+03 3.126e+03 3.022e+03 2.924e+03 2.826e+03 2.731e+03 2.637e+03 2.547e+03 2.458e+03 2.370e+03 2.285e+03 2.204e+03 2.123e+03 2.045e+03 1.967e+03 1.894e+03 1.820e+03 1.752e+03 1.684e+03 1.617e+03 1.552e+03 1.490e+03 1.429e+03 1.370e+03 1.313e+03 1.258e+03 1.205e+03 1.154e+03 1.097e+03 1.050e+03 1.003e+03 1.000e+03 1.000e+03 1.000e+03 1.000e+03 1.000e+03 1.000e+03 1.000e+03 1.000e+03 1.000e+03 1.000e+03 1.000e+03
69959.62 4.130e+03 4.010e+03 3.893e+03 3.774e+03 3.658e+03 3.546e+03 3.436e+03 3.327e+03 3.221e+03 3.119e+03 3.015e+03 2.917e+03 2.819e+03 2.724e+03 2.631e+03 2.541e+03 2.452e+03 2.365e+03 2.280e+03 2.198e+03 2.118e+03 2.040e+03 1.963e+03 1.889e+03 1.816e+03 1.748e+03 1.680e+03 1.613e+03 1.549e+03 1.487e+03 1.426e+03 1.367e+03 1.310e+03 1.256e+03 1.203e+03 1.151e+03 1.095e+03 1.047e+03 1.001e+03 1.000e+03 1.000e+03 1.000e+03 1.000e+03 1.000e+03 1.000e+03 1.000e+03 1.000e+03 1.000e+03 1.000e+03 1.000e+03
69991.15 4.126e+03 4.006e+03 3.888e+03 3.770e+03 3.654e+03 3.542e+03 3.432e+03 3.323e+03 3.218e+03 3.115e+03 3.012e+03 2.913e+03 2.816e+03 2.721e+03 2.628e+03 2.538e+03 2.449e+03 2.362e+03 2.277e+03 2.196e+03 2.116e+03 2.038e+03 1.961e+03 1.887e+03 1.814e+03 1.746e+03 1.678e+03 1.612e+03 1.547e+03 1.485e+03 1.424e+03 1.366e+03 1.309e+03 1.254e+03 1.201e+03 1.150e+03 1.094e+03 1.046e+03 1.000e+03 1.000e+03 1.000e+03 1.000e+03 1.000e+03 1.000e+03 1.000e+03 1.000e+03 1.000e+03 1.000e+03 1.000e+03 1.000e+03
69999.53 4.124e+03 4.005e+03 3.887e+03 3.769e+03 3.653e+03 3.540e+03 3.431e+03 3.322e+03 3.217e+03 3.114e+03 3.011e+03 2.912e+03 2.816e+03 2.720e+03 2.628e+03 2.537e+03 2.449e+03 2.361e+03 2.277e+03 2.195e+03 2.115e+03 2.037e+03 1.960e+03 1.887e+03 1.814e+03 1.746e+03 1.677e+03 1.611e+03 1.547e+03 1.485e+03 1.424e+03 1.366e+03 1.308e+03 1.254e+03 1.201e+03 1.150e+03 1.093e+03 1.046e+03 1.000e+03 1.000e+03 1.000e+03 1.000e+03 1.000e+03 1.000e+03 1.000e+03 1.000e+03 1.000e+03 1.000e+03 1.000e+03 1.000e+03
