#Magnitudes for spectra_ddc25_supernu calculated by wsynphot
#with vega calibration file: https://archive.stsci.edu/hlsps/reference-atlases/cdbs/calspec/alpha_lyr_stis_003.fits 
#and with scipy 1D interpolation kind='cubic'.
#U,B,V,R,I are Generic Bessell filters and J, H, K are 2MASS filters, taken from http://svo2.cab.inta-csic.es/theory/fps/index.php 
#The spectra file used was last modified at: 2022-05-09 14:12:04 UTC
#and had md5 hash: f3154ca2a93721160b9460b358d879f0
#
#NTIMES: 186
#NBANDS: 8
#time[d] U B V R I J H K
1.313500e+00 -5.508484 -7.360717 -9.444761 -10.795310 -12.035813 -13.803449 -14.578819 -15.100234
1.340900e+00 -5.457607 -7.181737 -9.258871 -10.671495 -11.957923 -13.728140 -14.538934 -15.069848
1.368800e+00 -5.244980 -6.907049 -9.035193 -10.515408 -11.803710 -13.674188 -14.484281 -15.059177
1.397300e+00 -4.986554 -6.398428 -8.804114 -10.356952 -11.673240 -13.538618 -14.413314 -14.982185
1.426300e+00 -3.823111 -6.206099 -8.575017 -10.106371 -11.486388 -13.394676 -14.290825 -14.897806
1.456000e+00 -3.972295 -5.616392 -8.151211 -9.826859 -11.234845 -13.214950 -14.157751 -14.718258
1.486300e+00 -3.811689 -5.044104 -7.554375 -9.452483 -10.914539 -12.964414 -13.926267 -14.519565
1.517300e+00 -2.047822 -4.460772 -7.192632 -9.057818 -10.441482 -12.606620 -13.582250 -14.184847
1.548800e+00 -2.900799 -3.597623 -6.114815 -8.393510 -9.898695 -12.129561 -13.071259 -13.649392
1.581100e+00 -0.626275 -2.928643 -5.258109 -7.491225 -9.112671 -11.283494 -12.106828 -12.467611
1.614000e+00 -1.567087 -2.164593 -4.944720 -7.310512 -8.810514 -10.904192 -11.604473 -12.000441
1.647600e+00 0.711170 -1.284973 -4.382981 -7.072496 -8.612234 -10.835226 -11.520330 -11.929794
1.681900e+00 1.364232 -1.766159 -4.115504 -6.998601 -8.510860 -10.747942 -11.483161 -11.915843
1.716900e+00 1.852055 -1.544278 -3.814806 -6.991567 -8.476245 -10.683571 -11.453813 -11.881384
1.752600e+00 2.545284 0.115132 -3.744550 -6.964781 -8.443229 -10.670458 -11.430761 -11.894412
1.789100e+00 2.891041 0.362227 -3.648088 -6.945082 -8.447382 -10.733424 -11.475775 -11.894084
1.826300e+00 3.162228 0.649120 -3.606093 -6.933170 -8.423945 -10.728953 -11.461950 -11.901346
1.864300e+00 3.093136 0.783016 -3.536162 -6.903601 -8.428721 -10.714491 -11.475073 -11.901827
1.903100e+00 3.222045 0.403339 -3.552737 -6.946721 -8.400478 -10.739415 -11.471540 -11.928397
1.942700e+00 3.198850 0.921178 -3.680147 -7.158972 -8.607299 -10.801181 -11.544850 -11.950062
1.983100e+00 3.167021 0.812904 -3.730993 -7.290418 -8.692107 -10.819503 -11.605899 -12.031276
2.024400e+00 3.415515 1.000301 -3.752345 -7.234136 -8.646664 -10.953117 -11.688335 -12.152704
2.066500e+00 3.365198 0.907209 -3.896168 -7.413638 -8.721902 -11.060718 -11.810720 -12.198210
2.109600e+00 3.339485 0.595562 -4.110387 -7.568059 -8.891500 -11.189892 -11.979676 -12.340265
2.153500e+00 2.773671 0.451189 -4.256143 -7.702668 -9.058964 -11.322411 -12.079588 -12.431207
2.198300e+00 2.636148 -0.533199 -4.426494 -7.851402 -9.254423 -11.370548 -12.232553 -12.581551
2.244000e+00 2.180225 -0.348289 -4.466885 -7.976652 -9.376404 -11.545183 -12.322871 -12.616065
2.290700e+00 2.244107 -1.227851 -4.755689 -8.046996 -9.384621 -11.658916 -12.468723 -12.670283
2.338400e+00 1.244237 -0.310181 -4.727990 -8.135104 -9.552677 -11.766953 -12.484491 -12.740142
2.387100e+00 1.309141 -0.172711 -4.692628 -8.151627 -9.646421 -11.884204 -12.595230 -12.861855
2.436800e+00 1.517844 -0.769960 -4.810002 -8.188806 -9.747704 -11.997382 -12.663991 -12.918108
2.487500e+00 -3.764682 -0.845858 -4.945321 -8.424131 -9.840998 -12.101666 -12.760332 -12.988805
2.539200e+00 1.107924 -1.015606 -5.354179 -8.611975 -9.967856 -12.278468 -12.815540 -13.210242
2.592100e+00 0.935528 -3.493729 -5.376319 -8.630816 -10.107983 -12.318771 -12.958227 -13.221391
2.646000e+00 0.337584 -2.792004 -5.671804 -8.864319 -10.187229 -12.404682 -13.032275 -13.314078
2.701100e+00 0.398614 -1.746200 -5.605707 -8.877420 -10.326807 -12.488288 -13.059992 -13.407976
2.757300e+00 0.352169 -2.243003 -5.968548 -9.115911 -10.458027 -12.602514 -13.238825 -13.470092
2.814700e+00 -0.185378 -2.528234 -6.176206 -9.184959 -10.588574 -12.724231 -13.325027 -13.478524
2.873300e+00 -0.624863 -2.690910 -6.341596 -9.411899 -10.785748 -12.784908 -13.416343 -13.651607
2.933100e+00 0.063713 -2.518945 -6.461451 -9.637022 -10.918238 -12.842761 -13.454798 -13.730037
2.994100e+00 -1.210301 -2.943338 -6.591326 -9.770282 -11.011686 -12.966350 -13.619306 -13.760164
3.056400e+00 -0.636003 -3.535214 -7.199742 -9.912411 -11.146523 -13.043834 -13.651551 -13.890292
3.120000e+00 -0.013945 -3.327777 -7.123986 -10.060851 -11.309024 -13.134061 -13.794253 -14.037446
3.185000e+00 0.623912 -3.593184 -7.558450 -10.296796 -11.434033 -13.235022 -13.865840 -14.197947
3.251300e+00 -0.706909 -3.894079 -7.480598 -10.476009 -11.582998 -13.401643 -13.884803 -14.235459
3.318900e+00 -0.263965 -3.885241 -7.813479 -10.683776 -11.698605 -13.489864 -14.034967 -14.343046
3.388000e+00 -0.732280 -4.340361 -8.030168 -10.844829 -11.859078 -13.571018 -14.087500 -14.394149
3.458500e+00 -1.810039 -4.593754 -8.464634 -11.047380 -11.989683 -13.635500 -14.180445 -14.520088
3.530500e+00 -1.633792 -5.377935 -8.958679 -11.298603 -12.137343 -13.754584 -14.227894 -14.531050
3.604000e+00 -0.838570 -5.023855 -9.042523 -11.506921 -12.324142 -13.887867 -14.311598 -14.688259
3.679000e+00 -1.057587 -5.571133 -9.431428 -11.766811 -12.538219 -13.933750 -14.398057 -14.754025
3.755500e+00 -1.816387 -5.818746 -9.648261 -11.968911 -12.671086 -14.047319 -14.539965 -14.822398
3.833700e+00 -3.322033 -5.936675 -10.040192 -12.201205 -12.836901 -14.120715 -14.627602 -14.821909
3.913500e+00 -3.329353 -6.314147 -10.118913 -12.353593 -12.993027 -14.240639 -14.646550 -14.913651
3.994900e+00 -6.622723 -6.493908 -10.425948 -12.599473 -13.157634 -14.351863 -14.719685 -15.007929
4.078100e+00 -4.054918 -7.136525 -10.784106 -12.807380 -13.289800 -14.406005 -14.794210 -15.110701
4.162900e+00 -4.424129 -7.383455 -11.000268 -12.959187 -13.438556 -14.513557 -14.882864 -15.135417
4.249600e+00 -5.389919 -7.752133 -11.251585 -13.120356 -13.540638 -14.624228 -14.939991 -15.221751
4.338000e+00 -5.087507 -8.061112 -11.358087 -13.259653 -13.706913 -14.649359 -15.044147 -15.315833
4.428300e+00 -4.963134 -8.747383 -11.663002 -13.439475 -13.808604 -14.743847 -15.152549 -15.330112
4.520500e+00 -5.613434 -8.795319 -11.866658 -13.609007 -13.944268 -14.830408 -15.171203 -15.428880
4.614500e+00 -6.037242 -9.051353 -12.027534 -13.739098 -14.058986 -14.907765 -15.232641 -15.524497
4.710600e+00 -5.732131 -9.579449 -12.256448 -13.903749 -14.190601 -15.006261 -15.350094 -15.555712
4.808600e+00 -6.434575 -9.928199 -12.473658 -14.046228 -14.324516 -15.085521 -15.409697 -15.613119
4.908700e+00 -6.470719 -10.298144 -12.626009 -14.179115 -14.434030 -15.156856 -15.456461 -15.664666
5.010900e+00 -6.915808 -10.455808 -12.824678 -14.317835 -14.534572 -15.256808 -15.551190 -15.696838
5.115100e+00 -7.796649 -10.658938 -13.028536 -14.451261 -14.630820 -15.313934 -15.622831 -15.787039
5.221600e+00 -7.519014 -11.037839 -13.162711 -14.570562 -14.760277 -15.409386 -15.691558 -15.819489
5.330300e+00 -7.949758 -11.187375 -13.312505 -14.693478 -14.867090 -15.489232 -15.741713 -15.916061
5.441200e+00 -8.206860 -11.492046 -13.475774 -14.814288 -14.958758 -15.543859 -15.848433 -15.981180
5.554400e+00 -8.420217 -11.717127 -13.634464 -14.918717 -15.050595 -15.640492 -15.888526 -16.018728
5.670000e+00 -8.854335 -11.939493 -13.793008 -15.037240 -15.147334 -15.707693 -15.951136 -16.085951
5.788000e+00 -8.962385 -12.104218 -13.923776 -15.120078 -15.222086 -15.780629 -16.022172 -16.114635
5.908500e+00 -9.090857 -12.307295 -14.051534 -15.220789 -15.315107 -15.856357 -16.056654 -16.168085
6.031500e+00 -9.518911 -12.491052 -14.195547 -15.312234 -15.380386 -15.928654 -16.123440 -16.239672
6.157000e+00 -9.673404 -12.639967 -14.315155 -15.394958 -15.472091 -15.995268 -16.188719 -16.285075
6.285100e+00 -9.816506 -12.774034 -14.434831 -15.465820 -15.553192 -16.045883 -16.222320 -16.327355
6.415900e+00 -9.974971 -12.892202 -14.550215 -15.538081 -15.608617 -16.101710 -16.273508 -16.371646
6.549500e+00 -10.168375 -12.999743 -14.656466 -15.621214 -15.676159 -16.174755 -16.312614 -16.415722
6.685800e+00 -10.343090 -13.084946 -14.757829 -15.688119 -15.741584 -16.223233 -16.381820 -16.466801
6.824900e+00 -10.491693 -13.209809 -14.860197 -15.755147 -15.793675 -16.280914 -16.428766 -16.527334
6.967000e+00 -10.587072 -13.283503 -14.946756 -15.818682 -15.851690 -16.344846 -16.481209 -16.552967
7.112000e+00 -10.777372 -13.367744 -15.028796 -15.882047 -15.917412 -16.381632 -16.535485 -16.602157
7.260000e+00 -10.913308 -13.449896 -15.109182 -15.931094 -15.972247 -16.435225 -16.582654 -16.641953
7.411100e+00 -10.997534 -13.505331 -15.186313 -15.988796 -16.023846 -16.479961 -16.618323 -16.703399
7.565300e+00 -11.120424 -13.562963 -15.249229 -16.044413 -16.074092 -16.531867 -16.688150 -16.737451
7.722800e+00 -11.178611 -13.607997 -15.309257 -16.096000 -16.127271 -16.577411 -16.723959 -16.796141
7.883500e+00 -11.251111 -13.668347 -15.383456 -16.144016 -16.173560 -16.639454 -16.770169 -16.826394
8.047600e+00 -11.310356 -13.705857 -15.439021 -16.191436 -16.219516 -16.681272 -16.810053 -16.874766
8.215000e+00 -11.358485 -13.762327 -15.492312 -16.235506 -16.275744 -16.719189 -16.847261 -16.920821
8.386000e+00 -11.424914 -13.799523 -15.551841 -16.286434 -16.321861 -16.763591 -16.906841 -16.954826
8.560500e+00 -11.481878 -13.834902 -15.599369 -16.331144 -16.367526 -16.818196 -16.944726 -16.995129
8.738700e+00 -11.529191 -13.876417 -15.649928 -16.371601 -16.411416 -16.862745 -16.984156 -17.050539
8.920600e+00 -11.568122 -13.904012 -15.694922 -16.410440 -16.458663 -16.905705 -17.035254 -17.078560
9.106200e+00 -11.597164 -13.932885 -15.743985 -16.450612 -16.503239 -16.951775 -17.089170 -17.142739
9.295700e+00 -11.671424 -13.968786 -15.790660 -16.496087 -16.546844 -16.993101 -17.127725 -17.186408
9.489200e+00 -11.691461 -13.997081 -15.831956 -16.534442 -16.592520 -17.033623 -17.162847 -17.234575
9.686700e+00 -11.730385 -14.031585 -15.880090 -16.576080 -16.636572 -17.073085 -17.214785 -17.262631
9.888300e+00 -11.753488 -14.062279 -15.924515 -16.620394 -16.685368 -17.117925 -17.259674 -17.328521
1.009410e+01 -11.826891 -14.099165 -15.975404 -16.664687 -16.731112 -17.163384 -17.303456 -17.366160
1.030420e+01 -11.866504 -14.139627 -16.022765 -16.709674 -16.782828 -17.210056 -17.353770 -17.413620
1.051860e+01 -11.922854 -14.167602 -16.072223 -16.753023 -16.827495 -17.246600 -17.399377 -17.469180
1.073750e+01 -11.997277 -14.217169 -16.124328 -16.803254 -16.879172 -17.299903 -17.437971 -17.515798
1.096100e+01 -12.019192 -14.256441 -16.180867 -16.849747 -16.924985 -17.349404 -17.489001 -17.551898
1.118910e+01 -12.083770 -14.300151 -16.241142 -16.901385 -16.977917 -17.397360 -17.523856 -17.598728
1.142200e+01 -12.157842 -14.356340 -16.293787 -16.954889 -17.034291 -17.448590 -17.585418 -17.650232
1.165970e+01 -12.248500 -14.414014 -16.356562 -17.007448 -17.089027 -17.491619 -17.631691 -17.711152
1.190230e+01 -12.333224 -14.468770 -16.418287 -17.063934 -17.146318 -17.540882 -17.686743 -17.757341
1.215010e+01 -12.423554 -14.531442 -16.486887 -17.120778 -17.202899 -17.592299 -17.737256 -17.798835
1.240290e+01 -12.514872 -14.598110 -16.552772 -17.177202 -17.261910 -17.651885 -17.793515 -17.840671
1.266110e+01 -12.595368 -14.664651 -16.616126 -17.235993 -17.320724 -17.692674 -17.825105 -17.903786
1.292460e+01 -12.684924 -14.733376 -16.683993 -17.294944 -17.379112 -17.738249 -17.884004 -17.958584
1.319350e+01 -12.818180 -14.810480 -16.750359 -17.352110 -17.433217 -17.791402 -17.927318 -18.005877
1.346810e+01 -12.884854 -14.881553 -16.816797 -17.410806 -17.494119 -17.837710 -17.978852 -18.048379
1.374840e+01 -13.028501 -14.964616 -16.880059 -17.467283 -17.554403 -17.887753 -18.020737 -18.098253
1.403460e+01 -13.114516 -15.032544 -16.950269 -17.528080 -17.613384 -17.929694 -18.068931 -18.151063
1.432660e+01 -13.232287 -15.111837 -17.009085 -17.578876 -17.670900 -17.974733 -18.108705 -18.186154
1.462480e+01 -13.323514 -15.192649 -17.073473 -17.632174 -17.724599 -18.019842 -18.151929 -18.233408
1.492920e+01 -13.433112 -15.268104 -17.135865 -17.686002 -17.780612 -18.059112 -18.193103 -18.280268
1.523990e+01 -13.527122 -15.338955 -17.196816 -17.733042 -17.828840 -18.096806 -18.224783 -18.310897
1.555700e+01 -13.617837 -15.415857 -17.251007 -17.779986 -17.878268 -18.128449 -18.256825 -18.339731
1.588080e+01 -13.700559 -15.483885 -17.303109 -17.822777 -17.924097 -18.165099 -18.296505 -18.369773
1.621130e+01 -13.782556 -15.543012 -17.353541 -17.865427 -17.968623 -18.186186 -18.330492 -18.397197
1.654870e+01 -13.839351 -15.600835 -17.401060 -17.903609 -18.008859 -18.228010 -18.360723 -18.441916
1.689310e+01 -13.914016 -15.650407 -17.443340 -17.940670 -18.053681 -18.248756 -18.382420 -18.453474
1.724470e+01 -13.959577 -15.705132 -17.483862 -17.974234 -18.089911 -18.270692 -18.406386 -18.491256
1.760360e+01 -14.020487 -15.750593 -17.520995 -18.006259 -18.121885 -18.297990 -18.429486 -18.518240
1.797000e+01 -14.047231 -15.784261 -17.555260 -18.030950 -18.152499 -18.312469 -18.448987 -18.532402
1.834400e+01 -14.083570 -15.813970 -17.585037 -18.056663 -18.182502 -18.336670 -18.466385 -18.549356
1.872570e+01 -14.111388 -15.844660 -17.608575 -18.078924 -18.205263 -18.348184 -18.477238 -18.565074
1.911550e+01 -14.125697 -15.858120 -17.632400 -18.097585 -18.229149 -18.357118 -18.498303 -18.584269
1.951330e+01 -14.115415 -15.869361 -17.652784 -18.114512 -18.248406 -18.378339 -18.513105 -18.596312
1.991940e+01 -14.112345 -15.878819 -17.664574 -18.126233 -18.262401 -18.377219 -18.523763 -18.609259
2.033400e+01 -14.100554 -15.874321 -17.673916 -18.136314 -18.279094 -18.385937 -18.534912 -18.618206
2.075710e+01 -14.080663 -15.867725 -17.681903 -18.145293 -18.287199 -18.390245 -18.536892 -18.627788
2.118910e+01 -14.059270 -15.861231 -17.684994 -18.148500 -18.299827 -18.396122 -18.549595 -18.619816
2.163010e+01 -14.005863 -15.839770 -17.687104 -18.150969 -18.305346 -18.389804 -18.552176 -18.633378
2.208030e+01 -13.965048 -15.818624 -17.685410 -18.153114 -18.309206 -18.393764 -18.556546 -18.631692
2.253980e+01 -13.903769 -15.787715 -17.676076 -18.146804 -18.304123 -18.386647 -18.559568 -18.627629
2.300890e+01 -13.821773 -15.757975 -17.662578 -18.140294 -18.302037 -18.384915 -18.561968 -18.613964
2.348780e+01 -13.743107 -15.713956 -17.644869 -18.129835 -18.298180 -18.375097 -18.559258 -18.622148
2.397660e+01 -13.634446 -15.663824 -17.621200 -18.115070 -18.286508 -18.373408 -18.558735 -18.609337
2.447560e+01 -13.557507 -15.607715 -17.594652 -18.096979 -18.276085 -18.361985 -18.553139 -18.599777
2.498500e+01 -13.420082 -15.550168 -17.564307 -18.076696 -18.262643 -18.354722 -18.545669 -18.582052
2.550500e+01 -13.287358 -15.484937 -17.532551 -18.053261 -18.243460 -18.335109 -18.541707 -18.582785
2.603580e+01 -13.148837 -15.404217 -17.495475 -18.027927 -18.226802 -18.328951 -18.533961 -18.569310
2.657760e+01 -12.976185 -15.328173 -17.451588 -17.999117 -18.201574 -18.314895 -18.531533 -18.564045
2.713080e+01 -12.809465 -15.244128 -17.403798 -17.965729 -18.179687 -18.299221 -18.518291 -18.540881
2.769540e+01 -12.637469 -15.157122 -17.351019 -17.936502 -18.155870 -18.281540 -18.500913 -18.530727
2.827180e+01 -12.457243 -15.063236 -17.294163 -17.893037 -18.126643 -18.264236 -18.495017 -18.516469
2.886020e+01 -12.232571 -14.968574 -17.230330 -17.857862 -18.097402 -18.246721 -18.483508 -18.489174
2.946080e+01 -12.077406 -14.860301 -17.162641 -17.814321 -18.068502 -18.227340 -18.466214 -18.482376
3.007400e+01 -11.904872 -14.748949 -17.086008 -17.765644 -18.031132 -18.211516 -18.454617 -18.446349
3.069990e+01 -11.730907 -14.648091 -17.004883 -17.715827 -17.996878 -18.189195 -18.429480 -18.421137
3.133880e+01 -11.655602 -14.528180 -16.916845 -17.666104 -17.960201 -18.170785 -18.411740 -18.405639
3.199100e+01 -11.478120 -14.411745 -16.828455 -17.608770 -17.918968 -18.155209 -18.393213 -18.389236
3.265680e+01 -11.387019 -14.296970 -16.733410 -17.548018 -17.871705 -18.141879 -18.361595 -18.351451
3.333650e+01 -11.254478 -14.163334 -16.632579 -17.480422 -17.815402 -18.125664 -18.332451 -18.318386
3.403020e+01 -11.153504 -14.043769 -16.534930 -17.408111 -17.757398 -18.102020 -18.302754 -18.295823
3.473850e+01 -11.032519 -13.914688 -16.434242 -17.335079 -17.695638 -18.083759 -18.269607 -18.260420
3.546150e+01 -10.909388 -13.789183 -16.338009 -17.258087 -17.631896 -18.065158 -18.237421 -18.221511
3.619950e+01 -10.812640 -13.668005 -16.240997 -17.183594 -17.574449 -18.045903 -18.205092 -18.199906
3.695290e+01 -10.745468 -13.560245 -16.147622 -17.110164 -17.517805 -18.025553 -18.187641 -18.169739
3.772190e+01 -10.650782 -13.460392 -16.051417 -17.042421 -17.468606 -18.007581 -18.152775 -18.144618
3.850700e+01 -10.536174 -13.360924 -15.968958 -16.975771 -17.426557 -17.984657 -18.130746 -18.127091
3.930840e+01 -10.426145 -13.258026 -15.888202 -16.913561 -17.384077 -17.966654 -18.110262 -18.105681
4.012650e+01 -10.347857 -13.170092 -15.817589 -16.855670 -17.349821 -17.941704 -18.076261 -18.062279
4.096160e+01 -10.268219 -13.093411 -15.749215 -16.806966 -17.314770 -17.914910 -18.053716 -18.043796
4.181410e+01 -10.227357 -13.012753 -15.684272 -16.754333 -17.285707 -17.887843 -18.031326 -18.006185
4.268430e+01 -10.221453 -12.953037 -15.634245 -16.710411 -17.256897 -17.864849 -18.005350 -17.986834
4.357260e+01 -10.068953 -12.877415 -15.578098 -16.664252 -17.229562 -17.835518 -17.969615 -17.938156
4.447950e+01 -10.112552 -12.815912 -15.524768 -16.621932 -17.200982 -17.787923 -17.940179 -17.908203
4.540520e+01 -9.998144 -12.751269 -15.475320 -16.577059 -17.173000 -17.756152 -17.902398 -17.863412
4.635010e+01 -9.939856 -12.692072 -15.429421 -16.536973 -17.148360 -17.709478 -17.858198 -17.821118
4.731480e+01 -9.943636 -12.625135 -15.372896 -16.489626 -17.115741 -17.664914 -17.815753 -17.775255
4.829950e+01 -9.857745 -12.557618 -15.322056 -16.446929 -17.089718 -17.620740 -17.764646 -17.726715
4.930470e+01 -9.873779 -12.474190 -15.277796 -16.402480 -17.057828 -17.580640 -17.704425 -17.671581
5.033080e+01 -9.850280 -12.402389 -15.222593 -16.361797 -17.030263 -17.545778 -17.647403 -17.630770
5.137830e+01 -9.757264 -12.336727 -15.170316 -16.317047 -17.003127 -17.521204 -17.589554 -17.579539
5.244760e+01 -9.712531 -12.260572 -15.120458 -16.278738 -16.975037 -17.496890 -17.523908 -17.542860
5.353910e+01 -9.690034 -12.177834 -15.070349 -16.235096 -16.945207 -17.460257 -17.466767 -17.507245
5.465340e+01 -9.613341 -12.108058 -15.015701 -16.201512 -16.923300 -17.434362 -17.398358 -17.457429
5.579080e+01 -9.569370 -12.035102 -14.972131 -16.157907 -16.897796 -17.410850 -17.338806 -17.406366
5.695190e+01 -9.523874 -11.949536 -14.920984 -16.123111 -16.868399 -17.385981 -17.253150 -17.361079
5.813720e+01 -9.536739 -11.863748 -14.873442 -16.082705 -16.842124 -17.359146 -17.190493 -17.310372
5.934720e+01 -9.500589 -11.771240 -14.820259 -16.043819 -16.811779 -17.333659 -17.107405 -17.267184
