#Magnitudes for spectra_ddc25_artis calculated by wsynphot
#with vega calibration file: https://archive.stsci.edu/hlsps/reference-atlases/cdbs/calspec/alpha_lyr_stis_003.fits 
#and with scipy 1D interpolation kind='cubic'.
#U,B,V,R,I are Generic Bessell filters and J, H, K are 2MASS filters, taken from http://svo2.cab.inta-csic.es/theory/fps/index.php 
#
#NTIMES: 145
#NBANDS: 8
#time[d] U B V R I J H K
4.140000e+00 -14.372294 -15.441354 -16.394228 -16.651359 -16.510562 -16.762221 -16.775529 -16.840702
4.220000e+00 -14.344895 -15.477096 -16.444962 -16.712256 -16.627506 -16.848201 -16.719379 -16.678934
4.310000e+00 -14.472052 -15.581974 -16.482841 -16.781573 -16.593178 -16.858330 -16.937085 -16.879854
4.400000e+00 -14.499318 -15.607188 -16.520665 -16.828368 -16.629068 -16.857702 -16.840858 -16.854532
4.490000e+00 -14.739934 -15.677043 -16.565807 -16.878023 -16.653579 -17.021272 -16.837364 -16.787792
4.580000e+00 -14.797084 -15.730630 -16.705399 -16.934777 -16.834874 -17.010420 -17.019185 -16.938159
4.680000e+00 -14.765688 -15.803882 -16.728134 -17.004906 -16.800231 -17.008770 -16.956432 -17.055957
4.770000e+00 -14.762051 -15.862412 -16.699176 -17.034135 -16.859207 -17.227487 -17.059050 -16.964177
4.870000e+00 -14.891197 -15.909150 -16.807425 -17.075453 -16.987569 -17.136267 -17.091880 -16.943898
4.970000e+00 -14.866642 -15.996244 -16.870247 -17.146550 -17.018733 -17.240509 -17.069802 -17.335319
5.080000e+00 -15.102624 -16.093965 -16.961487 -17.213852 -17.036866 -17.279505 -17.243744 -17.102302
5.180000e+00 -15.190185 -16.125553 -16.952238 -17.262711 -17.137640 -17.268387 -17.126265 -17.264787
5.290000e+00 -15.211023 -16.183927 -17.056780 -17.343143 -17.184215 -17.314274 -17.298532 -17.219196
5.400000e+00 -15.264113 -16.233956 -17.117340 -17.382866 -17.164533 -17.378244 -17.335030 -17.311081
5.510000e+00 -15.446720 -16.326479 -17.132237 -17.450517 -17.311343 -17.400751 -17.305292 -17.223270
5.620000e+00 -15.478612 -16.360753 -17.165938 -17.482395 -17.380330 -17.501307 -17.414960 -17.156692
5.740000e+00 -15.566373 -16.468927 -17.234535 -17.530096 -17.396259 -17.540456 -17.308060 -17.568944
5.860000e+00 -15.716653 -16.589644 -17.313057 -17.618132 -17.447045 -17.582781 -17.454637 -17.498330
5.980000e+00 -15.666021 -16.594457 -17.357593 -17.660322 -17.519708 -17.584595 -17.643266 -17.462277
6.100000e+00 -15.825329 -16.673046 -17.393795 -17.721737 -17.521411 -17.657790 -17.480969 -17.611495
6.230000e+00 -15.857042 -16.742946 -17.455087 -17.780764 -17.628672 -17.691021 -17.584451 -17.479644
6.360000e+00 -15.931880 -16.776725 -17.539032 -17.811489 -17.678178 -17.679928 -17.710731 -17.708022
6.490000e+00 -16.027424 -16.865716 -17.552942 -17.872735 -17.730467 -17.763516 -17.732367 -17.573557
6.620000e+00 -16.158518 -16.909090 -17.610821 -17.908555 -17.789243 -17.825660 -17.745701 -17.689685
6.760000e+00 -16.173819 -16.989525 -17.672042 -17.994183 -17.846427 -17.777586 -17.739666 -17.570811
6.900000e+00 -16.273990 -17.066666 -17.707965 -18.042635 -17.927724 -17.902311 -17.760505 -17.685294
7.040000e+00 -16.340253 -17.118952 -17.751800 -18.086902 -17.972810 -17.907838 -17.733402 -17.791297
7.190000e+00 -16.382827 -17.194047 -17.822690 -18.117727 -18.068401 -17.993807 -17.826714 -17.833559
7.340000e+00 -16.499421 -17.229904 -17.867496 -18.186220 -18.117297 -17.997399 -17.848088 -17.888544
7.490000e+00 -16.605693 -17.318147 -17.919938 -18.206343 -18.150492 -18.047169 -17.924842 -17.961801
7.650000e+00 -16.602119 -17.375073 -17.956105 -18.271837 -18.219403 -18.062170 -17.895106 -17.874894
7.800000e+00 -16.686275 -17.433902 -18.006026 -18.323634 -18.269753 -18.091636 -17.957479 -17.935825
7.960000e+00 -16.745993 -17.499489 -18.056483 -18.357925 -18.313896 -18.119089 -18.022164 -17.937418
8.130000e+00 -16.844121 -17.561931 -18.096037 -18.404109 -18.376138 -18.170279 -17.918578 -17.923877
8.300000e+00 -16.889575 -17.607559 -18.157863 -18.461924 -18.406665 -18.094311 -17.938526 -17.919417
8.470000e+00 -16.962383 -17.665193 -18.180520 -18.483000 -18.458077 -18.228540 -18.100244 -17.972251
8.640000e+00 -17.034209 -17.731316 -18.249584 -18.545185 -18.520195 -18.190543 -18.032168 -18.011727
8.820000e+00 -17.122810 -17.794099 -18.294954 -18.582354 -18.554316 -18.191347 -18.050612 -18.054459
9.010000e+00 -17.180234 -17.858043 -18.353149 -18.629480 -18.608022 -18.237593 -18.032601 -18.016439
9.190000e+00 -17.269930 -17.922183 -18.396662 -18.682528 -18.661642 -18.259304 -18.037772 -18.024714
9.380000e+00 -17.336423 -17.964344 -18.426161 -18.712336 -18.724126 -18.261062 -18.071124 -18.066201
9.580000e+00 -17.397357 -18.016056 -18.469745 -18.742854 -18.728786 -18.356207 -18.142594 -18.108615
9.770000e+00 -17.442142 -18.069054 -18.527898 -18.799484 -18.779529 -18.308672 -18.094868 -18.040054
9.980000e+00 -17.516838 -18.131899 -18.572276 -18.826728 -18.821929 -18.337789 -18.096033 -18.065456
1.018000e+01 -17.534159 -18.160487 -18.611098 -18.867214 -18.839304 -18.363024 -18.083555 -18.049366
1.039000e+01 -17.621061 -18.227957 -18.651202 -18.894659 -18.872823 -18.328167 -18.099068 -18.094856
1.061000e+01 -17.661553 -18.265954 -18.687911 -18.922791 -18.916333 -18.388322 -18.085008 -18.069133
1.083000e+01 -17.696640 -18.314108 -18.732999 -18.965625 -18.945175 -18.350904 -18.063880 -18.048922
1.105000e+01 -17.768429 -18.354007 -18.782455 -19.006993 -18.957316 -18.339124 -18.076131 -18.162412
1.128000e+01 -17.824312 -18.403647 -18.814806 -19.025165 -18.999649 -18.337811 -18.063631 -18.083915
1.151000e+01 -17.877657 -18.441085 -18.851990 -19.045480 -19.021861 -18.372606 -18.076215 -18.018986
1.175000e+01 -17.941036 -18.493208 -18.892374 -19.083735 -19.035877 -18.364321 -18.055862 -18.061818
1.199000e+01 -17.957448 -18.520270 -18.928402 -19.114607 -19.070579 -18.377566 -18.057917 -18.011586
1.224000e+01 -18.011290 -18.557934 -18.968548 -19.145679 -19.083953 -18.363582 -18.066135 -18.051014
1.250000e+01 -18.030716 -18.602867 -18.991198 -19.164265 -19.114978 -18.351819 -18.036714 -18.030077
1.275000e+01 -18.084745 -18.644433 -19.028199 -19.187408 -19.117035 -18.371548 -18.006996 -17.975101
1.302000e+01 -18.123051 -18.674192 -19.079235 -19.219345 -19.145744 -18.342925 -18.036535 -18.015635
1.329000e+01 -18.169565 -18.719278 -19.106813 -19.238792 -19.149943 -18.340285 -17.995362 -18.006641
1.356000e+01 -18.225944 -18.750444 -19.135180 -19.267232 -19.172266 -18.329659 -17.996864 -17.951731
1.384000e+01 -18.242716 -18.769686 -19.166382 -19.286770 -19.179328 -18.250061 -17.978642 -17.988765
1.413000e+01 -18.242721 -18.800966 -19.192195 -19.309949 -19.192424 -18.278323 -17.913634 -17.948609
1.442000e+01 -18.245209 -18.827493 -19.234999 -19.342648 -19.229286 -18.254408 -17.968540 -17.958456
1.472000e+01 -18.261851 -18.847567 -19.265152 -19.360677 -19.229055 -18.227588 -18.009288 -17.932983
1.502000e+01 -18.281325 -18.855181 -19.284437 -19.374396 -19.248157 -18.207930 -17.946932 -17.924043
1.534000e+01 -18.306436 -18.883559 -19.316140 -19.402674 -19.257113 -18.171746 -17.899542 -17.861851
1.565000e+01 -18.336285 -18.905387 -19.349628 -19.421496 -19.266370 -18.166926 -17.879999 -17.879748
1.598000e+01 -18.328325 -18.921566 -19.366346 -19.436824 -19.286226 -18.146362 -17.881511 -17.934015
1.631000e+01 -18.345103 -18.926984 -19.397022 -19.452856 -19.300752 -18.100788 -17.840156 -17.858850
1.664000e+01 -18.343755 -18.942358 -19.428069 -19.479128 -19.307569 -18.083922 -17.855418 -17.704022
1.699000e+01 -18.348362 -18.943731 -19.433883 -19.478557 -19.312764 -18.012096 -17.872729 -17.821298
1.734000e+01 -18.319546 -18.942089 -19.463828 -19.503404 -19.319984 -18.010548 -17.814246 -17.690975
1.770000e+01 -18.343727 -18.944402 -19.476520 -19.511642 -19.343520 -18.027895 -17.861740 -17.676598
1.806000e+01 -18.321988 -18.940694 -19.505326 -19.536612 -19.348269 -17.995522 -17.910244 -17.709659
1.844000e+01 -18.339377 -18.950829 -19.518601 -19.550224 -19.371045 -17.944388 -17.803595 -17.796980
1.882000e+01 -18.323369 -18.933614 -19.528280 -19.560534 -19.365781 -17.884156 -17.785812 -17.818356
1.921000e+01 -18.274531 -18.926351 -19.544156 -19.564670 -19.353028 -17.892582 -17.861823 -17.711451
1.961000e+01 -18.260058 -18.915808 -19.562613 -19.581457 -19.389202 -17.861213 -17.872716 -17.654785
2.001000e+01 -18.224926 -18.896106 -19.571272 -19.587725 -19.402708 -17.822386 -17.805841 -17.674036
2.042000e+01 -18.189751 -18.884434 -19.583655 -19.600008 -19.414632 -17.792732 -17.878452 -17.674372
2.085000e+01 -18.166701 -18.867929 -19.585785 -19.609495 -19.436669 -17.768317 -17.867791 -17.622845
2.128000e+01 -18.115134 -18.821513 -19.591341 -19.616009 -19.425431 -17.759561 -17.895557 -17.574958
2.172000e+01 -18.067426 -18.805765 -19.598918 -19.616721 -19.442796 -17.734511 -17.945749 -17.788780
2.217000e+01 -18.038891 -18.778045 -19.597869 -19.615080 -19.434428 -17.721877 -17.923680 -17.706479
2.263000e+01 -17.988058 -18.738541 -19.594890 -19.628049 -19.431431 -17.735823 -17.976103 -17.702472
2.309000e+01 -17.932367 -18.697426 -19.577570 -19.626746 -19.471732 -17.732692 -18.064825 -17.693112
2.357000e+01 -17.839610 -18.657139 -19.579298 -19.634125 -19.481786 -17.728045 -18.100442 -17.775004
2.406000e+01 -17.803894 -18.618684 -19.566930 -19.632595 -19.504068 -17.762367 -18.200471 -17.759876
2.456000e+01 -17.743653 -18.570451 -19.552165 -19.627194 -19.501820 -17.756973 -18.252861 -17.885535
2.506000e+01 -17.678234 -18.520477 -19.540981 -19.627097 -19.516194 -17.760848 -18.307944 -17.845132
2.558000e+01 -17.647988 -18.480663 -19.526644 -19.614495 -19.524038 -17.772529 -18.396672 -17.994767
2.611000e+01 -17.537471 -18.407134 -19.496083 -19.608021 -19.540295 -17.762864 -18.457160 -18.022980
2.665000e+01 -17.438789 -18.336692 -19.468602 -19.599149 -19.530602 -17.733134 -18.521982 -18.074406
2.720000e+01 -17.315567 -18.271855 -19.432123 -19.580456 -19.532089 -17.771412 -18.649257 -18.145198
2.777000e+01 -17.223345 -18.217542 -19.406298 -19.565680 -19.532116 -17.754378 -18.716462 -18.239600
2.834000e+01 -17.081658 -18.135302 -19.363137 -19.548015 -19.529200 -17.710373 -18.800843 -18.401441
2.893000e+01 -17.026762 -18.066632 -19.335745 -19.534315 -19.531851 -17.681598 -18.866000 -18.427537
2.952000e+01 -16.904974 -17.988863 -19.280938 -19.516964 -19.522516 -17.676226 -18.944399 -18.398193
3.014000e+01 -16.784295 -17.896541 -19.239740 -19.497311 -19.514148 -17.646670 -19.018750 -18.569103
3.076000e+01 -16.655903 -17.796963 -19.175883 -19.464167 -19.496033 -17.700761 -19.104358 -18.626110
3.139000e+01 -16.568384 -17.717340 -19.118341 -19.437095 -19.493869 -17.717788 -19.138480 -18.690538
3.204000e+01 -16.431172 -17.632268 -19.060774 -19.409313 -19.482726 -17.751900 -19.183066 -18.788519
3.271000e+01 -16.283893 -17.508429 -18.999264 -19.379372 -19.469936 -17.762098 -19.252807 -18.832561
3.338000e+01 -16.151572 -17.412959 -18.928646 -19.342201 -19.465583 -17.826159 -19.298704 -18.911558
3.407000e+01 -16.065241 -17.309102 -18.856160 -19.307787 -19.447694 -17.849960 -19.354881 -18.975144
3.478000e+01 -15.945823 -17.210778 -18.788894 -19.259350 -19.413056 -17.938824 -19.362937 -19.007430
3.550000e+01 -15.803537 -17.095223 -18.719880 -19.210081 -19.373372 -18.012002 -19.410722 -19.039420
3.623000e+01 -15.649790 -17.000205 -18.652684 -19.164627 -19.365007 -18.069876 -19.434427 -19.100519
3.698000e+01 -15.598591 -16.905232 -18.566444 -19.117349 -19.337965 -18.141887 -19.438028 -19.080618
3.775000e+01 -15.480626 -16.799287 -18.504843 -19.065380 -19.306741 -18.180350 -19.423250 -19.167395
3.853000e+01 -15.332506 -16.701645 -18.425531 -19.001885 -19.259601 -18.270002 -19.406873 -19.172805
3.932000e+01 -15.181483 -16.601881 -18.350075 -18.935935 -19.208976 -18.279237 -19.416932 -19.156075
4.014000e+01 -15.123521 -16.506722 -18.262912 -18.870359 -19.164097 -18.324779 -19.368007 -19.130166
4.097000e+01 -15.025156 -16.414943 -18.190997 -18.802873 -19.111918 -18.383459 -19.356448 -19.092836
4.181000e+01 -14.965967 -16.346446 -18.119103 -18.732611 -19.056833 -18.380846 -19.318677 -19.068634
4.268000e+01 -14.884546 -16.265495 -18.052920 -18.661116 -19.036392 -18.397037 -19.250380 -18.991065
4.356000e+01 -14.770863 -16.181342 -17.989385 -18.592040 -18.985748 -18.335496 -19.179777 -18.970075
4.446000e+01 -14.700451 -16.140358 -17.925806 -18.526794 -18.928782 -18.289112 -19.118298 -18.805578
4.538000e+01 -14.609685 -16.067192 -17.842196 -18.450503 -18.871770 -18.207941 -18.977839 -18.711899
4.632000e+01 -14.548045 -16.016519 -17.784597 -18.386805 -18.817035 -18.106534 -18.926112 -18.631486
4.728000e+01 -14.462615 -15.977760 -17.738399 -18.322416 -18.775228 -17.992267 -18.818541 -18.422882
4.826000e+01 -14.422332 -15.934272 -17.705293 -18.262662 -18.728775 -17.852574 -18.672633 -18.270422
4.926000e+01 -14.372587 -15.877943 -17.637713 -18.202393 -18.691952 -17.718935 -18.562159 -18.073552
5.027000e+01 -14.297955 -15.850666 -17.584267 -18.144879 -18.649500 -17.617539 -18.412560 -17.907692
5.131000e+01 -14.278408 -15.844534 -17.573367 -18.084244 -18.586214 -17.528107 -18.277758 -17.718483
5.238000e+01 -14.175583 -15.818924 -17.540931 -18.015529 -18.559241 -17.454642 -18.158471 -17.515388
5.346000e+01 -14.234114 -15.819256 -17.527820 -17.956884 -18.524233 -17.371718 -18.010003 -17.401199
5.456000e+01 -14.231431 -15.841977 -17.502508 -17.901253 -18.486873 -17.270922 -17.862033 -17.182713
5.569000e+01 -14.182875 -15.832876 -17.491660 -17.841507 -18.426962 -17.169559 -17.742610 -17.085927
5.684000e+01 -14.028242 -15.822780 -17.468381 -17.781387 -18.388142 -17.020025 -17.646000 -16.920483
5.802000e+01 -14.037844 -15.805401 -17.438864 -17.724128 -18.367292 -17.017455 -17.558914 -16.742934
5.922000e+01 -13.993545 -15.833377 -17.423622 -17.661813 -18.323963 -16.878172 -17.417515 -16.574877
6.045000e+01 -13.998985 -15.822530 -17.398138 -17.595114 -18.294384 -16.793622 -17.333787 -16.491068
6.170000e+01 -13.961356 -15.805333 -17.360119 -17.541049 -18.268846 -16.749649 -17.206793 -16.370640
6.297000e+01 -13.918729 -15.815754 -17.364486 -17.488259 -18.227338 -16.603151 -17.069319 -16.198096
6.427000e+01 -13.983027 -15.821443 -17.336793 -17.431712 -18.164929 -16.544941 -16.984278 -16.197316
6.560000e+01 -13.980800 -15.796388 -17.291030 -17.349546 -18.143290 -16.499189 -16.899799 -16.158662
6.696000e+01 -13.899147 -15.774065 -17.256656 -17.283024 -18.108390 -16.444217 -16.750769 -15.896297
6.835000e+01 -13.897295 -15.771521 -17.231786 -17.220941 -18.055592 -16.349554 -16.645676 -15.764515
6.976000e+01 -13.837075 -15.759538 -17.209741 -17.153244 -18.035932 -16.276148 -16.554125 -15.752066
7.120000e+01 -13.806621 -15.745778 -17.183321 -17.078219 -18.002707 -16.250226 -16.486517 -15.518223
7.267000e+01 -13.822379 -15.708838 -17.141265 -17.001798 -17.973506 -16.244291 -16.372327 -15.542939
7.418000e+01 -13.749512 -15.697199 -17.092698 -16.920105 -17.940153 -16.167332 -16.277230 -15.371893
7.571000e+01 -13.755359 -15.658432 -17.069639 -16.864624 -17.891795 -16.066513 -16.172206 -15.260998
7.728000e+01 -13.725869 -15.635312 -17.013405 -16.779907 -17.850644 -16.050919 -16.081490 -15.372170
7.888000e+01 -13.696455 -15.627709 -16.971573 -16.729116 -17.830744 -15.977808 -16.022873 -15.066223
