#NTIMES: 50
#NVEL 140
#TIMES[d]: 199.16 202.02 204.93 207.87 210.86 213.89 216.97 220.09 223.25 226.46 229.71 233.01 236.36 239.76 243.21 246.70 250.25 253.85 257.49 261.20 264.95 268.76 272.62 276.54 280.51 284.55 288.64 292.79 296.99 301.26 305.59 309.99 314.44 318.96 323.54 328.20 332.91 337.70 342.55 347.48 352.47 357.54 362.67 367.89 373.18 378.54 383.98 389.50 395.10 400.78
#vel_mid[km/s] ne_t0[/cm^3] ne_t1[/cm^3] … ne_tn[/cm^3]
1125.00 9.21e+06 8.83e+06 8.45e+06 8.10e+06 7.75e+06 7.41e+06 7.10e+06 6.79e+06 6.50e+06 6.22e+06 5.95e+06 5.69e+06 5.45e+06 5.22e+06 4.94e+06 4.76e+06 4.39e+06 4.25e+06 4.09e+06 3.87e+06 3.73e+06 3.58e+06 3.43e+06 3.24e+06 3.13e+06 3.00e+06 2.84e+06 2.73e+06 2.58e+06 2.49e+06 2.36e+06 2.28e+06 2.16e+06 2.08e+06 1.97e+06 1.90e+06 1.79e+06 1.73e+06 1.64e+06 1.58e+06 1.49e+06 1.44e+06 1.36e+06 1.31e+06 1.24e+06 1.19e+06 1.12e+06 1.08e+06 1.02e+06 9.72e+05
2375.00 6.32e+06 6.05e+06 5.80e+06 5.56e+06 5.32e+06 5.10e+06 4.88e+06 4.68e+06 4.48e+06 4.29e+06 4.10e+06 3.93e+06 3.76e+06 3.60e+06 3.45e+06 3.30e+06 3.08e+06 2.97e+06 2.84e+06 2.72e+06 2.61e+06 2.49e+06 2.39e+06 2.29e+06 2.19e+06 2.09e+06 2.00e+06 1.91e+06 1.83e+06 1.75e+06 1.67e+06 1.60e+06 1.53e+06 1.46e+06 1.40e+06 1.34e+06 1.28e+06 1.22e+06 1.16e+06 1.11e+06 1.06e+06 1.02e+06 9.70e+05 9.26e+05 8.84e+05 8.34e+05 8.02e+05 7.66e+05 7.31e+05 6.98e+05
3125.00 4.88e+06 4.68e+06 4.48e+06 4.29e+06 4.11e+06 3.94e+06 3.77e+06 3.61e+06 3.45e+06 3.31e+06 3.16e+06 3.03e+06 2.90e+06 2.78e+06 2.66e+06 2.54e+06 2.41e+06 2.30e+06 2.21e+06 2.11e+06 2.02e+06 1.93e+06 1.85e+06 1.77e+06 1.69e+06 1.62e+06 1.55e+06 1.48e+06 1.42e+06 1.36e+06 1.30e+06 1.24e+06 1.19e+06 1.13e+06 1.08e+06 1.04e+06 9.89e+05 9.45e+05 9.02e+05 8.62e+05 8.23e+05 7.86e+05 7.50e+05 7.16e+05 6.83e+05 6.52e+05 6.21e+05 5.93e+05 5.66e+05 5.39e+05
3625.00 3.82e+06 3.64e+06 3.49e+06 3.34e+06 3.18e+06 3.04e+06 2.91e+06 2.78e+06 2.66e+06 2.54e+06 2.43e+06 2.32e+06 2.22e+06 2.12e+06 2.03e+06 1.94e+06 1.85e+06 1.76e+06 1.68e+06 1.61e+06 1.54e+06 1.47e+06 1.41e+06 1.34e+06 1.28e+06 1.23e+06 1.17e+06 1.12e+06 1.07e+06 1.02e+06 9.73e+05 9.28e+05 8.86e+05 8.44e+05 8.05e+05 7.69e+05 7.33e+05 7.00e+05 6.68e+05 6.36e+05 6.05e+05 5.77e+05 5.50e+05 5.24e+05 4.99e+05 4.76e+05 4.53e+05 4.27e+05 4.08e+05 3.84e+05
4125.00 2.88e+06 2.74e+06 2.62e+06 2.49e+06 2.37e+06 2.26e+06 2.14e+06 2.04e+06 1.95e+06 1.86e+06 1.77e+06 1.69e+06 1.60e+06 1.53e+06 1.46e+06 1.39e+06 1.32e+06 1.26e+06 1.20e+06 1.13e+06 1.08e+06 1.03e+06 9.83e+05 9.37e+05 8.95e+05 8.55e+05 8.06e+05 7.68e+05 7.24e+05 6.92e+05 6.54e+05 6.25e+05 5.90e+05 5.65e+05 5.34e+05 5.12e+05 4.82e+05 4.64e+05 4.37e+05 4.19e+05 3.94e+05 3.78e+05 3.57e+05 3.42e+05 3.23e+05 3.03e+05 2.92e+05 2.75e+05 2.61e+05 2.47e+05
4625.00 2.34e+06 2.23e+06 2.12e+06 2.02e+06 1.93e+06 1.83e+06 1.74e+06 1.66e+06 1.57e+06 1.47e+06 1.40e+06 1.34e+06 1.28e+06 1.20e+06 1.15e+06 1.10e+06 1.05e+06 9.83e+05 9.38e+05 8.86e+05 8.37e+05 8.01e+05 7.67e+05 7.24e+05 6.82e+05 6.53e+05 6.16e+05 5.81e+05 5.59e+05 5.27e+05 4.97e+05 4.66e+05 4.49e+05 4.20e+05 4.05e+05 3.82e+05 3.61e+05 3.40e+05 3.22e+05 3.11e+05 2.92e+05 2.76e+05 2.60e+05 2.45e+05 2.31e+05 2.24e+05 2.09e+05 1.97e+05 1.90e+05 1.75e+05
4875.00 2.02e+06 1.93e+06 1.84e+06 1.75e+06 1.66e+06 1.56e+06 1.49e+06 1.42e+06 1.36e+06 1.29e+06 1.23e+06 1.16e+06 1.11e+06 1.05e+06 9.89e+05 9.47e+05 8.95e+05 8.57e+05 8.12e+05 7.69e+05 7.26e+05 6.86e+05 6.49e+05 6.28e+05 5.94e+05 5.61e+05 5.32e+05 5.13e+05 4.86e+05 4.55e+05 4.31e+05 4.09e+05 3.85e+05 3.71e+05 3.52e+05 3.33e+05 3.14e+05 3.03e+05 2.84e+05 2.69e+05 2.55e+05 2.40e+05 2.28e+05 2.17e+05 2.04e+05 1.97e+05 1.84e+05 1.73e+05 1.64e+05 1.55e+05
5375.00 1.66e+06 1.58e+06 1.50e+06 1.43e+06 1.37e+06 1.29e+06 1.23e+06 1.18e+06 1.10e+06 1.06e+06 1.01e+06 9.55e+05 9.15e+05 8.61e+05 8.15e+05 7.82e+05 7.36e+05 6.97e+05 6.71e+05 6.34e+05 6.01e+05 5.79e+05 5.45e+05 5.15e+05 4.96e+05 4.68e+05 4.42e+05 4.26e+05 4.01e+05 3.79e+05 3.59e+05 3.46e+05 3.26e+05 3.08e+05 2.92e+05 2.77e+05 2.63e+05 2.49e+05 2.36e+05 2.23e+05 2.12e+05 2.00e+05 1.89e+05 1.80e+05 1.73e+05 1.60e+05 1.52e+05 1.45e+05 1.36e+05 1.28e+05
5625.00 1.47e+06 1.41e+06 1.35e+06 1.26e+06 1.21e+06 1.15e+06 1.09e+06 1.02e+06 9.72e+05 9.43e+05 8.87e+05 8.40e+05 8.16e+05 7.84e+05 7.37e+05 6.89e+05 6.62e+05 6.25e+05 5.93e+05 5.59e+05 5.42e+05 5.09e+05 4.92e+05 4.63e+05 4.33e+05 4.11e+05 3.98e+05 3.85e+05 3.64e+05 3.38e+05 3.28e+05 3.09e+05 2.98e+05 2.81e+05 2.62e+05 2.47e+05 2.41e+05 2.25e+05 2.11e+05 2.00e+05 1.89e+05 1.78e+05 1.68e+05 1.63e+05 1.53e+05 1.44e+05 1.36e+05 1.28e+05 1.21e+05 1.17e+05
6125.00 1.23e+06 1.17e+06 1.12e+06 1.08e+06 1.01e+06 9.54e+05 9.15e+05 8.60e+05 8.31e+05 7.83e+05 7.53e+05 7.11e+05 6.72e+05 6.47e+05 6.22e+05 5.83e+05 5.54e+05 5.33e+05 5.06e+05 4.88e+05 4.58e+05 4.32e+05 4.17e+05 3.91e+05 3.70e+05 3.51e+05 3.33e+05 3.15e+05 3.05e+05 2.88e+05 2.72e+05 2.56e+05 2.44e+05 2.36e+05 2.23e+05 2.11e+05 2.00e+05 1.93e+05 1.80e+05 1.71e+05 1.61e+05 1.52e+05 1.44e+05 1.37e+05 1.32e+05 1.24e+05 1.16e+05 1.10e+05 1.03e+05 9.65e+04
6375.00 1.12e+06 1.06e+06 1.00e+06 9.65e+05 9.24e+05 8.65e+05 8.19e+05 7.88e+05 7.46e+05 7.08e+05 6.83e+05 6.46e+05 6.22e+05 5.84e+05 5.53e+05 5.23e+05 5.03e+05 4.85e+05 4.59e+05 4.43e+05 4.08e+05 3.88e+05 3.69e+05 3.57e+05 3.35e+05 3.18e+05 3.01e+05 2.92e+05 2.75e+05 2.60e+05 2.50e+05 2.35e+05 2.23e+05 2.16e+05 2.01e+05 1.94e+05 1.82e+05 1.76e+05 1.64e+05 1.55e+05 1.47e+05 1.39e+05 1.31e+05 1.24e+05 1.17e+05 1.10e+05 1.04e+05 9.83e+04 9.32e+04 9.05e+04
6625.00 1.01e+06 9.75e+05 9.16e+05 8.59e+05 8.16e+05 7.85e+05 7.62e+05 7.16e+05 6.73e+05 6.50e+05 6.16e+05 5.95e+05 5.62e+05 5.40e+05 5.03e+05 4.76e+05 4.61e+05 4.45e+05 4.16e+05 3.90e+05 3.80e+05 3.58e+05 3.45e+05 3.27e+05 3.07e+05 2.89e+05 2.75e+05 2.65e+05 2.51e+05 2.38e+05 2.26e+05 2.18e+05 2.04e+05 1.92e+05 1.86e+05 1.73e+05 1.68e+05 1.58e+05 1.49e+05 1.40e+05 1.33e+05 1.27e+05 1.19e+05 1.13e+05 1.07e+05 1.03e+05 9.69e+04 9.10e+04 8.42e+04 8.01e+04
6875.00 9.23e+05 8.86e+05 8.29e+05 7.97e+05 7.64e+05 7.17e+05 6.88e+05 6.52e+05 6.18e+05 5.94e+05 5.62e+05 5.41e+05 5.08e+05 4.80e+05 4.63e+05 4.40e+05 4.17e+05 3.96e+05 3.76e+05 3.56e+05 3.39e+05 3.28e+05 3.08e+05 2.97e+05 2.79e+05 2.64e+05 2.55e+05 2.41e+05 2.28e+05 2.20e+05 2.04e+05 1.97e+05 1.85e+05 1.75e+05 1.70e+05 1.59e+05 1.54e+05 1.43e+05 1.36e+05 1.29e+05 1.22e+05 1.16e+05 1.07e+05 1.04e+05 9.81e+04 9.08e+04 8.78e+04 8.07e+04 7.61e+04 7.22e+04
7125.00 8.48e+05 8.01e+05 7.60e+05 7.13e+05 6.92e+05 6.64e+05 6.27e+05 5.84e+05 5.70e+05 5.37e+05 5.19e+05 4.87e+05 4.63e+05 4.45e+05 4.21e+05 3.98e+05 3.84e+05 3.60e+05 3.51e+05 3.33e+05 3.14e+05 2.96e+05 2.80e+05 2.70e+05 2.54e+05 2.42e+05 2.35e+05 2.21e+05 2.09e+05 1.94e+05 1.88e+05 1.79e+05 1.70e+05 1.61e+05 1.53e+05 1.45e+05 1.36e+05 1.32e+05 1.25e+05 1.19e+05 1.12e+05 1.06e+05 9.96e+04 9.37e+04 8.87e+04 8.41e+04 7.93e+04 7.41e+04 7.02e+04 6.57e+04
7625.00 7.09e+05 6.88e+05 6.66e+05 6.38e+05 6.01e+05 5.68e+05 5.45e+05 5.15e+05 4.95e+05 4.79e+05 4.46e+05 4.21e+05 4.10e+05 3.79e+05 3.70e+05 3.49e+05 3.28e+05 3.12e+05 2.94e+05 2.84e+05 2.69e+05 2.53e+05 2.45e+05 2.31e+05 2.24e+05 2.12e+05 2.00e+05 1.90e+05 1.83e+05 1.72e+05 1.66e+05 1.55e+05 1.49e+05 1.40e+05 1.31e+05 1.24e+05 1.17e+05 1.11e+05 1.08e+05 1.02e+05 9.56e+04 9.06e+04 8.74e+04 8.08e+04 7.59e+04 7.13e+04 6.73e+04 6.56e+04 6.03e+04 5.55e+04
7875.00 6.87e+05 6.47e+05 6.22e+05 5.84e+05 5.60e+05 5.31e+05 5.03e+05 4.83e+05 4.63e+05 4.34e+05 4.20e+05 4.03e+05 3.81e+05 3.60e+05 3.34e+05 3.22e+05 3.10e+05 2.93e+05 2.86e+05 2.70e+05 2.50e+05 2.36e+05 2.31e+05 2.10e+05 2.02e+05 1.98e+05 1.84e+05 1.74e+05 1.68e+05 1.56e+05 1.52e+05 1.48e+05 1.36e+05 1.31e+05 1.23e+05 1.15e+05 1.13e+05 1.04e+05 9.80e+04 9.29e+04 9.07e+04 8.24e+04 7.74e+04 7.53e+04 7.04e+04 6.83e+04 6.16e+04 5.84e+04 5.46e+04 5.30e+04
8125.00 6.08e+05 5.88e+05 5.54e+05 5.25e+05 5.06e+05 4.77e+05 4.64e+05 4.45e+05 4.18e+05 4.03e+05 3.86e+05 3.65e+05 3.41e+05 3.23e+05 3.11e+05 2.95e+05 2.84e+05 2.67e+05 2.57e+05 2.47e+05 2.34e+05 2.21e+05 2.09e+05 1.98e+05 1.87e+05 1.77e+05 1.71e+05 1.62e+05 1.54e+05 1.43e+05 1.39e+05 1.32e+05 1.25e+05 1.17e+05 1.11e+05 1.06e+05 1.02e+05 9.84e+04 9.17e+04 8.52e+04 7.97e+04 7.72e+04 7.33e+04 6.88e+04 6.64e+04 6.12e+04 5.68e+04 5.47e+04 5.02e+04 4.74e+04
8375.00 5.66e+05 5.47e+05 5.14e+05 4.84e+05 4.65e+05 4.46e+05 4.28e+05 4.02e+05 3.85e+05 3.60e+05 3.42e+05 3.29e+05 3.17e+05 2.96e+05 2.86e+05 2.75e+05 2.57e+05 2.42e+05 2.34e+05 2.25e+05 2.12e+05 2.00e+05 1.89e+05 1.78e+05 1.73e+05 1.64e+05 1.54e+05 1.49e+05 1.39e+05 1.33e+05 1.28e+05 1.23e+05 1.15e+05 1.08e+05 1.05e+05 9.84e+04 9.13e+04 8.83e+04 8.33e+04 7.83e+04 7.59e+04 6.96e+04 6.58e+04 6.19e+04 6.01e+04 5.54e+04 5.14e+04 4.98e+04 4.62e+04 4.24e+04
8625.00 5.52e+05 5.23e+05 5.02e+05 4.77e+05 4.55e+05 4.34e+05 4.08e+05 3.90e+05 3.73e+05 3.57e+05 3.39e+05 3.20e+05 2.99e+05 2.87e+05 2.73e+05 2.57e+05 2.48e+05 2.32e+05 2.18e+05 2.10e+05 1.96e+05 1.90e+05 1.78e+05 1.72e+05 1.66e+05 1.53e+05 1.46e+05 1.41e+05 1.32e+05 1.23e+05 1.18e+05 1.10e+05 1.05e+05 1.00e+05 9.50e+04 9.05e+04 8.54e+04 8.26e+04 7.74e+04 7.23e+04 6.75e+04 6.59e+04 6.13e+04 5.72e+04 5.39e+04 5.05e+04 4.58e+04 4.45e+04 4.06e+04 3.79e+04
8875.00 5.05e+05 4.74e+05 4.56e+05 4.34e+05 4.15e+05 3.98e+05 3.63e+05 3.55e+05 3.43e+05 3.31e+05 3.10e+05 2.93e+05 2.74e+05 2.66e+05 2.57e+05 2.40e+05 2.31e+05 2.13e+05 2.07e+05 1.94e+05 1.89e+05 1.72e+05 1.66e+05 1.57e+05 1.49e+05 1.46e+05 1.34e+05 1.32e+05 1.22e+05 1.19e+05 1.12e+05 1.03e+05 9.63e+04 9.33e+04 8.52e+04 8.48e+04 7.63e+04 7.45e+04 6.84e+04 6.63e+04 6.25e+04 5.86e+04 5.70e+04 5.27e+04 4.90e+04 4.56e+04 4.28e+04 4.05e+04 3.68e+04 3.59e+04
9125.00 4.45e+05 4.34e+05 4.09e+05 3.93e+05 3.71e+05 3.56e+05 3.36e+05 3.23e+05 3.03e+05 2.93e+05 2.82e+05 2.64e+05 2.54e+05 2.41e+05 2.31e+05 2.18e+05 2.06e+05 1.97e+05 1.83e+05 1.77e+05 1.68e+05 1.62e+05 1.51e+05 1.46e+05 1.38e+05 1.29e+05 1.24e+05 1.18e+05 1.10e+05 1.05e+05 1.01e+05 9.60e+04 9.30e+04 8.68e+04 8.13e+04 7.88e+04 7.22e+04 6.96e+04 6.46e+04 6.23e+04 5.66e+04 5.51e+04 5.18e+04 4.78e+04 4.60e+04 4.29e+04 4.16e+04 3.71e+04 3.40e+04 3.25e+04
9375.00 4.19e+05 4.02e+05 3.88e+05 3.60e+05 3.47e+05 3.36e+05 3.15e+05 2.98e+05 2.87e+05 2.78e+05 2.60e+05 2.45e+05 2.31e+05 2.24e+05 2.16e+05 2.03e+05 1.95e+05 1.82e+05 1.71e+05 1.66e+05 1.61e+05 1.51e+05 1.45e+05 1.35e+05 1.27e+05 1.18e+05 1.12e+05 1.09e+05 1.02e+05 9.93e+04 9.43e+04 8.75e+04 8.52e+04 8.09e+04 7.64e+04 7.04e+04 6.82e+04 6.39e+04 6.04e+04 5.67e+04 5.30e+04 5.15e+04 4.75e+04 4.43e+04 4.15e+04 3.92e+04 3.64e+04 3.40e+04 3.17e+04 2.87e+04
9625.00 4.36e+05 4.21e+05 3.98e+05 3.85e+05 3.61e+05 3.49e+05 3.34e+05 3.18e+05 3.02e+05 2.92e+05 2.77e+05 2.64e+05 2.52e+05 2.35e+05 2.19e+05 2.10e+05 2.02e+05 1.90e+05 1.78e+05 1.72e+05 1.62e+05 1.56e+05 1.46e+05 1.39e+05 1.30e+05 1.22e+05 1.14e+05 1.09e+05 1.01e+05 9.57e+04 9.30e+04 8.83e+04 8.20e+04 7.95e+04 7.34e+04 6.79e+04 6.58e+04 6.20e+04 5.75e+04 5.37e+04 5.23e+04 4.76e+04 4.41e+04 3.94e+04 3.84e+04 3.44e+04 3.34e+04 3.21e+04 2.90e+04 2.63e+04
9875.00 3.68e+05 3.54e+05 3.36e+05 3.22e+05 3.05e+05 2.92e+05 2.79e+05 2.67e+05 2.52e+05 2.36e+05 2.28e+05 2.15e+05 2.06e+05 1.92e+05 1.88e+05 1.78e+05 1.70e+05 1.61e+05 1.54e+05 1.44e+05 1.36e+05 1.27e+05 1.23e+05 1.17e+05 1.13e+05 1.06e+05 1.00e+05 9.50e+04 8.78e+04 8.36e+04 8.05e+04 7.78e+04 7.05e+04 6.90e+04 6.51e+04 6.08e+04 5.65e+04 5.50e+04 5.10e+04 4.78e+04 4.64e+04 4.36e+04 4.06e+04 3.80e+04 3.51e+04 3.30e+04 3.10e+04 2.88e+04 2.67e+04 2.50e+04
10125.00 3.92e+05 3.73e+05 3.57e+05 3.42e+05 3.28e+05 3.15e+05 2.99e+05 2.84e+05 2.74e+05 2.61e+05 2.44e+05 2.32e+05 2.24e+05 2.13e+05 2.02e+05 1.90e+05 1.80e+05 1.70e+05 1.61e+05 1.54e+05 1.45e+05 1.35e+05 1.29e+05 1.23e+05 1.15e+05 1.09e+05 1.02e+05 9.72e+04 9.23e+04 8.73e+04 8.16e+04 7.59e+04 7.15e+04 6.59e+04 6.32e+04 6.03e+04 5.89e+04 5.23e+04 5.09e+04 4.69e+04 4.39e+04 3.94e+04 3.83e+04 3.43e+04 3.22e+04 2.91e+04 2.80e+04 2.69e+04 2.43e+04 2.28e+04
10375.00 3.27e+05 3.13e+05 3.00e+05 2.86e+05 2.75e+05 2.61e+05 2.47e+05 2.40e+05 2.26e+05 2.17e+05 2.07e+05 1.95e+05 1.85e+05 1.77e+05 1.68e+05 1.59e+05 1.48e+05 1.42e+05 1.36e+05 1.30e+05 1.22e+05 1.13e+05 1.08e+05 1.02e+05 9.84e+04 9.43e+04 8.80e+04 8.19e+04 7.58e+04 7.39e+04 6.82e+04 6.59e+04 6.25e+04 5.76e+04 5.60e+04 5.29e+04 4.96e+04 4.79e+04 4.47e+04 4.17e+04 3.90e+04 3.66e+04 3.29e+04 3.19e+04 3.00e+04 2.75e+04 2.54e+04 2.43e+04 2.25e+04 2.16e+04
10625.00 3.10e+05 2.95e+05 2.83e+05 2.70e+05 2.56e+05 2.44e+05 2.35e+05 2.24e+05 2.13e+05 2.03e+05 1.95e+05 1.87e+05 1.76e+05 1.66e+05 1.59e+05 1.50e+05 1.42e+05 1.35e+05 1.28e+05 1.19e+05 1.14e+05 1.07e+05 1.01e+05 9.77e+04 9.20e+04 8.54e+04 7.90e+04 7.65e+04 7.25e+04 7.03e+04 6.57e+04 6.14e+04 5.99e+04 5.53e+04 5.26e+04 4.95e+04 4.52e+04 4.42e+04 4.12e+04 3.86e+04 3.74e+04 3.35e+04 3.13e+04 2.88e+04 2.70e+04 2.49e+04 2.42e+04 2.16e+04 2.11e+04 1.99e+04
10875.00 2.91e+05 2.81e+05 2.69e+05 2.57e+05 2.41e+05 2.34e+05 2.24e+05 2.11e+05 2.02e+05 1.95e+05 1.86e+05 1.76e+05 1.69e+05 1.59e+05 1.50e+05 1.43e+05 1.36e+05 1.30e+05 1.22e+05 1.17e+05 1.10e+05 1.02e+05 9.80e+04 9.04e+04 8.57e+04 8.09e+04 7.74e+04 7.46e+04 6.92e+04 6.55e+04 5.95e+04 5.83e+04 5.36e+04 5.05e+04 4.79e+04 4.43e+04 4.14e+04 4.05e+04 3.77e+04 3.46e+04 3.35e+04 3.05e+04 2.87e+04 2.70e+04 2.48e+04 2.23e+04 2.15e+04 2.03e+04 1.90e+04 1.84e+04
11125.00 2.75e+05 2.65e+05 2.54e+05 2.41e+05 2.32e+05 2.22e+05 2.12e+05 2.05e+05 1.96e+05 1.86e+05 1.77e+05 1.67e+05 1.58e+05 1.51e+05 1.44e+05 1.36e+05 1.27e+05 1.20e+05 1.15e+05 1.09e+05 1.05e+05 9.75e+04 9.31e+04 8.81e+04 8.13e+04 7.64e+04 7.35e+04 7.06e+04 6.51e+04 6.12e+04 5.81e+04 5.39e+04 5.05e+04 4.71e+04 4.58e+04 4.24e+04 4.03e+04 3.76e+04 3.53e+04 3.43e+04 3.09e+04 2.81e+04 2.63e+04 2.47e+04 2.36e+04 2.16e+04 2.00e+04 1.89e+04 1.79e+04 1.68e+04
11375.00 2.58e+05 2.47e+05 2.38e+05 2.28e+05 2.17e+05 2.09e+05 2.02e+05 1.94e+05 1.86e+05 1.76e+05 1.67e+05 1.60e+05 1.53e+05 1.45e+05 1.39e+05 1.30e+05 1.24e+05 1.19e+05 1.12e+05 1.06e+05 9.96e+04 9.29e+04 8.78e+04 8.29e+04 7.76e+04 7.36e+04 6.97e+04 6.55e+04 6.24e+04 5.86e+04 5.41e+04 5.06e+04 4.94e+04 4.48e+04 4.33e+04 4.09e+04 3.74e+04 3.53e+04 3.25e+04 2.99e+04 2.79e+04 2.70e+04 2.54e+04 2.31e+04 2.14e+04 1.93e+04 1.81e+04 1.71e+04 1.66e+04 1.54e+04
11625.00 2.54e+05 2.46e+05 2.34e+05 2.26e+05 2.16e+05 2.05e+05 1.96e+05 1.87e+05 1.79e+05 1.72e+05 1.64e+05 1.57e+05 1.50e+05 1.44e+05 1.38e+05 1.31e+05 1.26e+05 1.19e+05 1.14e+05 1.08e+05 1.03e+05 9.79e+04 9.29e+04 8.80e+04 8.27e+04 7.75e+04 7.30e+04 6.92e+04 6.55e+04 6.01e+04 5.74e+04 5.42e+04 5.04e+04 4.72e+04 4.37e+04 4.06e+04 3.85e+04 3.46e+04 3.07e+04 3.00e+04 2.69e+04 2.49e+04 2.38e+04 2.13e+04 1.97e+04 1.78e+04 1.68e+04 1.63e+04 1.51e+04 1.46e+04
11875.00 2.26e+05 2.17e+05 2.09e+05 1.99e+05 1.92e+05 1.85e+05 1.76e+05 1.68e+05 1.61e+05 1.55e+05 1.49e+05 1.42e+05 1.35e+05 1.29e+05 1.23e+05 1.17e+05 1.13e+05 1.07e+05 1.00e+05 9.50e+04 8.90e+04 8.53e+04 8.06e+04 7.63e+04 7.14e+04 6.79e+04 6.27e+04 5.84e+04 5.45e+04 5.07e+04 4.65e+04 4.55e+04 4.25e+04 3.91e+04 3.76e+04 3.53e+04 3.33e+04 3.03e+04 2.90e+04 2.64e+04 2.48e+04 2.24e+04 2.07e+04 1.92e+04 1.79e+04 1.73e+04 1.61e+04 1.55e+04 1.43e+04 1.38e+04
12125.00 2.12e+05 2.03e+05 1.94e+05 1.85e+05 1.78e+05 1.71e+05 1.64e+05 1.57e+05 1.50e+05 1.44e+05 1.38e+05 1.32e+05 1.26e+05 1.21e+05 1.14e+05 1.09e+05 1.04e+05 1.00e+05 9.50e+04 9.00e+04 8.60e+04 8.12e+04 7.68e+04 7.17e+04 6.77e+04 6.38e+04 5.91e+04 5.61e+04 5.32e+04 4.89e+04 4.52e+04 4.26e+04 3.92e+04 3.73e+04 3.58e+04 3.22e+04 3.11e+04 2.82e+04 2.60e+04 2.33e+04 2.27e+04 2.17e+04 1.98e+04 1.89e+04 1.71e+04 1.58e+04 1.44e+04 1.39e+04 1.26e+04 1.24e+04
12375.00 1.96e+05 1.88e+05 1.80e+05 1.73e+05 1.66e+05 1.59e+05 1.53e+05 1.47e+05 1.41e+05 1.34e+05 1.29e+05 1.23e+05 1.18e+05 1.13e+05 1.08e+05 1.03e+05 9.73e+04 9.32e+04 8.89e+04 8.47e+04 8.11e+04 7.65e+04 7.28e+04 6.92e+04 6.51e+04 6.10e+04 5.73e+04 5.39e+04 4.98e+04 4.62e+04 4.25e+04 3.98e+04 3.75e+04 3.50e+04 3.14e+04 3.03e+04 2.86e+04 2.59e+04 2.39e+04 2.24e+04 2.17e+04 1.89e+04 1.75e+04 1.63e+04 1.50e+04 1.45e+04 1.35e+04 1.30e+04 1.22e+04 1.12e+04
12625.00 1.82e+05 1.75e+05 1.68e+05 1.61e+05 1.55e+05 1.48e+05 1.42e+05 1.36e+05 1.31e+05 1.24e+05 1.19e+05 1.14e+05 1.09e+05 1.05e+05 9.98e+04 9.57e+04 9.17e+04 8.71e+04 8.31e+04 7.97e+04 7.63e+04 7.29e+04 6.95e+04 6.61e+04 6.27e+04 5.95e+04 5.69e+04 5.39e+04 5.16e+04 4.84e+04 4.56e+04 4.27e+04 3.99e+04 3.65e+04 3.42e+04 3.18e+04 2.94e+04 2.71e+04 2.48e+04 2.30e+04 2.07e+04 1.90e+04 1.68e+04 1.48e+04 1.47e+04 1.41e+04 1.29e+04 1.25e+04 1.14e+04 1.06e+04
12875.00 1.68e+05 1.61e+05 1.54e+05 1.48e+05 1.42e+05 1.35e+05 1.30e+05 1.25e+05 1.19e+05 1.15e+05 1.09e+05 1.04e+05 1.00e+05 9.61e+04 9.22e+04 8.75e+04 8.39e+04 8.05e+04 7.64e+04 7.26e+04 7.03e+04 6.66e+04 6.36e+04 6.03e+04 5.80e+04 5.43e+04 5.10e+04 4.76e+04 4.52e+04 4.27e+04 3.98e+04 3.70e+04 3.41e+04 3.13e+04 2.88e+04 2.64e+04 2.43e+04 2.21e+04 2.12e+04 2.00e+04 1.90e+04 1.61e+04 1.44e+04 1.38e+04 1.33e+04 1.19e+04 1.14e+04 1.13e+04 1.04e+04 9.68e+03
13125.00 1.56e+05 1.49e+05 1.42e+05 1.37e+05 1.32e+05 1.26e+05 1.21e+05 1.15e+05 1.10e+05 1.05e+05 1.01e+05 9.67e+04 9.21e+04 8.77e+04 8.41e+04 8.08e+04 7.69e+04 7.38e+04 7.06e+04 6.79e+04 6.43e+04 6.15e+04 5.86e+04 5.58e+04 5.32e+04 5.07e+04 4.82e+04 4.56e+04 4.29e+04 4.09e+04 3.81e+04 3.59e+04 3.41e+04 3.12e+04 2.85e+04 2.67e+04 2.43e+04 2.21e+04 2.01e+04 1.88e+04 1.65e+04 1.47e+04 1.35e+04 1.30e+04 1.17e+04 1.14e+04 1.07e+04 1.03e+04 9.49e+03 9.19e+03
13375.00 1.44e+05 1.38e+05 1.32e+05 1.26e+05 1.21e+05 1.16e+05 1.11e+05 1.07e+05 1.02e+05 9.75e+04 9.34e+04 8.89e+04 8.53e+04 8.15e+04 7.81e+04 7.47e+04 7.12e+04 6.87e+04 6.59e+04 6.29e+04 5.94e+04 5.68e+04 5.43e+04 5.16e+04 4.95e+04 4.71e+04 4.45e+04 4.24e+04 4.05e+04 3.83e+04 3.59e+04 3.37e+04 3.16e+04 2.92e+04 2.68e+04 2.47e+04 2.28e+04 1.97e+04 1.78e+04 1.68e+04 1.59e+04 1.40e+04 1.35e+04 1.19e+04 1.12e+04 1.09e+04 9.71e+03 9.45e+03 9.20e+03 8.29e+03
13625.00 1.33e+05 1.25e+05 1.20e+05 1.15e+05 1.11e+05 1.08e+05 1.03e+05 9.77e+04 9.37e+04 9.07e+04 8.59e+04 8.22e+04 7.90e+04 7.50e+04 7.30e+04 6.89e+04 6.54e+04 6.27e+04 6.06e+04 5.73e+04 5.45e+04 5.19e+04 4.98e+04 4.80e+04 4.59e+04 4.36e+04 4.13e+04 3.95e+04 3.68e+04 3.58e+04 3.33e+04 3.07e+04 2.81e+04 2.60e+04 2.42e+04 2.21e+04 2.05e+04 1.80e+04 1.57e+04 1.46e+04 1.31e+04 1.27e+04 1.21e+04 1.10e+04 1.08e+04 1.05e+04 9.61e+03 8.45e+03 8.19e+03 7.94e+03
13875.00 1.22e+05 1.17e+05 1.12e+05 1.08e+05 1.04e+05 9.84e+04 9.47e+04 8.99e+04 8.66e+04 8.27e+04 7.86e+04 7.52e+04 7.17e+04 6.89e+04 6.60e+04 6.42e+04 6.11e+04 5.84e+04 5.56e+04 5.30e+04 5.08e+04 4.86e+04 4.60e+04 4.38e+04 4.20e+04 4.02e+04 3.85e+04 3.68e+04 3.49e+04 3.32e+04 3.15e+04 2.97e+04 2.78e+04 2.61e+04 2.46e+04 2.30e+04 2.11e+04 1.86e+04 1.64e+04 1.50e+04 1.35e+04 1.24e+04 1.08e+04 1.02e+04 9.88e+03 8.95e+03 8.65e+03 8.02e+03 7.79e+03 7.59e+03
14125.00 1.12e+05 1.08e+05 1.03e+05 9.88e+04 9.52e+04 9.07e+04 8.79e+04 8.40e+04 7.91e+04 7.64e+04 7.31e+04 6.92e+04 6.70e+04 6.33e+04 6.07e+04 5.90e+04 5.60e+04 5.35e+04 5.14e+04 4.86e+04 4.70e+04 4.44e+04 4.24e+04 4.08e+04 3.89e+04 3.70e+04 3.52e+04 3.38e+04 3.23e+04 3.09e+04 2.92e+04 2.79e+04 2.63e+04 2.46e+04 2.28e+04 2.13e+04 1.97e+04 1.80e+04 1.59e+04 1.34e+04 1.28e+04 1.07e+04 9.98e+03 9.16e+03 8.93e+03 8.66e+03 8.44e+03 7.28e+03 6.88e+03 6.82e+03
14375.00 1.06e+05 1.01e+05 9.51e+04 9.10e+04 8.66e+04 8.33e+04 7.95e+04 7.78e+04 7.45e+04 7.11e+04 6.68e+04 6.42e+04 6.17e+04 5.90e+04 5.67e+04 5.46e+04 5.17e+04 4.90e+04 4.71e+04 4.50e+04 4.29e+04 4.10e+04 3.92e+04 3.73e+04 3.58e+04 3.44e+04 3.30e+04 3.13e+04 3.00e+04 2.86e+04 2.71e+04 2.60e+04 2.45e+04 2.29e+04 2.18e+04 1.99e+04 1.83e+04 1.67e+04 1.53e+04 1.36e+04 1.18e+04 1.07e+04 9.77e+03 8.78e+03 8.22e+03 8.00e+03 7.68e+03 7.20e+03 6.74e+03 6.10e+03
14625.00 9.49e+04 9.06e+04 8.83e+04 8.42e+04 8.07e+04 7.69e+04 7.42e+04 7.04e+04 6.68e+04 6.63e+04 6.29e+04 5.95e+04 5.69e+04 5.47e+04 5.20e+04 5.08e+04 4.77e+04 4.50e+04 4.31e+04 4.10e+04 3.96e+04 3.78e+04 3.62e+04 3.45e+04 3.31e+04 3.15e+04 2.99e+04 2.88e+04 2.73e+04 2.61e+04 2.48e+04 2.34e+04 2.24e+04 2.15e+04 2.03e+04 1.90e+04 1.72e+04 1.61e+04 1.48e+04 1.31e+04 1.10e+04 9.84e+03 9.05e+03 8.43e+03 7.51e+03 7.29e+03 6.80e+03 6.24e+03 6.28e+03 5.86e+03
14875.00 8.81e+04 8.45e+04 8.11e+04 7.69e+04 7.38e+04 7.05e+04 6.85e+04 6.62e+04 6.23e+04 5.94e+04 5.68e+04 5.48e+04 5.25e+04 5.01e+04 4.91e+04 4.56e+04 4.40e+04 4.17e+04 3.97e+04 3.86e+04 3.65e+04 3.45e+04 3.29e+04 3.21e+04 3.03e+04 2.91e+04 2.79e+04 2.65e+04 2.54e+04 2.42e+04 2.30e+04 2.19e+04 2.10e+04 1.99e+04 1.88e+04 1.79e+04 1.69e+04 1.59e+04 1.50e+04 1.38e+04 1.21e+04 1.07e+04 9.02e+03 8.71e+03 7.94e+03 7.35e+03 7.08e+03 6.19e+03 6.04e+03 5.55e+03
15125.00 8.08e+04 7.72e+04 7.53e+04 7.26e+04 6.78e+04 6.58e+04 6.80e+04 6.12e+04 5.70e+04 5.44e+04 5.20e+04 4.96e+04 4.76e+04 4.55e+04 4.35e+04 4.24e+04 4.01e+04 3.83e+04 3.73e+04 3.56e+04 3.35e+04 3.21e+04 3.09e+04 2.92e+04 2.86e+04 2.69e+04 2.56e+04 2.43e+04 2.31e+04 2.23e+04 2.14e+04 2.02e+04 1.91e+04 1.84e+04 1.74e+04 1.64e+04 1.54e+04 1.47e+04 1.36e+04 1.25e+04 1.13e+04 9.46e+03 8.81e+03 8.30e+03 7.59e+03 6.49e+03 6.06e+03 5.67e+03 5.57e+03 4.99e+03
15375.00 7.52e+04 7.86e+04 6.99e+04 6.59e+04 6.80e+04 6.16e+04 5.78e+04 5.56e+04 5.56e+04 5.18e+04 4.97e+04 4.66e+04 4.48e+04 4.25e+04 4.14e+04 3.89e+04 3.64e+04 3.57e+04 3.37e+04 3.25e+04 3.09e+04 2.93e+04 2.82e+04 2.69e+04 2.58e+04 2.46e+04 2.37e+04 2.23e+04 2.13e+04 2.05e+04 1.92e+04 1.86e+04 1.77e+04 1.68e+04 1.58e+04 1.53e+04 1.44e+04 1.35e+04 1.28e+04 1.12e+04 1.02e+04 9.20e+03 8.08e+03 7.25e+03 6.75e+03 6.04e+03 5.89e+03 5.17e+03 5.32e+03 4.94e+03
15625.00 7.32e+04 6.98e+04 6.61e+04 6.29e+04 5.94e+04 5.71e+04 5.45e+04 5.12e+04 4.92e+04 4.71e+04 4.51e+04 4.34e+04 4.11e+04 3.93e+04 3.75e+04 3.71e+04 3.43e+04 3.25e+04 3.13e+04 2.99e+04 2.83e+04 2.74e+04 2.63e+04 2.51e+04 2.38e+04 2.25e+04 2.16e+04 2.04e+04 1.96e+04 1.87e+04 1.77e+04 1.68e+04 1.60e+04 1.54e+04 1.47e+04 1.37e+04 1.30e+04 1.21e+04 1.03e+04 9.01e+03 8.41e+03 7.88e+03 7.33e+03 6.56e+03 5.78e+03 5.37e+03 5.25e+03 5.05e+03 4.87e+03 4.69e+03
15875.00 6.30e+04 6.13e+04 5.80e+04 5.52e+04 5.28e+04 5.06e+04 4.92e+04 4.66e+04 4.46e+04 4.34e+04 4.20e+04 3.93e+04 3.76e+04 3.64e+04 3.42e+04 3.27e+04 3.13e+04 2.99e+04 2.87e+04 2.76e+04 2.59e+04 2.52e+04 2.40e+04 2.26e+04 2.15e+04 2.06e+04 1.97e+04 1.88e+04 1.79e+04 1.72e+04 1.65e+04 1.56e+04 1.50e+04 1.42e+04 1.33e+04 1.28e+04 1.20e+04 1.14e+04 1.04e+04 9.19e+03 8.46e+03 7.85e+03 7.04e+03 6.06e+03 5.86e+03 5.88e+03 5.08e+03 4.77e+03 4.59e+03 4.17e+03
16125.00 5.82e+04 5.57e+04 5.35e+04 5.10e+04 4.91e+04 4.66e+04 4.48e+04 4.43e+04 4.21e+04 3.99e+04 3.77e+04 3.65e+04 3.55e+04 3.41e+04 3.19e+04 3.06e+04 2.90e+04 2.76e+04 2.66e+04 2.51e+04 2.40e+04 2.29e+04 2.19e+04 2.07e+04 1.98e+04 1.91e+04 1.78e+04 1.71e+04 1.64e+04 1.56e+04 1.49e+04 1.42e+04 1.32e+04 1.27e+04 1.21e+04 1.16e+04 1.09e+04 1.04e+04 9.52e+03 8.28e+03 7.56e+03 6.89e+03 6.08e+03 5.84e+03 4.99e+03 4.87e+03 4.53e+03 4.16e+03 4.00e+03 3.87e+03
16375.00 5.33e+04 5.13e+04 4.90e+04 4.69e+04 4.51e+04 4.33e+04 4.34e+04 4.02e+04 3.88e+04 3.68e+04 3.51e+04 3.41e+04 3.18e+04 3.02e+04 2.90e+04 2.77e+04 2.66e+04 2.52e+04 2.42e+04 2.32e+04 2.27e+04 2.12e+04 2.01e+04 1.91e+04 1.83e+04 1.76e+04 1.67e+04 1.58e+04 1.51e+04 1.44e+04 1.36e+04 1.30e+04 1.24e+04 1.17e+04 1.13e+04 1.06e+04 1.01e+04 9.50e+03 8.72e+03 8.05e+03 6.81e+03 6.17e+03 5.68e+03 5.47e+03 5.13e+03 4.59e+03 4.46e+03 3.98e+03 3.84e+03 3.50e+03
16625.00 5.11e+04 4.95e+04 4.88e+04 4.59e+04 4.38e+04 4.18e+04 3.97e+04 3.73e+04 3.51e+04 3.39e+04 3.19e+04 3.05e+04 2.97e+04 2.79e+04 2.71e+04 2.57e+04 2.47e+04 2.36e+04 2.24e+04 2.15e+04 2.06e+04 1.94e+04 1.85e+04 1.75e+04 1.69e+04 1.60e+04 1.53e+04 1.46e+04 1.39e+04 1.32e+04 1.25e+04 1.22e+04 1.14e+04 1.10e+04 1.04e+04 1.01e+04 9.48e+03 8.87e+03 8.37e+03 7.69e+03 7.20e+03 6.57e+03 6.15e+03 5.28e+03 4.86e+03 4.68e+03 4.06e+03 3.81e+03 3.68e+03 3.52e+03
16875.00 4.60e+04 4.40e+04 4.28e+04 4.13e+04 3.96e+04 3.74e+04 3.62e+04 3.43e+04 3.25e+04 3.19e+04 3.01e+04 2.89e+04 2.69e+04 2.58e+04 2.45e+04 2.33e+04 2.27e+04 2.15e+04 2.06e+04 1.98e+04 1.88e+04 1.78e+04 1.70e+04 1.62e+04 1.55e+04 1.47e+04 1.41e+04 1.33e+04 1.27e+04 1.22e+04 1.17e+04 1.11e+04 1.05e+04 1.01e+04 9.57e+03 9.18e+03 8.79e+03 8.23e+03 7.84e+03 7.07e+03 6.51e+03 5.90e+03 5.37e+03 4.82e+03 4.61e+03 4.05e+03 3.66e+03 3.37e+03 3.07e+03 3.01e+03
17125.00 4.19e+04 4.07e+04 3.85e+04 3.64e+04 3.72e+04 3.51e+04 3.40e+04 3.22e+04 2.96e+04 2.92e+04 2.74e+04 2.61e+04 2.48e+04 2.45e+04 2.27e+04 2.17e+04 2.11e+04 1.98e+04 1.90e+04 1.80e+04 1.69e+04 1.63e+04 1.54e+04 1.50e+04 1.48e+04 1.34e+04 1.28e+04 1.22e+04 1.18e+04 1.12e+04 1.06e+04 1.04e+04 9.66e+03 9.33e+03 8.76e+03 8.23e+03 7.94e+03 7.51e+03 7.22e+03 6.77e+03 6.13e+03 5.83e+03 5.17e+03 4.38e+03 3.90e+03 4.25e+03 3.72e+03 3.41e+03 3.46e+03 3.17e+03
17375.00 4.15e+04 3.88e+04 3.66e+04 3.49e+04 3.36e+04 3.12e+04 3.01e+04 2.86e+04 2.76e+04 2.68e+04 2.56e+04 2.39e+04 2.34e+04 2.22e+04 2.10e+04 1.95e+04 1.90e+04 1.82e+04 1.73e+04 1.65e+04 1.58e+04 1.53e+04 1.45e+04 1.35e+04 1.28e+04 1.25e+04 1.19e+04 1.13e+04 1.07e+04 1.02e+04 9.80e+03 9.43e+03 8.89e+03 8.51e+03 8.21e+03 7.81e+03 7.32e+03 7.01e+03 6.65e+03 6.06e+03 5.74e+03 5.37e+03 4.95e+03 4.66e+03 3.85e+03 3.45e+03 3.24e+03 2.95e+03 2.75e+03 2.61e+03
17625.00 3.57e+04 3.42e+04 3.49e+04 3.33e+04 3.09e+04 2.98e+04 2.84e+04 2.69e+04 2.54e+04 2.47e+04 2.37e+04 2.18e+04 2.18e+04 1.99e+04 1.90e+04 1.80e+04 1.74e+04 1.65e+04 1.59e+04 1.52e+04 1.43e+04 1.37e+04 1.32e+04 1.23e+04 1.20e+04 1.15e+04 1.09e+04 1.05e+04 1.00e+04 9.30e+03 8.83e+03 8.58e+03 8.08e+03 7.63e+03 7.36e+03 7.06e+03 6.69e+03 6.32e+03 5.86e+03 5.39e+03 4.93e+03 4.51e+03 4.32e+03 3.67e+03 3.50e+03 2.96e+03 2.88e+03 2.81e+03 2.62e+03 2.34e+03
17875.00 3.38e+04 3.31e+04 3.18e+04 2.98e+04 2.89e+04 2.71e+04 2.59e+04 2.47e+04 2.41e+04 2.27e+04 2.19e+04 2.01e+04 1.98e+04 1.89e+04 1.83e+04 1.68e+04 1.58e+04 1.52e+04 1.44e+04 1.39e+04 1.31e+04 1.27e+04 1.22e+04 1.15e+04 1.09e+04 1.05e+04 9.90e+03 9.53e+03 9.09e+03 8.66e+03 8.30e+03 7.91e+03 7.52e+03 7.08e+03 6.81e+03 6.55e+03 6.17e+03 5.81e+03 5.46e+03 5.06e+03 4.82e+03 4.33e+03 3.83e+03 3.55e+03 3.43e+03 3.15e+03 2.91e+03 2.55e+03 2.39e+03 2.32e+03
18125.00 3.32e+04 3.12e+04 2.88e+04 2.80e+04 2.67e+04 2.46e+04 2.39e+04 2.21e+04 2.14e+04 2.06e+04 1.99e+04 1.89e+04 1.78e+04 1.76e+04 1.69e+04 1.57e+04 1.44e+04 1.38e+04 1.28e+04 1.24e+04 1.23e+04 1.17e+04 1.12e+04 1.04e+04 9.93e+03 9.59e+03 9.11e+03 8.77e+03 8.28e+03 8.00e+03 7.57e+03 7.47e+03 6.99e+03 6.59e+03 6.54e+03 6.07e+03 5.63e+03 5.39e+03 5.00e+03 4.80e+03 4.28e+03 4.10e+03 3.24e+03 3.09e+03 2.83e+03 2.74e+03 2.52e+03 2.55e+03 2.16e+03 2.11e+03
18375.00 2.97e+04 2.86e+04 2.56e+04 2.48e+04 2.38e+04 2.28e+04 2.19e+04 2.08e+04 1.99e+04 1.88e+04 1.90e+04 1.70e+04 1.64e+04 1.56e+04 1.56e+04 1.46e+04 1.33e+04 1.27e+04 1.24e+04 1.16e+04 1.08e+04 1.05e+04 1.03e+04 9.64e+03 9.52e+03 9.14e+03 8.45e+03 7.98e+03 7.60e+03 7.22e+03 6.94e+03 6.40e+03 6.14e+03 6.08e+03 5.76e+03 5.46e+03 5.48e+03 5.03e+03 4.68e+03 4.40e+03 3.95e+03 3.40e+03 3.29e+03 3.16e+03 2.59e+03 2.90e+03 2.30e+03 2.17e+03 2.06e+03 2.02e+03
18625.00 2.71e+04 2.50e+04 2.43e+04 2.28e+04 2.22e+04 2.16e+04 2.05e+04 1.90e+04 1.83e+04 1.75e+04 1.66e+04 1.56e+04 1.50e+04 1.44e+04 1.37e+04 1.34e+04 1.22e+04 1.24e+04 1.13e+04 1.07e+04 1.01e+04 9.94e+03 9.44e+03 9.11e+03 8.63e+03 8.15e+03 7.74e+03 7.38e+03 7.00e+03 6.74e+03 6.42e+03 6.17e+03 5.92e+03 5.56e+03 5.33e+03 5.10e+03 4.78e+03 4.45e+03 4.28e+03 4.04e+03 3.89e+03 3.50e+03 3.10e+03 2.70e+03 2.54e+03 2.46e+03 2.12e+03 2.05e+03 1.87e+03 1.92e+03
18875.00 2.47e+04 2.28e+04 2.26e+04 2.16e+04 2.07e+04 1.96e+04 1.82e+04 1.74e+04 1.67e+04 1.61e+04 1.51e+04 1.45e+04 1.37e+04 1.32e+04 1.24e+04 1.23e+04 1.16e+04 1.07e+04 1.03e+04 9.60e+03 9.25e+03 9.05e+03 8.68e+03 8.17e+03 7.83e+03 7.47e+03 7.19e+03 6.89e+03 6.53e+03 6.26e+03 5.94e+03 5.71e+03 5.43e+03 5.15e+03 4.96e+03 4.75e+03 4.50e+03 4.34e+03 4.12e+03 3.90e+03 3.70e+03 3.43e+03 3.19e+03 2.93e+03 2.83e+03 2.53e+03 2.28e+03 2.17e+03 2.03e+03 1.81e+03
19125.00 2.25e+04 2.18e+04 2.06e+04 1.98e+04 1.84e+04 1.74e+04 1.68e+04 1.65e+04 1.56e+04 1.47e+04 1.39e+04 1.31e+04 1.30e+04 1.19e+04 1.14e+04 1.10e+04 1.05e+04 1.01e+04 9.44e+03 8.93e+03 8.60e+03 8.23e+03 8.05e+03 7.68e+03 7.13e+03 6.80e+03 6.65e+03 6.21e+03 5.95e+03 5.76e+03 5.39e+03 5.13e+03 4.93e+03 4.71e+03 4.49e+03 4.33e+03 4.02e+03 3.89e+03 3.69e+03 3.56e+03 3.36e+03 3.07e+03 2.84e+03 2.72e+03 2.44e+03 2.29e+03 2.08e+03 1.86e+03 1.81e+03 1.69e+03
19375.00 2.16e+04 2.04e+04 2.10e+04 1.93e+04 1.69e+04 1.63e+04 1.65e+04 1.50e+04 1.44e+04 1.38e+04 1.32e+04 1.25e+04 1.12e+04 1.09e+04 1.03e+04 9.97e+03 9.81e+03 1.01e+04 8.65e+03 8.25e+03 8.09e+03 7.77e+03 7.33e+03 7.19e+03 6.68e+03 6.26e+03 6.20e+03 5.72e+03 5.36e+03 5.21e+03 4.95e+03 4.65e+03 4.51e+03 4.25e+03 4.09e+03 3.88e+03 3.67e+03 3.52e+03 3.38e+03 3.24e+03 3.05e+03 2.91e+03 2.64e+03 2.50e+03 2.19e+03 2.21e+03 1.83e+03 1.92e+03 1.93e+03 1.48e+03
19625.00 1.91e+04 1.80e+04 1.80e+04 1.69e+04 1.60e+04 1.46e+04 1.39e+04 1.37e+04 1.26e+04 1.26e+04 1.20e+04 1.19e+04 1.15e+04 1.02e+04 9.64e+03 9.22e+03 8.73e+03 8.50e+03 8.20e+03 7.66e+03 7.35e+03 6.95e+03 6.63e+03 6.42e+03 6.36e+03 5.83e+03 5.57e+03 5.15e+03 4.92e+03 4.83e+03 4.60e+03 4.43e+03 4.14e+03 3.97e+03 3.71e+03 3.60e+03 3.55e+03 3.28e+03 3.09e+03 2.97e+03 2.80e+03 2.74e+03 2.51e+03 2.10e+03 1.85e+03 1.80e+03 1.71e+03 1.47e+03 1.60e+03 1.35e+03
19875.00 1.83e+04 1.65e+04 1.56e+04 1.51e+04 1.44e+04 1.42e+04 1.29e+04 1.24e+04 1.30e+04 1.19e+04 1.10e+04 1.09e+04 9.79e+03 9.42e+03 9.10e+03 8.64e+03 8.31e+03 7.84e+03 7.38e+03 6.99e+03 6.87e+03 6.55e+03 6.10e+03 6.01e+03 5.67e+03 5.37e+03 5.17e+03 4.80e+03 4.62e+03 4.40e+03 4.22e+03 4.42e+03 3.96e+03 3.64e+03 3.51e+03 3.36e+03 3.22e+03 3.13e+03 2.84e+03 2.71e+03 2.51e+03 2.48e+03 2.31e+03 2.03e+03 1.75e+03 1.64e+03 1.51e+03 1.46e+03 1.32e+03 1.24e+03
20125.00 1.64e+04 1.56e+04 1.47e+04 1.42e+04 1.31e+04 1.25e+04 1.19e+04 1.14e+04 1.13e+04 1.03e+04 9.97e+03 9.61e+03 8.94e+03 8.51e+03 8.16e+03 7.86e+03 7.46e+03 7.24e+03 6.65e+03 6.68e+03 6.08e+03 5.88e+03 5.71e+03 5.59e+03 5.23e+03 4.82e+03 4.65e+03 4.47e+03 4.37e+03 4.09e+03 3.96e+03 3.71e+03 3.50e+03 3.36e+03 3.22e+03 3.05e+03 2.99e+03 2.87e+03 2.67e+03 2.51e+03 2.42e+03 2.35e+03 2.20e+03 2.02e+03 1.84e+03 1.75e+03 1.69e+03 1.55e+03 1.50e+03 1.31e+03
20375.00 1.49e+04 1.45e+04 1.37e+04 1.28e+04 1.22e+04 1.21e+04 1.19e+04 1.15e+04 1.03e+04 9.21e+03 9.19e+03 9.15e+03 8.07e+03 7.85e+03 7.42e+03 7.19e+03 6.73e+03 6.71e+03 6.58e+03 6.32e+03 5.65e+03 5.45e+03 5.33e+03 4.85e+03 4.81e+03 4.47e+03 4.27e+03 4.09e+03 3.88e+03 3.73e+03 3.51e+03 3.37e+03 3.35e+03 3.14e+03 2.99e+03 2.83e+03 2.68e+03 2.57e+03 2.39e+03 2.26e+03 2.07e+03 1.98e+03 1.81e+03 1.72e+03 1.57e+03 1.43e+03 1.54e+03 1.42e+03 1.15e+03 1.22e+03
20625.00 1.36e+04 1.33e+04 1.22e+04 1.16e+04 1.12e+04 1.08e+04 9.86e+03 9.41e+03 9.53e+03 9.17e+03 8.83e+03 8.52e+03 7.61e+03 7.47e+03 6.77e+03 6.58e+03 6.23e+03 6.00e+03 5.73e+03 5.46e+03 5.10e+03 4.86e+03 4.66e+03 4.52e+03 4.47e+03 4.24e+03 4.20e+03 3.77e+03 3.63e+03 3.54e+03 3.33e+03 3.19e+03 3.08e+03 2.90e+03 2.77e+03 2.59e+03 2.49e+03 2.40e+03 2.26e+03 2.13e+03 2.03e+03 1.90e+03 1.92e+03 1.77e+03 1.55e+03 1.48e+03 1.32e+03 1.29e+03 1.27e+03 1.09e+03
20875.00 1.32e+04 1.28e+04 1.13e+04 1.11e+04 1.05e+04 1.02e+04 9.32e+03 8.67e+03 8.22e+03 8.49e+03 8.33e+03 7.57e+03 6.86e+03 6.57e+03 6.35e+03 6.06e+03 5.85e+03 5.63e+03 5.50e+03 5.19e+03 4.87e+03 4.73e+03 4.41e+03 4.18e+03 4.01e+03 3.86e+03 3.64e+03 3.65e+03 3.44e+03 3.29e+03 3.31e+03 3.04e+03 2.74e+03 2.64e+03 2.57e+03 2.46e+03 2.38e+03 2.24e+03 2.06e+03 1.93e+03 1.82e+03 1.75e+03 1.67e+03 1.54e+03 1.38e+03 1.32e+03 1.23e+03 1.19e+03 1.09e+03 1.09e+03
21125.00 1.10e+04 1.18e+04 1.09e+04 9.62e+03 8.99e+03 9.57e+03 9.08e+03 8.76e+03 8.36e+03 7.62e+03 7.65e+03 6.69e+03 6.47e+03 6.21e+03 6.34e+03 5.44e+03 5.21e+03 5.40e+03 5.14e+03 4.69e+03 4.42e+03 4.41e+03 4.39e+03 3.85e+03 3.76e+03 3.89e+03 3.34e+03 3.18e+03 3.18e+03 2.90e+03 2.77e+03 2.66e+03 2.54e+03 2.41e+03 2.31e+03 2.29e+03 2.09e+03 2.03e+03 1.89e+03 1.80e+03 1.73e+03 1.63e+03 1.58e+03 1.43e+03 1.37e+03 1.17e+03 1.11e+03 9.87e+02 9.59e+02 8.92e+02
21375.00 1.09e+04 1.06e+04 1.00e+04 9.08e+03 8.59e+03 8.70e+03 8.38e+03 8.10e+03 7.78e+03 7.36e+03 6.85e+03 6.46e+03 5.97e+03 5.64e+03 5.38e+03 5.16e+03 4.90e+03 4.69e+03 4.53e+03 4.22e+03 4.03e+03 3.85e+03 3.71e+03 3.55e+03 3.48e+03 3.28e+03 3.16e+03 3.03e+03 3.01e+03 2.71e+03 2.60e+03 2.48e+03 2.44e+03 2.27e+03 2.20e+03 2.11e+03 1.95e+03 1.94e+03 1.78e+03 1.67e+03 1.58e+03 1.50e+03 1.44e+03 1.39e+03 1.23e+03 1.14e+03 1.07e+03 1.03e+03 9.45e+02 9.94e+02
21625.00 9.62e+03 9.60e+03 9.07e+03 9.38e+03 8.73e+03 7.77e+03 7.66e+03 6.62e+03 6.89e+03 6.59e+03 6.31e+03 5.65e+03 5.41e+03 5.21e+03 5.02e+03 4.74e+03 4.74e+03 4.37e+03 4.31e+03 3.89e+03 3.91e+03 3.56e+03 3.39e+03 3.24e+03 3.18e+03 2.99e+03 2.84e+03 2.70e+03 2.76e+03 2.60e+03 2.37e+03 2.26e+03 2.16e+03 2.05e+03 1.95e+03 1.85e+03 1.76e+03 1.68e+03 1.58e+03 1.53e+03 1.39e+03 1.28e+03 1.19e+03 1.22e+03 1.08e+03 1.02e+03 9.83e+02 9.33e+02 8.03e+02 7.49e+02
21875.00 8.84e+03 8.50e+03 8.22e+03 8.24e+03 7.06e+03 7.01e+03 6.98e+03 6.43e+03 5.99e+03 5.95e+03 5.70e+03 5.50e+03 5.03e+03 4.85e+03 4.74e+03 4.36e+03 4.19e+03 4.03e+03 3.76e+03 3.73e+03 3.50e+03 3.31e+03 3.42e+03 3.27e+03 2.95e+03 2.82e+03 2.75e+03 2.55e+03 2.41e+03 2.31e+03 2.31e+03 2.11e+03 2.01e+03 1.93e+03 1.86e+03 1.75e+03 1.70e+03 1.62e+03 1.56e+03 1.52e+03 1.36e+03 1.27e+03 1.22e+03 1.20e+03 1.09e+03 9.99e+02 9.53e+02 8.16e+02 7.83e+02 7.58e+02
22125.00 9.18e+03 8.88e+03 7.92e+03 7.92e+03 6.53e+03 6.30e+03 6.17e+03 5.69e+03 5.93e+03 6.23e+03 5.42e+03 4.78e+03 4.54e+03 4.37e+03 4.15e+03 4.35e+03 3.87e+03 3.65e+03 3.50e+03 3.64e+03 3.76e+03 3.17e+03 2.90e+03 2.77e+03 2.66e+03 2.53e+03 2.58e+03 2.38e+03 2.22e+03 2.33e+03 2.31e+03 1.99e+03 1.84e+03 1.76e+03 1.76e+03 1.61e+03 1.53e+03 1.46e+03 1.40e+03 1.34e+03 1.24e+03 1.17e+03 1.13e+03 1.07e+03 9.95e+02 9.08e+02 8.12e+02 7.82e+02 6.99e+02 6.66e+02
22375.00 7.72e+03 7.46e+03 7.09e+03 6.62e+03 6.02e+03 6.19e+03 5.94e+03 5.57e+03 5.50e+03 4.87e+03 4.77e+03 4.42e+03 4.25e+03 4.09e+03 3.94e+03 3.79e+03 3.75e+03 3.57e+03 3.44e+03 3.16e+03 3.04e+03 2.90e+03 2.80e+03 2.59e+03 2.56e+03 2.46e+03 2.40e+03 2.16e+03 2.20e+03 2.03e+03 1.90e+03 1.80e+03 1.74e+03 1.70e+03 1.55e+03 1.54e+03 1.42e+03 1.36e+03 1.30e+03 1.22e+03 1.18e+03 1.13e+03 1.06e+03 9.48e+02 8.99e+02 7.98e+02 7.59e+02 7.29e+02 7.57e+02 6.31e+02
22625.00 7.09e+03 7.01e+03 7.27e+03 6.49e+03 5.86e+03 5.39e+03 5.33e+03 5.24e+03 5.00e+03 4.73e+03 4.50e+03 4.78e+03 4.04e+03 4.17e+03 3.96e+03 3.37e+03 3.35e+03 3.12e+03 3.24e+03 2.96e+03 2.79e+03 2.68e+03 2.60e+03 2.40e+03 2.28e+03 2.16e+03 2.07e+03 2.14e+03 2.10e+03 1.83e+03 1.72e+03 1.80e+03 1.68e+03 1.50e+03 1.42e+03 1.37e+03 1.31e+03 1.24e+03 1.26e+03 1.12e+03 1.04e+03 9.46e+02 8.53e+02 9.71e+02 7.55e+02 6.99e+02 6.76e+02 6.47e+02 6.23e+02 5.93e+02
22875.00 6.25e+03 7.00e+03 7.01e+03 6.04e+03 5.32e+03 4.89e+03 4.82e+03 4.82e+03 4.41e+03 4.25e+03 3.98e+03 3.83e+03 3.60e+03 3.47e+03 3.50e+03 3.16e+03 3.03e+03 2.88e+03 2.80e+03 2.62e+03 2.52e+03 2.49e+03 2.30e+03 2.20e+03 2.11e+03 2.02e+03 1.92e+03 1.84e+03 1.76e+03 1.69e+03 1.70e+03 1.55e+03 1.46e+03 1.39e+03 1.32e+03 1.27e+03 1.20e+03 1.16e+03 1.11e+03 1.03e+03 9.89e+02 9.22e+02 9.38e+02 8.71e+02 7.88e+02 7.38e+02 6.77e+02 6.08e+02 6.10e+02 5.39e+02
23125.00 6.11e+03 5.92e+03 5.26e+03 5.38e+03 5.07e+03 4.83e+03 4.66e+03 4.54e+03 4.07e+03 3.86e+03 3.82e+03 3.70e+03 3.38e+03 3.23e+03 3.04e+03 3.16e+03 2.77e+03 2.85e+03 2.58e+03 2.45e+03 2.36e+03 2.28e+03 2.12e+03 2.03e+03 2.00e+03 2.01e+03 1.83e+03 1.69e+03 1.61e+03 1.56e+03 1.48e+03 1.43e+03 1.37e+03 1.31e+03 1.23e+03 1.19e+03 1.19e+03 1.14e+03 1.05e+03 9.83e+02 9.02e+02 8.46e+02 7.98e+02 7.73e+02 6.74e+02 7.06e+02 5.90e+02 6.07e+02 6.23e+02 4.86e+02
23375.00 5.43e+03 5.20e+03 5.13e+03 5.06e+03 4.44e+03 4.41e+03 4.30e+03 3.94e+03 3.72e+03 3.59e+03 3.46e+03 3.82e+03 3.05e+03 3.12e+03 3.11e+03 2.68e+03 2.66e+03 2.57e+03 2.55e+03 2.27e+03 2.15e+03 2.05e+03 1.96e+03 1.89e+03 1.79e+03 1.76e+03 1.64e+03 1.61e+03 1.58e+03 1.49e+03 1.36e+03 1.31e+03 1.24e+03 1.20e+03 1.15e+03 1.07e+03 1.03e+03 9.89e+02 9.78e+02 8.57e+02 8.26e+02 7.96e+02 7.65e+02 6.90e+02 6.59e+02 5.87e+02 6.32e+02 6.15e+02 4.95e+02 4.47e+02
23625.00 4.87e+03 4.92e+03 5.25e+03 4.59e+03 4.58e+03 4.40e+03 3.76e+03 3.56e+03 4.28e+03 3.54e+03 3.08e+03 3.20e+03 3.04e+03 2.80e+03 2.61e+03 2.50e+03 2.52e+03 2.41e+03 2.18e+03 2.08e+03 2.17e+03 1.89e+03 1.82e+03 1.73e+03 1.66e+03 1.59e+03 1.52e+03 1.51e+03 1.39e+03 1.33e+03 1.26e+03 1.21e+03 1.21e+03 1.10e+03 1.05e+03 1.01e+03 9.84e+02 9.22e+02 8.75e+02 8.38e+02 7.76e+02 7.32e+02 7.56e+02 6.55e+02 6.12e+02 5.35e+02 5.21e+02 4.77e+02 5.03e+02 4.48e+02
23875.00 4.54e+03 4.40e+03 4.25e+03 3.91e+03 3.93e+03 3.59e+03 3.47e+03 3.30e+03 3.16e+03 3.02e+03 2.87e+03 2.93e+03 2.88e+03 2.51e+03 2.48e+03 2.33e+03 2.41e+03 2.09e+03 2.11e+03 1.92e+03 1.83e+03 1.75e+03 1.68e+03 1.60e+03 1.53e+03 1.46e+03 1.40e+03 1.46e+03 1.27e+03 1.33e+03 1.16e+03 1.11e+03 1.06e+03 1.01e+03 9.68e+02 9.25e+02 1.00e+03 9.86e+02 8.35e+02 7.69e+02 7.27e+02 6.79e+02 6.09e+02 6.12e+02 5.99e+02 5.14e+02 5.10e+02 4.64e+02 4.79e+02 3.88e+02
24125.00 4.18e+03 4.35e+03 4.51e+03 4.55e+03 3.47e+03 3.33e+03 3.26e+03 3.06e+03 3.14e+03 2.89e+03 2.70e+03 2.57e+03 2.76e+03 2.65e+03 2.55e+03 2.25e+03 2.06e+03 2.03e+03 1.99e+03 1.77e+03 1.70e+03 1.67e+03 1.59e+03 1.53e+03 1.42e+03 1.41e+03 1.30e+03 1.24e+03 1.18e+03 1.22e+03 1.08e+03 1.03e+03 9.83e+02 9.39e+02 8.96e+02 8.53e+02 8.61e+02 7.81e+02 7.42e+02 6.99e+02 6.69e+02 6.73e+02 6.91e+02 5.64e+02 5.38e+02 4.78e+02 4.52e+02 4.37e+02 3.92e+02 3.79e+02
24375.00 3.82e+03 3.67e+03 3.88e+03 3.70e+03 3.21e+03 3.18e+03 3.01e+03 2.82e+03 2.70e+03 3.08e+03 3.03e+03 2.33e+03 2.25e+03 2.15e+03 2.30e+03 1.95e+03 1.97e+03 1.81e+03 1.90e+03 1.89e+03 1.56e+03 1.50e+03 1.44e+03 1.50e+03 1.32e+03 1.39e+03 1.19e+03 1.14e+03 1.10e+03 1.06e+03 1.01e+03 9.76e+02 9.12e+02 8.68e+02 8.52e+02 7.93e+02 8.45e+02 7.17e+02 7.44e+02 6.58e+02 6.18e+02 5.85e+02 5.40e+02 5.13e+02 4.96e+02 4.36e+02 4.02e+02 4.89e+02 4.02e+02 3.49e+02
24625.00 3.81e+03 3.37e+03 3.25e+03 3.11e+03 2.97e+03 2.89e+03 2.79e+03 2.77e+03 2.49e+03 2.38e+03 2.34e+03 2.18e+03 2.56e+03 2.01e+03 1.94e+03 2.09e+03 1.75e+03 1.67e+03 1.59e+03 1.67e+03 1.44e+03 1.39e+03 1.33e+03 1.32e+03 1.22e+03 1.19e+03 1.11e+03 1.06e+03 1.01e+03 9.68e+02 9.22e+02 8.82e+02 8.40e+02 7.91e+02 7.63e+02 7.26e+02 6.97e+02 6.65e+02 6.35e+02 5.92e+02 5.61e+02 5.35e+02 4.75e+02 4.82e+02 4.24e+02 4.16e+02 3.74e+02 3.53e+02 3.27e+02 3.11e+02
24875.00 3.29e+03 3.15e+03 3.26e+03 3.06e+03 2.91e+03 2.73e+03 2.54e+03 2.63e+03 2.50e+03 2.47e+03 2.24e+03 2.19e+03 2.10e+03 1.90e+03 1.91e+03 1.84e+03 1.60e+03 1.57e+03 1.48e+03 1.41e+03 1.35e+03 1.37e+03 1.30e+03 1.22e+03 1.18e+03 1.07e+03 1.03e+03 1.00e+03 9.55e+02 9.45e+02 9.25e+02 8.14e+02 7.80e+02 7.43e+02 7.09e+02 6.77e+02 6.47e+02 6.21e+02 5.95e+02 5.56e+02 5.82e+02 5.65e+02 4.71e+02 4.36e+02 4.20e+02 4.15e+02 3.67e+02 3.70e+02 3.19e+02 3.01e+02
25125.00 3.19e+03 2.89e+03 2.80e+03 2.68e+03 2.79e+03 2.61e+03 2.34e+03 2.63e+03 2.42e+03 2.04e+03 1.96e+03 1.90e+03 1.79e+03 1.71e+03 1.65e+03 1.62e+03 1.49e+03 1.62e+03 1.35e+03 1.30e+03 1.31e+03 1.19e+03 1.14e+03 1.09e+03 1.05e+03 1.01e+03 1.14e+03 8.98e+02 8.66e+02 8.28e+02 7.98e+02 7.57e+02 7.22e+02 6.88e+02 6.87e+02 7.26e+02 6.25e+02 5.73e+02 5.44e+02 5.18e+02 4.92e+02 5.10e+02 4.37e+02 4.19e+02 4.23e+02 3.70e+02 3.30e+02 3.35e+02 3.17e+02 2.79e+02
25375.00 2.83e+03 2.70e+03 2.58e+03 2.47e+03 2.36e+03 2.26e+03 2.16e+03 2.08e+03 2.02e+03 2.05e+03 1.94e+03 1.87e+03 1.86e+03 1.74e+03 1.51e+03 1.48e+03 1.39e+03 1.32e+03 1.27e+03 1.21e+03 1.16e+03 1.11e+03 1.06e+03 1.01e+03 1.07e+03 9.11e+02 9.79e+02 8.32e+02 8.03e+02 7.67e+02 7.33e+02 6.99e+02 7.00e+02 6.42e+02 6.09e+02 5.91e+02 5.54e+02 5.25e+02 5.00e+02 4.79e+02 4.53e+02 4.38e+02 4.12e+02 3.80e+02 3.41e+02 3.31e+02 3.02e+02 3.06e+02 3.21e+02 2.77e+02
25625.00 2.71e+03 2.63e+03 2.36e+03 2.85e+03 2.45e+03 2.07e+03 2.07e+03 2.03e+03 1.83e+03 1.79e+03 1.76e+03 1.60e+03 1.53e+03 1.47e+03 1.57e+03 1.32e+03 1.28e+03 1.23e+03 1.17e+03 1.20e+03 1.29e+03 1.01e+03 9.76e+02 1.02e+03 8.83e+02 8.51e+02 8.14e+02 7.80e+02 7.43e+02 7.62e+02 6.93e+02 6.48e+02 6.19e+02 5.88e+02 5.62e+02 6.79e+02 5.38e+02 5.20e+02 5.13e+02 4.37e+02 4.16e+02 4.08e+02 3.63e+02 3.49e+02 3.40e+02 3.15e+02 2.79e+02 3.12e+02 2.93e+02 2.40e+02
25875.00 2.43e+03 2.49e+03 2.28e+03 2.27e+03 2.15e+03 2.22e+03 1.87e+03 2.01e+03 1.71e+03 1.77e+03 1.89e+03 1.54e+03 1.50e+03 1.51e+03 1.52e+03 1.25e+03 1.19e+03 1.15e+03 1.23e+03 1.05e+03 1.01e+03 1.05e+03 8.95e+02 8.81e+02 8.30e+02 7.92e+02 7.55e+02 7.20e+02 6.89e+02 6.61e+02 6.89e+02 5.92e+02 5.81e+02 5.47e+02 5.23e+02 5.25e+02 4.74e+02 4.54e+02 4.60e+02 4.09e+02 3.89e+02 3.73e+02 3.72e+02 3.27e+02 3.39e+02 2.89e+02 2.68e+02 2.80e+02 2.63e+02 2.26e+02
26125.00 2.24e+03 2.16e+03 2.09e+03 2.01e+03 1.96e+03 1.96e+03 1.70e+03 1.64e+03 1.58e+03 1.68e+03 1.43e+03 1.38e+03 1.32e+03 1.32e+03 1.24e+03 1.26e+03 1.09e+03 1.05e+03 1.14e+03 9.64e+02 1.06e+03 8.65e+02 8.51e+02 8.09e+02 8.03e+02 7.32e+02 6.99e+02 6.67e+02 6.37e+02 6.10e+02 5.82e+02 5.56e+02 5.44e+02 5.10e+02 4.86e+02 4.79e+02 4.38e+02 4.21e+02 4.24e+02 4.48e+02 3.57e+02 3.88e+02 3.40e+02 3.28e+02 3.15e+02 2.75e+02 2.66e+02 2.42e+02 2.19e+02 2.21e+02
26375.00 2.08e+03 2.40e+03 1.91e+03 1.91e+03 2.07e+03 1.84e+03 1.58e+03 1.58e+03 1.74e+03 1.51e+03 1.32e+03 1.28e+03 1.40e+03 1.33e+03 1.33e+03 1.10e+03 1.02e+03 1.07e+03 9.20e+02 8.91e+02 9.43e+02 8.04e+02 8.31e+02 7.35e+02 7.57e+02 7.29e+02 6.41e+02 6.27e+02 5.92e+02 5.66e+02 5.82e+02 5.08e+02 4.96e+02 5.30e+02 4.50e+02 5.18e+02 4.14e+02 3.90e+02 3.85e+02 3.56e+02 3.31e+02 3.19e+02 2.96e+02 2.85e+02 2.76e+02 2.62e+02 2.43e+02 2.65e+02 2.12e+02 1.96e+02
26625.00 2.38e+03 1.94e+03 1.83e+03 1.99e+03 1.63e+03 1.69e+03 1.48e+03 1.42e+03 1.38e+03 1.39e+03 1.43e+03 1.24e+03 1.20e+03 1.25e+03 1.10e+03 9.77e+02 1.05e+03 8.91e+02 8.64e+02 8.74e+02 7.80e+02 8.10e+02 8.30e+02 7.01e+02 6.59e+02 6.29e+02 6.00e+02 5.74e+02 5.47e+02 5.23e+02 5.13e+02 5.12e+02 4.48e+02 4.33e+02 4.14e+02 4.43e+02 4.41e+02 3.54e+02 3.40e+02 3.26e+02 3.10e+02 3.58e+02 3.12e+02 2.60e+02 2.51e+02 2.58e+02 2.33e+02 2.02e+02 1.96e+02 1.92e+02
26875.00 1.90e+03 2.23e+03 1.62e+03 1.59e+03 1.60e+03 1.54e+03 1.55e+03 1.48e+03 1.23e+03 1.32e+03 1.30e+03 1.08e+03 1.05e+03 1.01e+03 9.62e+02 9.21e+02 8.79e+02 8.40e+02 8.02e+02 7.67e+02 7.46e+02 7.02e+02 6.70e+02 6.39e+02 6.46e+02 5.76e+02 5.56e+02 5.31e+02 5.08e+02 4.85e+02 5.06e+02 4.36e+02 4.38e+02 4.93e+02 3.78e+02 3.96e+02 3.45e+02 3.35e+02 3.19e+02 3.03e+02 2.88e+02 2.74e+02 2.65e+02 2.43e+02 2.28e+02 2.13e+02 1.95e+02 1.95e+02 1.76e+02 1.65e+02
27125.00 1.79e+03 1.75e+03 1.70e+03 1.44e+03 1.40e+03 1.37e+03 1.27e+03 1.23e+03 1.20e+03 1.11e+03 1.07e+03 1.02e+03 1.08e+03 1.02e+03 1.06e+03 8.50e+02 8.15e+02 7.79e+02 7.45e+02 7.12e+02 6.80e+02 6.50e+02 6.36e+02 5.90e+02 5.83e+02 6.01e+02 5.09e+02 4.93e+02 4.72e+02 4.51e+02 4.30e+02 4.56e+02 4.42e+02 3.68e+02 3.91e+02 3.54e+02 3.19e+02 3.09e+02 2.97e+02 2.82e+02 2.67e+02 2.74e+02 2.42e+02 2.30e+02 2.20e+02 2.03e+02 1.95e+02 1.83e+02 1.72e+02 1.63e+02
27375.00 1.66e+03 1.64e+03 1.40e+03 1.35e+03 1.29e+03 1.25e+03 1.18e+03 1.32e+03 1.24e+03 1.18e+03 1.06e+03 9.33e+02 9.03e+02 8.66e+02 8.92e+02 8.33e+02 7.44e+02 7.20e+02 6.90e+02 6.60e+02 6.31e+02 6.03e+02 6.61e+02 5.39e+02 6.36e+02 4.98e+02 4.79e+02 4.57e+02 4.76e+02 4.11e+02 4.00e+02 3.80e+02 3.63e+02 3.47e+02 3.59e+02 3.09e+02 2.99e+02 2.87e+02 2.73e+02 2.63e+02 2.56e+02 2.35e+02 2.71e+02 2.11e+02 2.21e+02 1.90e+02 1.94e+02 1.80e+02 1.55e+02 1.45e+02
27625.00 1.54e+03 1.34e+03 1.37e+03 1.24e+03 1.20e+03 1.15e+03 1.10e+03 1.05e+03 1.01e+03 9.63e+02 9.88e+02 8.63e+02 8.32e+02 9.62e+02 7.66e+02 7.34e+02 7.02e+02 7.97e+02 6.34e+02 6.12e+02 5.85e+02 5.60e+02 5.34e+02 5.25e+02 5.52e+02 5.28e+02 4.38e+02 4.24e+02 4.49e+02 3.81e+02 3.69e+02 3.99e+02 3.30e+02 3.20e+02 3.43e+02 3.01e+02 2.76e+02 2.65e+02 2.52e+02 2.66e+02 2.29e+02 2.22e+02 2.14e+02 1.96e+02 1.80e+02 1.74e+02 1.67e+02 1.52e+02 1.51e+02 1.45e+02
27875.00 1.41e+03 1.25e+03 1.21e+03 1.21e+03 1.24e+03 1.04e+03 1.01e+03 9.74e+02 9.33e+02 8.93e+02 8.54e+02 8.16e+02 7.80e+02 7.46e+02 7.25e+02 6.76e+02 6.51e+02 6.23e+02 5.95e+02 5.69e+02 5.43e+02 5.28e+02 4.92e+02 4.74e+02 4.53e+02 4.33e+02 4.13e+02 3.94e+02 3.76e+02 3.59e+02 3.47e+02 3.75e+02 3.07e+02 3.52e+02 2.81e+02 2.70e+02 3.13e+02 3.12e+02 2.34e+02 2.24e+02 2.13e+02 2.36e+02 2.06e+02 1.87e+02 1.90e+02 1.84e+02 1.66e+02 1.45e+02 1.35e+02 1.36e+02
28125.00 1.40e+03 1.18e+03 1.40e+03 1.17e+03 1.16e+03 9.78e+02 9.49e+02 9.07e+02 9.65e+02 8.49e+02 9.17e+02 7.70e+02 7.46e+02 8.39e+02 7.26e+02 6.22e+02 6.03e+02 6.87e+02 6.27e+02 6.10e+02 5.05e+02 4.82e+02 5.28e+02 4.35e+02 4.49e+02 4.54e+02 3.76e+02 4.16e+02 4.24e+02 4.08e+02 3.17e+02 3.14e+02 2.88e+02 2.77e+02 2.64e+02 2.51e+02 2.40e+02 2.58e+02 2.15e+02 2.27e+02 2.05e+02 1.88e+02 1.81e+02 1.74e+02 1.61e+02 1.47e+02 1.40e+02 1.61e+02 1.24e+02 1.15e+02
28375.00 1.22e+03 1.07e+03 1.25e+03 1.30e+03 9.42e+02 9.19e+02 8.81e+02 8.43e+02 8.07e+02 8.53e+02 8.72e+02 7.39e+02 7.06e+02 6.31e+02 6.52e+02 5.77e+02 5.60e+02 6.45e+02 5.12e+02 4.90e+02 4.69e+02 4.48e+02 4.65e+02 4.45e+02 4.59e+02 3.72e+02 3.56e+02 3.51e+02 3.61e+02 3.04e+02 2.95e+02 2.82e+02 2.70e+02 2.57e+02 2.45e+02 2.34e+02 2.26e+02 2.11e+02 2.02e+02 2.32e+02 2.20e+02 1.75e+02 1.64e+02 1.57e+02 1.52e+02 1.41e+02 1.32e+02 1.35e+02 1.17e+02 1.07e+02
28625.00 1.07e+03 1.02e+03 1.10e+03 9.31e+02 8.94e+02 8.56e+02 8.10e+02 7.81e+02 7.48e+02 8.25e+02 7.34e+02 8.08e+02 7.70e+02 5.96e+02 5.71e+02 5.46e+02 5.22e+02 5.08e+02 4.72e+02 4.55e+02 4.35e+02 4.57e+02 4.41e+02 3.71e+02 3.81e+02 3.81e+02 3.25e+02 3.15e+02 3.02e+02 2.91e+02 2.72e+02 2.62e+02 2.50e+02 2.39e+02 2.44e+02 2.13e+02 2.06e+02 1.98e+02 1.88e+02 1.83e+02 1.71e+02 1.64e+02 1.56e+02 1.61e+02 1.70e+02 1.32e+02 1.27e+02 1.22e+02 1.09e+02 1.04e+02
28875.00 1.27e+03 9.43e+02 1.05e+03 9.02e+02 8.13e+02 9.34e+02 7.59e+02 7.19e+02 6.94e+02 6.65e+02 7.74e+02 6.07e+02 6.46e+02 5.95e+02 5.91e+02 6.14e+02 5.09e+02 5.30e+02 4.40e+02 4.23e+02 4.04e+02 3.86e+02 4.20e+02 3.48e+02 3.36e+02 3.22e+02 3.07e+02 3.07e+02 2.75e+02 2.78e+02 2.58e+02 2.45e+02 2.30e+02 2.21e+02 2.11e+02 2.01e+02 2.17e+02 1.80e+02 1.74e+02 1.67e+02 1.95e+02 1.63e+02 1.43e+02 1.38e+02 1.45e+02 1.21e+02 1.18e+02 1.08e+02 1.20e+02 1.05e+02
29125.00 9.16e+02 8.79e+02 9.41e+02 9.68e+02 7.62e+02 7.36e+02 6.98e+02 6.73e+02 6.38e+02 6.16e+02 5.83e+02 6.79e+02 6.34e+02 5.62e+02 4.86e+02 4.70e+02 4.50e+02 4.25e+02 4.10e+02 3.93e+02 3.71e+02 3.58e+02 3.67e+02 3.20e+02 3.53e+02 3.56e+02 2.83e+02 2.72e+02 2.90e+02 2.45e+02 2.74e+02 2.41e+02 2.11e+02 2.05e+02 1.96e+02 1.85e+02 1.78e+02 1.94e+02 1.61e+02 1.62e+02 1.46e+02 1.40e+02 1.35e+02 1.55e+02 1.33e+02 1.29e+02 1.32e+02 1.11e+02 9.58e+01 9.23e+01
29375.00 9.86e+02 8.09e+02 8.57e+02 8.18e+02 7.47e+02 7.55e+02 6.46e+02 6.21e+02 5.99e+02 5.68e+02 6.03e+02 5.90e+02 4.99e+02 5.20e+02 4.51e+02 4.37e+02 4.14e+02 4.62e+02 3.80e+02 3.65e+02 3.45e+02 3.32e+02 3.18e+02 3.01e+02 2.90e+02 2.78e+02 2.65e+02 2.51e+02 2.41e+02 2.44e+02 2.43e+02 2.16e+02 1.96e+02 1.90e+02 1.82e+02 1.71e+02 1.87e+02 1.69e+02 1.46e+02 1.41e+02 1.34e+02 1.30e+02 1.41e+02 1.16e+02 1.21e+02 1.02e+02 9.95e+01 9.24e+01 8.74e+01 8.11e+01
29625.00 8.74e+02 8.37e+02 7.25e+02 8.47e+02 6.51e+02 6.34e+02 6.02e+02 5.82e+02 5.51e+02 5.32e+02 5.85e+02 6.22e+02 4.74e+02 4.91e+02 4.19e+02 5.17e+02 5.17e+02 4.57e+02 3.54e+02 3.35e+02 3.23e+02 3.06e+02 2.95e+02 2.79e+02 2.69e+02 2.68e+02 2.41e+02 2.34e+02 2.28e+02 2.09e+02 2.04e+02 1.95e+02 1.84e+02 1.77e+02 1.69e+02 1.59e+02 1.53e+02 1.55e+02 1.37e+02 1.33e+02 1.59e+02 1.30e+02 1.13e+02 1.09e+02 1.24e+02 1.01e+02 9.49e+01 9.05e+01 8.15e+01 7.79e+01
29875.00 7.77e+02 7.02e+02 7.70e+02 7.78e+02 6.06e+02 5.89e+02 5.59e+02 5.52e+02 5.07e+02 5.93e+02 6.05e+02 5.25e+02 4.31e+02 4.09e+02 4.25e+02 3.68e+02 3.80e+02 3.64e+02 3.76e+02 3.14e+02 3.09e+02 2.82e+02 3.33e+02 2.62e+02 2.48e+02 2.81e+02 2.59e+02 2.49e+02 2.07e+02 1.99e+02 1.88e+02 1.95e+02 1.69e+02 2.02e+02 1.57e+02 1.50e+02 1.60e+02 1.35e+02 1.30e+02 1.24e+02 1.32e+02 1.27e+02 1.22e+02 1.05e+02 9.85e+01 1.12e+02 1.05e+02 8.78e+01 8.37e+01 7.34e+01
30125.00 7.07e+02 7.54e+02 7.69e+02 7.00e+02 6.24e+02 6.43e+02 5.15e+02 5.87e+02 5.60e+02 4.59e+02 4.34e+02 5.11e+02 5.91e+02 5.26e+02 3.91e+02 3.42e+02 3.34e+02 3.17e+02 3.06e+02 2.89e+02 2.79e+02 2.64e+02 2.65e+02 2.38e+02 2.32e+02 2.23e+02 2.10e+02 2.02e+02 1.91e+02 2.15e+02 2.11e+02 1.68e+02 1.59e+02 1.53e+02 1.44e+02 1.50e+02 1.54e+02 1.47e+02 1.20e+02 1.15e+02 1.08e+02 1.04e+02 9.98e+01 9.32e+01 9.03e+01 8.24e+01 8.03e+01 7.57e+01 6.97e+01 6.77e+01
30375.00 6.27e+02 7.56e+02 8.01e+02 5.52e+02 5.33e+02 5.05e+02 6.19e+02 5.12e+02 4.96e+02 4.26e+02 4.51e+02 4.88e+02 4.35e+02 4.24e+02 3.37e+02 3.26e+02 3.24e+02 2.91e+02 2.83e+02 2.69e+02 2.59e+02 2.45e+02 2.37e+02 2.24e+02 2.16e+02 2.53e+02 1.97e+02 1.86e+02 2.13e+02 2.20e+02 1.70e+02 1.98e+02 1.60e+02 1.39e+02 1.35e+02 1.28e+02 1.23e+02 1.16e+02 1.12e+02 1.06e+02 1.13e+02 9.88e+01 9.23e+01 9.48e+01 9.20e+01 8.52e+01 7.49e+01 7.27e+01 6.57e+01 6.14e+01
30625.00 6.62e+02 5.62e+02 5.38e+02 5.13e+02 4.96e+02 4.69e+02 4.53e+02 4.29e+02 4.95e+02 4.24e+02 3.74e+02 3.97e+02 3.98e+02 3.81e+02 3.27e+02 3.38e+02 2.95e+02 2.71e+02 2.64e+02 2.50e+02 2.44e+02 2.28e+02 2.20e+02 2.08e+02 2.01e+02 1.90e+02 2.08e+02 1.74e+02 1.65e+02 1.71e+02 1.50e+02 1.45e+02 1.50e+02 1.55e+02 1.32e+02 1.18e+02 1.14e+02 1.21e+02 1.13e+02 9.81e+01 9.45e+01 1.06e+02 8.53e+01 8.25e+01 7.51e+01 7.31e+01 8.33e+01 6.96e+01 6.18e+01 5.72e+01
30875.00 6.16e+02 6.37e+02 5.46e+02 4.76e+02 4.57e+02 4.35e+02 4.25e+02 4.65e+02 3.78e+02 4.01e+02 4.23e+02 3.30e+02 3.45e+02 4.11e+02 3.44e+02 2.81e+02 2.66e+02 2.83e+02 2.78e+02 2.34e+02 2.68e+02 2.14e+02 2.02e+02 1.95e+02 1.85e+02 1.80e+02 1.67e+02 1.62e+02 1.71e+02 1.54e+02 1.38e+02 1.45e+02 1.28e+02 1.41e+02 1.17e+02 1.11e+02 1.05e+02 1.01e+02 9.54e+01 9.21e+01 8.89e+01 9.47e+01 8.03e+01 7.50e+01 7.09e+01 7.39e+01 6.71e+01 6.79e+01 5.70e+01 5.56e+01
31125.00 5.12e+02 5.84e+02 4.83e+02 5.37e+02 4.26e+02 4.04e+02 3.89e+02 4.52e+02 4.27e+02 3.41e+02 4.20e+02 3.87e+02 3.33e+02 2.86e+02 2.71e+02 2.61e+02 2.47e+02 2.39e+02 2.83e+02 2.14e+02 2.08e+02 1.97e+02 1.90e+02 1.80e+02 1.80e+02 1.82e+02 1.57e+02 1.81e+02 1.70e+02 1.37e+02 1.30e+02 1.39e+02 1.19e+02 1.13e+02 1.09e+02 1.03e+02 9.77e+01 9.26e+01 8.99e+01 8.47e+01 8.14e+01 7.56e+01 7.30e+01 6.94e+01 7.18e+01 6.28e+01 5.95e+01 6.15e+01 6.64e+01 5.02e+01
31375.00 6.00e+02 4.65e+02 5.53e+02 4.43e+02 3.98e+02 3.77e+02 3.63e+02 3.46e+02 4.04e+02 3.36e+02 3.03e+02 2.88e+02 2.78e+02 2.63e+02 2.98e+02 2.73e+02 2.32e+02 2.20e+02 2.12e+02 2.31e+02 2.02e+02 1.81e+02 1.76e+02 1.67e+02 1.85e+02 1.76e+02 1.68e+02 1.40e+02 1.56e+02 1.44e+02 1.22e+02 1.15e+02 1.10e+02 1.05e+02 1.21e+02 9.63e+01 9.10e+01 1.03e+02 8.31e+01 7.84e+01 7.59e+01 8.23e+01 6.98e+01 6.46e+01 6.10e+01 5.83e+01 5.41e+01 5.20e+01 4.88e+01 4.67e+01
31625.00 4.44e+02 4.23e+02 4.78e+02 4.42e+02 3.71e+02 3.50e+02 3.36e+02 3.52e+02 3.08e+02 3.19e+02 3.08e+02 3.46e+02 3.02e+02 2.88e+02 2.32e+02 2.25e+02 2.14e+02 2.06e+02 1.95e+02 1.88e+02 1.96e+02 1.70e+02 1.64e+02 1.55e+02 1.67e+02 1.43e+02 1.35e+02 1.30e+02 1.35e+02 1.53e+02 1.38e+02 1.32e+02 1.08e+02 1.18e+02 9.40e+01 8.88e+01 8.46e+01 8.04e+01 7.66e+01 7.41e+01 6.88e+01 6.69e+01 6.33e+01 6.11e+01 5.98e+01 5.40e+01 5.27e+01 4.86e+01 5.01e+01 4.35e+01
31875.00 4.70e+02 3.99e+02 3.79e+02 3.61e+02 3.46e+02 3.29e+02 3.15e+02 3.58e+02 2.85e+02 2.72e+02 2.61e+02 3.21e+02 3.03e+02 2.27e+02 2.20e+02 2.08e+02 2.01e+02 1.90e+02 1.83e+02 1.92e+02 1.86e+02 1.59e+02 1.51e+02 1.46e+02 1.52e+02 1.39e+02 1.46e+02 1.21e+02 1.15e+02 1.19e+02 1.04e+02 1.01e+02 9.51e+01 9.17e+01 8.66e+01 8.25e+01 7.86e+01 7.49e+01 8.66e+01 6.89e+01 6.48e+01 6.25e+01 6.49e+01 5.64e+01 5.36e+01 4.91e+01 5.97e+01 4.86e+01 4.45e+01 4.05e+01
32125.00 4.56e+02 4.17e+02 4.12e+02 3.65e+02 3.25e+02 3.10e+02 2.94e+02 2.95e+02 3.11e+02 2.95e+02 3.06e+02 2.74e+02 2.21e+02 2.13e+02 2.52e+02 2.07e+02 1.86e+02 1.76e+02 1.70e+02 1.61e+02 1.56e+02 1.47e+02 1.42e+02 1.34e+02 1.29e+02 1.33e+02 1.42e+02 1.11e+02 1.08e+02 1.25e+02 1.19e+02 9.61e+01 1.13e+02 8.44e+01 8.18e+01 7.68e+01 7.32e+01 6.97e+01 6.62e+01 6.31e+01 6.10e+01 6.13e+01 5.43e+01 5.27e+01 5.45e+01 4.71e+01 4.91e+01 5.48e+01 4.12e+01 3.77e+01
32375.00 4.28e+02 4.13e+02 3.97e+02 3.49e+02 3.00e+02 2.88e+02 2.77e+02 2.62e+02 2.50e+02 2.39e+02 2.29e+02 2.22e+02 2.37e+02 1.97e+02 1.88e+02 1.91e+02 1.72e+02 1.65e+02 1.90e+02 1.49e+02 1.56e+02 1.38e+02 1.31e+02 1.26e+02 1.31e+02 1.31e+02 1.10e+02 1.04e+02 1.01e+02 9.37e+01 9.10e+01 8.61e+01 8.31e+01 7.83e+01 7.47e+01 7.13e+01 6.79e+01 6.47e+01 6.17e+01 5.96e+01 5.62e+01 5.35e+01 5.56e+01 4.89e+01 5.10e+01 4.56e+01 4.12e+01 3.98e+01 3.96e+01 3.57e+01
32625.00 3.16e+02 3.23e+02 2.91e+02 3.24e+02 3.12e+02 2.63e+02 3.03e+02 2.55e+02 2.37e+02 2.24e+02 2.13e+02 2.04e+02 1.96e+02 1.86e+02 1.75e+02 1.68e+02 1.60e+02 1.53e+02 1.46e+02 1.62e+02 1.44e+02 1.28e+02 1.21e+02 1.17e+02 1.11e+02 1.07e+02 1.01e+02 9.63e+01 9.29e+01 8.77e+01 9.48e+01 9.84e+01 9.29e+01 7.28e+01 6.94e+01 6.61e+01 6.32e+01 6.03e+01 5.74e+01 5.47e+01 5.20e+01 5.03e+01 4.66e+01 4.55e+01 4.29e+01 4.01e+01 3.90e+01 3.62e+01 3.45e+01 3.37e+01
32875.00 3.00e+02 3.38e+02 2.72e+02 2.77e+02 2.49e+02 2.53e+02 2.35e+02 2.30e+02 2.20e+02 2.17e+02 2.00e+02 2.25e+02 1.84e+02 1.73e+02 1.74e+02 1.69e+02 1.49e+02 1.43e+02 1.36e+02 1.30e+02 1.24e+02 1.18e+02 1.13e+02 1.09e+02 1.03e+02 9.93e+01 9.39e+01 9.05e+01 8.55e+01 9.26e+01 9.67e+01 7.43e+01 7.19e+01 6.95e+01 6.39e+01 6.21e+01 5.87e+01 6.27e+01 5.43e+01 5.04e+01 4.89e+01 4.75e+01 4.67e+01 4.15e+01 4.05e+01 3.73e+01 4.16e+01 3.78e+01 3.32e+01 3.05e+01
33125.00 3.54e+02 2.69e+02 2.93e+02 2.48e+02 2.48e+02 2.72e+02 2.43e+02 2.18e+02 2.46e+02 2.26e+02 1.90e+02 1.98e+02 1.80e+02 1.62e+02 1.54e+02 1.49e+02 1.46e+02 1.33e+02 1.28e+02 1.22e+02 1.15e+02 1.10e+02 1.05e+02 9.95e+01 9.69e+01 9.13e+01 9.08e+01 8.21e+01 8.01e+01 7.57e+01 8.31e+01 6.97e+01 6.60e+01 6.29e+01 6.68e+01 5.76e+01 5.44e+01 5.19e+01 5.46e+01 4.77e+01 4.50e+01 4.28e+01 4.07e+01 3.94e+01 3.71e+01 3.52e+01 3.33e+01 3.17e+01 2.94e+01 2.85e+01
33375.00 3.14e+02 2.52e+02 2.73e+02 2.60e+02 2.20e+02 2.24e+02 2.00e+02 2.01e+02 1.81e+02 1.85e+02 1.76e+02 1.67e+02 1.72e+02 1.52e+02 1.45e+02 1.38e+02 1.31e+02 1.25e+02 1.19e+02 1.14e+02 1.12e+02 1.14e+02 9.82e+01 9.38e+01 1.01e+02 9.80e+01 8.11e+01 7.84e+01 8.14e+01 7.13e+01 6.78e+01 6.43e+01 6.13e+01 6.60e+01 5.62e+01 5.32e+01 5.08e+01 4.83e+01 4.60e+01 4.39e+01 4.23e+01 3.94e+01 3.82e+01 3.57e+01 3.47e+01 3.44e+01 3.11e+01 3.07e+01 3.17e+01 2.60e+01
33625.00 2.72e+02 2.60e+02 2.33e+02 2.52e+02 2.46e+02 1.98e+02 2.25e+02 1.82e+02 1.91e+02 1.93e+02 1.60e+02 1.56e+02 1.74e+02 1.42e+02 1.35e+02 1.54e+02 1.23e+02 1.17e+02 1.12e+02 1.06e+02 1.02e+02 9.69e+01 9.17e+01 8.99e+01 8.33e+01 7.95e+01 7.56e+01 7.23e+01 6.89e+01 6.55e+01 6.32e+01 5.97e+01 6.98e+01 5.45e+01 5.77e+01 4.98e+01 4.72e+01 4.49e+01 4.28e+01 4.14e+01 3.89e+01 3.70e+01 3.95e+01 3.39e+01 3.23e+01 3.28e+01 2.91e+01 3.32e+01 2.71e+01 2.47e+01
33875.00 2.51e+02 2.45e+02 2.28e+02 2.16e+02 2.14e+02 2.04e+02 1.86e+02 1.77e+02 1.76e+02 1.75e+02 1.54e+02 1.50e+02 1.53e+02 1.33e+02 1.27e+02 1.21e+02 1.33e+02 1.10e+02 1.05e+02 9.90e+01 9.51e+01 8.97e+01 8.58e+01 8.17e+01 7.78e+01 7.41e+01 7.07e+01 6.74e+01 7.57e+01 6.09e+01 5.80e+01 5.60e+01 5.29e+01 5.12e+01 4.82e+01 4.60e+01 4.38e+01 4.16e+01 4.03e+01 3.80e+01 3.62e+01 3.44e+01 3.22e+01 3.32e+01 2.98e+01 3.02e+01 2.70e+01 2.52e+01 2.42e+01 2.26e+01
34125.00 2.41e+02 2.27e+02 2.10e+02 2.03e+02 1.96e+02 2.03e+02 1.90e+02 1.66e+02 1.60e+02 1.51e+02 1.45e+02 1.44e+02 1.32e+02 1.25e+02 1.19e+02 1.13e+02 1.13e+02 1.02e+02 9.74e+01 9.30e+01 8.85e+01 9.13e+01 8.01e+01 7.65e+01 8.42e+01 7.42e+01 6.61e+01 6.28e+01 5.99e+01 6.00e+01 6.20e+01 5.12e+01 4.98e+01 4.69e+01 4.53e+01 4.26e+01 4.07e+01 3.93e+01 4.26e+01 3.56e+01 3.36e+01 3.19e+01 3.04e+01 2.95e+01 2.71e+01 2.65e+01 2.51e+01 2.93e+01 2.39e+01 2.38e+01
34375.00 2.17e+02 2.07e+02 1.98e+02 1.90e+02 1.80e+02 1.76e+02 1.68e+02 1.60e+02 1.69e+02 1.57e+02 1.37e+02 1.30e+02 1.23e+02 1.19e+02 1.12e+02 1.08e+02 1.01e+02 9.57e+01 9.17e+01 8.72e+01 8.35e+01 7.94e+01 7.56e+01 8.11e+01 7.12e+01 6.46e+01 6.18e+01 5.87e+01 5.61e+01 5.35e+01 5.71e+01 5.56e+01 4.56e+01 4.36e+01 4.56e+01 4.40e+01 3.81e+01 3.61e+01 3.44e+01 3.28e+01 3.17e+01 2.99e+01 2.84e+01 2.69e+01 2.57e+01 2.45e+01 2.29e+01 2.19e+01 2.10e+01 2.00e+01
34625.00 2.03e+02 1.94e+02 1.85e+02 1.77e+02 1.68e+02 1.61e+02 1.53e+02 1.46e+02 1.40e+02 1.36e+02 1.28e+02 1.21e+02 1.29e+02 1.13e+02 1.04e+02 9.94e+01 9.47e+01 9.00e+01 8.54e+01 8.19e+01 7.80e+01 7.42e+01 7.03e+01 6.70e+01 6.37e+01 6.06e+01 5.77e+01 5.50e+01 5.26e+01 5.00e+01 4.76e+01 5.15e+01 4.29e+01 4.06e+01 3.89e+01 3.70e+01 3.57e+01 3.36e+01 3.21e+01 3.05e+01 2.91e+01 2.77e+01 2.64e+01 2.88e+01 2.42e+01 2.69e+01 2.22e+01 2.04e+01 1.95e+01 1.83e+01
34875.00 1.88e+02 1.80e+02 1.72e+02 1.64e+02 1.57e+02 1.51e+02 1.46e+02 1.39e+02 1.30e+02 1.23e+02 1.18e+02 1.12e+02 1.07e+02 1.02e+02 9.73e+01 9.27e+01 8.83e+01 8.41e+01 8.00e+01 7.61e+01 7.24e+01 6.89e+01 6.56e+01 6.38e+01 6.33e+01 5.68e+01 5.39e+01 5.14e+01 5.36e+01 4.65e+01 4.85e+01 4.18e+01 3.99e+01 4.11e+01 3.64e+01 3.42e+01 3.27e+01 3.16e+01 2.98e+01 2.84e+01 2.74e+01 2.55e+01 2.48e+01 2.31e+01 2.25e+01 2.09e+01 2.04e+01 2.14e+01 2.03e+01 1.75e+01
