#NTIMES:  59
#NVEL:   100
#TIMES[d]: 2.00100e+00 2.00200e+00 2.00300e+00 2.00500e+00 2.01000e+00 2.02000e+00 2.05000e+00 2.10000e+00 2.20000e+00 2.40000e+00 2.64000e+00 2.90000e+00 3.19000e+00 3.51000e+00 3.86000e+00 4.25000e+00 4.67000e+00 5.14000e+00 5.65000e+00 6.21000e+00 6.83000e+00 7.51000e+00 8.26000e+00 9.09000e+00 1.00000e+01 1.10000e+01 1.21000e+01 1.33100e+01 1.46400e+01 1.61000e+01 1.77100e+01 1.94800e+01 2.14300e+01 2.35700e+01 2.59300e+01 2.85200e+01 3.13700e+01 3.45100e+01 3.79600e+01 4.17600e+01 4.59400e+01 5.05300e+01 5.55800e+01 6.11400e+01 6.72500e+01 7.39700e+01 8.13700e+01 8.95100e+01 9.84600e+01 1.08300e+02 1.18000e+02 1.28000e+02 1.38000e+02 1.48000e+02 1.58000e+02 1.68000e+02 1.80000e+02 1.90000e+02 2.00000e+02
#vel_mid[km/s] Edep_t0[erg/s/cm^3] Edep_t1[erg/s/cm^3] ... Edep_tn[erg/s/cm^3]
1.02500e+03 1.43726e+01 1.43494e+01 1.43268e+01 1.42809e+01 1.41683e+01 1.39463e+01 1.33061e+01 1.23213e+01 1.06188e+01 8.03124e+00 5.90383e+00 4.35055e+00 3.18455e+00 2.32323e+00 1.69349e+00 1.22602e+00 8.90925e-01 6.41698e-01 4.62639e-01 3.32445e-01 2.37418e-01 1.74232e-01 1.23703e-01 8.72847e-02 6.13770e-02 4.29912e-02 3.06822e-02 2.18249e-02 1.50911e-02 1.02118e-02 6.86807e-03 4.72976e-03 3.14224e-03 2.18278e-03 1.45885e-03 9.40221e-04 6.19337e-04 4.13984e-04 2.67292e-04 1.66999e-04 1.03002e-04 6.28818e-05 4.05042e-05 2.42056e-05 1.49213e-05 8.88681e-06 5.18487e-06 3.40794e-06 1.93501e-06 1.11626e-06 7.25122e-07 4.51100e-07 3.07643e-07 1.69517e-07 1.31232e-07 9.82151e-08 6.38373e-08 4.47392e-08 3.41938e-08
1.03363e+03 1.43291e+01 1.43059e+01 1.42834e+01 1.42377e+01 1.41254e+01 1.39040e+01 1.32657e+01 1.22839e+01 1.05866e+01 8.00685e+00 5.88590e+00 4.33735e+00 3.17490e+00 2.31619e+00 1.68837e+00 1.22231e+00 8.88235e-01 6.39763e-01 4.61246e-01 3.31446e-01 2.36706e-01 1.73693e-01 1.23320e-01 8.70148e-02 6.11873e-02 4.28583e-02 3.04934e-02 2.16322e-02 1.50104e-02 1.02167e-02 6.87600e-03 4.72322e-03 3.15230e-03 2.18335e-03 1.43947e-03 9.43724e-04 6.24102e-04 4.12463e-04 2.63808e-04 1.66584e-04 1.03279e-04 6.32775e-05 4.03970e-05 2.43196e-05 1.48480e-05 8.96222e-06 5.33980e-06 3.30986e-06 1.96225e-06 1.13079e-06 7.14889e-07 4.51895e-07 2.87393e-07 1.89822e-07 1.29162e-07 9.74769e-08 6.48875e-08 4.96133e-08 3.45218e-08
1.05089e+03 1.42407e+01 1.42185e+01 1.41957e+01 1.41507e+01 1.40387e+01 1.38183e+01 1.31841e+01 1.22085e+01 1.05213e+01 7.95749e+00 5.84963e+00 4.31063e+00 3.15535e+00 2.30194e+00 1.67799e+00 1.21481e+00 8.82789e-01 6.35847e-01 4.58427e-01 3.29424e-01 2.35265e-01 1.72616e-01 1.22555e-01 8.64751e-02 6.08078e-02 4.25924e-02 3.03041e-02 2.14553e-02 1.49171e-02 1.01943e-02 6.87516e-03 4.69083e-03 3.15945e-03 2.17360e-03 1.42326e-03 9.47372e-04 6.28571e-04 4.10027e-04 2.61841e-04 1.65577e-04 1.04008e-04 6.39264e-05 4.03529e-05 2.44740e-05 1.48673e-05 9.08544e-06 5.47756e-06 3.23973e-06 1.96394e-06 1.15207e-06 7.13023e-07 4.52354e-07 2.92991e-07 2.07276e-07 1.36067e-07 9.53416e-08 6.52699e-08 4.85346e-08 3.50287e-08
1.08542e+03 1.40655e+01 1.40430e+01 1.40203e+01 1.39752e+01 1.38646e+01 1.36468e+01 1.30202e+01 1.20562e+01 1.03900e+01 7.85822e+00 5.77667e+00 4.25688e+00 3.11602e+00 2.27326e+00 1.65710e+00 1.19969e+00 8.71814e-01 6.27951e-01 4.52742e-01 3.25345e-01 2.32357e-01 1.70464e-01 1.21028e-01 8.53975e-02 6.00500e-02 4.20617e-02 3.00719e-02 2.12792e-02 1.47399e-02 1.00723e-02 6.83623e-03 4.61222e-03 3.14667e-03 2.14187e-03 1.42056e-03 9.45764e-04 6.26349e-04 4.06556e-04 2.61933e-04 1.63997e-04 1.04781e-04 6.43699e-05 4.03805e-05 2.45094e-05 1.50241e-05 9.19845e-06 5.49137e-06 3.25110e-06 1.93005e-06 1.16473e-06 7.26923e-07 4.50314e-07 2.95776e-07 2.00331e-07 1.39818e-07 9.59567e-08 6.76002e-08 4.86499e-08 3.52714e-08
1.19283e+03 1.35269e+01 1.35047e+01 1.34824e+01 1.34373e+01 1.33305e+01 1.31198e+01 1.25167e+01 1.15888e+01 9.98675e+00 7.55322e+00 5.55246e+00 4.09166e+00 2.99507e+00 2.18503e+00 1.59278e+00 1.15314e+00 8.37983e-01 6.03587e-01 4.35179e-01 3.12728e-01 2.23349e-01 1.63848e-01 1.16330e-01 8.20829e-02 5.77192e-02 4.04291e-02 2.86806e-02 1.99902e-02 1.37992e-02 9.55281e-03 6.55884e-03 4.43548e-03 3.01107e-03 2.03378e-03 1.37019e-03 9.04763e-04 5.95205e-04 3.90971e-04 2.49762e-04 1.59123e-04 1.00811e-04 6.22837e-05 3.90595e-05 2.36036e-05 1.45476e-05 8.86553e-06 5.34073e-06 3.15487e-06 1.89200e-06 1.10637e-06 7.05878e-07 4.36714e-07 2.82024e-07 1.91251e-07 1.35753e-07 9.49864e-08 6.35056e-08 4.68238e-08 3.41936e-08
1.31062e+03 1.29473e+01 1.29245e+01 1.29026e+01 1.28579e+01 1.27544e+01 1.25515e+01 1.19736e+01 1.10852e+01 9.55171e+00 7.22418e+00 5.31058e+00 3.91341e+00 2.86460e+00 2.08984e+00 1.52339e+00 1.10289e+00 8.01468e-01 5.77282e-01 4.16210e-01 2.99093e-01 2.13608e-01 1.56711e-01 1.11263e-01 7.85073e-02 5.52049e-02 3.86680e-02 2.72717e-02 1.88925e-02 1.30779e-02 9.07041e-03 6.21302e-03 4.20792e-03 2.83913e-03 1.92323e-03 1.29018e-03 8.52066e-04 5.63853e-04 3.69541e-04 2.35800e-04 1.50848e-04 9.53471e-05 5.94744e-05 3.68395e-05 2.25882e-05 1.37462e-05 8.36704e-06 5.09298e-06 3.00987e-06 1.78763e-06 1.05406e-06 6.67597e-07 4.18866e-07 2.78437e-07 1.86335e-07 1.26286e-07 9.06157e-08 6.14912e-08 4.50931e-08 3.34841e-08
1.44003e+03 1.23186e+01 1.22947e+01 1.22736e+01 1.22293e+01 1.21293e+01 1.19344e+01 1.13837e+01 1.05378e+01 9.07886e+00 6.86655e+00 5.04768e+00 3.71967e+00 2.72278e+00 1.98637e+00 1.44796e+00 1.04828e+00 7.61777e-01 5.48688e-01 3.95589e-01 2.84269e-01 2.03015e-01 1.48953e-01 1.05755e-01 7.46209e-02 5.24721e-02 3.67538e-02 2.57872e-02 1.79311e-02 1.23616e-02 8.57709e-03 5.86333e-03 3.96951e-03 2.68196e-03 1.82503e-03 1.21790e-03 8.02663e-04 5.31188e-04 3.44966e-04 2.20690e-04 1.41498e-04 8.92470e-05 5.60546e-05 3.45283e-05 2.12322e-05 1.29404e-05 7.92246e-06 4.78809e-06 2.83782e-06 1.69299e-06 1.00682e-06 6.28834e-07 3.97967e-07 2.57414e-07 1.75218e-07 1.21659e-07 8.32733e-08 5.84127e-08 4.19898e-08 3.11015e-08
1.58223e+03 1.16320e+01 1.16063e+01 1.15865e+01 1.15421e+01 1.14454e+01 1.12589e+01 1.07374e+01 9.93767e+00 8.56032e+00 6.47437e+00 4.75937e+00 3.50722e+00 2.56725e+00 1.87291e+00 1.36525e+00 9.88391e-01 7.18249e-01 5.17329e-01 3.72973e-01 2.68009e-01 1.91395e-01 1.40446e-01 9.97151e-02 7.03591e-02 4.94753e-02 3.46547e-02 2.41932e-02 1.67393e-02 1.15587e-02 8.00340e-03 5.48888e-03 3.71569e-03 2.51644e-03 1.70452e-03 1.13533e-03 7.47060e-04 4.90528e-04 3.19858e-04 2.05285e-04 1.31054e-04 8.23416e-05 5.18119e-05 3.19539e-05 1.96712e-05 1.19564e-05 7.28821e-06 4.44574e-06 2.62346e-06 1.57978e-06 9.42912e-07 5.81820e-07 3.66862e-07 2.42956e-07 1.64959e-07 1.13042e-07 7.83171e-08 5.37010e-08 3.92198e-08 2.92521e-08
1.73846e+03 1.08760e+01 1.08473e+01 1.08293e+01 1.07842e+01 1.06900e+01 1.05123e+01 1.00225e+01 9.27342e+00 7.98610e+00 6.04006e+00 4.44010e+00 3.27194e+00 2.39503e+00 1.74725e+00 1.27364e+00 9.22065e-01 6.70042e-01 4.82598e-01 3.47924e-01 2.50000e-01 1.78523e-01 1.31025e-01 9.30264e-02 6.56395e-02 4.61565e-02 3.23301e-02 2.25760e-02 1.55666e-02 1.07562e-02 7.39960e-03 5.04896e-03 3.42016e-03 2.31788e-03 1.56736e-03 1.04539e-03 6.83303e-04 4.47429e-04 2.91814e-04 1.86882e-04 1.18865e-04 7.50976e-05 4.72114e-05 2.90437e-05 1.78917e-05 1.09417e-05 6.65227e-06 4.02690e-06 2.38483e-06 1.44448e-06 8.59859e-07 5.32184e-07 3.36802e-07 2.22395e-07 1.51239e-07 1.04828e-07 7.26991e-08 5.03326e-08 3.66014e-08 2.73965e-08
1.91013e+03 1.00352e+01 1.00028e+01 9.98405e+00 9.93820e+00 9.84622e+00 9.67814e+00 9.22366e+00 8.53095e+00 7.34405e+00 5.55446e+00 4.08313e+00 3.00887e+00 2.20246e+00 1.60676e+00 1.17122e+00 8.47904e-01 6.16140e-01 4.43764e-01 3.19914e-01 2.29861e-01 1.64128e-01 1.20492e-01 8.55477e-02 6.03626e-02 4.24459e-02 2.97310e-02 2.06280e-02 1.42674e-02 9.82477e-03 6.76528e-03 4.57093e-03 3.11124e-03 2.10685e-03 1.41699e-03 9.44382e-04 6.14721e-04 4.02477e-04 2.60496e-04 1.66620e-04 1.05860e-04 6.73532e-05 4.19736e-05 2.60144e-05 1.60288e-05 9.79728e-06 5.96006e-06 3.58632e-06 2.15449e-06 1.28873e-06 7.63372e-07 4.80155e-07 3.05449e-07 2.00405e-07 1.37913e-07 9.51374e-08 6.68012e-08 4.52081e-08 3.27771e-08 2.46747e-08
2.09874e+03 9.09114e+00 9.05436e+00 9.03236e+00 8.98513e+00 8.89606e+00 8.73922e+00 8.32462e+00 7.69558e+00 6.62153e+00 5.00800e+00 3.68141e+00 2.71283e+00 1.98575e+00 1.44865e+00 1.05596e+00 7.64449e-01 5.55483e-01 4.00062e-01 2.88394e-01 2.07198e-01 1.47930e-01 1.08068e-01 7.68416e-02 5.41448e-02 3.80383e-02 2.66311e-02 1.84761e-02 1.28226e-02 8.86130e-03 6.03392e-03 4.09472e-03 2.78128e-03 1.87922e-03 1.25101e-03 8.29274e-04 5.41563e-04 3.52787e-04 2.28394e-04 1.45663e-04 9.28341e-05 5.87045e-05 3.65800e-05 2.26834e-05 1.40663e-05 8.57409e-06 5.21154e-06 3.14451e-06 1.88919e-06 1.12984e-06 6.71003e-07 4.20674e-07 2.71458e-07 1.77604e-07 1.19839e-07 8.32463e-08 5.90117e-08 4.04304e-08 2.92544e-08 2.17753e-08
2.30598e+03 8.02357e+00 7.98381e+00 7.95769e+00 7.90855e+00 7.82374e+00 7.68030e+00 7.31191e+00 6.75574e+00 5.80852e+00 4.39309e+00 3.22938e+00 2.37972e+00 1.74190e+00 1.27075e+00 9.26267e-01 6.70544e-01 4.87232e-01 3.50891e-01 2.52931e-01 1.81702e-01 1.29708e-01 9.48462e-02 6.75013e-02 4.74177e-02 3.32917e-02 2.33108e-02 1.62024e-02 1.11770e-02 7.72309e-03 5.25650e-03 3.55686e-03 2.41739e-03 1.61941e-03 1.06896e-03 7.07447e-04 4.63224e-04 3.00335e-04 1.94553e-04 1.23402e-04 7.87170e-05 4.96989e-05 3.11993e-05 1.93509e-05 1.19753e-05 7.31677e-06 4.46033e-06 2.68262e-06 1.62589e-06 9.70831e-07 5.82154e-07 3.62797e-07 2.34049e-07 1.53273e-07 1.04243e-07 7.13301e-08 5.11665e-08 3.48360e-08 2.52484e-08 1.88314e-08
2.53369e+03 6.81929e+00 6.77910e+00 6.75003e+00 6.69828e+00 6.62263e+00 6.49596e+00 6.18197e+00 5.71004e+00 4.90375e+00 3.70879e+00 2.72633e+00 2.00902e+00 1.47054e+00 1.07277e+00 7.81945e-01 5.66052e-01 4.11290e-01 2.96182e-01 2.13478e-01 1.53341e-01 1.09444e-01 7.98655e-02 5.68863e-02 4.00616e-02 2.80105e-02 1.95161e-02 1.35742e-02 9.39858e-03 6.48417e-03 4.39689e-03 2.98634e-03 2.00408e-03 1.33891e-03 8.80659e-04 5.81994e-04 3.81734e-04 2.47294e-04 1.58912e-04 1.01262e-04 6.48097e-05 4.09096e-05 2.56292e-05 1.59202e-05 9.86826e-06 6.05977e-06 3.67641e-06 2.21733e-06 1.35111e-06 8.07388e-07 4.86083e-07 3.03870e-07 1.94222e-07 1.28034e-07 8.63760e-08 5.99862e-08 4.29388e-08 2.90827e-08 2.11948e-08 1.56959e-08
2.78424e+03 5.47658e+00 5.44605e+00 5.42054e+00 5.36527e+00 5.31095e+00 5.20654e+00 4.95287e+00 4.57601e+00 3.92359e+00 2.96747e+00 2.18138e+00 1.60744e+00 1.17659e+00 8.58324e-01 6.25624e-01 4.52880e-01 3.29049e-01 2.36945e-01 1.70768e-01 1.22647e-01 8.75201e-02 6.38125e-02 4.52293e-02 3.18490e-02 2.23067e-02 1.55218e-02 1.07753e-02 7.43678e-03 5.09129e-03 3.47186e-03 2.34504e-03 1.58287e-03 1.05019e-03 6.92389e-04 4.55397e-04 2.97348e-04 1.94007e-04 1.24836e-04 7.99088e-05 5.10555e-05 3.22633e-05 2.02132e-05 1.26892e-05 7.81521e-06 4.82918e-06 2.93262e-06 1.76833e-06 1.07497e-06 6.44525e-07 3.87071e-07 2.44305e-07 1.54859e-07 1.02306e-07 6.89004e-08 4.80898e-08 3.41875e-08 2.31004e-08 1.70105e-08 1.26235e-08
3.05404e+03 4.07390e+00 4.05866e+00 4.03954e+00 4.00238e+00 3.96295e+00 3.89014e+00 3.69960e+00 3.42105e+00 2.93352e+00 2.21865e+00 1.63091e+00 1.20178e+00 8.79643e-01 6.41677e-01 4.67689e-01 3.38529e-01 2.45939e-01 1.77072e-01 1.27590e-01 9.16090e-02 6.53439e-02 4.77217e-02 3.39031e-02 2.38540e-02 1.67142e-02 1.16744e-02 8.10748e-03 5.63139e-03 3.82667e-03 2.58069e-03 1.75462e-03 1.18554e-03 7.80979e-04 5.19096e-04 3.41987e-04 2.25044e-04 1.46758e-04 9.50254e-05 6.13716e-05 3.90101e-05 2.48906e-05 1.55934e-05 9.75107e-06 6.06359e-06 3.72925e-06 2.29109e-06 1.37149e-06 8.37250e-07 5.04070e-07 3.00974e-07 1.88767e-07 1.20168e-07 7.84595e-08 5.32379e-08 3.71268e-08 2.62063e-08 1.76413e-08 1.28911e-08 9.67073e-09
3.27771e+03 2.98014e+00 2.97648e+00 2.96856e+00 2.94716e+00 2.92096e+00 2.86725e+00 2.72812e+00 2.52672e+00 2.17002e+00 1.64120e+00 1.20642e+00 8.88969e-01 6.50666e-01 4.74629e-01 3.45920e-01 2.50371e-01 1.81876e-01 1.30929e-01 9.43230e-02 6.77047e-02 4.82749e-02 3.54086e-02 2.51416e-02 1.76337e-02 1.23313e-02 8.63474e-03 5.98522e-03 4.13960e-03 2.81467e-03 1.91853e-03 1.29563e-03 8.73245e-04 5.82167e-04 3.87289e-04 2.55773e-04 1.70533e-04 1.11517e-04 7.28317e-05 4.72760e-05 3.03165e-05 1.92275e-05 1.21826e-05 7.63375e-06 4.75330e-06 2.93802e-06 1.79141e-06 1.08956e-06 6.59125e-07 3.93556e-07 2.36265e-07 1.47405e-07 9.49231e-08 6.13501e-08 4.16544e-08 2.89328e-08 2.03363e-08 1.37007e-08 1.00922e-08 7.49907e-09
3.45736e+03 2.17780e+00 2.17908e+00 2.17629e+00 2.16758e+00 2.14934e+00 2.11325e+00 2.01172e+00 1.86189e+00 1.60435e+00 1.21337e+00 8.91923e-01 6.57222e-01 4.81036e-01 3.50885e-01 2.55724e-01 1.85081e-01 1.34439e-01 9.67731e-02 6.97099e-02 5.00317e-02 3.56694e-02 2.62050e-02 1.85948e-02 1.31249e-02 9.15894e-03 6.42173e-03 4.44489e-03 3.06927e-03 2.09081e-03 1.44081e-03 9.71147e-04 6.57409e-04 4.42335e-04 2.96865e-04 1.96920e-04 1.32151e-04 8.71069e-05 5.73607e-05 3.74996e-05 2.41999e-05 1.53701e-05 9.86113e-06 6.20052e-06 3.83778e-06 2.38312e-06 1.45416e-06 8.85155e-07 5.33478e-07 3.20694e-07 1.92675e-07 1.18660e-07 7.59465e-08 4.90767e-08 3.33279e-08 2.28093e-08 1.60379e-08 1.09003e-08 7.89760e-09 5.83446e-09
3.60052e+03 1.60744e+00 1.61002e+00 1.60801e+00 1.60459e+00 1.59178e+00 1.56818e+00 1.49353e+00 1.38264e+00 1.19406e+00 9.03071e-01 6.63833e-01 4.89157e-01 3.58031e-01 2.61167e-01 1.90345e-01 1.37769e-01 1.00080e-01 7.20478e-02 5.19070e-02 3.72629e-02 2.65756e-02 1.94795e-02 1.37912e-02 9.71728e-03 6.83959e-03 4.78671e-03 3.32102e-03 2.30223e-03 1.57543e-03 1.08731e-03 7.46361e-04 5.04358e-04 3.43742e-04 2.32310e-04 1.56224e-04 1.05639e-04 7.02053e-05 4.63687e-05 3.07982e-05 1.99173e-05 1.28262e-05 8.24379e-06 5.17473e-06 3.19872e-06 1.99607e-06 1.22117e-06 7.40825e-07 4.45348e-07 2.68337e-07 1.58878e-07 9.79723e-08 6.35250e-08 4.08427e-08 2.74883e-08 1.87671e-08 1.31562e-08 8.93608e-09 6.43617e-09 4.75383e-09
3.71567e+03 1.20331e+00 1.20567e+00 1.20327e+00 1.20335e+00 1.19437e+00 1.17669e+00 1.12206e+00 1.03929e+00 8.97527e-01 6.78812e-01 4.98992e-01 3.67700e-01 2.69142e-01 1.96337e-01 1.43106e-01 1.03590e-01 7.52631e-02 5.41951e-02 3.90590e-02 2.80547e-02 2.00247e-02 1.48324e-02 1.04617e-02 7.40248e-03 5.21660e-03 3.67876e-03 2.55332e-03 1.77381e-03 1.22438e-03 8.43052e-04 5.89866e-04 4.02999e-04 2.75050e-04 1.88677e-04 1.28083e-04 8.71422e-05 5.88481e-05 3.93209e-05 2.61147e-05 1.70888e-05 1.09903e-05 7.08177e-06 4.45311e-06 2.78261e-06 1.71623e-06 1.05743e-06 6.38111e-07 3.84942e-07 2.32132e-07 1.35505e-07 8.42686e-08 5.41998e-08 3.48584e-08 2.32454e-08 1.58497e-08 1.10690e-08 7.48807e-09 5.37133e-09 3.95887e-09
3.81687e+03 8.92169e-01 8.94443e-01 8.92162e-01 8.93962e-01 8.86765e-01 8.75193e-01 8.34836e-01 7.74296e-01 6.68730e-01 5.05777e-01 3.71804e-01 2.73988e-01 2.00559e-01 1.46319e-01 1.06662e-01 7.72241e-02 5.61230e-02 4.04304e-02 2.91575e-02 2.09630e-02 1.49844e-02 1.10551e-02 7.80138e-03 5.55911e-03 3.91720e-03 2.76892e-03 1.93868e-03 1.33710e-03 9.35442e-04 6.57390e-04 4.65402e-04 3.20254e-04 2.22273e-04 1.54095e-04 1.05654e-04 7.33480e-05 4.98099e-05 3.33991e-05 2.24343e-05 1.46749e-05 9.51292e-06 6.16822e-06 3.86378e-06 2.45787e-06 1.50354e-06 9.22307e-07 5.62246e-07 3.35659e-07 2.01589e-07 1.17463e-07 7.17567e-08 4.69483e-08 3.05047e-08 2.01607e-08 1.37593e-08 9.56179e-09 6.40245e-09 4.59243e-09 3.36549e-09
3.90336e+03 6.61624e-01 6.63733e-01 6.61704e-01 6.63877e-01 6.58561e-01 6.50723e-01 6.20856e-01 5.75869e-01 4.97271e-01 3.76112e-01 2.76500e-01 2.03772e-01 1.49178e-01 1.08851e-01 7.93676e-02 5.74827e-02 4.17966e-02 3.01322e-02 2.17542e-02 1.56650e-02 1.12229e-02 8.29702e-03 5.83301e-03 4.18450e-03 2.97745e-03 2.10983e-03 1.50235e-03 1.03713e-03 7.29863e-04 5.19548e-04 3.75915e-04 2.60766e-04 1.83637e-04 1.29541e-04 8.96049e-05 6.29966e-05 4.31739e-05 2.93436e-05 1.97415e-05 1.29576e-05 8.42799e-06 5.48826e-06 3.44987e-06 2.18907e-06 1.35513e-06 8.21719e-07 5.07360e-07 2.96743e-07 1.78519e-07 1.06144e-07 6.39482e-08 4.07510e-08 2.67841e-08 1.75246e-08 1.19728e-08 8.27371e-09 5.47467e-09 3.92676e-09 2.85838e-09
3.97624e+03 4.93508e-01 4.95085e-01 4.94114e-01 4.95272e-01 4.91343e-01 4.86039e-01 4.63814e-01 4.31339e-01 3.71499e-01 2.80995e-01 2.06588e-01 1.52264e-01 1.11486e-01 8.13655e-02 5.93462e-02 4.30033e-02 3.12911e-02 2.25834e-02 1.63303e-02 1.17863e-02 8.47149e-03 6.25979e-03 4.43298e-03 3.17789e-03 2.28584e-03 1.63044e-03 1.15859e-03 8.27298e-04 5.92540e-04 4.25904e-04 3.07377e-04 2.17509e-04 1.56383e-04 1.11383e-04 7.83070e-05 5.47558e-05 3.80652e-05 2.60080e-05 1.76105e-05 1.16132e-05 7.63465e-06 4.97584e-06 3.15618e-06 1.98985e-06 1.23248e-06 7.52082e-07 4.53235e-07 2.72410e-07 1.60859e-07 9.60771e-08 5.86405e-08 3.69059e-08 2.42006e-08 1.58202e-08 1.07823e-08 7.44372e-09 4.88213e-09 3.49900e-09 2.54564e-09
4.04021e+03 3.65919e-01 3.66962e-01 3.67498e-01 3.67453e-01 3.64523e-01 3.60992e-01 3.44765e-01 3.20544e-01 2.75896e-01 2.08699e-01 1.53454e-01 1.13121e-01 8.28466e-02 6.04865e-02 4.41417e-02 3.20120e-02 2.33208e-02 1.68602e-02 1.22215e-02 8.85081e-03 6.39113e-03 4.65518e-03 3.35918e-03 2.40731e-03 1.74644e-03 1.25467e-03 9.01295e-04 6.56775e-04 4.74164e-04 3.46066e-04 2.57283e-04 1.84684e-04 1.34136e-04 9.69387e-05 6.94538e-05 4.88736e-05 3.41352e-05 2.37217e-05 1.59790e-05 1.06521e-05 7.14582e-06 4.52882e-06 2.83923e-06 1.81488e-06 1.12550e-06 6.89020e-07 4.14908e-07 2.50291e-07 1.50603e-07 8.65864e-08 5.28364e-08 3.37946e-08 2.20389e-08 1.44234e-08 9.79767e-09 6.76415e-09 4.39830e-09 3.14906e-09 2.29308e-09
4.09464e+03 2.72552e-01 2.73272e-01 2.73838e-01 2.73363e-01 2.71194e-01 2.69010e-01 2.57093e-01 2.38851e-01 2.05870e-01 1.55746e-01 1.14540e-01 8.44574e-02 6.18792e-02 4.52047e-02 3.30174e-02 2.39744e-02 1.74958e-02 1.26806e-02 9.22332e-03 6.71036e-03 4.87513e-03 3.56145e-03 2.56487e-03 1.86021e-03 1.35394e-03 9.89340e-04 7.26138e-04 5.28523e-04 3.93928e-04 2.89015e-04 2.20847e-04 1.60123e-04 1.18439e-04 8.66675e-05 6.23510e-05 4.46879e-05 3.08903e-05 2.16251e-05 1.47480e-05 9.83999e-06 6.47630e-06 4.22702e-06 2.65825e-06 1.69222e-06 1.05257e-06 6.42378e-07 3.91526e-07 2.32694e-07 1.39104e-07 8.08759e-08 4.92731e-08 3.11471e-08 2.01993e-08 1.32348e-08 8.95982e-09 6.18587e-09 3.98659e-09 2.85128e-09 2.07817e-09
4.14280e+03 2.01441e-01 2.01760e-01 2.02619e-01 2.01842e-01 2.00683e-01 1.98899e-01 1.90131e-01 1.76430e-01 1.52095e-01 1.15087e-01 8.46646e-02 6.24562e-02 4.57889e-02 3.34808e-02 2.44859e-02 1.78125e-02 1.30321e-02 9.47915e-03 6.92761e-03 5.07175e-03 3.71446e-03 2.69095e-03 1.95758e-03 1.43231e-03 1.05166e-03 7.84667e-04 5.83305e-04 4.29280e-04 3.33801e-04 2.45949e-04 1.86964e-04 1.39276e-04 1.05170e-04 7.70035e-05 5.60516e-05 4.05887e-05 2.87772e-05 1.99850e-05 1.37097e-05 9.23188e-06 6.07673e-06 3.92546e-06 2.49022e-06 1.58213e-06 9.82021e-07 6.04434e-07 3.66771e-07 2.17914e-07 1.29664e-07 7.80177e-08 4.59510e-08 2.88046e-08 1.85717e-08 1.21831e-08 8.21849e-09 5.67421e-09 3.62231e-09 2.58781e-09 1.88802e-09
4.18440e+03 1.48659e-01 1.48589e-01 1.49727e-01 1.49301e-01 1.48421e-01 1.46969e-01 1.40804e-01 1.30536e-01 1.12553e-01 8.51876e-02 6.26930e-02 4.62736e-02 3.39524e-02 2.48554e-02 1.82085e-02 1.32782e-02 9.74702e-03 7.12257e-03 5.23713e-03 3.86434e-03 2.85827e-03 2.08421e-03 1.49565e-03 1.11276e-03 8.35517e-04 6.31328e-04 4.81215e-04 3.59067e-04 2.84328e-04 2.14618e-04 1.63134e-04 1.24099e-04 9.38819e-05 7.04998e-05 5.08813e-05 3.81843e-05 2.69370e-05 1.87193e-05 1.30494e-05 8.77225e-06 5.69607e-06 3.73822e-06 2.39808e-06 1.51664e-06 9.35590e-07 5.68698e-07 3.53529e-07 2.10393e-07 1.22605e-07 7.00848e-08 4.33776e-08 2.73607e-08 1.75599e-08 1.15180e-08 7.74094e-09 5.33524e-09 3.39876e-09 2.42196e-09 1.76607e-09
4.21984e+03 1.10726e-01 1.10648e-01 1.11448e-01 1.11233e-01 1.10474e-01 1.09285e-01 1.04792e-01 9.72156e-02 8.38928e-02 6.35157e-02 4.67668e-02 3.45427e-02 2.53713e-02 1.86012e-02 1.36560e-02 9.98907e-03 7.36332e-03 5.41168e-03 4.00878e-03 2.98587e-03 2.23415e-03 1.59996e-03 1.15871e-03 8.72995e-04 6.66066e-04 5.14384e-04 4.04544e-04 3.09700e-04 2.39365e-04 1.87046e-04 1.46646e-04 1.12730e-04 8.68522e-05 6.49975e-05 4.80231e-05 3.53547e-05 2.52845e-05 1.77839e-05 1.23097e-05 8.20295e-06 5.38453e-06 3.55115e-06 2.29378e-06 1.42968e-06 8.93476e-07 5.44887e-07 3.34827e-07 2.00913e-07 1.14944e-07 6.84686e-08 4.06506e-08 2.63959e-08 1.68782e-08 1.10628e-08 7.40862e-09 5.09360e-09 3.25002e-09 2.30893e-09 1.68154e-09
4.25090e+03 8.22404e-02 8.22792e-02 8.27774e-02 8.26858e-02 8.20753e-02 8.11206e-02 7.78232e-02 7.23037e-02 6.27059e-02 4.74915e-02 3.49881e-02 2.58647e-02 1.90217e-02 1.39725e-02 1.02859e-02 7.55335e-03 5.59715e-03 4.14291e-03 3.09664e-03 2.33223e-03 1.76848e-03 1.24945e-03 9.20458e-04 6.97606e-04 5.45186e-04 4.33788e-04 3.43122e-04 2.74580e-04 2.10946e-04 1.67727e-04 1.33748e-04 1.04588e-04 8.12248e-05 6.03199e-05 4.56574e-05 3.34994e-05 2.42580e-05 1.68632e-05 1.17414e-05 7.79951e-06 5.17957e-06 3.45271e-06 2.19667e-06 1.37274e-06 8.60890e-07 5.25160e-07 3.20433e-07 1.90707e-07 1.13630e-07 6.67896e-08 3.96102e-08 2.55508e-08 1.62810e-08 1.06640e-08 7.11750e-09 4.88191e-09 3.11972e-09 2.20991e-09 1.60750e-09
4.27752e+03 6.11015e-02 6.11939e-02 6.16129e-02 6.15735e-02 6.11374e-02 6.04091e-02 5.78934e-02 5.39500e-02 4.69436e-02 3.55733e-02 2.62306e-02 1.94151e-02 1.43047e-02 1.05353e-02 7.78420e-03 5.74556e-03 4.28607e-03 3.20045e-03 2.41821e-03 1.84509e-03 1.42043e-03 9.89598e-04 7.42705e-04 5.70472e-04 4.59357e-04 3.73855e-04 2.98449e-04 2.40410e-04 1.91524e-04 1.53086e-04 1.23458e-04 9.79640e-05 7.55204e-05 5.72148e-05 4.33703e-05 3.20600e-05 2.32108e-05 1.62098e-05 1.13213e-05 7.52438e-06 5.02969e-06 3.31366e-06 2.14572e-06 1.31510e-06 8.35677e-07 5.10961e-07 3.08457e-07 1.82762e-07 1.10932e-07 6.48489e-08 3.82808e-08 2.48262e-08 1.57690e-08 1.03221e-08 6.86790e-09 4.70042e-09 3.00801e-09 2.12502e-09 1.54401e-09
4.30065e+03 4.55471e-02 4.55660e-02 4.57266e-02 4.57354e-02 4.54492e-02 4.48956e-02 4.30580e-02 4.02091e-02 3.49385e-02 2.64982e-02 1.95644e-02 1.45075e-02 1.07170e-02 7.92198e-03 5.88257e-03 4.37138e-03 3.28906e-03 2.48306e-03 1.90095e-03 1.47278e-03 1.15354e-03 7.93764e-04 6.03939e-04 4.75482e-04 3.93341e-04 3.25359e-04 2.64548e-04 2.12613e-04 1.74392e-04 1.42108e-04 1.15012e-04 9.21553e-05 7.08284e-05 5.50531e-05 4.13427e-05 3.08371e-05 2.22701e-05 1.56881e-05 1.09828e-05 7.31090e-06 4.90210e-06 3.20385e-06 2.11296e-06 1.28043e-06 8.13809e-07 5.01750e-07 3.00655e-07 1.77433e-07 1.07894e-07 6.32472e-08 3.67898e-08 2.41968e-08 1.53243e-08 1.00251e-08 6.65109e-09 4.54276e-09 2.91097e-09 2.05127e-09 1.48886e-09
4.32086e+03 3.33284e-02 3.35141e-02 3.36890e-02 3.38108e-02 3.36541e-02 3.32937e-02 3.19376e-02 2.99032e-02 2.58954e-02 1.96630e-02 1.45444e-02 1.08126e-02 8.01638e-03 5.95518e-03 4.45134e-03 3.33670e-03 2.53764e-03 1.94146e-03 1.50945e-03 1.19000e-03 9.49915e-04 6.51041e-04 4.94467e-04 4.04566e-04 3.38810e-04 2.83825e-04 2.37603e-04 1.96482e-04 1.55689e-04 1.34663e-04 1.08017e-04 8.68441e-05 6.80718e-05 5.33817e-05 3.97297e-05 2.97624e-05 2.15900e-05 1.51828e-05 1.06873e-05 7.12129e-06 4.77961e-06 3.18669e-06 2.07649e-06 1.29024e-06 7.92798e-07 4.97282e-07 2.98804e-07 1.74873e-07 1.05976e-07 6.23834e-08 3.54003e-08 2.36466e-08 1.49355e-08 9.76549e-09 6.46158e-09 4.40496e-09 2.82615e-09 1.98681e-09 1.44066e-09
4.33812e+03 2.51908e-02 2.52423e-02 2.52901e-02 2.53522e-02 2.52276e-02 2.49347e-02 2.38379e-02 2.23146e-02 1.95985e-02 1.49036e-02 1.10491e-02 8.23991e-03 6.13560e-03 4.58466e-03 3.45291e-03 2.61352e-03 2.01097e-03 1.56031e-03 1.23248e-03 9.88630e-04 8.03783e-04 5.42551e-04 4.24695e-04 3.54214e-04 2.99802e-04 2.51638e-04 2.13757e-04 1.81488e-04 1.46611e-04 1.27088e-04 1.03333e-04 8.39774e-05 6.56827e-05 5.09874e-05 3.82501e-05 2.91324e-05 2.12155e-05 1.48960e-05 1.04224e-05 7.08626e-06 4.71131e-06 3.13700e-06 2.00870e-06 1.26496e-06 7.81147e-07 4.88785e-07 2.92670e-07 1.71380e-07 1.04489e-07 6.08572e-08 3.58527e-08 2.31768e-08 1.46036e-08 9.54383e-09 6.29976e-09 4.28730e-09 2.75373e-09 1.93178e-09 1.39950e-09
4.35383e+03 1.87613e-02 1.87667e-02 1.87501e-02 1.87658e-02 1.86827e-02 1.84420e-02 1.76377e-02 1.63918e-02 1.43477e-02 1.09355e-02 8.13517e-03 6.09510e-03 4.56733e-03 3.44134e-03 2.61935e-03 2.00903e-03 1.56999e-03 1.24046e-03 9.99406e-04 8.18616e-04 6.79929e-04 4.49446e-04 3.65421e-04 3.09969e-04 2.66011e-04 2.24964e-04 1.92654e-04 1.68182e-04 1.38992e-04 1.20077e-04 9.91796e-05 8.13308e-05 6.35775e-05 4.88982e-05 3.70463e-05 2.85101e-05 2.08781e-05 1.46319e-05 1.01794e-05 7.03585e-06 4.64695e-06 3.07969e-06 1.94921e-06 1.23810e-06 7.68814e-07 4.80758e-07 2.86602e-07 1.68783e-07 1.02432e-07 5.90951e-08 3.63448e-08 2.27492e-08 1.43015e-08 9.34205e-09 6.15246e-09 4.18019e-09 2.68780e-09 1.88168e-09 1.36203e-09
4.36644e+03 1.39242e-02 1.39802e-02 1.39715e-02 1.40610e-02 1.40442e-02 1.38717e-02 1.33316e-02 1.25777e-02 1.10387e-02 8.43680e-03 6.30118e-03 4.74503e-03 3.57928e-03 2.71964e-03 2.09153e-03 1.62449e-03 1.28777e-03 1.03416e-03 8.47682e-04 7.06754e-04 5.97460e-04 3.87059e-04 3.20149e-04 2.74662e-04 2.40860e-04 2.10776e-04 1.78193e-04 1.59285e-04 1.31548e-04 1.14682e-04 9.55661e-05 7.82336e-05 6.21420e-05 4.80188e-05 3.66168e-05 2.76999e-05 2.05141e-05 1.43363e-05 9.98474e-06 6.86829e-06 4.56945e-06 3.01072e-06 1.92764e-06 1.22070e-06 7.49883e-07 4.75707e-07 2.82408e-07 1.69336e-07 9.83315e-08 5.68221e-08 3.61778e-08 2.24061e-08 1.40590e-08 9.18017e-09 6.03428e-09 4.09426e-09 2.63490e-09 1.84148e-09 1.33197e-09
4.37660e+03 1.05962e-02 1.07072e-02 1.07069e-02 1.08504e-02 1.08299e-02 1.07071e-02 1.03493e-02 9.61886e-03 8.37213e-03 6.42328e-03 4.82330e-03 3.65709e-03 2.78307e-03 2.13807e-03 1.66620e-03 1.31463e-03 1.06035e-03 8.67923e-04 7.25418e-04 6.16611e-04 5.31003e-04 3.36785e-04 2.83666e-04 2.46210e-04 2.20592e-04 1.99343e-04 1.66539e-04 1.52116e-04 1.25549e-04 1.10334e-04 9.26542e-05 7.57378e-05 6.09851e-05 4.73101e-05 3.62706e-05 2.70471e-05 2.02207e-05 1.40982e-05 9.82785e-06 6.73326e-06 4.50699e-06 2.95514e-06 1.91026e-06 1.20667e-06 7.34628e-07 4.71638e-07 2.79028e-07 1.69781e-07 9.50268e-08 5.49904e-08 3.60432e-08 2.21296e-08 1.38637e-08 9.04971e-09 5.93904e-09 4.02501e-09 2.59228e-09 1.80909e-09 1.30775e-09
4.38521e+03 8.59964e-03 8.63195e-03 8.64079e-03 8.68729e-03 8.65299e-03 8.53166e-03 8.18903e-03 7.86877e-03 6.91804e-03 5.31691e-03 4.00378e-03 3.04774e-03 2.33201e-03 1.80434e-03 1.41857e-03 1.13121e-03 9.23295e-04 7.65714e-04 6.48635e-04 5.58729e-04 4.87341e-04 3.03534e-04 2.61833e-04 2.28321e-04 2.07898e-04 1.89991e-04 1.59528e-04 1.46072e-04 1.21353e-04 1.07480e-04 8.98513e-05 7.40120e-05 5.98664e-05 4.64636e-05 3.56444e-05 2.67064e-05 1.98186e-05 1.39117e-05 9.72613e-06 6.66060e-06 4.47251e-06 2.90579e-06 1.88659e-06 1.19447e-06 7.23429e-07 4.65785e-07 2.75398e-07 1.68213e-07 9.46772e-08 5.46033e-08 3.51537e-08 2.18953e-08 1.36981e-08 8.93912e-09 5.85831e-09 3.96630e-09 2.55615e-09 1.78163e-09 1.28721e-09
4.39281e+03 7.08363e-03 7.08684e-03 7.08896e-03 7.08952e-03 7.06758e-03 6.97000e-03 6.69443e-03 6.32423e-03 5.66096e-03 4.35999e-03 3.29457e-03 2.52010e-03 1.94118e-03 1.51495e-03 1.20367e-03 9.71905e-04 8.04140e-04 6.76758e-04 5.81736e-04 5.08243e-04 4.49215e-04 2.74490e-04 2.42858e-04 2.12733e-04 1.96840e-04 1.81749e-04 1.53432e-04 1.40739e-04 1.17678e-04 1.04988e-04 8.73669e-05 7.25014e-05 5.88746e-05 4.57087e-05 3.50811e-05 2.64125e-05 1.94588e-05 1.37477e-05 9.63735e-06 6.59781e-06 4.44266e-06 2.86216e-06 1.86542e-06 1.18370e-06 7.13602e-07 4.60543e-07 2.72170e-07 1.66767e-07 9.44473e-08 5.42990e-08 3.43437e-08 2.16884e-08 1.35519e-08 8.84152e-09 5.78706e-09 3.91449e-09 2.52426e-09 1.75739e-09 1.26909e-09
4.39957e+03 5.80917e-03 5.80670e-03 5.80943e-03 5.79302e-03 5.77145e-03 5.68942e-03 5.42866e-03 5.12532e-03 4.54234e-03 3.50847e-03 2.66348e-03 2.05057e-03 1.59340e-03 1.25744e-03 1.01244e-03 8.30142e-04 6.98107e-04 5.97600e-04 5.22206e-04 4.63317e-04 4.15288e-04 2.48645e-04 2.25972e-04 1.98862e-04 1.87000e-04 1.74414e-04 1.48007e-04 1.35993e-04 1.14407e-04 1.02770e-04 8.51562e-05 7.11572e-05 5.79920e-05 4.50368e-05 3.45798e-05 2.61510e-05 1.91387e-05 1.36017e-05 9.55835e-06 6.54194e-06 4.41610e-06 2.82334e-06 1.84658e-06 1.17411e-06 7.04857e-07 4.55879e-07 2.69297e-07 1.65480e-07 9.42427e-08 5.40282e-08 3.36230e-08 2.15044e-08 1.34219e-08 8.75467e-09 5.72365e-09 3.86839e-09 2.49588e-09 1.73583e-09 1.25296e-09
4.40585e+03 4.66940e-03 4.66645e-03 4.67030e-03 4.65716e-03 4.62869e-03 4.56529e-03 4.40218e-03 4.17988e-03 3.70287e-03 2.87051e-03 2.19103e-03 1.69885e-03 1.33227e-03 1.06328e-03 8.67361e-04 7.21717e-04 6.16221e-04 5.35772e-04 4.75134e-04 4.27330e-04 3.87750e-04 2.30203e-04 2.11899e-04 1.87940e-04 1.78243e-04 1.68120e-04 1.43618e-04 1.32286e-04 1.11915e-04 1.00125e-04 8.37245e-05 6.99101e-05 5.71854e-05 4.45167e-05 3.41444e-05 2.59085e-05 1.89080e-05 1.35086e-05 9.48768e-06 6.49785e-06 4.37846e-06 2.80847e-06 1.83018e-06 1.16583e-06 7.04530e-07 4.52067e-07 2.68289e-07 1.63302e-07 9.37105e-08 5.38224e-08 3.31870e-08 2.13414e-08 1.33079e-08 8.67888e-09 5.66873e-09 3.82869e-09 2.47150e-09 1.71733e-09 1.23909e-09
4.41183e+03 3.62867e-03 3.62826e-03 3.63755e-03 3.63205e-03 3.62381e-03 3.59331e-03 3.42657e-03 3.28131e-03 3.08684e-03 2.40358e-03 1.84566e-03 1.44150e-03 1.14052e-03 9.19784e-04 7.59155e-04 6.39868e-04 5.53533e-04 4.87676e-04 4.37895e-04 3.98366e-04 3.65201e-04 2.17750e-04 1.99993e-04 1.79349e-04 1.70271e-04 1.62612e-04 1.40040e-04 1.29403e-04 1.10044e-04 9.70782e-05 8.29311e-05 6.87260e-05 5.64307e-05 4.41172e-05 3.37582e-05 2.56783e-05 1.87498e-05 1.34590e-05 9.42299e-06 6.46306e-06 4.33085e-06 2.81367e-06 1.81559e-06 1.15854e-06 7.11333e-07 4.48921e-07 2.68848e-07 1.60337e-07 9.28923e-08 5.36686e-08 3.29857e-08 2.12351e-08 1.32417e-08 8.63657e-09 5.64070e-09 3.80997e-09 2.46044e-09 1.70910e-09 1.23267e-09
4.41738e+03 2.71609e-03 2.72267e-03 2.74368e-03 2.74643e-03 2.76964e-03 2.73220e-03 2.70300e-03 2.59762e-03 2.51400e-03 1.96939e-03 1.52451e-03 1.20219e-03 9.62217e-04 7.86353e-04 6.58535e-04 5.63757e-04 4.95241e-04 4.42952e-04 4.03267e-04 3.71433e-04 3.44233e-04 2.06171e-04 1.88922e-04 1.71360e-04 1.62858e-04 1.57490e-04 1.36713e-04 1.26723e-04 1.08303e-04 9.42450e-05 8.21934e-05 6.76250e-05 5.57290e-05 4.37458e-05 3.33991e-05 2.54643e-05 1.86026e-05 1.34128e-05 9.36284e-06 6.43071e-06 4.28658e-06 2.81851e-06 1.80203e-06 1.15175e-06 7.17660e-07 4.45996e-07 2.69367e-07 1.57580e-07 9.21315e-08 5.35255e-08 3.27985e-08 2.11363e-08 1.31800e-08 8.59723e-09 5.61464e-09 3.79257e-09 2.45014e-09 1.70145e-09 1.22670e-09
4.42197e+03 2.03619e-03 2.06959e-03 2.10164e-03 2.10514e-03 2.14532e-03 2.14930e-03 2.11334e-03 2.16581e-03 2.03971e-03 1.60990e-03 1.25861e-03 1.00405e-03 8.14588e-04 6.75877e-04 5.75226e-04 5.00741e-04 4.46977e-04 4.05923e-04 3.74596e-04 3.49133e-04 3.26873e-04 1.96584e-04 1.79756e-04 1.64745e-04 1.56720e-04 1.53250e-04 1.33958e-04 1.24503e-04 1.06862e-04 9.18992e-05 8.15825e-05 6.67134e-05 5.51479e-05 4.34382e-05 3.31018e-05 2.52870e-05 1.84808e-05 1.33746e-05 9.31303e-06 6.40392e-06 4.24992e-06 2.82251e-06 1.79081e-06 1.14614e-06 7.22898e-07 4.43573e-07 2.69797e-07 1.55297e-07 9.15016e-08 5.34070e-08 3.26435e-08 2.10544e-08 1.31290e-08 8.56466e-09 5.59307e-09 3.77817e-09 2.44162e-09 1.69511e-09 1.22176e-09
4.42588e+03 1.58653e-03 1.64515e-03 1.65177e-03 1.67522e-03 1.71827e-03 1.70446e-03 1.64863e-03 1.79940e-03 1.63726e-03 1.30485e-03 1.03298e-03 8.35921e-04 6.89319e-04 5.82134e-04 5.04534e-04 4.47268e-04 4.06022e-04 3.74502e-04 3.50268e-04 3.30210e-04 3.12142e-04 1.88449e-04 1.71978e-04 1.59132e-04 1.51511e-04 1.49651e-04 1.31620e-04 1.22620e-04 1.05640e-04 8.99087e-05 8.10642e-05 6.59399e-05 5.46549e-05 4.31772e-05 3.28495e-05 2.51367e-05 1.83774e-05 1.33422e-05 9.27077e-06 6.38119e-06 4.21882e-06 2.82591e-06 1.78128e-06 1.14137e-06 7.27342e-07 4.41518e-07 2.70162e-07 1.53360e-07 9.09671e-08 5.33065e-08 3.25120e-08 2.09850e-08 1.30857e-08 8.53702e-09 5.57476e-09 3.76594e-09 2.43439e-09 1.68973e-09 1.21756e-09
4.42925e+03 1.34571e-03 1.36496e-03 1.40124e-03 1.40785e-03 1.44498e-03 1.45368e-03 1.44324e-03 1.48213e-03 1.35586e-03 1.09035e-03 8.73201e-04 7.15892e-04 5.99053e-04 5.13877e-04 4.52476e-04 4.07404e-04 3.75106e-04 3.50473e-04 3.31428e-04 3.15378e-04 3.00462e-04 1.81299e-04 1.65549e-04 1.54601e-04 1.47310e-04 1.46591e-04 1.29535e-04 1.20939e-04 1.04869e-04 8.85142e-05 8.05272e-05 6.53693e-05 5.42745e-05 4.29509e-05 3.26690e-05 2.50162e-05 1.82966e-05 1.33051e-05 9.23464e-06 6.35613e-06 4.19615e-06 2.82584e-06 1.77579e-06 1.13721e-06 7.27984e-07 4.39368e-07 2.70058e-07 1.52309e-07 9.06134e-08 5.32057e-08 3.23839e-08 2.09249e-08 1.30482e-08 8.51309e-09 5.55891e-09 3.75536e-09 2.42813e-09 1.68508e-09 1.21393e-09
4.43248e+03 1.17600e-03 1.18559e-03 1.19772e-03 1.19821e-03 1.21532e-03 1.21395e-03 1.24690e-03 1.18100e-03 1.23525e-03 9.95088e-04 7.99117e-04 6.57611e-04 5.52971e-04 4.77145e-04 4.22914e-04 3.83502e-04 3.55581e-04 3.34517e-04 3.18327e-04 3.04623e-04 2.91668e-04 1.74231e-04 1.60078e-04 1.50992e-04 1.43976e-04 1.43788e-04 1.27407e-04 1.19221e-04 1.04765e-04 8.79062e-05 7.98195e-05 6.50425e-05 5.40131e-05 4.27341e-05 3.25798e-05 2.49223e-05 1.82386e-05 1.32500e-05 9.20111e-06 6.32032e-06 4.18387e-06 2.81913e-06 1.77661e-06 1.13317e-06 7.21538e-07 4.36496e-07 2.69031e-07 1.52684e-07 9.05156e-08 5.30791e-08 3.22301e-08 2.08674e-08 1.30124e-08 8.49021e-09 5.54375e-09 3.74524e-09 2.42215e-09 1.68063e-09 1.21046e-09
4.43603e+03 1.02569e-03 1.03654e-03 1.03987e-03 1.04620e-03 1.05796e-03 1.05371e-03 1.03092e-03 1.05725e-03 1.10256e-03 8.90287e-04 7.17618e-04 5.93497e-04 5.02278e-04 4.36736e-04 3.90394e-04 3.57207e-04 3.34102e-04 3.16963e-04 3.03915e-04 2.92792e-04 2.81994e-04 1.66456e-04 1.54059e-04 1.47023e-04 1.40307e-04 1.40704e-04 1.25065e-04 1.17332e-04 1.04651e-04 8.72373e-05 7.90410e-05 6.46829e-05 5.37255e-05 4.24956e-05 3.24817e-05 2.48191e-05 1.81749e-05 1.31894e-05 9.16423e-06 6.28092e-06 4.17037e-06 2.81174e-06 1.77752e-06 1.12873e-06 7.14447e-07 4.33338e-07 2.67902e-07 1.53096e-07 9.04080e-08 5.29397e-08 3.20608e-08 2.08042e-08 1.29729e-08 8.46505e-09 5.52708e-09 3.73411e-09 2.41556e-09 1.67573e-09 1.20664e-09
4.43985e+03 8.90142e-04 8.96915e-04 9.03895e-04 8.99414e-04 9.01037e-04 8.98547e-04 8.81234e-04 9.24120e-04 9.59820e-04 7.77541e-04 6.29940e-04 5.24523e-04 4.47741e-04 3.93265e-04 3.55408e-04 3.28919e-04 3.10994e-04 2.98078e-04 2.88410e-04 2.80064e-04 2.71586e-04 1.58091e-04 1.47583e-04 1.42752e-04 1.36361e-04 1.37387e-04 1.22546e-04 1.15299e-04 1.04529e-04 8.65177e-05 7.82034e-05 6.42961e-05 5.34162e-05 4.22390e-05 3.23762e-05 2.47080e-05 1.81063e-05 1.31242e-05 9.12455e-06 6.23853e-06 4.15584e-06 2.80380e-06 1.77849e-06 1.12394e-06 7.06817e-07 4.29940e-07 2.66688e-07 1.53539e-07 9.02922e-08 5.27898e-08 3.18788e-08 2.07362e-08 1.29305e-08 8.43797e-09 5.50915e-09 3.72213e-09 2.40848e-09 1.67046e-09 1.20253e-09
4.44363e+03 7.73387e-04 7.81088e-04 7.79958e-04 7.84959e-04 7.86217e-04 7.80545e-04 7.65731e-04 7.92683e-04 8.18896e-04 6.66231e-04 5.43379e-04 4.56427e-04 3.93899e-04 3.50347e-04 3.20868e-04 3.00991e-04 2.88181e-04 2.79434e-04 2.73103e-04 2.67498e-04 2.61311e-04 1.49833e-04 1.41190e-04 1.38536e-04 1.32464e-04 1.34112e-04 1.20060e-04 1.13293e-04 1.04408e-04 8.58073e-05 7.73765e-05 6.39142e-05 5.31108e-05 4.19856e-05 3.22721e-05 2.45984e-05 1.80385e-05 1.30599e-05 9.08538e-06 6.19668e-06 4.14149e-06 2.79596e-06 1.77945e-06 1.11922e-06 6.99286e-07 4.26585e-07 2.65489e-07 1.53976e-07 9.01779e-08 5.26418e-08 3.16991e-08 2.06690e-08 1.28886e-08 8.41124e-09 5.49144e-09 3.71031e-09 2.40149e-09 1.66526e-09 1.19848e-09
4.44731e+03 6.70444e-04 6.76486e-04 6.84463e-04 6.79723e-04 6.79268e-04 6.77487e-04 6.52973e-04 6.64370e-04 6.81321e-04 5.57566e-04 4.58876e-04 3.89950e-04 3.41337e-04 3.08449e-04 2.87149e-04 2.73727e-04 2.65910e-04 2.61233e-04 2.58160e-04 2.55230e-04 2.51280e-04 1.41771e-04 1.34949e-04 1.34421e-04 1.28660e-04 1.30914e-04 1.17632e-04 1.11334e-04 1.04290e-04 8.51137e-05 7.65693e-05 6.35414e-05 5.28127e-05 4.17383e-05 3.21704e-05 2.44913e-05 1.79724e-05 1.29970e-05 9.04714e-06 6.15583e-06 4.12749e-06 2.78830e-06 1.78038e-06 1.11461e-06 6.91933e-07 4.23311e-07 2.64318e-07 1.54404e-07 9.00663e-08 5.24974e-08 3.15236e-08 2.06035e-08 1.28477e-08 8.38515e-09 5.47415e-09 3.69877e-09 2.39466e-09 1.66019e-09 1.19452e-09
4.45116e+03 5.71228e-04 5.79039e-04 5.86337e-04 5.86136e-04 5.87530e-04 5.84289e-04 5.67345e-04 5.41708e-04 5.37597e-04 4.44045e-04 3.70595e-04 3.20501e-04 2.86425e-04 2.64678e-04 2.51923e-04 2.45245e-04 2.42644e-04 2.42219e-04 2.42549e-04 2.42414e-04 2.40801e-04 1.33349e-04 1.28429e-04 1.30121e-04 1.24687e-04 1.27574e-04 1.15096e-04 1.09287e-04 1.04166e-04 8.43892e-05 7.57260e-05 6.31519e-05 5.25012e-05 4.14800e-05 3.20641e-05 2.43795e-05 1.79034e-05 1.29314e-05 9.00719e-06 6.11315e-06 4.11286e-06 2.78030e-06 1.78136e-06 1.10980e-06 6.84251e-07 4.19889e-07 2.63095e-07 1.54850e-07 8.99498e-08 5.23465e-08 3.13403e-08 2.05350e-08 1.28050e-08 8.35789e-09 5.45610e-09 3.68671e-09 2.38753e-09 1.65488e-09 1.19038e-09
4.45523e+03 4.73326e-04 4.84082e-04 4.94145e-04 4.92622e-04 4.94066e-04 4.98425e-04 4.82707e-04 4.80706e-04 4.46898e-04 3.71318e-04 3.12819e-04 2.73859e-04 2.48403e-04 2.33325e-04 2.25773e-04 2.23312e-04 2.24086e-04 2.26529e-04 2.29261e-04 2.31196e-04 2.31395e-04 1.26349e-04 1.23009e-04 1.25699e-04 1.21247e-04 1.24541e-04 1.13006e-04 1.07427e-04 1.02731e-04 8.35375e-05 7.48223e-05 6.27336e-05 5.21214e-05 4.11075e-05 3.19626e-05 2.42275e-05 1.78059e-05 1.28792e-05 8.95018e-06 6.08498e-06 4.10082e-06 2.76832e-06 1.78155e-06 1.10615e-06 6.79382e-07 4.17420e-07 2.61722e-07 1.54527e-07 8.96501e-08 5.20629e-08 3.12953e-08 2.04625e-08 1.27598e-08 8.32903e-09 5.43698e-09 3.67395e-09 2.37998e-09 1.64927e-09 1.18600e-09
4.45935e+03 3.80626e-04 4.03196e-04 4.24753e-04 4.23626e-04 4.22282e-04 4.21971e-04 4.08512e-04 4.18943e-04 4.02345e-04 3.34202e-04 2.81791e-04 2.47335e-04 2.25398e-04 2.13126e-04 2.07886e-04 2.07441e-04 2.09979e-04 2.14066e-04 2.18306e-04 2.21650e-04 2.23173e-04 1.20741e-04 1.18665e-04 1.21322e-04 1.18355e-04 1.21858e-04 1.11349e-04 1.05780e-04 1.00270e-04 8.26096e-05 7.38989e-05 6.23054e-05 5.16982e-05 4.06539e-05 3.18682e-05 2.40477e-05 1.76883e-05 1.28397e-05 8.88106e-06 6.06959e-06 4.09129e-06 2.75345e-06 1.78108e-06 1.10358e-06 6.76974e-07 4.15810e-07 2.60272e-07 1.53586e-07 8.92104e-08 5.16802e-08 3.13651e-08 2.03891e-08 1.27140e-08 8.29982e-09 5.41763e-09 3.66103e-09 2.37234e-09 1.64359e-09 1.18156e-09
4.46630e+03 2.46419e-04 2.87417e-04 3.07876e-04 3.07416e-04 3.22938e-04 3.27356e-04 3.16328e-04 3.14915e-04 3.27305e-04 2.71688e-04 2.29532e-04 2.02662e-04 1.86652e-04 1.79106e-04 1.77757e-04 1.80710e-04 1.86218e-04 1.93074e-04 1.99854e-04 2.05570e-04 2.09325e-04 1.11295e-04 1.11349e-04 1.13949e-04 1.13485e-04 1.17338e-04 1.08559e-04 1.03007e-04 9.61239e-05 8.10468e-05 7.23436e-05 6.15842e-05 5.09853e-05 3.98899e-05 3.17093e-05 2.37449e-05 1.74903e-05 1.27731e-05 8.76466e-06 6.04366e-06 4.07525e-06 2.72842e-06 1.78028e-06 1.09925e-06 6.72918e-07 4.13099e-07 2.57828e-07 1.52001e-07 8.84698e-08 5.10355e-08 3.14825e-08 2.02655e-08 1.26370e-08 8.25061e-09 5.38503e-09 3.63926e-09 2.35946e-09 1.63401e-09 1.17410e-09
4.58812e+03 5.08189e-07 3.44625e-05 3.80880e-05 3.86245e-05 4.13962e-05 4.13370e-05 4.06460e-05 3.79704e-05 3.31123e-05 2.53055e-05 1.90592e-05 1.48733e-05 1.24776e-05 1.20317e-05 1.37703e-05 1.80269e-05 2.47921e-05 3.42433e-05 4.57231e-05 5.86304e-05 7.21090e-05 3.13240e-05 3.88273e-05 4.65433e-05 5.25471e-05 5.97757e-05 6.37740e-05 6.35017e-05 6.42767e-05 5.78029e-05 5.35333e-05 4.67852e-05 4.05546e-05 3.28359e-05 2.62125e-05 1.94839e-05 1.51819e-05 1.09945e-05 7.58729e-06 5.35159e-06 3.60293e-06 2.41164e-06 1.54050e-06 9.61066e-07 6.02788e-07 3.68890e-07 2.31216e-07 1.33222e-07 8.04047e-08 4.76798e-08 2.82826e-08 1.80971e-08 1.12845e-08 7.38742e-09 4.81323e-09 3.25746e-09 2.13363e-09 1.46608e-09 1.04309e-09
5.00202e+03 3.01776e-13 1.66595e-11 6.43475e-12 4.77849e-12 6.64715e-12 1.05004e-11 4.89703e-12 3.08555e-11 9.51344e-11 1.76226e-10 3.28516e-10 5.84696e-10 1.05441e-09 2.19045e-09 6.35849e-09 2.43672e-08 9.00428e-08 2.95150e-07 8.06073e-07 1.88075e-06 3.83203e-06 8.80414e-07 2.08791e-06 3.65231e-06 6.06599e-06 9.28213e-06 1.23463e-05 1.61548e-05 1.82507e-05 2.06386e-05 2.11186e-05 2.09725e-05 1.92550e-05 1.74148e-05 1.43662e-05 1.18215e-05 9.16079e-06 6.83431e-06 4.96937e-06 3.50750e-06 2.39494e-06 1.60283e-06 1.04253e-06 6.66698e-07 4.16926e-07 2.59445e-07 1.59856e-07 9.53044e-08 5.64015e-08 3.20527e-08 1.95441e-08 1.21731e-08 7.85586e-09 5.10726e-09 3.40792e-09 2.28613e-09 1.49804e-09 1.03752e-09 7.27442e-10
5.50545e+03 3.05036e-19 5.49323e-17 1.88254e-17 2.29021e-17 3.25195e-17 4.31454e-17 6.22032e-17 2.44050e-18 8.12998e-18 1.08062e-16 1.39542e-15 1.33278e-14 1.07831e-13 8.68363e-13 8.29487e-12 8.47822e-11 6.84335e-10 4.38812e-09 2.11635e-08 8.06560e-08 2.51556e-07 5.39698e-08 1.42839e-07 3.33977e-07 8.18980e-07 1.61539e-06 2.64002e-06 4.06054e-06 5.42523e-06 7.00594e-06 8.30956e-06 8.96117e-06 9.03969e-06 8.49149e-06 7.58064e-06 6.48963e-06 5.21020e-06 4.03755e-06 3.00753e-06 2.15874e-06 1.50540e-06 1.01423e-06 6.67572e-07 4.30493e-07 2.73361e-07 1.70733e-07 1.03235e-07 6.24247e-08 3.71160e-08 2.19508e-08 1.31891e-08 8.24758e-09 5.28217e-09 3.49739e-09 2.37116e-09 1.56215e-09 9.98113e-10 7.03125e-10 5.01505e-10
6.04909e+03 3.56704e-20 3.56601e-20 3.57683e-20 3.56648e-20 3.54054e-20 3.48797e-20 3.33813e-20 3.08934e-20 2.67338e-20 2.04691e-20 1.68175e-20 9.57302e-20 3.75046e-18 1.46847e-16 5.76509e-15 1.98858e-13 4.32856e-12 6.39629e-11 6.06510e-10 4.01735e-09 1.97466e-08 2.41028e-09 2.57146e-08 5.09379e-08 1.63232e-07 3.39448e-07 7.09150e-07 1.23055e-06 1.91518e-06 2.75079e-06 3.46913e-06 4.12999e-06 4.46804e-06 4.51937e-06 4.16398e-06 3.65938e-06 3.09778e-06 2.44178e-06 1.85753e-06 1.35453e-06 9.54585e-07 6.53933e-07 4.35829e-07 2.82543e-07 1.80354e-07 1.11987e-07 6.78169e-08 4.17179e-08 2.47733e-08 1.45406e-08 8.90388e-09 5.49117e-09 3.59603e-09 2.32489e-09 1.53490e-09 1.05691e-09 6.82352e-10 4.66274e-10 3.31934e-10
6.64640e+03 2.90191e-20 2.89840e-20 2.91090e-20 2.90206e-20 2.87992e-20 2.83361e-20 2.70726e-20 2.51534e-20 2.17746e-20 1.66589e-20 1.25122e-20 9.47810e-21 9.50377e-21 2.37287e-19 2.09944e-17 1.54674e-15 6.49813e-14 1.72552e-12 2.70038e-11 2.74977e-10 1.95489e-09 1.31154e-09 2.70100e-09 1.15858e-08 3.31177e-08 8.47802e-08 2.28822e-07 4.44710e-07 7.07332e-07 1.19088e-06 1.63842e-06 2.07581e-06 2.39044e-06 2.49284e-06 2.40342e-06 2.20373e-06 1.88663e-06 1.51760e-06 1.17696e-06 8.72801e-07 6.26397e-07 4.33112e-07 2.87214e-07 1.88123e-07 1.20708e-07 7.52851e-08 4.61737e-08 2.81243e-08 1.69847e-08 9.75500e-09 6.03263e-09 3.69662e-09 2.34268e-09 1.53450e-09 1.01081e-09 6.97872e-10 4.46800e-10 3.11170e-10 2.18112e-10
7.30270e+03 2.31325e-20 2.31216e-20 2.32310e-20 2.31609e-20 2.29848e-20 2.26060e-20 2.15998e-20 2.00754e-20 1.73819e-20 1.32982e-20 9.98793e-21 7.54953e-21 5.68248e-21 4.88272e-21 1.24527e-19 1.81520e-17 1.40242e-15 6.38576e-14 1.57970e-12 2.37752e-11 2.35940e-10 8.25112e-17 4.23770e-10 2.87421e-09 6.51471e-09 2.56398e-08 7.82600e-08 1.70255e-07 2.97166e-07 5.03459e-07 7.45702e-07 9.93017e-07 1.21789e-06 1.33033e-06 1.32959e-06 1.26830e-06 1.10983e-06 9.15125e-07 7.18744e-07 5.40849e-07 3.88098e-07 2.71344e-07 1.82238e-07 1.19563e-07 7.74307e-08 4.83403e-08 2.98961e-08 1.80852e-08 1.09650e-08 6.40548e-09 3.91766e-09 2.45281e-09 1.54831e-09 1.00014e-09 6.72664e-10 4.61566e-10 3.00342e-10 2.07076e-10 1.44812e-10
8.02380e+03 1.80319e-20 1.80411e-20 1.81327e-20 1.80784e-20 1.79416e-20 1.76354e-20 1.68525e-20 1.56702e-20 1.35716e-20 1.03831e-20 7.79846e-21 5.89457e-21 4.43474e-21 3.33779e-21 3.65557e-21 3.29329e-19 4.40643e-17 3.26578e-15 1.21834e-13 2.59813e-12 3.46633e-11 1.00000e-99 5.94869e-17 1.19318e-10 2.01297e-09 9.24574e-09 2.51521e-08 7.29123e-08 1.34623e-07 2.17020e-07 3.51990e-07 4.89226e-07 6.37944e-07 7.20477e-07 7.41571e-07 7.21055e-07 6.45505e-07 5.44266e-07 4.31612e-07 3.27200e-07 2.36582e-07 1.66937e-07 1.14006e-07 7.52896e-08 4.90608e-08 3.05952e-08 1.88938e-08 1.15820e-08 6.95388e-09 4.09093e-09 2.53367e-09 1.56036e-09 9.95235e-10 6.41338e-10 4.39663e-10 2.86524e-10 1.91362e-10 1.34412e-10 9.14622e-11
8.81611e+03 1.37143e-20 1.37389e-20 1.37990e-20 1.37579e-20 1.36543e-20 1.34227e-20 1.28288e-20 1.19360e-20 1.03417e-20 7.91200e-21 5.94248e-21 4.49171e-21 3.37930e-21 2.54132e-21 1.93290e-21 1.06347e-20 2.03065e-18 2.31446e-16 1.23857e-14 3.58026e-13 6.17605e-12 1.00000e-99 1.00000e-99 1.10265e-17 9.36846e-10 4.11831e-09 8.81296e-09 3.17491e-08 5.91516e-08 9.11049e-08 1.72687e-07 2.52241e-07 3.30081e-07 3.93174e-07 4.10691e-07 4.05870e-07 3.71867e-07 3.20099e-07 2.54794e-07 1.95298e-07 1.43167e-07 1.00720e-07 6.95991e-08 4.60477e-08 3.02299e-08 1.91396e-08 1.18215e-08 7.23115e-09 4.35120e-09 2.57610e-09 1.56988e-09 9.73623e-10 6.11685e-10 3.93095e-10 2.70524e-10 1.75409e-10 1.14811e-10 8.10236e-11 5.62704e-11
9.69123e+03 1.01362e-20 1.01703e-20 1.02051e-20 1.01741e-20 1.00968e-20 9.92558e-21 9.48854e-21 8.83575e-21 7.66040e-21 5.86068e-21 4.40179e-21 3.32716e-21 2.50316e-21 1.88242e-21 1.41896e-21 1.46438e-21 1.36533e-19 2.24597e-17 1.63782e-15 6.13568e-14 1.31604e-12 1.00000e-99 1.00000e-99 1.00000e-99 1.83534e-10 1.32772e-09 4.36953e-09 1.22562e-08 2.55599e-08 4.43556e-08 8.93743e-08 1.33330e-07 1.71866e-07 2.10569e-07 2.27753e-07 2.28826e-07 2.10266e-07 1.82144e-07 1.48653e-07 1.13647e-07 8.44182e-08 6.00424e-08 4.13985e-08 2.76428e-08 1.82008e-08 1.15352e-08 7.18011e-09 4.40067e-09 2.68413e-09 1.56828e-09 9.58604e-10 6.04744e-10 3.70252e-10 2.53963e-10 1.65166e-10 1.10544e-10 7.31915e-11 5.10846e-11 3.52325e-11
1.06071e+04 7.38712e-21 7.41716e-21 7.43623e-21 7.41289e-21 7.35557e-21 7.22817e-21 6.91107e-21 6.43879e-21 5.58477e-21 4.27269e-21 3.20910e-21 2.42564e-21 1.82490e-21 1.37230e-21 1.03400e-21 8.03476e-22 1.41409e-20 3.06375e-18 2.88764e-16 1.33891e-14 3.43082e-13 1.00000e-99 1.00000e-99 1.00000e-99 1.90594e-11 6.09336e-10 1.45584e-09 4.47797e-09 1.34459e-08 2.41561e-08 4.66549e-08 6.95113e-08 9.54662e-08 1.14024e-07 1.27461e-07 1.28752e-07 1.20031e-07 1.04535e-07 8.67268e-08 6.68069e-08 5.02137e-08 3.60388e-08 2.48529e-08 1.67956e-08 1.09132e-08 6.98665e-09 4.32774e-09 2.67670e-09 1.64109e-09 9.42609e-10 5.92330e-10 3.67101e-10 2.33982e-10 1.42706e-10 9.73443e-11 6.91460e-11 4.30951e-11 3.17199e-11 2.11883e-11
1.15242e+04 5.38117e-21 5.40694e-21 5.40849e-21 5.39084e-21 5.34845e-21 5.25850e-21 5.02861e-21 4.68745e-21 4.06827e-21 3.11247e-21 2.33768e-21 1.76693e-21 1.32922e-21 9.99322e-22 7.52502e-22 5.67252e-22 2.62439e-21 6.28979e-19 7.17724e-17 3.89737e-15 1.13852e-13 1.00000e-99 1.00000e-99 1.00000e-99 2.58186e-12 2.85078e-10 5.29376e-10 1.77295e-09 6.87238e-09 1.32463e-08 2.41914e-08 3.92052e-08 5.37365e-08 6.40816e-08 7.23538e-08 7.28931e-08 7.02867e-08 6.18848e-08 5.13484e-08 4.02853e-08 3.03068e-08 2.16341e-08 1.49994e-08 1.01370e-08 6.63008e-09 4.30086e-09 2.65193e-09 1.64570e-09 9.88216e-10 5.72545e-10 3.59716e-10 2.18232e-10 1.38406e-10 8.62501e-11 6.06333e-11 4.16690e-11 2.63757e-11 1.83544e-11 1.31334e-11
1.24404e+04 3.92109e-21 3.94263e-21 3.92926e-21 3.91585e-21 3.88448e-21 3.82638e-21 3.65971e-21 3.41312e-21 2.96398e-21 2.26760e-21 1.70304e-21 1.28703e-21 9.67781e-22 7.26876e-22 5.46331e-22 4.08737e-22 8.25912e-22 1.76772e-19 2.31828e-17 1.41224e-15 4.53742e-14 1.00000e-99 1.00000e-99 1.00000e-99 1.74697e-18 1.08666e-10 2.08205e-10 7.54319e-10 2.72354e-09 7.49926e-09 1.29522e-08 2.25326e-08 3.09944e-08 3.75046e-08 4.25320e-08 4.34255e-08 4.16333e-08 3.68660e-08 3.07755e-08 2.44349e-08 1.86600e-08 1.33738e-08 9.16501e-09 6.19119e-09 4.14612e-09 2.63894e-09 1.64718e-09 1.02217e-09 6.09862e-10 3.61847e-10 2.20597e-10 1.34220e-10 8.81235e-11 5.64822e-11 3.77433e-11 2.39275e-11 1.56840e-11 9.88595e-12 8.28791e-12
1.33635e+04 2.85074e-21 2.86880e-21 2.84258e-21 2.83460e-21 2.81451e-21 2.77594e-21 2.65611e-21 2.47859e-21 2.15379e-21 1.64759e-21 1.23699e-21 9.34132e-22 7.01361e-22 5.25389e-22 3.93300e-22 2.92287e-22 3.78411e-22 6.21263e-20 9.01181e-18 5.96968e-16 2.05575e-14 1.00000e-99 1.00000e-99 1.00000e-99 1.00000e-99 4.53798e-11 8.69483e-11 3.39065e-10 1.13738e-09 4.08704e-09 7.29322e-09 1.29278e-08 1.76344e-08 2.27124e-08 2.53489e-08 2.60613e-08 2.51178e-08 2.20359e-08 1.86363e-08 1.51342e-08 1.14636e-08 8.34589e-09 5.74184e-09 3.88092e-09 2.60586e-09 1.60841e-09 1.01798e-09 6.29338e-10 3.82577e-10 2.28471e-10 1.36594e-10 8.64765e-11 5.35835e-11 3.52277e-11 2.31454e-11 1.62843e-11 9.52666e-12 5.59425e-12 5.19442e-12
1.42795e+04 2.07717e-21 2.09154e-21 2.07956e-21 2.07364e-21 2.05892e-21 2.01877e-21 1.93239e-21 1.80398e-21 1.56813e-21 1.19894e-21 8.99072e-22 6.77494e-22 5.06910e-22 3.77834e-22 2.81013e-22 2.07125e-22 2.14465e-22 2.60803e-20 4.06336e-18 2.85827e-16 1.03446e-14 1.00000e-99 1.00000e-99 1.00000e-99 1.00000e-99 2.02172e-11 3.87365e-11 1.61718e-10 5.06714e-10 2.63236e-09 4.61824e-09 7.48203e-09 1.00654e-08 1.34570e-08 1.53565e-08 1.62963e-08 1.58053e-08 1.40400e-08 1.16785e-08 9.42949e-09 7.14955e-09 5.25408e-09 3.65731e-09 2.45335e-09 1.60646e-09 1.01841e-09 6.42635e-10 3.93233e-10 2.45663e-10 1.45236e-10 8.94035e-11 5.63658e-11 3.44905e-11 2.04399e-11 1.54371e-11 9.70333e-12 5.95803e-12 3.26928e-12 3.20063e-12
1.51891e+04 1.51610e-21 1.52707e-21 1.52223e-21 1.51780e-21 1.50670e-21 1.47411e-21 1.40840e-21 1.31491e-21 1.14274e-21 8.72253e-22 6.52168e-22 4.89327e-22 3.63978e-22 2.69326e-22 1.98640e-22 1.45047e-22 1.33604e-22 1.24601e-20 2.04188e-18 1.49948e-16 5.62398e-15 1.00000e-99 1.00000e-99 1.00000e-99 1.00000e-99 9.53019e-12 1.82600e-11 8.12232e-11 2.38860e-10 1.53340e-09 3.14981e-09 4.38625e-09 6.18729e-09 8.30673e-09 9.84631e-09 1.02260e-08 9.98766e-09 8.97280e-09 7.40625e-09 5.88335e-09 4.59157e-09 3.32661e-09 2.30197e-09 1.54743e-09 1.00283e-09 6.64399e-10 4.09755e-10 2.55322e-10 1.57798e-10 9.27453e-11 5.99064e-11 3.53403e-11 2.05008e-11 1.50669e-11 9.81672e-12 5.86920e-12 3.88264e-12 2.00518e-12 1.96307e-12
1.61029e+04 1.10275e-21 1.11114e-21 1.10924e-21 1.10591e-21 1.09756e-21 1.07347e-21 1.02291e-21 9.54105e-22 8.28305e-22 6.29996e-22 4.68527e-22 3.49198e-22 2.57677e-22 1.88978e-22 1.38086e-22 9.98660e-23 8.60312e-23 6.48968e-21 1.10271e-18 8.35536e-17 3.21622e-15 1.00000e-99 1.00000e-99 1.00000e-99 1.00000e-99 4.67821e-12 8.96352e-12 4.23373e-11 1.17252e-10 7.99282e-10 2.22515e-09 2.56485e-09 4.13004e-09 5.52788e-09 6.27594e-09 6.49914e-09 6.46380e-09 5.66009e-09 4.78675e-09 3.73078e-09 2.90946e-09 2.12962e-09 1.46229e-09 1.00533e-09 6.51027e-10 4.30647e-10 2.68659e-10 1.73391e-10 9.71336e-11 5.87220e-11 3.81595e-11 2.20304e-11 1.28433e-11 9.43915e-12 5.80083e-12 3.67694e-12 2.57882e-12 1.25621e-12 1.22982e-12
1.70221e+04 7.96568e-22 8.03095e-22 8.01829e-22 7.99312e-22 7.93050e-22 7.76250e-22 7.39149e-22 6.86476e-22 5.94711e-22 4.49706e-22 3.31909e-22 2.45287e-22 1.79342e-22 1.30291e-22 9.43252e-23 6.76072e-23 5.59062e-23 3.59835e-21 6.27567e-19 4.86480e-17 1.90839e-15 1.00000e-99 1.00000e-99 1.00000e-99 1.00000e-99 2.37846e-12 4.55716e-12 2.27898e-11 5.96125e-11 4.30246e-10 1.27742e-09 1.54839e-09 2.80450e-09 3.39244e-09 3.82288e-09 4.35303e-09 3.96737e-09 3.69003e-09 3.04180e-09 2.44336e-09 1.83803e-09 1.39473e-09 9.50757e-10 6.51649e-10 4.29842e-10 2.76807e-10 1.72263e-10 1.10616e-10 6.22756e-11 3.98695e-11 2.30934e-11 1.40637e-11 8.21146e-12 6.03497e-12 3.50572e-12 2.35087e-12 1.74414e-12 8.03161e-13 7.86294e-13
1.79362e+04 5.71202e-22 5.76325e-22 5.74751e-22 5.72846e-22 5.68169e-22 5.57034e-22 5.29801e-22 4.89788e-22 4.22995e-22 3.17462e-22 2.32225e-22 1.70063e-22 1.23203e-22 8.87135e-23 6.36948e-23 4.53030e-23 3.65106e-23 2.10329e-21 3.73702e-19 2.94468e-17 1.17097e-15 1.00000e-99 1.00000e-99 1.00000e-99 1.00000e-99 1.25840e-12 2.41111e-12 1.27230e-11 3.15399e-11 2.40197e-10 7.33037e-10 1.22436e-09 1.83963e-09 2.20418e-09 2.43088e-09 2.80746e-09 2.54580e-09 2.41774e-09 1.92052e-09 1.58804e-09 1.17142e-09 8.99312e-10 6.12821e-10 4.25796e-10 2.92543e-10 1.76270e-10 1.09495e-10 6.96155e-11 4.23637e-11 2.57513e-11 1.59851e-11 9.24346e-12 5.39841e-12 3.96753e-12 2.18671e-12 1.54552e-12 1.20849e-12 5.28018e-13 5.16929e-13
1.88452e+04 4.05311e-22 4.09371e-22 4.07202e-22 4.05767e-22 4.02302e-22 3.95485e-22 3.75599e-22 3.45547e-22 2.97340e-22 2.21322e-22 1.60432e-22 1.16468e-22 8.36738e-23 5.97875e-23 4.26310e-23 3.01345e-23 2.38899e-23 1.27901e-21 2.30303e-19 1.83621e-17 7.37357e-16 1.00000e-99 1.00000e-99 1.00000e-99 1.00000e-99 6.90234e-13 1.32250e-12 7.34091e-12 1.72997e-11 1.38588e-10 4.32134e-10 8.91589e-10 1.31884e-09 1.48313e-09 1.65023e-09 1.79620e-09 1.61799e-09 1.51638e-09 1.27456e-09 1.00961e-09 7.83369e-10 5.97343e-10 4.26060e-10 2.70387e-10 1.85487e-10 1.15882e-10 7.29536e-11 5.14178e-11 2.73636e-11 1.67626e-11 1.03546e-11 6.22145e-12 3.63856e-12 2.67414e-12 1.40309e-12 1.04169e-12 8.55628e-13 3.55887e-13 3.48413e-13
1.97565e+04 2.83283e-22 2.86516e-22 2.83639e-22 2.82567e-22 2.80039e-22 2.76643e-22 2.62324e-22 2.40503e-22 2.05722e-22 1.51890e-22 1.09174e-22 7.86455e-23 5.61008e-23 3.98331e-23 2.82477e-23 1.98732e-23 1.55911e-23 7.97756e-22 1.45061e-19 1.16653e-17 4.71786e-16 1.00000e-99 1.00000e-99 1.00000e-99 1.00000e-99 3.88849e-13 7.45040e-13 4.34054e-12 9.74592e-12 8.19447e-11 2.55101e-10 5.23619e-10 8.08601e-10 9.36144e-10 1.09064e-09 1.07218e-09 1.18585e-09 1.04990e-09 8.72350e-10 6.74797e-10 5.18457e-10 3.91397e-10 2.80779e-10 1.84760e-10 1.20306e-10 7.75760e-11 5.13236e-11 3.56607e-11 1.58141e-11 1.17198e-11 6.51076e-12 4.24379e-12 2.49200e-12 1.83148e-12 9.16476e-13 7.13439e-13 6.14439e-13 2.43742e-13 2.38623e-13
2.06703e+04 1.95001e-22 1.97536e-22 1.94548e-22 1.93960e-22 1.92364e-22 1.90639e-22 1.80509e-22 1.65157e-22 1.40168e-22 1.02739e-22 7.33096e-23 5.24733e-23 3.72194e-23 2.62984e-23 1.85740e-23 1.30234e-23 1.01538e-23 5.07118e-22 9.28820e-20 7.51594e-18 3.05552e-16 1.00000e-99 1.00000e-99 1.00000e-99 1.00000e-99 2.24450e-13 4.30049e-13 2.62429e-12 5.62549e-12 4.95437e-11 1.54143e-10 2.37676e-10 4.69428e-10 5.86415e-10 6.41624e-10 7.27830e-10 7.18105e-10 6.39776e-10 5.88386e-10 4.78216e-10 3.34910e-10 2.57822e-10 1.89933e-10 1.17642e-10 8.52665e-11 5.15822e-11 3.11402e-11 2.22422e-11 1.11964e-11 8.73635e-12 4.65526e-12 2.93055e-12 1.73334e-12 1.27391e-12 6.09092e-13 4.96241e-13 4.47275e-13 1.69538e-13 1.65977e-13
2.15854e+04 1.32433e-22 1.34365e-22 1.32868e-22 1.32444e-22 1.31314e-22 1.29636e-22 1.22598e-22 1.11985e-22 9.42585e-23 6.86714e-23 4.87153e-23 3.46971e-23 2.45070e-23 1.72559e-23 1.21538e-23 8.50339e-24 6.60876e-24 3.27199e-22 6.02509e-20 4.89757e-18 1.99855e-16 1.00000e-99 1.00000e-99 1.00000e-99 1.00000e-99 1.32575e-13 2.54016e-13 1.62050e-12 3.32280e-12 3.05932e-11 9.51829e-11 1.27305e-10 2.77276e-10 3.60859e-10 3.78987e-10 5.01792e-10 5.13758e-10 4.57380e-10 3.64850e-10 3.17647e-10 2.40783e-10 1.79696e-10 1.28922e-10 7.82916e-11 5.14575e-11 3.29088e-11 2.14022e-11 1.40139e-11 7.90089e-12 4.76626e-12 1.00000e-99 1.00000e-99 1.00000e-99 1.00000e-99 1.00000e-99 1.00000e-99 1.00000e-99 1.00000e-99 1.00000e-99
2.25011e+04 8.89479e-23 9.03758e-23 8.96577e-23 8.93612e-23 8.85691e-23 8.71838e-23 8.23776e-23 7.51560e-23 6.30371e-23 4.57168e-23 3.22945e-23 2.29226e-23 1.61453e-23 1.13437e-23 7.97702e-24 5.57506e-24 4.32913e-24 2.14835e-22 3.97135e-20 3.23842e-18 1.32499e-16 1.00000e-99 1.00000e-99 1.00000e-99 1.00000e-99 8.06815e-14 1.54587e-13 1.02777e-12 2.02216e-12 1.94031e-11 6.03679e-11 7.73913e-11 1.68742e-10 2.24723e-10 2.30641e-10 3.27298e-10 3.12106e-10 2.99489e-10 2.31413e-10 2.04920e-10 1.55253e-10 1.08225e-10 7.97388e-11 5.58359e-11 3.72994e-11 2.33851e-11 1.55472e-11 9.30239e-12 5.16518e-12 3.41674e-12 1.00000e-99 1.00000e-99 1.00000e-99 1.00000e-99 1.00000e-99 1.00000e-99 1.00000e-99 1.00000e-99 1.00000e-99
2.34132e+04 5.93486e-23 6.03690e-23 6.00124e-23 5.98000e-23 5.92589e-23 5.82413e-23 5.49923e-23 5.01309e-23 4.19796e-23 3.03461e-23 2.13745e-23 1.51379e-23 1.06444e-23 7.47012e-24 5.24943e-24 3.66769e-24 2.84989e-24 1.42736e-22 2.64622e-20 2.16280e-18 8.86592e-17 1.00000e-99 1.00000e-99 1.00000e-99 1.00000e-99 5.02338e-14 9.62486e-14 6.65553e-13 1.25903e-12 1.25649e-11 3.90925e-11 4.81852e-11 1.05062e-10 1.47076e-10 1.43601e-10 2.50969e-10 1.94323e-10 1.75588e-10 1.68074e-10 1.41901e-10 1.09869e-10 8.58839e-11 5.66281e-11 3.75934e-11 2.29889e-11 1.71330e-11 1.01427e-11 5.64665e-12 4.05336e-12 2.40683e-12 1.00000e-99 1.00000e-99 1.00000e-99 1.00000e-99 1.00000e-99 1.00000e-99 1.00000e-99 1.00000e-99 1.00000e-99
2.43262e+04 3.93534e-23 4.00659e-23 3.98449e-23 3.96971e-23 3.93297e-23 3.86638e-23 3.64918e-23 3.32524e-23 2.78202e-23 2.00673e-23 1.41093e-23 9.98020e-24 7.01223e-24 4.91930e-24 3.45690e-24 2.41601e-24 1.88054e-24 9.54765e-23 1.77399e-20 1.45235e-18 5.96189e-17 1.00000e-99 1.00000e-99 1.00000e-99 1.00000e-99 3.18202e-14 6.09680e-14 4.37870e-13 7.97526e-13 8.26650e-12 2.57191e-11 3.05226e-11 6.65508e-11 9.74529e-11 9.09630e-11 1.58975e-10 1.23092e-10 1.23533e-10 1.27950e-10 9.41677e-11 6.22285e-11 5.25493e-11 3.80317e-11 2.55927e-11 1.58441e-11 1.00451e-11 8.18846e-12 4.26948e-12 2.62566e-12 1.69337e-12 1.00000e-99 1.00000e-99 1.00000e-99 1.00000e-99 1.00000e-99 1.00000e-99 1.00000e-99 1.00000e-99 1.00000e-99
2.52408e+04 2.59837e-23 2.64704e-23 2.62786e-23 2.61782e-23 2.59301e-23 2.55534e-23 2.41151e-23 2.19732e-23 1.83778e-23 1.32402e-23 9.30119e-24 6.57638e-24 4.62038e-24 3.24218e-24 2.27955e-24 1.59437e-24 1.24406e-24 6.41943e-23 1.19478e-20 9.79362e-19 4.02438e-17 1.00000e-99 1.00000e-99 1.00000e-99 1.00000e-99 2.04754e-14 3.92312e-14 2.92261e-13 5.13186e-13 5.51757e-12 1.71665e-11 1.96404e-11 4.28236e-11 6.27082e-11 5.85321e-11 1.02296e-10 7.92065e-11 8.47964e-11 8.23321e-11 5.62279e-11 4.36361e-11 3.82687e-11 2.56254e-11 1.72269e-11 1.09973e-11 7.81456e-12 4.45363e-12 2.74729e-12 2.03778e-12 9.35434e-13 1.00000e-99 1.00000e-99 1.00000e-99 1.00000e-99 1.00000e-99 1.00000e-99 1.00000e-99 1.00000e-99 1.00000e-99
2.61567e+04 1.71190e-23 1.74456e-23 1.72454e-23 1.71776e-23 1.70117e-23 1.68484e-23 1.59022e-23 1.44931e-23 1.21237e-23 8.73066e-24 6.13255e-24 4.33692e-24 3.04851e-24 2.14075e-24 1.50652e-24 1.05484e-24 8.25491e-25 4.33475e-23 8.07840e-21 6.62782e-19 2.72553e-17 1.00000e-99 1.00000e-99 1.00000e-99 1.00000e-99 1.33716e-14 2.56202e-14 1.97740e-13 3.35140e-13 3.73311e-12 1.16146e-11 1.28263e-11 2.79662e-11 4.09520e-11 3.82248e-11 6.68050e-11 5.17264e-11 6.14524e-11 5.37676e-11 4.05966e-11 2.95405e-11 2.27032e-11 1.79309e-11 1.01467e-11 8.59331e-12 4.84767e-12 2.70858e-12 1.79414e-12 1.00734e-12 6.37725e-13 1.00000e-99 1.00000e-99 1.00000e-99 1.00000e-99 1.00000e-99 1.00000e-99 1.00000e-99 1.00000e-99 1.00000e-99
2.70736e+04 1.12728e-23 1.14889e-23 1.12762e-23 1.12305e-23 1.11205e-23 1.11003e-23 1.04807e-23 9.55608e-24 7.99814e-24 5.76074e-24 4.04833e-24 2.86497e-24 2.01567e-24 1.41697e-24 9.98358e-25 6.99949e-25 5.49522e-25 2.93745e-23 5.47992e-21 4.49888e-19 1.85106e-17 1.00000e-99 1.00000e-99 1.00000e-99 1.00000e-99 8.85421e-15 1.69648e-14 1.35501e-13 2.21918e-13 2.55810e-12 7.95889e-12 8.49313e-12 1.85183e-11 2.71170e-11 2.53111e-11 4.42359e-11 3.42514e-11 4.30550e-11 3.56030e-11 3.09227e-11 1.82660e-11 1.50333e-11 1.20613e-11 6.71877e-12 5.61057e-12 3.45227e-12 2.12811e-12 1.18802e-12 7.56417e-13 4.98344e-13 1.00000e-99 1.00000e-99 1.00000e-99 1.00000e-99 1.00000e-99 1.00000e-99 1.00000e-99 1.00000e-99 1.00000e-99
2.79915e+04 7.42882e-24 7.57024e-24 7.43008e-24 7.40422e-24 7.33730e-24 7.31706e-24 6.91224e-24 6.30608e-24 5.28225e-24 3.80705e-24 2.67779e-24 1.89703e-24 1.33626e-24 9.40586e-25 6.63615e-25 4.65930e-25 3.67015e-25 1.99643e-23 3.72736e-21 3.06154e-19 1.26017e-17 1.00000e-99 1.00000e-99 1.00000e-99 1.00000e-99 5.93947e-15 1.13801e-14 9.39638e-14 1.48864e-13 1.77393e-12 5.51914e-12 5.69726e-12 1.24222e-11 1.81903e-11 1.69789e-11 2.96738e-11 2.29761e-11 2.88816e-11 2.38828e-11 2.23854e-11 1.14661e-11 1.00844e-11 7.57124e-12 4.50700e-12 4.04178e-12 2.73903e-12 1.46604e-12 7.96930e-13 5.50061e-13 3.29331e-13 1.00000e-99 1.00000e-99 1.00000e-99 1.00000e-99 1.00000e-99 1.00000e-99 1.00000e-99 1.00000e-99 1.00000e-99
2.89106e+04 4.90396e-24 4.99564e-24 4.93506e-24 4.91762e-24 4.87275e-24 4.83019e-24 4.56597e-24 4.16834e-24 3.49502e-24 2.52144e-24 1.77565e-24 1.25954e-24 8.88441e-25 6.26265e-25 4.42498e-25 3.11149e-25 2.45910e-25 1.36015e-23 2.54100e-21 2.08783e-19 8.59621e-18 1.00000e-99 1.00000e-99 1.00000e-99 1.00000e-99 4.03282e-15 7.72694e-15 6.58890e-14 1.01077e-13 1.24391e-12 3.87011e-12 3.86836e-12 8.43449e-12 1.23509e-11 1.15284e-11 2.01481e-11 1.56004e-11 1.96102e-11 1.62161e-11 1.37999e-11 7.29974e-12 6.84718e-12 4.82011e-12 3.06019e-12 2.43896e-12 1.71388e-12 9.67703e-13 5.41007e-13 3.63772e-13 1.97688e-13 1.00000e-99 1.00000e-99 1.00000e-99 1.00000e-99 1.00000e-99 1.00000e-99 1.00000e-99 1.00000e-99 1.00000e-99
2.98309e+04 3.24488e-24 3.30382e-24 3.27904e-24 3.26725e-24 3.23725e-24 3.19524e-24 3.02273e-24 2.76147e-24 2.31793e-24 1.67427e-24 1.18070e-24 8.38718e-25 5.92484e-25 4.18273e-25 2.95981e-25 2.08439e-25 1.65271e-25 9.28507e-24 1.73547e-21 1.42632e-19 5.87379e-18 1.00000e-99 1.00000e-99 1.00000e-99 1.00000e-99 2.76945e-15 5.30630e-15 4.66860e-14 6.94121e-14 8.81381e-13 2.74219e-12 2.65651e-12 5.79220e-12 8.48174e-12 7.91690e-12 1.38362e-11 1.07133e-11 1.34669e-11 1.11360e-11 8.62804e-12 4.70894e-12 4.70216e-12 3.10937e-12 2.10152e-12 1.67490e-12 1.00000e-99 1.00000e-99 1.00000e-99 1.00000e-99 1.00000e-99 1.00000e-99 1.00000e-99 1.00000e-99 1.00000e-99 1.00000e-99 1.00000e-99 1.00000e-99 1.00000e-99 1.00000e-99
3.07527e+04 2.15292e-24 2.19054e-24 2.17993e-24 2.17194e-24 2.15192e-24 2.11894e-24 2.00618e-24 1.83411e-24 1.54126e-24 1.11478e-24 7.87336e-25 5.60126e-25 3.96286e-25 2.80189e-25 1.98565e-25 1.40045e-25 1.11387e-25 6.34845e-24 1.18705e-21 9.75769e-20 4.01897e-18 1.00000e-99 1.00000e-99 1.00000e-99 1.00000e-99 1.92207e-15 3.68271e-15 3.34023e-14 4.81737e-14 6.30599e-13 1.96195e-12 1.84368e-12 4.01993e-12 5.88653e-12 5.49452e-12 9.60269e-12 7.43526e-12 9.34635e-12 7.72867e-12 5.46578e-12 3.07520e-12 3.26341e-12 2.03059e-12 1.45850e-12 1.16242e-12 1.00000e-99 1.00000e-99 1.00000e-99 1.00000e-99 1.00000e-99 1.00000e-99 1.00000e-99 1.00000e-99 1.00000e-99 1.00000e-99 1.00000e-99 1.00000e-99 1.00000e-99 1.00000e-99
3.16764e+04 1.43244e-24 1.45629e-24 1.44981e-24 1.44454e-24 1.43119e-24 1.40884e-24 1.33500e-24 1.22136e-24 1.02751e-24 7.44252e-25 5.26459e-25 3.75101e-25 2.65785e-25 1.88201e-25 1.33569e-25 9.43400e-26 7.52550e-26 4.34568e-24 8.12815e-22 6.68234e-20 2.75260e-18 1.00000e-99 1.00000e-99 1.00000e-99 1.00000e-99 1.34714e-15 2.58114e-15 2.41150e-14 3.37640e-14 4.55264e-13 1.41644e-12 1.29220e-12 2.81749e-12 4.12576e-12 3.85101e-12 6.73035e-12 5.21124e-12 6.55068e-12 5.41688e-12 3.50511e-12 2.03136e-12 2.28726e-12 1.34133e-12 1.02224e-12 8.14721e-13 1.00000e-99 1.00000e-99 1.00000e-99 1.00000e-99 1.00000e-99 1.00000e-99 1.00000e-99 1.00000e-99 1.00000e-99 1.00000e-99 1.00000e-99 1.00000e-99 1.00000e-99 1.00000e-99
3.26027e+04 9.55666e-25 9.70646e-25 9.64449e-25 9.60908e-25 9.51966e-25 9.38979e-25 8.90599e-25 8.15335e-25 6.86680e-25 4.98100e-25 3.52885e-25 2.51806e-25 1.78686e-25 1.26710e-25 9.00535e-26 6.36924e-26 5.09464e-26 2.97690e-24 5.56937e-22 4.57915e-20 1.88640e-18 1.00000e-99 1.00000e-99 1.00000e-99 1.00000e-99 9.52788e-16 1.82555e-15 1.75556e-14 2.38802e-14 3.31430e-13 1.03116e-12 9.13933e-13 1.99272e-12 2.91802e-12 2.72369e-12 4.76015e-12 3.68574e-12 4.63308e-12 3.83118e-12 2.27325e-12 1.35606e-12 1.61771e-12 8.95422e-13 7.22996e-13 5.76225e-13 1.00000e-99 1.00000e-99 1.00000e-99 1.00000e-99 1.00000e-99 1.00000e-99 1.00000e-99 1.00000e-99 1.00000e-99 1.00000e-99 1.00000e-99 1.00000e-99 1.00000e-99 1.00000e-99
3.35322e+04 6.39098e-25 6.48400e-25 6.41284e-25 6.38896e-25 6.32961e-25 6.27206e-25 5.95417e-25 5.45437e-25 4.59847e-25 3.34037e-25 2.37011e-25 1.69367e-25 1.20357e-25 8.54650e-26 6.08213e-26 4.30734e-26 3.45408e-26 2.03972e-24 3.81679e-22 3.13839e-20 1.29294e-18 1.00000e-99 1.00000e-99 1.00000e-99 1.00000e-99 6.79493e-16 1.30192e-15 1.28782e-14 1.70305e-14 2.43126e-13 7.56426e-13 6.51783e-13 1.42113e-12 2.08102e-12 1.94244e-12 3.39477e-12 2.62853e-12 3.30414e-12 2.73226e-12 1.48961e-12 9.14027e-13 1.15369e-12 6.03544e-13 5.15614e-13 4.10943e-13 1.00000e-99 1.00000e-99 1.00000e-99 1.00000e-99 1.00000e-99 1.00000e-99 1.00000e-99 1.00000e-99 1.00000e-99 1.00000e-99 1.00000e-99 1.00000e-99 1.00000e-99 1.00000e-99
3.44663e+04 4.28170e-25 4.33849e-25 4.27129e-25 4.25615e-25 4.21805e-25 4.19631e-25 3.98695e-25 3.65433e-25 3.08386e-25 2.24325e-25 1.59398e-25 1.14062e-25 8.11650e-26 5.77103e-26 4.11210e-26 2.91574e-26 2.34359e-26 1.39699e-24 2.61452e-22 2.14992e-20 8.85748e-19 1.00000e-99 1.00000e-99 1.00000e-99 1.00000e-99 4.88220e-16 9.35436e-16 9.51203e-15 1.22365e-14 1.79577e-13 5.58707e-13 4.68310e-13 1.02109e-12 1.49523e-12 1.39565e-12 2.43916e-12 1.88862e-12 2.37405e-12 1.96314e-12 9.85189e-13 6.21447e-13 8.28932e-13 4.10350e-13 3.70472e-13 2.95265e-13 1.00000e-99 1.00000e-99 1.00000e-99 1.00000e-99 1.00000e-99 1.00000e-99 1.00000e-99 1.00000e-99 1.00000e-99 1.00000e-99 1.00000e-99 1.00000e-99 1.00000e-99 1.00000e-99
3.54064e+04 2.87146e-25 2.90520e-25 2.88382e-25 2.87359e-25 2.84783e-25 2.80984e-25 2.67161e-25 2.44994e-25 2.06929e-25 1.50724e-25 1.07248e-25 7.68447e-26 5.47513e-26 3.89773e-26 2.78056e-26 1.97387e-26 1.58992e-26 9.55625e-25 1.78872e-22 1.47091e-20 6.06019e-19 1.00000e-99 1.00000e-99 1.00000e-99 1.00000e-99 3.53088e-16 6.76522e-16 7.06804e-15 8.84962e-15 1.33437e-13 4.15155e-13 3.38689e-13 7.38470e-13 1.08137e-12 1.00936e-12 1.76404e-12 1.36588e-12 1.71695e-12 1.41977e-12 6.56877e-13 4.25737e-13 5.99496e-13 2.81119e-13 2.67931e-13 2.13540e-13 1.00000e-99 1.00000e-99 1.00000e-99 1.00000e-99 1.00000e-99 1.00000e-99 1.00000e-99 1.00000e-99 1.00000e-99 1.00000e-99 1.00000e-99 1.00000e-99 1.00000e-99 1.00000e-99
3.63549e+04 1.92559e-25 1.94466e-25 1.94306e-25 1.93615e-25 1.91879e-25 1.88095e-25 1.78941e-25 1.64163e-25 1.38766e-25 1.01203e-25 7.21056e-26 5.17284e-26 3.69004e-26 2.62996e-26 1.87823e-26 1.33477e-26 1.07723e-26 6.52207e-25 1.22092e-22 1.00401e-20 4.13665e-19 1.00000e-99 1.00000e-99 1.00000e-99 1.00000e-99 2.56753e-16 4.91943e-16 5.27839e-15 6.43514e-15 9.96502e-14 3.10036e-13 2.46283e-13 5.36990e-13 7.86335e-13 7.33969e-13 1.28275e-12 9.93217e-13 1.24850e-12 1.03241e-12 4.40931e-13 2.93505e-13 4.35933e-13 1.93805e-13 1.94830e-13 1.55279e-13 1.00000e-99 1.00000e-99 1.00000e-99 1.00000e-99 1.00000e-99 1.00000e-99 1.00000e-99 1.00000e-99 1.00000e-99 1.00000e-99 1.00000e-99 1.00000e-99 1.00000e-99 1.00000e-99
3.73151e+04 1.28922e-25 1.29898e-25 1.30412e-25 1.29947e-25 1.28782e-25 1.25685e-25 1.19598e-25 1.09759e-25 9.28435e-26 6.77924e-26 4.83613e-26 3.47347e-26 2.48060e-26 1.76990e-26 1.26532e-26 9.00121e-27 7.27746e-27 4.43433e-25 8.30167e-23 6.82695e-21 2.81281e-19 1.00000e-99 1.00000e-99 1.00000e-99 1.00000e-99 1.87469e-16 3.59194e-16 3.95683e-15 4.69864e-15 7.47007e-14 2.32412e-13 1.79824e-13 3.92085e-13 5.74145e-13 5.35910e-13 9.36602e-13 7.25201e-13 9.11599e-13 7.53818e-13 2.97465e-13 2.03301e-13 3.18298e-13 1.34242e-13 1.42256e-13 1.13377e-13 1.00000e-99 1.00000e-99 1.00000e-99 1.00000e-99 1.00000e-99 1.00000e-99 1.00000e-99 1.00000e-99 1.00000e-99 1.00000e-99 1.00000e-99 1.00000e-99 1.00000e-99 1.00000e-99
3.82916e+04 8.59982e-26 8.63786e-26 8.69562e-26 8.66448e-26 8.58697e-26 8.36475e-26 7.95753e-26 7.30485e-26 6.18270e-26 4.51967e-26 3.22804e-26 2.32105e-26 1.65938e-26 1.18518e-26 8.48140e-27 6.03936e-27 4.89085e-27 2.99680e-25 5.61081e-23 4.61415e-21 1.90112e-19 1.00000e-99 1.00000e-99 1.00000e-99 1.00000e-99 1.37204e-16 2.62884e-16 2.97267e-15 3.43881e-15 5.61208e-14 1.74606e-13 1.31609e-13 2.86957e-13 4.20202e-13 3.92218e-13 6.85474e-13 5.30755e-13 6.67175e-13 5.51700e-13 2.01238e-13 1.41193e-13 2.32954e-13 9.32316e-14 1.04113e-13 8.29779e-14 1.00000e-99 1.00000e-99 1.00000e-99 1.00000e-99 1.00000e-99 1.00000e-99 1.00000e-99 1.00000e-99 1.00000e-99 1.00000e-99 1.00000e-99 1.00000e-99 1.00000e-99 1.00000e-99
3.92914e+04 5.69751e-26 5.69745e-26 5.73631e-26 5.71580e-26 5.66483e-26 5.52710e-26 5.25195e-26 4.82199e-26 4.08321e-26 2.98826e-26 2.13673e-26 1.53802e-26 1.10071e-26 7.86955e-27 5.63701e-27 4.01774e-27 3.25868e-27 2.00653e-25 3.75698e-23 3.08964e-21 1.27300e-19 1.00000e-99 1.00000e-99 1.00000e-99 1.00000e-99 1.00417e-16 1.92400e-16 2.23345e-15 2.51680e-15 4.21650e-14 1.31186e-13 9.63220e-14 2.10018e-13 3.07538e-13 2.87058e-13 5.01686e-13 3.88450e-13 4.88294e-13 4.03779e-13 1.36109e-13 9.80455e-14 1.70495e-13 6.47407e-14 7.61986e-14 6.07300e-14 1.00000e-99 1.00000e-99 1.00000e-99 1.00000e-99 1.00000e-99 1.00000e-99 1.00000e-99 1.00000e-99 1.00000e-99 1.00000e-99 1.00000e-99 1.00000e-99 1.00000e-99 1.00000e-99
3.96882e+04 4.84142e-26 4.92137e-26 4.88025e-26 4.86303e-26 4.81983e-26 4.68440e-26 4.44413e-26 4.07978e-26 3.45479e-26 2.52952e-26 1.80956e-26 1.30309e-26 9.32979e-27 6.67303e-27 4.78178e-27 3.40948e-27 2.76701e-27 1.70692e-25 3.19607e-23 2.62837e-21 1.08294e-19 1.00000e-99 1.00000e-99 1.00000e-99 1.00000e-99 8.87593e-17 1.70064e-16 1.99500e-15 2.22462e-15 3.76634e-14 1.17180e-13 8.51396e-14 1.85637e-13 2.71835e-13 2.53732e-13 4.43444e-13 3.43354e-13 4.31606e-13 3.56903e-13 1.16545e-13 8.48506e-14 1.50701e-13 5.60279e-14 6.73524e-14 5.36797e-14 1.00000e-99 1.00000e-99 1.00000e-99 1.00000e-99 1.00000e-99 1.00000e-99 1.00000e-99 1.00000e-99 1.00000e-99 1.00000e-99 1.00000e-99 1.00000e-99 1.00000e-99 1.00000e-99
3.99527e+04 4.34427e-26 4.41609e-26 4.39521e-26 4.37967e-26 4.34078e-26 4.20158e-26 3.98519e-26 3.65865e-26 3.09856e-26 2.26936e-26 1.62394e-26 1.16975e-26 8.37733e-27 5.99333e-27 4.29577e-27 3.06369e-27 2.48730e-27 1.53609e-25 2.87622e-23 2.36534e-21 9.74568e-20 1.00000e-99 1.00000e-99 1.00000e-99 1.00000e-99 8.19198e-17 1.56959e-16 1.85368e-15 2.05320e-15 3.49955e-14 1.08880e-13 7.85791e-14 1.71332e-13 2.50888e-13 2.34180e-13 4.09274e-13 3.16896e-13 3.98348e-13 3.29401e-13 1.05415e-13 7.72659e-14 1.39089e-13 5.10197e-14 6.21625e-14 4.95433e-14 1.00000e-99 1.00000e-99 1.00000e-99 1.00000e-99 1.00000e-99 1.00000e-99 1.00000e-99 1.00000e-99 1.00000e-99 1.00000e-99 1.00000e-99 1.00000e-99 1.00000e-99 1.00000e-99
4.01290e+04 4.04168e-26 4.07924e-26 4.07184e-26 4.05743e-26 4.02141e-26 3.90828e-26 3.70672e-26 3.40314e-26 2.88245e-26 2.11150e-26 1.51128e-26 1.08881e-26 7.79904e-27 5.58057e-27 4.00058e-27 2.85362e-27 2.31733e-27 1.43215e-25 2.68164e-23 2.20531e-21 9.08635e-20 1.00000e-99 1.00000e-99 1.00000e-99 1.00000e-99 7.76876e-17 1.48851e-16 1.76573e-15 1.94712e-15 3.33350e-14 1.03713e-13 7.45195e-14 1.62481e-13 2.37927e-13 2.22082e-13 3.88130e-13 3.00525e-13 3.77768e-13 3.12384e-13 9.86462e-14 7.26267e-14 1.31903e-13 4.79563e-14 5.89510e-14 4.69838e-14 1.00000e-99 1.00000e-99 1.00000e-99 1.00000e-99 1.00000e-99 1.00000e-99 1.00000e-99 1.00000e-99 1.00000e-99 1.00000e-99 1.00000e-99 1.00000e-99 1.00000e-99 1.00000e-99
4.02466e+04 3.85166e-26 3.85468e-26 3.85626e-26 3.84260e-26 3.80849e-26 3.72433e-26 3.53218e-26 3.24300e-26 2.74701e-26 2.01257e-26 1.44068e-26 1.03807e-26 7.43656e-27 5.32183e-27 3.81552e-27 2.72192e-27 2.21075e-27 1.36695e-25 2.55956e-23 2.10492e-21 8.67272e-20 1.00000e-99 1.00000e-99 1.00000e-99 1.00000e-99 7.50019e-17 1.43705e-16 1.70970e-15 1.87981e-15 3.22773e-14 1.00423e-13 7.19433e-14 1.56864e-13 2.29701e-13 2.14405e-13 3.74712e-13 2.90135e-13 3.64709e-13 3.01584e-13 9.43998e-14 6.97050e-14 1.27343e-13 4.60271e-14 5.69131e-14 4.53595e-14 1.00000e-99 1.00000e-99 1.00000e-99 1.00000e-99 1.00000e-99 1.00000e-99 1.00000e-99 1.00000e-99 1.00000e-99 1.00000e-99 1.00000e-99 1.00000e-99 1.00000e-99 1.00000e-99
4.03242e+04 3.73086e-26 3.72433e-26 3.71750e-26 3.70432e-26 3.67145e-26 3.60747e-26 3.42137e-26 3.14135e-26 2.66105e-26 1.94979e-26 1.39588e-26 1.00589e-26 7.20665e-27 5.15773e-27 3.69816e-27 2.63840e-27 2.14316e-27 1.32561e-25 2.48217e-23 2.04127e-21 8.41048e-20 1.00000e-99 1.00000e-99 1.00000e-99 1.00000e-99 7.32861e-17 1.40417e-16 1.67382e-15 1.83681e-15 3.15998e-14 9.83148e-14 7.02974e-14 1.53275e-13 2.24447e-13 2.09500e-13 3.66139e-13 2.83498e-13 3.56365e-13 2.94685e-13 9.17073e-14 6.78478e-14 1.24430e-13 4.48008e-14 5.56111e-14 4.43218e-14 1.00000e-99 1.00000e-99 1.00000e-99 1.00000e-99 1.00000e-99 1.00000e-99 1.00000e-99 1.00000e-99 1.00000e-99 1.00000e-99 1.00000e-99 1.00000e-99 1.00000e-99 1.00000e-99
4.03250e+04 3.72961e-26 3.72312e-26 3.71626e-26 3.70309e-26 3.67023e-26 3.60626e-26 3.42022e-26 3.14030e-26 2.66016e-26 1.94915e-26 1.39542e-26 1.00556e-26 7.20431e-27 5.15607e-27 3.69698e-27 2.63756e-27 2.14248e-27 1.32520e-25 2.48140e-23 2.04064e-21 8.40787e-20 1.00000e-99 1.00000e-99 1.00000e-99 1.00000e-99 7.32843e-17 1.40414e-16 1.67378e-15 1.83676e-15 3.15991e-14 9.83126e-14 7.02957e-14 1.53271e-13 2.24441e-13 2.09494e-13 3.66130e-13 2.83491e-13 3.56356e-13 2.94678e-13 9.17045e-14 6.78458e-14 1.24427e-13 4.47994e-14 5.56097e-14 4.43207e-14 1.00000e-99 1.00000e-99 1.00000e-99 1.00000e-99 1.00000e-99 1.00000e-99 1.00000e-99 1.00000e-99 1.00000e-99 1.00000e-99 1.00000e-99 1.00000e-99 1.00000e-99 1.00000e-99
