#NTIMES: 50
#NVEL: 162
#TIMES[d]: 199.16 202.03 204.93 207.87 210.86 213.89 216.97 220.09 223.25 226.46 229.71 233.01 236.36 239.76 243.21 246.70 250.25 253.85 257.50 261.20 264.95 268.76 272.62 276.54 280.51 284.55 288.64 292.79 296.99 301.26 305.59 309.99 314.44 318.96 323.55 328.19 332.91 337.70 342.55 347.48 352.47 357.54 362.68 367.89 373.18 378.54 383.98 389.50 395.10 400.78
#vel_mid[km/s] Edep_t0[erg/s/cm^3] Edep_t1[erg/s/cm^3] ... Edep_tn[erg/s/cm^3]
125.00 6.188e-08 5.662e-08 5.217e-08 4.783e-08 4.379e-08 4.030e-08 3.705e-08 3.402e-08 3.110e-08 2.853e-08 2.622e-08 2.406e-08 2.202e-08 2.011e-08 1.840e-08 1.690e-08 1.549e-08 1.410e-08 1.295e-08 1.181e-08 1.082e-08 9.910e-09 9.038e-09 8.260e-09 7.550e-09 6.892e-09 6.283e-09 5.751e-09 5.241e-09 4.779e-09 4.363e-09 3.972e-09 3.616e-09 3.298e-09 3.005e-09 2.729e-09 2.481e-09 2.255e-09 2.051e-09 1.868e-09 1.693e-09 1.537e-09 1.393e-09 1.263e-09 1.142e-09 1.039e-09 9.369e-10 8.501e-10 7.688e-10 6.931e-10
375.00 5.661e-08 5.200e-08 4.781e-08 4.389e-08 4.026e-08 3.697e-08 3.395e-08 3.114e-08 2.859e-08 2.618e-08 2.402e-08 2.205e-08 2.019e-08 1.845e-08 1.693e-08 1.553e-08 1.422e-08 1.300e-08 1.191e-08 1.089e-08 9.958e-09 9.102e-09 8.321e-09 7.606e-09 6.960e-09 6.355e-09 5.796e-09 5.293e-09 4.827e-09 4.402e-09 4.015e-09 3.663e-09 3.336e-09 3.036e-09 2.769e-09 2.517e-09 2.289e-09 2.083e-09 1.892e-09 1.720e-09 1.563e-09 1.417e-09 1.287e-09 1.164e-09 1.056e-09 9.571e-10 8.666e-10 7.852e-10 7.096e-10 6.415e-10
625.00 5.110e-08 4.694e-08 4.318e-08 3.962e-08 3.640e-08 3.338e-08 3.065e-08 2.815e-08 2.584e-08 2.369e-08 2.174e-08 1.991e-08 1.825e-08 1.672e-08 1.534e-08 1.403e-08 1.286e-08 1.179e-08 1.079e-08 9.871e-09 9.019e-09 8.256e-09 7.543e-09 6.893e-09 6.307e-09 5.759e-09 5.263e-09 4.807e-09 4.387e-09 3.996e-09 3.645e-09 3.326e-09 3.031e-09 2.756e-09 2.514e-09 2.287e-09 2.081e-09 1.894e-09 1.722e-09 1.564e-09 1.420e-09 1.288e-09 1.171e-09 1.061e-09 9.617e-10 8.716e-10 7.896e-10 7.153e-10 6.471e-10 5.861e-10
875.00 4.570e-08 4.199e-08 3.862e-08 3.548e-08 3.259e-08 2.991e-08 2.746e-08 2.523e-08 2.314e-08 2.122e-08 1.949e-08 1.788e-08 1.639e-08 1.502e-08 1.377e-08 1.262e-08 1.155e-08 1.058e-08 9.694e-09 8.869e-09 8.118e-09 7.427e-09 6.792e-09 6.207e-09 5.678e-09 5.190e-09 4.744e-09 4.329e-09 3.952e-09 3.607e-09 3.287e-09 2.999e-09 2.736e-09 2.492e-09 2.271e-09 2.066e-09 1.881e-09 1.712e-09 1.557e-09 1.415e-09 1.286e-09 1.167e-09 1.060e-09 9.616e-10 8.726e-10 7.905e-10 7.162e-10 6.481e-10 5.871e-10 5.310e-10
1125.00 4.063e-08 3.732e-08 3.434e-08 3.154e-08 2.896e-08 2.663e-08 2.443e-08 2.248e-08 2.061e-08 1.891e-08 1.738e-08 1.593e-08 1.461e-08 1.341e-08 1.229e-08 1.126e-08 1.033e-08 9.456e-09 8.668e-09 7.935e-09 7.263e-09 6.647e-09 6.082e-09 5.559e-09 5.088e-09 4.650e-09 4.248e-09 3.883e-09 3.547e-09 3.236e-09 2.956e-09 2.694e-09 2.457e-09 2.240e-09 2.042e-09 1.858e-09 1.692e-09 1.540e-09 1.402e-09 1.275e-09 1.157e-09 1.052e-09 9.545e-10 8.673e-10 7.864e-10 7.134e-10 6.465e-10 5.853e-10 5.295e-10 4.796e-10
1375.00 3.583e-08 3.295e-08 3.032e-08 2.786e-08 2.560e-08 2.354e-08 2.163e-08 1.989e-08 1.825e-08 1.674e-08 1.540e-08 1.412e-08 1.295e-08 1.189e-08 1.090e-08 9.998e-09 9.176e-09 8.402e-09 7.697e-09 7.057e-09 6.461e-09 5.914e-09 5.411e-09 4.951e-09 4.529e-09 4.145e-09 3.786e-09 3.464e-09 3.162e-09 2.891e-09 2.638e-09 2.407e-09 2.197e-09 2.003e-09 1.826e-09 1.663e-09 1.515e-09 1.378e-09 1.255e-09 1.141e-09 1.037e-09 9.430e-10 8.567e-10 7.775e-10 7.053e-10 6.402e-10 5.802e-10 5.255e-10 4.760e-10 4.305e-10
1625.00 3.140e-08 2.888e-08 2.654e-08 2.442e-08 2.246e-08 2.064e-08 1.899e-08 1.745e-08 1.602e-08 1.471e-08 1.353e-08 1.242e-08 1.139e-08 1.047e-08 9.600e-09 8.805e-09 8.086e-09 7.408e-09 6.787e-09 6.225e-09 5.701e-09 5.221e-09 4.784e-09 4.375e-09 4.008e-09 3.665e-09 3.351e-09 3.066e-09 2.801e-09 2.558e-09 2.338e-09 2.134e-09 1.947e-09 1.777e-09 1.619e-09 1.476e-09 1.345e-09 1.224e-09 1.115e-09 1.014e-09 9.229e-10 8.388e-10 7.622e-10 6.922e-10 6.280e-10 5.700e-10 5.170e-10 4.685e-10 4.239e-10 3.839e-10
1875.00 2.718e-08 2.501e-08 2.301e-08 2.118e-08 1.949e-08 1.792e-08 1.649e-08 1.515e-08 1.392e-08 1.281e-08 1.176e-08 1.080e-08 9.927e-09 9.112e-09 8.361e-09 7.671e-09 7.048e-09 6.459e-09 5.922e-09 5.435e-09 4.980e-09 4.561e-09 4.181e-09 3.826e-09 3.505e-09 3.208e-09 2.934e-09 2.682e-09 2.454e-09 2.242e-09 2.048e-09 1.871e-09 1.707e-09 1.558e-09 1.422e-09 1.295e-09 1.182e-09 1.076e-09 9.794e-10 8.923e-10 8.112e-10 7.375e-10 6.706e-10 6.090e-10 5.530e-10 5.024e-10 4.554e-10 4.127e-10 3.740e-10 3.387e-10
2125.00 2.324e-08 2.139e-08 1.968e-08 1.811e-08 1.668e-08 1.534e-08 1.411e-08 1.299e-08 1.194e-08 1.097e-08 1.009e-08 9.277e-09 8.518e-09 7.821e-09 7.187e-09 6.596e-09 6.055e-09 5.560e-09 5.099e-09 4.676e-09 4.284e-09 3.930e-09 3.601e-09 3.297e-09 3.018e-09 2.766e-09 2.530e-09 2.314e-09 2.118e-09 1.936e-09 1.769e-09 1.615e-09 1.476e-09 1.346e-09 1.229e-09 1.121e-09 1.021e-09 9.314e-10 8.478e-10 7.719e-10 7.029e-10 6.389e-10 5.814e-10 5.280e-10 4.798e-10 4.355e-10 3.948e-10 3.582e-10 3.245e-10 2.942e-10
2375.00 1.949e-08 1.796e-08 1.653e-08 1.522e-08 1.400e-08 1.290e-08 1.187e-08 1.092e-08 1.005e-08 9.239e-09 8.494e-09 7.806e-09 7.166e-09 6.593e-09 6.053e-09 5.558e-09 5.103e-09 4.682e-09 4.299e-09 3.944e-09 3.615e-09 3.317e-09 3.040e-09 2.784e-09 2.549e-09 2.337e-09 2.139e-09 1.956e-09 1.789e-09 1.637e-09 1.496e-09 1.366e-09 1.249e-09 1.140e-09 1.040e-09 9.494e-10 8.656e-10 7.887e-10 7.183e-10 6.547e-10 5.956e-10 5.416e-10 4.929e-10 4.478e-10 4.069e-10 3.693e-10 3.354e-10 3.040e-10 2.757e-10 2.497e-10
2625.00 1.598e-08 1.472e-08 1.356e-08 1.248e-08 1.149e-08 1.058e-08 9.735e-09 8.962e-09 8.242e-09 7.576e-09 6.967e-09 6.411e-09 5.891e-09 5.413e-09 4.971e-09 4.564e-09 4.195e-09 3.850e-09 3.533e-09 3.241e-09 2.971e-09 2.724e-09 2.500e-09 2.289e-09 2.097e-09 1.922e-09 1.760e-09 1.610e-09 1.473e-09 1.346e-09 1.232e-09 1.125e-09 1.028e-09 9.381e-10 8.561e-10 7.817e-10 7.127e-10 6.499e-10 5.919e-10 5.389e-10 4.908e-10 4.466e-10 4.060e-10 3.693e-10 3.354e-10 3.043e-10 2.764e-10 2.506e-10 2.273e-10 2.059e-10
2875.00 1.272e-08 1.171e-08 1.079e-08 9.927e-09 9.139e-09 8.418e-09 7.748e-09 7.126e-09 6.554e-09 6.024e-09 5.539e-09 5.096e-09 4.683e-09 4.303e-09 3.952e-09 3.628e-09 3.331e-09 3.057e-09 2.809e-09 2.575e-09 2.361e-09 2.165e-09 1.984e-09 1.819e-09 1.666e-09 1.526e-09 1.396e-09 1.277e-09 1.168e-09 1.069e-09 9.771e-10 8.929e-10 8.152e-10 7.450e-10 6.800e-10 6.200e-10 5.652e-10 5.157e-10 4.696e-10 4.276e-10 3.891e-10 3.541e-10 3.220e-10 2.928e-10 2.659e-10 2.414e-10 2.191e-10 1.987e-10 1.801e-10 1.631e-10
3125.00 9.756e-09 8.983e-09 8.265e-09 7.606e-09 6.999e-09 6.438e-09 5.922e-09 5.452e-09 5.012e-09 4.607e-09 4.233e-09 3.889e-09 3.573e-09 3.282e-09 3.012e-09 2.768e-09 2.540e-09 2.330e-09 2.137e-09 1.960e-09 1.796e-09 1.646e-09 1.510e-09 1.382e-09 1.265e-09 1.158e-09 1.060e-09 9.694e-10 8.861e-10 8.109e-10 7.409e-10 6.765e-10 6.176e-10 5.637e-10 5.141e-10 4.692e-10 4.276e-10 3.896e-10 3.548e-10 3.229e-10 2.941e-10 2.673e-10 2.430e-10 2.209e-10 2.006e-10 1.820e-10 1.650e-10 1.498e-10 1.357e-10 1.228e-10
3375.00 7.154e-09 6.580e-09 6.051e-09 5.561e-09 5.120e-09 4.706e-09 4.325e-09 3.974e-09 3.651e-09 3.352e-09 3.078e-09 2.826e-09 2.593e-09 2.379e-09 2.182e-09 2.004e-09 1.836e-09 1.684e-09 1.544e-09 1.413e-09 1.294e-09 1.185e-09 1.085e-09 9.925e-10 9.077e-10 8.312e-10 7.601e-10 6.943e-10 6.342e-10 5.793e-10 5.287e-10 4.825e-10 4.407e-10 4.018e-10 3.662e-10 3.336e-10 3.041e-10 2.768e-10 2.518e-10 2.290e-10 2.083e-10 1.892e-10 1.720e-10 1.561e-10 1.417e-10 1.285e-10 1.164e-10 1.055e-10 9.555e-11 8.649e-11
3625.00 4.989e-09 4.585e-09 4.208e-09 3.865e-09 3.546e-09 3.254e-09 2.987e-09 2.742e-09 2.512e-09 2.304e-09 2.112e-09 1.935e-09 1.773e-09 1.623e-09 1.488e-09 1.362e-09 1.248e-09 1.141e-09 1.045e-09 9.545e-10 8.732e-10 7.984e-10 7.291e-10 6.664e-10 6.083e-10 5.558e-10 5.075e-10 4.628e-10 4.220e-10 3.848e-10 3.510e-10 3.195e-10 2.913e-10 2.650e-10 2.414e-10 2.197e-10 1.995e-10 1.815e-10 1.648e-10 1.497e-10 1.360e-10 1.233e-10 1.119e-10 1.014e-10 9.193e-11 8.328e-11 7.536e-11 6.814e-11 6.161e-11 5.570e-11
3875.00 3.317e-09 3.038e-09 2.782e-09 2.547e-09 2.330e-09 2.133e-09 1.953e-09 1.786e-09 1.633e-09 1.493e-09 1.365e-09 1.247e-09 1.140e-09 1.040e-09 9.500e-10 8.677e-10 7.915e-10 7.219e-10 6.587e-10 6.003e-10 5.479e-10 4.992e-10 4.546e-10 4.141e-10 3.769e-10 3.431e-10 3.124e-10 2.840e-10 2.581e-10 2.348e-10 2.134e-10 1.938e-10 1.760e-10 1.597e-10 1.448e-10 1.314e-10 1.191e-10 1.079e-10 9.782e-11 8.856e-11 8.009e-11 7.249e-11 6.557e-11 5.922e-11 5.349e-11 4.834e-11 4.362e-11 3.935e-11 3.550e-11 3.196e-11
4125.00 2.156e-09 1.968e-09 1.797e-09 1.639e-09 1.494e-09 1.362e-09 1.240e-09 1.131e-09 1.029e-09 9.369e-10 8.530e-10 7.761e-10 7.057e-10 6.416e-10 5.832e-10 5.300e-10 4.812e-10 4.371e-10 3.969e-10 3.602e-10 3.264e-10 2.961e-10 2.685e-10 2.432e-10 2.201e-10 1.993e-10 1.807e-10 1.633e-10 1.478e-10 1.337e-10 1.207e-10 1.090e-10 9.845e-11 8.895e-11 8.023e-11 7.241e-11 6.522e-11 5.877e-11 5.294e-11 4.763e-11 4.289e-11 3.854e-11 3.465e-11 3.117e-11 2.799e-11 2.513e-11 2.255e-11 2.021e-11 1.812e-11 1.622e-11
4375.00 1.494e-09 1.361e-09 1.237e-09 1.124e-09 1.021e-09 9.282e-10 8.430e-10 7.652e-10 6.942e-10 6.296e-10 5.710e-10 5.174e-10 4.688e-10 4.242e-10 3.840e-10 3.477e-10 3.143e-10 2.841e-10 2.569e-10 2.319e-10 2.094e-10 1.888e-10 1.703e-10 1.537e-10 1.383e-10 1.245e-10 1.122e-10 1.011e-10 9.084e-11 8.164e-11 7.336e-11 6.587e-11 5.913e-11 5.303e-11 4.752e-11 4.262e-11 3.815e-11 3.416e-11 3.055e-11 2.731e-11 2.441e-11 2.180e-11 1.944e-11 1.734e-11 1.546e-11 1.379e-11 1.226e-11 1.091e-11 9.701e-12 8.623e-12
4625.00 1.174e-09 1.068e-09 9.714e-10 8.818e-10 8.016e-10 7.276e-10 6.606e-10 5.992e-10 5.437e-10 4.928e-10 4.463e-10 4.044e-10 3.665e-10 3.312e-10 2.998e-10 2.712e-10 2.451e-10 2.215e-10 1.999e-10 1.805e-10 1.627e-10 1.468e-10 1.323e-10 1.193e-10 1.073e-10 9.658e-11 8.689e-11 7.809e-11 7.021e-11 6.307e-11 5.657e-11 5.076e-11 4.555e-11 4.081e-11 3.655e-11 3.271e-11 2.928e-11 2.614e-11 2.336e-11 2.086e-11 1.863e-11 1.661e-11 1.481e-11 1.320e-11 1.174e-11 1.046e-11 9.295e-12 8.246e-12 7.324e-12 6.497e-12
4875.00 9.503e-10 8.638e-10 7.861e-10 7.138e-10 6.485e-10 5.891e-10 5.346e-10 4.852e-10 4.402e-10 3.990e-10 3.617e-10 3.276e-10 2.966e-10 2.685e-10 2.427e-10 2.194e-10 1.986e-10 1.794e-10 1.620e-10 1.462e-10 1.319e-10 1.190e-10 1.072e-10 9.666e-11 8.692e-11 7.827e-11 7.046e-11 6.338e-11 5.690e-11 5.110e-11 4.587e-11 4.115e-11 3.691e-11 3.310e-11 2.961e-11 2.655e-11 2.373e-11 2.123e-11 1.897e-11 1.694e-11 1.512e-11 1.348e-11 1.202e-11 1.070e-11 9.530e-12 8.481e-12 7.542e-12 6.699e-12 5.945e-12 5.271e-12
5125.00 7.758e-10 7.062e-10 6.417e-10 5.833e-10 5.302e-10 4.813e-10 4.371e-10 3.964e-10 3.600e-10 3.262e-10 2.957e-10 2.677e-10 2.424e-10 2.194e-10 1.984e-10 1.796e-10 1.622e-10 1.467e-10 1.325e-10 1.196e-10 1.079e-10 9.730e-11 8.774e-11 7.906e-11 7.112e-11 6.401e-11 5.766e-11 5.184e-11 4.656e-11 4.182e-11 3.755e-11 3.367e-11 3.021e-11 2.708e-11 2.424e-11 2.172e-11 1.943e-11 1.736e-11 1.554e-11 1.386e-11 1.239e-11 1.104e-11 9.848e-12 8.769e-12 7.802e-12 6.946e-12 6.179e-12 5.486e-12 4.868e-12 4.318e-12
5375.00 6.386e-10 5.812e-10 5.282e-10 4.803e-10 4.363e-10 3.962e-10 3.597e-10 3.266e-10 2.963e-10 2.686e-10 2.435e-10 2.207e-10 1.997e-10 1.806e-10 1.635e-10 1.478e-10 1.337e-10 1.209e-10 1.092e-10 9.861e-11 8.897e-11 8.013e-11 7.227e-11 6.512e-11 5.863e-11 5.279e-11 4.749e-11 4.271e-11 3.840e-11 3.447e-11 3.096e-11 2.778e-11 2.490e-11 2.233e-11 1.999e-11 1.791e-11 1.602e-11 1.433e-11 1.280e-11 1.143e-11 1.021e-11 9.106e-12 8.118e-12 7.234e-12 6.440e-12 5.736e-12 5.096e-12 4.528e-12 4.023e-12 3.569e-12
5625.00 5.291e-10 4.813e-10 4.379e-10 3.980e-10 3.617e-10 3.284e-10 2.980e-10 2.706e-10 2.455e-10 2.225e-10 2.017e-10 1.828e-10 1.655e-10 1.499e-10 1.355e-10 1.226e-10 1.109e-10 1.003e-10 9.049e-11 8.179e-11 7.373e-11 6.648e-11 5.998e-11 5.406e-11 4.864e-11 4.377e-11 3.940e-11 3.548e-11 3.186e-11 2.863e-11 2.568e-11 2.305e-11 2.068e-11 1.855e-11 1.661e-11 1.487e-11 1.330e-11 1.189e-11 1.064e-11 9.496e-12 8.482e-12 7.559e-12 6.743e-12 6.005e-12 5.349e-12 4.760e-12 4.233e-12 3.760e-12 3.340e-12 2.963e-12
5875.00 4.406e-10 4.010e-10 3.649e-10 3.317e-10 3.011e-10 2.735e-10 2.487e-10 2.257e-10 2.048e-10 1.855e-10 1.683e-10 1.524e-10 1.380e-10 1.250e-10 1.131e-10 1.022e-10 9.239e-11 8.363e-11 7.544e-11 6.817e-11 6.151e-11 5.549e-11 4.998e-11 4.506e-11 4.060e-11 3.651e-11 3.289e-11 2.959e-11 2.658e-11 2.389e-11 2.144e-11 1.923e-11 1.725e-11 1.546e-11 1.387e-11 1.241e-11 1.111e-11 9.930e-12 8.872e-12 7.932e-12 7.081e-12 6.314e-12 5.626e-12 5.021e-12 4.466e-12 3.977e-12 3.533e-12 3.140e-12 2.790e-12 2.476e-12
6125.00 3.691e-10 3.359e-10 3.054e-10 2.777e-10 2.521e-10 2.292e-10 2.081e-10 1.889e-10 1.716e-10 1.554e-10 1.409e-10 1.276e-10 1.156e-10 1.047e-10 9.469e-11 8.568e-11 7.744e-11 7.006e-11 6.323e-11 5.715e-11 5.152e-11 4.650e-11 4.190e-11 3.780e-11 3.404e-11 3.061e-11 2.756e-11 2.479e-11 2.227e-11 2.002e-11 1.797e-11 1.613e-11 1.447e-11 1.297e-11 1.163e-11 1.041e-11 9.309e-12 8.331e-12 7.450e-12 6.656e-12 5.938e-12 5.301e-12 4.724e-12 4.212e-12 3.745e-12 3.338e-12 2.966e-12 2.637e-12 2.340e-12 2.077e-12
6375.00 3.101e-10 2.823e-10 2.568e-10 2.334e-10 2.123e-10 1.927e-10 1.750e-10 1.589e-10 1.443e-10 1.307e-10 1.184e-10 1.074e-10 9.728e-11 8.804e-11 7.970e-11 7.208e-11 6.518e-11 5.893e-11 5.324e-11 4.804e-11 4.338e-11 3.911e-11 3.529e-11 3.179e-11 2.862e-11 2.578e-11 2.319e-11 2.088e-11 1.875e-11 1.685e-11 1.513e-11 1.358e-11 1.219e-11 1.092e-11 9.787e-12 8.766e-12 7.846e-12 7.012e-12 6.276e-12 5.607e-12 5.004e-12 4.464e-12 3.981e-12 3.546e-12 3.156e-12 2.810e-12 2.502e-12 2.221e-12 1.974e-12 1.751e-12
6625.00 2.620e-10 2.384e-10 2.169e-10 1.971e-10 1.791e-10 1.626e-10 1.478e-10 1.343e-10 1.217e-10 1.104e-10 1.001e-10 9.067e-11 8.217e-11 7.438e-11 6.734e-11 6.089e-11 5.508e-11 4.979e-11 4.499e-11 4.063e-11 3.663e-11 3.306e-11 2.981e-11 2.686e-11 2.419e-11 2.177e-11 1.962e-11 1.763e-11 1.587e-11 1.425e-11 1.279e-11 1.149e-11 1.030e-11 9.233e-12 8.274e-12 7.407e-12 6.638e-12 5.931e-12 5.300e-12 4.739e-12 4.231e-12 3.775e-12 3.365e-12 3.002e-12 2.670e-12 2.377e-12 2.115e-12 1.879e-12 1.669e-12 1.480e-12
6875.00 2.219e-10 2.018e-10 1.835e-10 1.671e-10 1.517e-10 1.379e-10 1.252e-10 1.136e-10 1.031e-10 9.358e-11 8.483e-11 7.687e-11 6.969e-11 6.307e-11 5.702e-11 5.163e-11 4.667e-11 4.221e-11 3.813e-11 3.444e-11 3.108e-11 2.802e-11 2.527e-11 2.277e-11 2.053e-11 1.847e-11 1.664e-11 1.496e-11 1.346e-11 1.208e-11 1.086e-11 9.743e-12 8.734e-12 7.837e-12 7.020e-12 6.288e-12 5.630e-12 5.032e-12 4.500e-12 4.020e-12 3.588e-12 3.205e-12 2.854e-12 2.547e-12 2.267e-12 2.017e-12 1.796e-12 1.596e-12 1.418e-12 1.258e-12
7125.00 1.886e-10 1.715e-10 1.560e-10 1.419e-10 1.290e-10 1.172e-10 1.064e-10 9.663e-11 8.774e-11 7.962e-11 7.213e-11 6.537e-11 5.924e-11 5.362e-11 4.853e-11 4.392e-11 3.969e-11 3.588e-11 3.241e-11 2.928e-11 2.643e-11 2.384e-11 2.151e-11 1.938e-11 1.746e-11 1.571e-11 1.416e-11 1.273e-11 1.145e-11 1.028e-11 9.231e-12 8.289e-12 7.434e-12 6.669e-12 5.976e-12 5.355e-12 4.790e-12 4.283e-12 3.830e-12 3.421e-12 3.058e-12 2.730e-12 2.431e-12 2.169e-12 1.931e-12 1.717e-12 1.530e-12 1.360e-12 1.207e-12 1.071e-12
7375.00 1.607e-10 1.463e-10 1.330e-10 1.210e-10 1.099e-10 9.991e-11 9.078e-11 8.243e-11 7.482e-11 6.783e-11 6.147e-11 5.572e-11 5.053e-11 4.571e-11 4.138e-11 3.743e-11 3.387e-11 3.062e-11 2.766e-11 2.499e-11 2.255e-11 2.034e-11 1.834e-11 1.655e-11 1.490e-11 1.340e-11 1.208e-11 1.087e-11 9.765e-12 8.778e-12 7.879e-12 7.081e-12 6.348e-12 5.689e-12 5.103e-12 4.566e-12 4.091e-12 3.660e-12 3.273e-12 2.922e-12 2.612e-12 2.331e-12 2.077e-12 1.852e-12 1.648e-12 1.467e-12 1.306e-12 1.162e-12 1.032e-12 9.155e-13
7625.00 1.374e-10 1.250e-10 1.137e-10 1.034e-10 9.397e-11 8.541e-11 7.755e-11 7.045e-11 6.398e-11 5.799e-11 5.256e-11 4.764e-11 4.321e-11 3.909e-11 3.540e-11 3.203e-11 2.897e-11 2.620e-11 2.367e-11 2.138e-11 1.930e-11 1.740e-11 1.569e-11 1.416e-11 1.274e-11 1.148e-11 1.034e-11 9.300e-12 8.355e-12 7.512e-12 6.742e-12 6.053e-12 5.430e-12 4.868e-12 4.369e-12 3.908e-12 3.503e-12 3.130e-12 2.801e-12 2.503e-12 2.236e-12 1.995e-12 1.778e-12 1.585e-12 1.411e-12 1.257e-12 1.119e-12 9.938e-13 8.826e-13 7.843e-13
7875.00 1.176e-10 1.071e-10 9.739e-11 8.860e-11 8.053e-11 7.321e-11 6.645e-11 6.035e-11 5.483e-11 4.971e-11 4.507e-11 4.084e-11 3.704e-11 3.354e-11 3.034e-11 2.743e-11 2.482e-11 2.246e-11 2.028e-11 1.833e-11 1.654e-11 1.492e-11 1.347e-11 1.214e-11 1.094e-11 9.835e-12 8.863e-12 7.974e-12 7.169e-12 6.442e-12 5.790e-12 5.200e-12 4.661e-12 4.181e-12 3.748e-12 3.355e-12 3.006e-12 2.688e-12 2.403e-12 2.147e-12 1.919e-12 1.712e-12 1.528e-12 1.361e-12 1.212e-12 1.078e-12 9.600e-13 8.534e-13 7.579e-13 6.736e-13
8125.00 1.010e-10 9.191e-11 8.368e-11 7.608e-11 6.913e-11 6.284e-11 5.713e-11 5.184e-11 4.707e-11 4.275e-11 3.872e-11 3.512e-11 3.180e-11 2.879e-11 2.608e-11 2.358e-11 2.134e-11 1.930e-11 1.745e-11 1.576e-11 1.421e-11 1.283e-11 1.158e-11 1.042e-11 9.403e-12 8.462e-12 7.616e-12 6.856e-12 6.160e-12 5.539e-12 4.972e-12 4.470e-12 4.010e-12 3.596e-12 3.225e-12 2.886e-12 2.585e-12 2.313e-12 2.067e-12 1.848e-12 1.650e-12 1.472e-12 1.313e-12 1.172e-12 1.043e-12 9.289e-13 8.262e-13 7.344e-13 6.521e-13 5.792e-13
8375.00 8.691e-11 7.912e-11 7.207e-11 6.551e-11 5.957e-11 5.413e-11 4.915e-11 4.465e-11 4.053e-11 3.677e-11 3.332e-11 3.022e-11 2.738e-11 2.481e-11 2.245e-11 2.031e-11 1.839e-11 1.661e-11 1.501e-11 1.357e-11 1.224e-11 1.104e-11 9.963e-12 8.987e-12 8.101e-12 7.293e-12 6.562e-12 5.910e-12 5.314e-12 4.774e-12 4.285e-12 3.848e-12 3.454e-12 3.100e-12 2.776e-12 2.487e-12 2.228e-12 1.994e-12 1.781e-12 1.592e-12 1.421e-12 1.271e-12 1.132e-12 1.009e-12 8.994e-13 7.999e-13 7.124e-13 6.331e-13 5.625e-13 4.996e-13
8625.00 7.498e-11 6.827e-11 6.211e-11 5.652e-11 5.133e-11 4.668e-11 4.242e-11 3.852e-11 3.496e-11 3.173e-11 2.876e-11 2.609e-11 2.364e-11 2.142e-11 1.938e-11 1.752e-11 1.585e-11 1.433e-11 1.296e-11 1.171e-11 1.056e-11 9.538e-12 8.602e-12 7.755e-12 6.991e-12 6.294e-12 5.668e-12 5.101e-12 4.586e-12 4.124e-12 3.702e-12 3.324e-12 2.983e-12 2.676e-12 2.397e-12 2.148e-12 1.923e-12 1.722e-12 1.538e-12 1.376e-12 1.228e-12 1.097e-12 9.778e-13 8.720e-13 7.766e-13 6.914e-13 6.154e-13 5.471e-13 4.864e-13 4.320e-13
8875.00 6.481e-11 5.895e-11 5.365e-11 4.880e-11 4.441e-11 4.033e-11 3.665e-11 3.328e-11 3.021e-11 2.742e-11 2.487e-11 2.253e-11 2.042e-11 1.851e-11 1.675e-11 1.516e-11 1.371e-11 1.239e-11 1.122e-11 1.013e-11 9.143e-12 8.245e-12 7.436e-12 6.711e-12 6.048e-12 5.442e-12 4.899e-12 4.409e-12 3.967e-12 3.564e-12 3.203e-12 2.877e-12 2.579e-12 2.316e-12 2.076e-12 1.859e-12 1.664e-12 1.490e-12 1.332e-12 1.189e-12 1.063e-12 9.497e-13 8.465e-13 7.547e-13 6.723e-13 5.986e-13 5.332e-13 4.739e-13 4.206e-13 3.739e-13
9125.00 5.609e-11 5.107e-11 4.648e-11 4.226e-11 3.844e-11 3.492e-11 3.173e-11 2.880e-11 2.616e-11 2.375e-11 2.152e-11 1.951e-11 1.768e-11 1.603e-11 1.450e-11 1.312e-11 1.187e-11 1.074e-11 9.713e-12 8.769e-12 7.915e-12 7.147e-12 6.447e-12 5.807e-12 5.238e-12 4.713e-12 4.246e-12 3.823e-12 3.436e-12 3.090e-12 2.776e-12 2.491e-12 2.236e-12 2.006e-12 1.799e-12 1.611e-12 1.444e-12 1.291e-12 1.153e-12 1.031e-12 9.218e-13 8.227e-13 7.337e-13 6.548e-13 5.831e-13 5.188e-13 4.622e-13 4.110e-13 3.652e-13 3.242e-13
9375.00 4.862e-11 4.426e-11 4.029e-11 3.664e-11 3.333e-11 3.029e-11 2.751e-11 2.500e-11 2.269e-11 2.061e-11 1.867e-11 1.693e-11 1.535e-11 1.391e-11 1.259e-11 1.139e-11 1.030e-11 9.316e-12 8.420e-12 7.608e-12 6.869e-12 6.201e-12 5.593e-12 5.042e-12 4.545e-12 4.093e-12 3.683e-12 3.315e-12 2.985e-12 2.683e-12 2.408e-12 2.162e-12 1.941e-12 1.741e-12 1.562e-12 1.398e-12 1.252e-12 1.121e-12 1.002e-12 8.960e-13 8.007e-13 7.148e-13 6.376e-13 5.685e-13 5.062e-13 4.507e-13 4.016e-13 3.571e-13 3.171e-13 2.818e-13
9625.00 4.224e-11 3.845e-11 3.498e-11 3.184e-11 2.893e-11 2.630e-11 2.389e-11 2.172e-11 1.971e-11 1.789e-11 1.621e-11 1.471e-11 1.333e-11 1.207e-11 1.094e-11 9.896e-12 8.955e-12 8.091e-12 7.319e-12 6.612e-12 5.971e-12 5.387e-12 4.859e-12 4.382e-12 3.953e-12 3.558e-12 3.202e-12 2.882e-12 2.592e-12 2.331e-12 2.094e-12 1.881e-12 1.687e-12 1.515e-12 1.358e-12 1.216e-12 1.089e-12 9.751e-13 8.719e-13 7.790e-13 6.957e-13 6.217e-13 5.542e-13 4.943e-13 4.404e-13 3.922e-13 3.490e-13 3.104e-13 2.759e-13 2.450e-13
9875.00 3.675e-11 3.342e-11 3.044e-11 2.767e-11 2.518e-11 2.287e-11 2.080e-11 1.888e-11 1.715e-11 1.556e-11 1.411e-11 1.280e-11 1.160e-11 1.051e-11 9.509e-12 8.612e-12 7.783e-12 7.040e-12 6.375e-12 5.752e-12 5.194e-12 4.692e-12 4.230e-12 3.814e-12 3.441e-12 3.096e-12 2.785e-12 2.508e-12 2.258e-12 2.028e-12 1.824e-12 1.636e-12 1.469e-12 1.318e-12 1.182e-12 1.059e-12 9.483e-13 8.491e-13 7.590e-13 6.784e-13 6.062e-13 5.412e-13 4.826e-13 4.307e-13 3.839e-13 3.414e-13 3.041e-13 2.706e-13 2.403e-13 2.134e-13
10125.00 3.200e-11 2.911e-11 2.650e-11 2.410e-11 2.193e-11 1.993e-11 1.811e-11 1.646e-11 1.493e-11 1.356e-11 1.229e-11 1.115e-11 1.011e-11 9.153e-12 8.286e-12 7.504e-12 6.786e-12 6.139e-12 5.550e-12 5.012e-12 4.526e-12 4.089e-12 3.688e-12 3.323e-12 2.998e-12 2.698e-12 2.431e-12 2.189e-12 1.969e-12 1.770e-12 1.590e-12 1.428e-12 1.282e-12 1.149e-12 1.030e-12 9.230e-13 8.274e-13 7.399e-13 6.620e-13 5.917e-13 5.286e-13 4.723e-13 4.210e-13 3.757e-13 3.350e-13 2.980e-13 2.653e-13 2.359e-13 2.096e-13 1.864e-13
10375.00 2.789e-11 2.539e-11 2.310e-11 2.102e-11 1.912e-11 1.739e-11 1.580e-11 1.434e-11 1.303e-11 1.183e-11 1.073e-11 9.722e-12 8.814e-12 7.984e-12 7.233e-12 6.540e-12 5.919e-12 5.353e-12 4.842e-12 4.376e-12 3.954e-12 3.567e-12 3.218e-12 2.903e-12 2.616e-12 2.355e-12 2.120e-12 1.910e-12 1.718e-12 1.543e-12 1.388e-12 1.246e-12 1.119e-12 1.004e-12 8.999e-13 8.060e-13 7.224e-13 6.462e-13 5.784e-13 5.169e-13 4.619e-13 4.125e-13 3.681e-13 3.279e-13 2.923e-13 2.603e-13 2.318e-13 2.062e-13 1.832e-13 1.628e-13
10625.00 2.436e-11 2.217e-11 2.019e-11 1.837e-11 1.671e-11 1.517e-11 1.379e-11 1.253e-11 1.138e-11 1.033e-11 9.371e-12 8.492e-12 7.701e-12 6.975e-12 6.315e-12 5.720e-12 5.170e-12 4.679e-12 4.231e-12 3.824e-12 3.453e-12 3.115e-12 2.811e-12 2.536e-12 2.287e-12 2.059e-12 1.853e-12 1.669e-12 1.502e-12 1.350e-12 1.213e-12 1.090e-12 9.775e-13 8.774e-13 7.863e-13 7.053e-13 6.314e-13 5.650e-13 5.055e-13 4.519e-13 4.036e-13 3.603e-13 3.217e-13 2.868e-13 2.557e-13 2.276e-13 2.028e-13 1.805e-13 1.602e-13 1.424e-13
10875.00 2.128e-11 1.938e-11 1.764e-11 1.604e-11 1.460e-11 1.326e-11 1.206e-11 1.096e-11 9.953e-12 9.034e-12 8.191e-12 7.427e-12 6.732e-12 6.099e-12 5.527e-12 4.999e-12 4.522e-12 4.090e-12 3.700e-12 3.343e-12 3.022e-12 2.725e-12 2.460e-12 2.218e-12 2.001e-12 1.802e-12 1.621e-12 1.460e-12 1.314e-12 1.180e-12 1.062e-12 9.537e-13 8.560e-13 7.673e-13 6.887e-13 6.170e-13 5.528e-13 4.948e-13 4.425e-13 3.956e-13 3.537e-13 3.154e-13 2.819e-13 2.511e-13 2.239e-13 1.994e-13 1.774e-13 1.579e-13 1.404e-13 1.247e-13
11125.00 1.863e-11 1.696e-11 1.544e-11 1.405e-11 1.278e-11 1.161e-11 1.056e-11 9.594e-12 8.714e-12 7.912e-12 7.178e-12 6.502e-12 5.897e-12 5.340e-12 4.836e-12 4.377e-12 3.962e-12 3.582e-12 3.243e-12 2.929e-12 2.645e-12 2.387e-12 2.155e-12 1.943e-12 1.752e-12 1.578e-12 1.420e-12 1.279e-12 1.151e-12 1.034e-12 9.296e-13 8.354e-13 7.498e-13 6.724e-13 6.031e-13 5.408e-13 4.845e-13 4.334e-13 3.878e-13 3.466e-13 3.099e-13 2.767e-13 2.471e-13 2.201e-13 1.962e-13 1.747e-13 1.556e-13 1.385e-13 1.231e-13 1.092e-13
11375.00 1.632e-11 1.486e-11 1.352e-11 1.231e-11 1.121e-11 1.018e-11 9.253e-12 8.403e-12 7.635e-12 6.931e-12 6.287e-12 5.697e-12 5.169e-12 4.684e-12 4.241e-12 3.837e-12 3.473e-12 3.142e-12 2.841e-12 2.566e-12 2.318e-12 2.095e-12 1.888e-12 1.705e-12 1.536e-12 1.383e-12 1.246e-12 1.121e-12 1.009e-12 9.072e-13 8.159e-13 7.323e-13 6.582e-13 5.901e-13 5.289e-13 4.747e-13 4.249e-13 3.802e-13 3.401e-13 3.039e-13 2.717e-13 2.427e-13 2.166e-13 1.932e-13 1.723e-13 1.533e-13 1.366e-13 1.215e-13 1.079e-13 9.596e-14
11625.00 1.431e-11 1.303e-11 1.187e-11 1.080e-11 9.824e-12 8.923e-12 8.115e-12 7.375e-12 6.696e-12 6.078e-12 5.514e-12 5.001e-12 4.534e-12 4.107e-12 3.721e-12 3.366e-12 3.048e-12 2.755e-12 2.494e-12 2.253e-12 2.035e-12 1.837e-12 1.658e-12 1.495e-12 1.348e-12 1.215e-12 1.093e-12 9.841e-13 8.859e-13 7.963e-13 7.164e-13 6.433e-13 5.774e-13 5.180e-13 4.646e-13 4.165e-13 3.731e-13 3.340e-13 2.988e-13 2.671e-13 2.386e-13 2.133e-13 1.904e-13 1.697e-13 1.514e-13 1.347e-13 1.199e-13 1.067e-13 9.486e-14 8.430e-14
11875.00 1.258e-11 1.145e-11 1.042e-11 9.486e-12 8.623e-12 7.844e-12 7.130e-12 6.476e-12 5.878e-12 5.341e-12 4.845e-12 4.388e-12 3.984e-12 3.611e-12 3.269e-12 2.956e-12 2.675e-12 2.421e-12 2.189e-12 1.978e-12 1.788e-12 1.614e-12 1.456e-12 1.313e-12 1.184e-12 1.067e-12 9.611e-13 8.654e-13 7.792e-13 7.002e-13 6.292e-13 5.652e-13 5.078e-13 4.553e-13 4.084e-13 3.662e-13 3.279e-13 2.935e-13 2.625e-13 2.348e-13 2.098e-13 1.875e-13 1.673e-13 1.491e-13 1.331e-13 1.185e-13 1.055e-13 9.394e-14 8.345e-14 7.413e-14
12125.00 1.104e-11 1.006e-11 9.160e-12 8.337e-12 7.583e-12 6.890e-12 6.261e-12 5.690e-12 5.165e-12 4.693e-12 4.257e-12 3.857e-12 3.500e-12 3.173e-12 2.872e-12 2.602e-12 2.353e-12 2.128e-12 1.924e-12 1.740e-12 1.573e-12 1.419e-12 1.281e-12 1.156e-12 1.042e-12 9.384e-13 8.447e-13 7.611e-13 6.853e-13 6.158e-13 5.537e-13 4.972e-13 4.463e-13 4.004e-13 3.594e-13 3.221e-13 2.883e-13 2.582e-13 2.310e-13 2.066e-13 1.846e-13 1.650e-13 1.473e-13 1.313e-13 1.170e-13 1.043e-13 9.279e-14 8.264e-14 7.348e-14 6.522e-14
12375.00 9.712e-12 8.846e-12 8.055e-12 7.331e-12 6.667e-12 6.058e-12 5.513e-12 5.008e-12 4.546e-12 4.131e-12 3.749e-12 3.396e-12 3.079e-12 2.791e-12 2.530e-12 2.289e-12 2.071e-12 1.874e-12 1.694e-12 1.531e-12 1.383e-12 1.249e-12 1.128e-12 1.017e-12 9.169e-13 8.261e-13 7.434e-13 6.696e-13 6.027e-13 5.418e-13 4.874e-13 4.375e-13 3.933e-13 3.528e-13 3.162e-13 2.836e-13 2.540e-13 2.274e-13 2.035e-13 1.819e-13 1.626e-13 1.452e-13 1.298e-13 1.156e-13 1.031e-13 9.183e-14 8.176e-14 7.279e-14 6.471e-14 5.752e-14
12625.00 8.557e-12 7.790e-12 7.090e-12 6.457e-12 5.873e-12 5.338e-12 4.851e-12 4.407e-12 4.002e-12 3.637e-12 3.301e-12 2.990e-12 2.711e-12 2.457e-12 2.228e-12 2.016e-12 1.824e-12 1.651e-12 1.492e-12 1.350e-12 1.219e-12 1.100e-12 9.925e-13 8.957e-13 8.073e-13 7.279e-13 6.553e-13 5.900e-13 5.315e-13 4.777e-13 4.294e-13 3.857e-13 3.463e-13 3.106e-13 2.787e-13 2.500e-13 2.238e-13 2.006e-13 1.794e-13 1.603e-13 1.433e-13 1.280e-13 1.144e-13 1.019e-13 9.086e-14 8.098e-14 7.205e-14 6.420e-14 5.709e-14 5.070e-14
12875.00 7.533e-12 6.863e-12 6.246e-12 5.689e-12 5.173e-12 4.703e-12 4.274e-12 3.881e-12 3.528e-12 3.202e-12 2.908e-12 2.636e-12 2.389e-12 2.167e-12 1.963e-12 1.776e-12 1.608e-12 1.455e-12 1.315e-12 1.190e-12 1.074e-12 9.699e-13 8.759e-13 7.900e-13 7.118e-13 6.416e-13 5.775e-13 5.200e-13 4.684e-13 4.211e-13 3.785e-13 3.400e-13 3.055e-13 2.741e-13 2.458e-13 2.204e-13 1.975e-13 1.770e-13 1.582e-13 1.416e-13 1.265e-13 1.130e-13 1.009e-13 8.995e-14 8.018e-14 7.144e-14 6.357e-14 5.664e-14 5.038e-14 4.471e-14
13125.00 6.647e-12 6.051e-12 5.511e-12 5.011e-12 4.558e-12 4.146e-12 3.771e-12 3.425e-12 3.113e-12 2.824e-12 2.563e-12 2.324e-12 2.109e-12 1.912e-12 1.732e-12 1.567e-12 1.418e-12 1.283e-12 1.160e-12 1.049e-12 9.480e-13 8.562e-13 7.721e-13 6.972e-13 6.286e-13 5.662e-13 5.099e-13 4.591e-13 4.135e-13 3.720e-13 3.341e-13 3.003e-13 2.697e-13 2.420e-13 2.171e-13 1.945e-13 1.743e-13 1.561e-13 1.397e-13 1.249e-13 1.117e-13 9.975e-14 8.911e-14 7.939e-14 7.083e-14 6.310e-14 5.615e-14 5.004e-14 4.447e-14 3.951e-14
13375.00 5.859e-12 5.341e-12 4.861e-12 4.425e-12 4.027e-12 3.661e-12 3.327e-12 3.022e-12 2.746e-12 2.493e-12 2.265e-12 2.052e-12 1.861e-12 1.688e-12 1.528e-12 1.383e-12 1.252e-12 1.133e-12 1.025e-12 9.269e-13 8.366e-13 7.555e-13 6.824e-13 6.151e-13 5.551e-13 5.005e-13 4.501e-13 4.055e-13 3.651e-13 3.285e-13 2.951e-13 2.653e-13 2.382e-13 2.136e-13 1.917e-13 1.719e-13 1.540e-13 1.379e-13 1.234e-13 1.104e-13 9.863e-14 8.816e-14 7.868e-14 7.015e-14 6.257e-14 5.576e-14 4.964e-14 4.418e-14 3.934e-14 3.494e-14
13625.00 5.175e-12 4.716e-12 4.293e-12 3.907e-12 3.557e-12 3.233e-12 2.938e-12 2.669e-12 2.426e-12 2.203e-12 1.999e-12 1.813e-12 1.644e-12 1.491e-12 1.350e-12 1.223e-12 1.107e-12 1.001e-12 9.048e-13 8.184e-13 7.396e-13 6.679e-13 6.025e-13 5.435e-13 4.901e-13 4.419e-13 3.979e-13 3.584e-13 3.226e-13 2.904e-13 2.609e-13 2.345e-13 2.105e-13 1.890e-13 1.694e-13 1.519e-13 1.361e-13 1.220e-13 1.091e-13 9.756e-14 8.723e-14 7.789e-14 6.961e-14 6.206e-14 5.535e-14 4.931e-14 4.389e-14 3.907e-14 3.480e-14 3.091e-14
13875.00 4.575e-12 4.169e-12 3.794e-12 3.453e-12 3.141e-12 2.856e-12 2.596e-12 2.360e-12 2.143e-12 1.946e-12 1.768e-12 1.603e-12 1.454e-12 1.318e-12 1.194e-12 1.080e-12 9.782e-13 8.849e-13 8.000e-13 7.242e-13 6.533e-13 5.907e-13 5.329e-13 4.806e-13 4.334e-13 3.911e-13 3.521e-13 3.168e-13 2.854e-13 2.567e-13 2.307e-13 2.074e-13 1.863e-13 1.672e-13 1.500e-13 1.344e-13 1.204e-13 1.079e-13 9.655e-14 8.629e-14 7.720e-14 6.899e-14 6.153e-14 5.495e-14 4.901e-14 4.365e-14 3.887e-14 3.461e-14 3.078e-14 2.735e-14
14125.00 4.044e-12 3.687e-12 3.355e-12 3.052e-12 2.779e-12 2.528e-12 2.296e-12 2.088e-12 1.895e-12 1.723e-12 1.564e-12 1.418e-12 1.285e-12 1.166e-12 1.056e-12 9.563e-13 8.656e-13 7.827e-13 7.078e-13 6.404e-13 5.785e-13 5.228e-13 4.718e-13 4.254e-13 3.836e-13 3.458e-13 3.117e-13 2.803e-13 2.525e-13 2.273e-13 2.043e-13 1.836e-13 1.649e-13 1.480e-13 1.328e-13 1.191e-13 1.067e-13 9.551e-14 8.548e-14 7.646e-14 6.838e-14 6.107e-14 5.449e-14 4.867e-14 4.340e-14 3.869e-14 3.444e-14 3.067e-14 2.726e-14 2.424e-14
14375.00 3.577e-12 3.262e-12 2.969e-12 2.702e-12 2.459e-12 2.238e-12 2.032e-12 1.848e-12 1.679e-12 1.524e-12 1.384e-12 1.254e-12 1.138e-12 1.032e-12 9.346e-13 8.461e-13 7.663e-13 6.928e-13 6.265e-13 5.669e-13 5.121e-13 4.628e-13 4.175e-13 3.768e-13 3.396e-13 3.064e-13 2.760e-13 2.484e-13 2.237e-13 2.014e-13 1.808e-13 1.626e-13 1.460e-13 1.310e-13 1.175e-13 1.053e-13 9.441e-14 8.457e-14 7.574e-14 6.775e-14 6.058e-14 5.409e-14 4.829e-14 4.312e-14 3.843e-14 3.426e-14 3.051e-14 2.717e-14 2.416e-14 2.146e-14
14625.00 3.166e-12 2.886e-12 2.628e-12 2.393e-12 2.178e-12 1.981e-12 1.801e-12 1.635e-12 1.486e-12 1.349e-12 1.225e-12 1.112e-12 1.008e-12 9.139e-13 8.282e-13 7.496e-13 6.782e-13 6.141e-13 5.552e-13 5.021e-13 4.538e-13 4.098e-13 3.699e-13 3.337e-13 3.011e-13 2.715e-13 2.445e-13 2.200e-13 1.983e-13 1.783e-13 1.602e-13 1.440e-13 1.294e-13 1.161e-13 1.042e-13 9.341e-14 8.370e-14 7.499e-14 6.711e-14 6.003e-14 5.367e-14 4.794e-14 4.282e-14 3.825e-14 3.407e-14 3.038e-14 2.704e-14 2.408e-14 2.143e-14 1.903e-14
14875.00 2.805e-12 2.557e-12 2.329e-12 2.120e-12 1.929e-12 1.754e-12 1.594e-12 1.449e-12 1.316e-12 1.196e-12 1.086e-12 9.851e-13 8.930e-13 8.101e-13 7.342e-13 6.648e-13 6.016e-13 5.438e-13 4.919e-13 4.452e-13 4.022e-13 3.632e-13 3.278e-13 2.959e-13 2.670e-13 2.407e-13 2.167e-13 1.952e-13 1.757e-13 1.582e-13 1.421e-13 1.277e-13 1.147e-13 1.030e-13 9.236e-14 8.289e-14 7.428e-14 6.649e-14 5.955e-14 5.323e-14 4.761e-14 4.257e-14 3.797e-14 3.392e-14 3.024e-14 2.698e-14 2.401e-14 2.135e-14 1.901e-14 1.691e-14
15125.00 2.488e-12 2.267e-12 2.065e-12 1.880e-12 1.711e-12 1.555e-12 1.414e-12 1.285e-12 1.167e-12 1.060e-12 9.626e-13 8.740e-13 7.920e-13 7.181e-13 6.508e-13 5.893e-13 5.336e-13 4.828e-13 4.365e-13 3.949e-13 3.568e-13 3.222e-13 2.911e-13 2.623e-13 2.367e-13 2.134e-13 1.924e-13 1.732e-13 1.560e-13 1.403e-13 1.260e-13 1.134e-13 1.018e-13 9.137e-14 8.200e-14 7.351e-14 6.595e-14 5.901e-14 5.284e-14 4.725e-14 4.228e-14 3.776e-14 3.371e-14 3.010e-14 2.684e-14 2.392e-14 2.131e-14 1.897e-14 1.689e-14 1.500e-14
15375.00 2.207e-12 2.010e-12 1.830e-12 1.668e-12 1.517e-12 1.381e-12 1.254e-12 1.140e-12 1.036e-12 9.405e-13 8.541e-13 7.748e-13 7.024e-13 6.369e-13 5.773e-13 5.228e-13 4.731e-13 4.283e-13 3.875e-13 3.506e-13 3.165e-13 2.860e-13 2.582e-13 2.329e-13 2.101e-13 1.895e-13 1.708e-13 1.536e-13 1.384e-13 1.246e-13 1.120e-13 1.007e-13 9.033e-14 8.120e-14 7.280e-14 6.530e-14 5.853e-14 5.239e-14 4.694e-14 4.195e-14 3.756e-14 3.354e-14 2.996e-14 2.676e-14 2.384e-14 2.125e-14 1.893e-14 1.685e-14 1.501e-14 1.332e-14
15625.00 1.957e-12 1.785e-12 1.625e-12 1.479e-12 1.346e-12 1.225e-12 1.113e-12 1.012e-12 9.194e-13 8.350e-13 7.585e-13 6.881e-13 6.238e-13 5.656e-13 5.127e-13 4.644e-13 4.200e-13 3.801e-13 3.439e-13 3.111e-13 2.812e-13 2.541e-13 2.294e-13 2.069e-13 1.866e-13 1.682e-13 1.516e-13 1.364e-13 1.229e-13 1.106e-13 9.944e-14 8.938e-14 8.023e-14 7.211e-14 6.470e-14 5.802e-14 5.199e-14 4.655e-14 4.169e-14 3.730e-14 3.333e-14 2.981e-14 2.662e-14 2.377e-14 2.120e-14 1.889e-14 1.683e-14 1.497e-14 1.332e-14 1.184e-14
15875.00 1.739e-12 1.586e-12 1.442e-12 1.314e-12 1.196e-12 1.088e-12 9.881e-13 8.985e-13 8.166e-13 7.418e-13 6.734e-13 6.109e-13 5.540e-13 5.024e-13 4.552e-13 4.122e-13 3.734e-13 3.378e-13 3.056e-13 2.763e-13 2.498e-13 2.256e-13 2.038e-13 1.838e-13 1.658e-13 1.495e-13 1.347e-13 1.212e-13 1.092e-13 9.826e-14 8.841e-14 7.942e-14 7.138e-14 6.412e-14 5.749e-14 5.159e-14 4.622e-14 4.141e-14 3.709e-14 3.315e-14 2.965e-14 2.649e-14 2.367e-14 2.114e-14 1.884e-14 1.680e-14 1.496e-14 1.331e-14 1.185e-14 1.054e-14
16125.00 1.544e-12 1.407e-12 1.282e-12 1.167e-12 1.062e-12 9.665e-13 8.786e-13 7.987e-13 7.257e-13 6.592e-13 5.982e-13 5.430e-13 4.921e-13 4.464e-13 4.045e-13 3.665e-13 3.315e-13 3.002e-13 2.717e-13 2.457e-13 2.220e-13 2.007e-13 1.812e-13 1.635e-13 1.474e-13 1.330e-13 1.197e-13 1.078e-13 9.709e-14 8.737e-14 7.854e-14 7.066e-14 6.344e-14 5.699e-14 5.113e-14 4.585e-14 4.112e-14 3.681e-14 3.296e-14 2.949e-14 2.638e-14 2.356e-14 2.105e-14 1.879e-14 1.677e-14 1.494e-14 1.332e-14 1.185e-14 1.054e-14 9.378e-15
16375.00 1.373e-12 1.251e-12 1.139e-12 1.037e-12 9.440e-13 8.591e-13 7.807e-13 7.103e-13 6.450e-13 5.856e-13 5.321e-13 4.831e-13 4.375e-13 3.971e-13 3.597e-13 3.259e-13 2.950e-13 2.669e-13 2.416e-13 2.183e-13 1.975e-13 1.784e-13 1.611e-13 1.453e-13 1.311e-13 1.182e-13 1.065e-13 9.589e-14 8.635e-14 7.777e-14 6.989e-14 6.285e-14 5.642e-14 5.069e-14 4.548e-14 4.083e-14 3.659e-14 3.275e-14 2.936e-14 2.623e-14 2.347e-14 2.097e-14 1.872e-14 1.674e-14 1.493e-14 1.331e-14 1.185e-14 1.054e-14 9.390e-15 8.353e-15
16625.00 1.221e-12 1.113e-12 1.014e-12 9.223e-13 8.397e-13 7.642e-13 6.944e-13 6.317e-13 5.738e-13 5.213e-13 4.732e-13 4.298e-13 3.892e-13 3.531e-13 3.201e-13 2.899e-13 2.625e-13 2.373e-13 2.150e-13 1.942e-13 1.757e-13 1.587e-13 1.433e-13 1.294e-13 1.166e-13 1.052e-13 9.487e-14 8.531e-14 7.681e-14 6.917e-14 6.222e-14 5.597e-14 5.022e-14 4.511e-14 4.049e-14 3.632e-14 3.254e-14 2.918e-14 2.614e-14 2.338e-14 2.091e-14 1.868e-14 1.668e-14 1.490e-14 1.329e-14 1.184e-14 1.056e-14 9.397e-15 8.359e-15 7.437e-15
16875.00 1.086e-12 9.896e-13 9.019e-13 8.211e-13 7.472e-13 6.796e-13 6.181e-13 5.619e-13 5.105e-13 4.635e-13 4.210e-13 3.822e-13 3.463e-13 3.143e-13 2.847e-13 2.580e-13 2.335e-13 2.115e-13 1.913e-13 1.730e-13 1.564e-13 1.412e-13 1.276e-13 1.151e-13 1.039e-13 9.364e-14 8.441e-14 7.603e-14 6.839e-14 6.164e-14 5.544e-14 4.979e-14 4.472e-14 4.021e-14 3.603e-14 3.236e-14 2.901e-14 2.598e-14 2.326e-14 2.081e-14 1.861e-14 1.664e-14 1.486e-14 1.327e-14 1.183e-14 1.056e-14 9.406e-15 8.366e-15 7.456e-15 6.628e-15
17125.00 9.670e-13 8.807e-13 8.028e-13 7.308e-13 6.655e-13 6.052e-13 5.502e-13 5.001e-13 4.546e-13 4.127e-13 3.751e-13 3.402e-13 3.085e-13 2.797e-13 2.536e-13 2.298e-13 2.080e-13 1.883e-13 1.702e-13 1.540e-13 1.394e-13 1.258e-13 1.137e-13 1.025e-13 9.251e-14 8.344e-14 7.524e-14 6.768e-14 6.095e-14 5.488e-14 4.938e-14 4.438e-14 3.987e-14 3.581e-14 3.211e-14 2.883e-14 2.584e-14 2.314e-14 2.074e-14 1.855e-14 1.659e-14 1.482e-14 1.325e-14 1.182e-14 1.055e-14 9.410e-15 8.378e-15 7.457e-15 6.640e-15 5.904e-15
17375.00 8.608e-13 7.846e-13 7.150e-13 6.505e-13 5.924e-13 5.387e-13 4.900e-13 4.455e-13 4.045e-13 3.675e-13 3.338e-13 3.030e-13 2.747e-13 2.491e-13 2.260e-13 2.046e-13 1.852e-13 1.677e-13 1.518e-13 1.372e-13 1.241e-13 1.121e-13 1.013e-13 9.136e-14 8.244e-14 7.430e-14 6.699e-14 6.029e-14 5.431e-14 4.891e-14 4.400e-14 3.955e-14 3.551e-14 3.189e-14 2.862e-14 2.568e-14 2.304e-14 2.063e-14 1.849e-14 1.655e-14 1.479e-14 1.322e-14 1.181e-14 1.055e-14 9.402e-15 8.385e-15 7.477e-15 6.657e-15 5.923e-15 5.268e-15
17625.00 7.672e-13 6.985e-13 6.364e-13 5.800e-13 5.274e-13 4.798e-13 4.367e-13 3.969e-13 3.607e-13 3.274e-13 2.975e-13 2.700e-13 2.449e-13 2.220e-13 2.014e-13 1.824e-13 1.651e-13 1.495e-13 1.353e-13 1.223e-13 1.106e-13 9.983e-14 9.022e-14 8.144e-14 7.349e-14 6.623e-14 5.978e-14 5.375e-14 4.841e-14 4.362e-14 3.922e-14 3.527e-14 3.169e-14 2.844e-14 2.555e-14 2.292e-14 2.055e-14 1.840e-14 1.649e-14 1.475e-14 1.319e-14 1.179e-14 1.053e-14 9.409e-15 8.387e-15 7.485e-15 6.671e-15 5.935e-15 5.284e-15 4.701e-15
17875.00 6.838e-13 6.230e-13 5.675e-13 5.164e-13 4.704e-13 4.281e-13 3.893e-13 3.539e-13 3.216e-13 2.919e-13 2.653e-13 2.408e-13 2.182e-13 1.980e-13 1.794e-13 1.626e-13 1.472e-13 1.332e-13 1.206e-13 1.090e-13 9.863e-14 8.911e-14 8.048e-14 7.262e-14 6.550e-14 5.908e-14 5.328e-14 4.796e-14 4.318e-14 3.888e-14 3.499e-14 3.145e-14 2.827e-14 2.538e-14 2.277e-14 2.043e-14 1.832e-14 1.642e-14 1.471e-14 1.316e-14 1.177e-14 1.052e-14 9.407e-15 8.395e-15 7.489e-15 6.675e-15 5.954e-15 5.299e-15 4.715e-15 4.198e-15
18125.00 6.097e-13 5.550e-13 5.062e-13 4.609e-13 4.191e-13 3.817e-13 3.469e-13 3.153e-13 2.865e-13 2.604e-13 2.364e-13 2.148e-13 1.946e-13 1.765e-13 1.600e-13 1.451e-13 1.313e-13 1.189e-13 1.076e-13 9.722e-14 8.795e-14 7.944e-14 7.177e-14 6.479e-14 5.842e-14 5.270e-14 4.754e-14 4.282e-14 3.854e-14 3.470e-14 3.123e-14 2.807e-14 2.522e-14 2.266e-14 2.034e-14 1.825e-14 1.636e-14 1.464e-14 1.312e-14 1.174e-14 1.050e-14 9.397e-15 8.390e-15 7.494e-15 6.690e-15 5.963e-15 5.317e-15 4.729e-15 4.214e-15 3.748e-15
18375.00 5.438e-13 4.949e-13 4.513e-13 4.110e-13 3.742e-13 3.402e-13 3.097e-13 2.814e-13 2.556e-13 2.324e-13 2.109e-13 1.916e-13 1.737e-13 1.575e-13 1.428e-13 1.294e-13 1.172e-13 1.061e-13 9.592e-14 8.678e-14 7.855e-14 7.094e-14 6.406e-14 5.784e-14 5.214e-14 4.707e-14 4.243e-14 3.822e-14 3.438e-14 3.098e-14 2.789e-14 2.504e-14 2.252e-14 2.021e-14 1.814e-14 1.628e-14 1.461e-14 1.309e-14 1.172e-14 1.049e-14 9.380e-15 8.393e-15 7.491e-15 6.696e-15 5.972e-15 5.321e-15 4.748e-15 4.225e-15 3.762e-15 3.347e-15
18625.00 4.847e-13 4.418e-13 4.025e-13 3.665e-13 3.338e-13 3.038e-13 2.764e-13 2.510e-13 2.282e-13 2.073e-13 1.883e-13 1.710e-13 1.551e-13 1.406e-13 1.275e-13 1.155e-13 1.046e-13 9.464e-14 8.570e-14 7.750e-14 7.012e-14 6.330e-14 5.721e-14 5.165e-14 4.660e-14 4.202e-14 3.789e-14 3.412e-14 3.069e-14 2.766e-14 2.489e-14 2.238e-14 2.011e-14 1.806e-14 1.621e-14 1.455e-14 1.305e-14 1.168e-14 1.047e-14 9.373e-15 8.378e-15 7.494e-15 6.697e-15 5.975e-15 5.338e-15 4.757e-15 4.244e-15 3.778e-15 3.364e-15 2.990e-15
18875.00 4.328e-13 3.943e-13 3.596e-13 3.272e-13 2.978e-13 2.710e-13 2.466e-13 2.241e-13 2.037e-13 1.852e-13 1.681e-13 1.526e-13 1.385e-13 1.256e-13 1.138e-13 1.031e-13 9.342e-14 8.449e-14 7.649e-14 6.921e-14 6.258e-14 5.653e-14 5.111e-14 4.609e-14 4.161e-14 3.753e-14 3.384e-14 3.046e-14 2.742e-14 2.471e-14 2.223e-14 1.999e-14 1.796e-14 1.612e-14 1.448e-14 1.299e-14 1.166e-14 1.044e-14 9.351e-15 8.370e-15 7.491e-15 6.698e-15 5.982e-15 5.340e-15 4.771e-15 4.253e-15 3.793e-15 3.375e-15 3.005e-15 2.674e-15
19125.00 3.864e-13 3.520e-13 3.209e-13 2.920e-13 2.661e-13 2.420e-13 2.203e-13 2.002e-13 1.819e-13 1.654e-13 1.502e-13 1.364e-13 1.237e-13 1.121e-13 1.016e-13 9.213e-14 8.346e-14 7.552e-14 6.830e-14 6.182e-14 5.592e-14 5.053e-14 4.564e-14 4.120e-14 3.716e-14 3.354e-14 3.021e-14 2.723e-14 2.451e-14 2.209e-14 1.988e-14 1.785e-14 1.606e-14 1.441e-14 1.295e-14 1.161e-14 1.042e-14 9.336e-15 8.356e-15 7.486e-15 6.697e-15 5.984e-15 5.350e-15 4.778e-15 4.267e-15 3.800e-15 3.391e-15 3.019e-15 2.688e-15 2.393e-15
19375.00 3.453e-13 3.143e-13 2.867e-13 2.610e-13 2.376e-13 2.162e-13 1.968e-13 1.787e-13 1.625e-13 1.477e-13 1.342e-13 1.218e-13 1.104e-13 1.001e-13 9.086e-14 8.230e-14 7.454e-14 6.746e-14 6.103e-14 5.521e-14 4.995e-14 4.513e-14 4.081e-14 3.682e-14 3.323e-14 2.998e-14 2.700e-14 2.434e-14 2.192e-14 1.973e-14 1.776e-14 1.597e-14 1.434e-14 1.289e-14 1.158e-14 1.038e-14 9.308e-15 8.352e-15 7.474e-15 6.696e-15 5.988e-15 5.354e-15 4.785e-15 4.273e-15 3.816e-15 3.402e-15 3.033e-15 2.700e-15 2.404e-15 2.139e-15
19625.00 3.085e-13 2.811e-13 2.562e-13 2.332e-13 2.122e-13 1.933e-13 1.759e-13 1.597e-13 1.452e-13 1.320e-13 1.198e-13 1.088e-13 9.878e-14 8.955e-14 8.120e-14 7.360e-14 6.662e-14 6.035e-14 5.457e-14 4.939e-14 4.467e-14 4.034e-14 3.647e-14 3.292e-14 2.971e-14 2.679e-14 2.415e-14 2.176e-14 1.958e-14 1.764e-14 1.588e-14 1.429e-14 1.284e-14 1.153e-14 1.036e-14 9.282e-15 8.330e-15 7.466e-15 6.686e-15 5.989e-15 5.356e-15 4.789e-15 4.279e-15 3.822e-15 3.414e-15 3.043e-15 2.714e-15 2.417e-15 2.151e-15 1.914e-15
19875.00 2.757e-13 2.512e-13 2.290e-13 2.084e-13 1.898e-13 1.728e-13 1.571e-13 1.429e-13 1.299e-13 1.179e-13 1.072e-13 9.727e-14 8.826e-14 8.003e-14 7.263e-14 6.581e-14 5.961e-14 5.392e-14 4.880e-14 4.414e-14 3.992e-14 3.611e-14 3.260e-14 2.944e-14 2.656e-14 2.398e-14 2.159e-14 1.946e-14 1.753e-14 1.578e-14 1.421e-14 1.277e-14 1.148e-14 1.031e-14 9.265e-15 8.311e-15 7.453e-15 6.682e-15 5.983e-15 5.361e-15 4.795e-15 4.285e-15 3.829e-15 3.420e-15 3.055e-15 2.723e-15 2.427e-15 2.162e-15 1.925e-15 1.715e-15
20125.00 2.464e-13 2.245e-13 2.048e-13 1.864e-13 1.697e-13 1.544e-13 1.405e-13 1.277e-13 1.161e-13 1.056e-13 9.578e-14 8.705e-14 7.898e-14 7.154e-14 6.493e-14 5.883e-14 5.327e-14 4.824e-14 4.366e-14 3.949e-14 3.571e-14 3.229e-14 2.918e-14 2.634e-14 2.376e-14 2.143e-14 1.934e-14 1.741e-14 1.568e-14 1.412e-14 1.272e-14 1.143e-14 1.028e-14 9.228e-15 8.294e-15 7.433e-15 6.668e-15 5.980e-15 5.353e-15 4.798e-15 4.291e-15 3.837e-15 3.431e-15 3.061e-15 2.734e-15 2.437e-15 2.174e-15 1.937e-15 1.725e-15 1.534e-15
20375.00 2.205e-13 2.008e-13 1.831e-13 1.668e-13 1.517e-13 1.381e-13 1.258e-13 1.142e-13 1.039e-13 9.439e-14 8.573e-14 7.780e-14 7.065e-14 6.401e-14 5.807e-14 5.266e-14 4.771e-14 4.316e-14 3.906e-14 3.533e-14 3.195e-14 2.891e-14 2.611e-14 2.356e-14 2.127e-14 1.918e-14 1.729e-14 1.559e-14 1.403e-14 1.264e-14 1.138e-14 1.023e-14 9.199e-15 8.262e-15 7.420e-15 6.656e-15 5.975e-15 5.356e-15 4.797e-15 4.295e-15 3.843e-15 3.433e-15 3.070e-15 2.741e-15 2.449e-15 2.184e-15 1.946e-15 1.736e-15 1.544e-15 1.375e-15
20625.00 1.971e-13 1.796e-13 1.638e-13 1.491e-13 1.358e-13 1.236e-13 1.125e-13 1.023e-13 9.294e-14 8.448e-14 7.674e-14 6.968e-14 6.322e-14 5.732e-14 5.195e-14 4.713e-14 4.268e-14 3.861e-14 3.494e-14 3.162e-14 2.862e-14 2.587e-14 2.337e-14 2.109e-14 1.905e-14 1.717e-14 1.548e-14 1.396e-14 1.257e-14 1.131e-14 1.019e-14 9.167e-15 8.242e-15 7.396e-15 6.647e-15 5.960e-15 5.350e-15 4.792e-15 4.293e-15 3.845e-15 3.441e-15 3.076e-15 2.750e-15 2.455e-15 2.194e-15 1.956e-15 1.744e-15 1.554e-15 1.383e-15 1.231e-15
20875.00 1.763e-13 1.607e-13 1.466e-13 1.335e-13 1.216e-13 1.107e-13 1.006e-13 9.149e-14 8.319e-14 7.557e-14 6.869e-14 6.237e-14 5.660e-14 5.127e-14 4.652e-14 4.218e-14 3.820e-14 3.458e-14 3.132e-14 2.832e-14 2.561e-14 2.317e-14 2.092e-14 1.889e-14 1.706e-14 1.539e-14 1.387e-14 1.251e-14 1.126e-14 1.013e-14 9.130e-15 8.210e-15 7.378e-15 6.623e-15 5.954e-15 5.341e-15 4.794e-15 4.295e-15 3.846e-15 3.447e-15 3.085e-15 2.759e-15 2.463e-15 2.201e-15 1.967e-15 1.754e-15 1.564e-15 1.394e-15 1.240e-15 1.104e-15
21125.00 1.578e-13 1.440e-13 1.312e-13 1.195e-13 1.088e-13 9.907e-14 9.004e-14 8.194e-14 7.445e-14 6.767e-14 6.148e-14 5.583e-14 5.066e-14 4.592e-14 4.165e-14 3.778e-14 3.423e-14 3.095e-14 2.802e-14 2.535e-14 2.293e-14 2.074e-14 1.873e-14 1.693e-14 1.528e-14 1.378e-14 1.242e-14 1.120e-14 1.009e-14 9.073e-15 8.173e-15 7.352e-15 6.611e-15 5.939e-15 5.336e-15 4.786e-15 4.294e-15 3.847e-15 3.448e-15 3.087e-15 2.764e-15 2.470e-15 2.208e-15 1.974e-15 1.761e-15 1.572e-15 1.401e-15 1.249e-15 1.111e-15 9.894e-16
21375.00 1.414e-13 1.290e-13 1.175e-13 1.070e-13 9.746e-14 8.868e-14 8.070e-14 7.333e-14 6.667e-14 6.058e-14 5.507e-14 5.002e-14 4.538e-14 4.112e-14 3.730e-14 3.382e-14 3.066e-14 2.776e-14 2.511e-14 2.272e-14 2.055e-14 1.858e-14 1.677e-14 1.516e-14 1.368e-14 1.235e-14 1.113e-14 1.003e-14 9.035e-15 8.134e-15 7.325e-15 6.590e-15 5.923e-15 5.320e-15 4.780e-15 4.287e-15 3.848e-15 3.451e-15 3.092e-15 2.768e-15 2.477e-15 2.214e-15 1.979e-15 1.768e-15 1.581e-15 1.408e-15 1.257e-15 1.120e-15 9.971e-16 8.872e-16
21625.00 1.267e-13 1.155e-13 1.052e-13 9.583e-14 8.720e-14 7.942e-14 7.230e-14 6.575e-14 5.975e-14 5.432e-14 4.930e-14 4.477e-14 4.066e-14 3.686e-14 3.343e-14 3.030e-14 2.748e-14 2.485e-14 2.251e-14 2.036e-14 1.841e-14 1.665e-14 1.504e-14 1.359e-14 1.226e-14 1.106e-14 9.981e-15 8.998e-15 8.095e-15 7.294e-15 6.565e-15 5.909e-15 5.312e-15 4.769e-15 4.284e-15 3.845e-15 3.449e-15 3.092e-15 2.770e-15 2.483e-15 2.220e-15 1.987e-15 1.776e-15 1.586e-15 1.417e-15 1.264e-15 1.127e-15 1.005e-15 8.940e-16 7.958e-16
21875.00 1.134e-13 1.034e-13 9.423e-14 8.591e-14 7.814e-14 7.113e-14 6.474e-14 5.891e-14 5.353e-14 4.865e-14 4.419e-14 4.016e-14 3.643e-14 3.304e-14 2.997e-14 2.717e-14 2.461e-14 2.229e-14 2.016e-14 1.825e-14 1.650e-14 1.493e-14 1.348e-14 1.219e-14 1.099e-14 9.919e-15 8.946e-15 8.063e-15 7.260e-15 6.535e-15 5.885e-15 5.297e-15 4.760e-15 4.280e-15 3.840e-15 3.451e-15 3.096e-15 2.774e-15 2.487e-15 2.226e-15 1.993e-15 1.782e-15 1.593e-15 1.423e-15 1.270e-15 1.134e-15 1.011e-15 9.016e-16 8.025e-16 7.146e-16
22125.00 1.017e-13 9.265e-14 8.444e-14 7.697e-14 7.007e-14 6.377e-14 5.803e-14 5.278e-14 4.800e-14 4.362e-14 3.964e-14 3.597e-14 3.265e-14 2.961e-14 2.686e-14 2.436e-14 2.206e-14 1.997e-14 1.809e-14 1.637e-14 1.480e-14 1.338e-14 1.209e-14 1.092e-14 9.864e-15 8.896e-15 8.020e-15 7.236e-15 6.514e-15 5.864e-15 5.280e-15 4.750e-15 4.272e-15 3.838e-15 3.446e-15 3.094e-15 2.775e-15 2.489e-15 2.229e-15 1.996e-15 1.788e-15 1.598e-15 1.429e-15 1.277e-15 1.141e-15 1.018e-15 9.073e-16 8.092e-16 7.198e-16 6.412e-16
22375.00 9.116e-14 8.305e-14 7.566e-14 6.899e-14 6.283e-14 5.719e-14 5.201e-14 4.734e-14 4.303e-14 3.907e-14 3.554e-14 3.227e-14 2.928e-14 2.656e-14 2.408e-14 2.183e-14 1.978e-14 1.791e-14 1.622e-14 1.468e-14 1.327e-14 1.200e-14 1.084e-14 9.796e-15 8.841e-15 7.979e-15 7.200e-15 6.483e-15 5.842e-15 5.258e-15 4.736e-15 4.260e-15 3.832e-15 3.445e-15 3.092e-15 2.777e-15 2.491e-15 2.232e-15 2.002e-15 1.792e-15 1.604e-15 1.434e-15 1.283e-15 1.146e-15 1.024e-15 9.138e-16 8.140e-16 7.263e-16 6.467e-16 5.756e-16
22625.00 8.171e-14 7.448e-14 6.788e-14 6.188e-14 5.629e-14 5.129e-14 4.665e-14 4.244e-14 3.858e-14 3.504e-14 3.187e-14 2.892e-14 2.626e-14 2.381e-14 2.160e-14 1.958e-14 1.775e-14 1.606e-14 1.455e-14 1.316e-14 1.190e-14 1.077e-14 9.724e-15 8.794e-15 7.934e-15 7.156e-15 6.454e-15 5.818e-15 5.245e-15 4.719e-15 4.248e-15 3.825e-15 3.436e-15 3.090e-15 2.775e-15 2.491e-15 2.235e-15 2.004e-15 1.796e-15 1.609e-15 1.440e-15 1.288e-15 1.151e-15 1.029e-15 9.193e-16 8.207e-16 7.310e-16 6.521e-16 5.803e-16 5.170e-16
22875.00 7.327e-14 6.678e-14 6.088e-14 5.546e-14 5.049e-14 4.598e-14 4.183e-14 3.804e-14 3.458e-14 3.145e-14 2.856e-14 2.595e-14 2.356e-14 2.138e-14 1.937e-14 1.757e-14 1.593e-14 1.441e-14 1.304e-14 1.181e-14 1.069e-14 9.665e-15 8.728e-15 7.889e-15 7.116e-15 6.420e-15 5.792e-15 5.220e-15 4.707e-15 4.234e-15 3.813e-15 3.433e-15 3.087e-15 2.774e-15 2.490e-15 2.236e-15 2.006e-15 1.799e-15 1.613e-15 1.445e-15 1.294e-15 1.157e-15 1.034e-15 9.240e-16 8.252e-16 7.370e-16 6.562e-16 5.854e-16 5.210e-16 4.639e-16
23125.00 6.574e-14 5.991e-14 5.459e-14 4.974e-14 4.530e-14 4.125e-14 3.753e-14 3.416e-14 3.103e-14 2.820e-14 2.563e-14 2.328e-14 2.114e-14 1.919e-14 1.739e-14 1.577e-14 1.429e-14 1.295e-14 1.171e-14 1.059e-14 9.583e-15 8.676e-15 7.838e-15 7.078e-15 6.393e-15 5.767e-15 5.198e-15 4.686e-15 4.225e-15 3.804e-15 3.424e-15 3.083e-15 2.769e-15 2.490e-15 2.235e-15 2.008e-15 1.801e-15 1.616e-15 1.448e-15 1.297e-15 1.161e-15 1.039e-15 9.288e-16 8.297e-16 7.416e-16 6.617e-16 5.897e-16 5.261e-16 4.685e-16 4.168e-16
23375.00 5.900e-14 5.375e-14 4.895e-14 4.464e-14 4.064e-14 3.703e-14 3.368e-14 3.065e-14 2.784e-14 2.531e-14 2.300e-14 2.090e-14 1.898e-14 1.721e-14 1.560e-14 1.416e-14 1.282e-14 1.162e-14 1.051e-14 9.510e-15 8.608e-15 7.784e-15 7.034e-15 6.355e-15 5.738e-15 5.178e-15 4.670e-15 4.210e-15 3.793e-15 3.414e-15 3.073e-15 2.767e-15 2.488e-15 2.235e-15 2.009e-15 1.804e-15 1.617e-15 1.450e-15 1.301e-15 1.165e-15 1.043e-15 9.329e-16 8.338e-16 7.460e-16 6.661e-16 5.946e-16 5.297e-16 4.724e-16 4.209e-16 3.746e-16
23625.00 5.293e-14 4.826e-14 4.396e-14 4.006e-14 3.649e-14 3.323e-14 3.021e-14 2.752e-14 2.501e-14 2.273e-14 2.066e-14 1.876e-14 1.703e-14 1.546e-14 1.401e-14 1.271e-14 1.152e-14 1.042e-14 9.434e-15 8.542e-15 7.724e-15 6.988e-15 6.316e-15 5.709e-15 5.154e-15 4.648e-15 4.192e-15 3.780e-15 3.405e-15 3.065e-15 2.760e-15 2.486e-15 2.234e-15 2.010e-15 1.804e-15 1.620e-15 1.453e-15 1.303e-15 1.169e-15 1.047e-15 9.375e-16 8.382e-16 7.494e-16 6.700e-16 5.987e-16 5.345e-16 4.765e-16 4.245e-16 3.785e-16 3.367e-16
23875.00 4.753e-14 4.331e-14 3.947e-14 3.597e-14 3.276e-14 2.980e-14 2.715e-14 2.469e-14 2.244e-14 2.040e-14 1.853e-14 1.683e-14 1.529e-14 1.388e-14 1.258e-14 1.140e-14 1.034e-14 9.360e-15 8.472e-15 7.672e-15 6.940e-15 6.274e-15 5.670e-15 5.124e-15 4.628e-15 4.175e-15 3.766e-15 3.394e-15 3.059e-15 2.756e-15 2.480e-15 2.233e-15 2.007e-15 1.805e-15 1.620e-15 1.457e-15 1.306e-15 1.171e-15 1.051e-15 9.404e-16 8.426e-16 7.530e-16 6.737e-16 6.020e-16 5.380e-16 4.799e-16 4.281e-16 3.818e-16 3.402e-16 3.027e-16
24125.00 4.264e-14 3.890e-14 3.544e-14 3.228e-14 2.941e-14 2.677e-14 2.438e-14 2.217e-14 2.016e-14 1.832e-14 1.665e-14 1.511e-14 1.374e-14 1.247e-14 1.129e-14 1.024e-14 9.283e-15 8.416e-15 7.612e-15 6.891e-15 6.235e-15 5.635e-15 5.098e-15 4.605e-15 4.156e-15 3.752e-15 3.386e-15 3.049e-15 2.748e-15 2.475e-15 2.228e-15 2.008e-15 1.805e-15 1.623e-15 1.457e-15 1.309e-15 1.174e-15 1.053e-15 9.436e-16 8.450e-16 7.576e-16 6.773e-16 6.058e-16 5.414e-16 4.834e-16 4.318e-16 3.851e-16 3.431e-16 3.057e-16 2.722e-16
24375.00 3.830e-14 3.491e-14 3.182e-14 2.900e-14 2.641e-14 2.404e-14 2.189e-14 1.992e-14 1.810e-14 1.646e-14 1.495e-14 1.358e-14 1.234e-14 1.120e-14 1.015e-14 9.201e-15 8.340e-15 7.554e-15 6.840e-15 6.190e-15 5.601e-15 5.067e-15 4.580e-15 4.139e-15 3.733e-15 3.371e-15 3.043e-15 2.743e-15 2.472e-15 2.224e-15 2.004e-15 1.804e-15 1.622e-15 1.458e-15 1.309e-15 1.176e-15 1.055e-15 9.471e-16 8.488e-16 7.603e-16 6.810e-16 6.087e-16 5.443e-16 4.865e-16 4.347e-16 3.881e-16 3.462e-16 3.086e-16 2.751e-16 2.448e-16
24625.00 3.440e-14 3.135e-14 2.859e-14 2.606e-14 2.372e-14 2.159e-14 1.967e-14 1.788e-14 1.626e-14 1.479e-14 1.343e-14 1.220e-14 1.108e-14 1.007e-14 9.116e-15 8.267e-15 7.494e-15 6.790e-15 6.143e-15 5.560e-15 5.033e-15 4.551e-15 4.118e-15 3.719e-15 3.357e-15 3.028e-15 2.734e-15 2.464e-15 2.222e-15 2.000e-15 1.800e-15 1.620e-15 1.458e-15 1.311e-15 1.177e-15 1.058e-15 9.489e-16 8.516e-16 7.627e-16 6.838e-16 6.124e-16 5.473e-16 4.898e-16 4.376e-16 3.910e-16 3.492e-16 3.112e-16 2.775e-16 2.476e-16 2.202e-16
24875.00 3.091e-14 2.818e-14 2.568e-14 2.339e-14 2.131e-14 1.941e-14 1.767e-14 1.608e-14 1.462e-14 1.329e-14 1.208e-14 1.096e-14 9.956e-15 9.043e-15 8.196e-15 7.431e-15 6.737e-15 6.102e-15 5.522e-15 5.001e-15 4.525e-15 4.091e-15 3.700e-15 3.342e-15 3.018e-15 2.723e-15 2.456e-15 2.216e-15 1.996e-15 1.798e-15 1.619e-15 1.457e-15 1.311e-15 1.179e-15 1.059e-15 9.508e-16 8.531e-16 7.654e-16 6.859e-16 6.148e-16 5.504e-16 4.925e-16 4.406e-16 3.937e-16 3.517e-16 3.140e-16 2.803e-16 2.497e-16 2.227e-16 1.980e-16
25125.00 2.777e-14 2.530e-14 2.307e-14 2.104e-14 1.916e-14 1.744e-14 1.588e-14 1.445e-14 1.314e-14 1.195e-14 1.085e-14 9.851e-15 8.955e-15 8.130e-15 7.368e-15 6.682e-15 6.059e-15 5.484e-15 4.964e-15 4.496e-15 4.068e-15 3.680e-15 3.328e-15 3.004e-15 2.715e-15 2.449e-15 2.209e-15 1.992e-15 1.797e-15 1.616e-15 1.455e-15 1.310e-15 1.179e-15 1.060e-15 9.524e-16 8.558e-16 7.670e-16 6.890e-16 6.175e-16 5.532e-16 4.953e-16 4.435e-16 3.963e-16 3.544e-16 3.166e-16 2.828e-16 2.521e-16 2.247e-16 2.004e-16 1.782e-16
25375.00 2.496e-14 2.276e-14 2.074e-14 1.889e-14 1.721e-14 1.568e-14 1.428e-14 1.298e-14 1.181e-14 1.073e-14 9.748e-15 8.865e-15 8.047e-15 7.308e-15 6.620e-15 6.005e-15 5.446e-15 4.935e-15 4.466e-15 4.044e-15 3.657e-15 3.306e-15 2.993e-15 2.702e-15 2.440e-15 2.204e-15 1.988e-15 1.791e-15 1.616e-15 1.455e-15 1.309e-15 1.179e-15 1.061e-15 9.539e-16 8.567e-16 7.694e-16 6.903e-16 6.194e-16 5.555e-16 4.974e-16 4.455e-16 3.987e-16 3.565e-16 3.188e-16 2.848e-16 2.543e-16 2.270e-16 2.023e-16 1.803e-16 1.605e-16
25625.00 2.244e-14 2.046e-14 1.864e-14 1.699e-14 1.547e-14 1.409e-14 1.283e-14 1.167e-14 1.062e-14 9.651e-15 8.769e-15 7.969e-15 7.238e-15 6.570e-15 5.956e-15 5.400e-15 4.898e-15 4.438e-15 4.015e-15 3.637e-15 3.287e-15 2.976e-15 2.691e-15 2.430e-15 2.197e-15 1.982e-15 1.787e-15 1.611e-15 1.453e-15 1.308e-15 1.178e-15 1.061e-15 9.547e-16 8.577e-16 7.710e-16 6.925e-16 6.213e-16 5.578e-16 5.001e-16 4.476e-16 4.012e-16 3.590e-16 3.210e-16 2.868e-16 2.565e-16 2.289e-16 2.041e-16 1.821e-16 1.624e-16 1.445e-16
25875.00 2.017e-14 1.838e-14 1.676e-14 1.527e-14 1.392e-14 1.267e-14 1.153e-14 1.049e-14 9.551e-15 8.672e-15 7.888e-15 7.166e-15 6.509e-15 5.908e-15 5.354e-15 4.855e-15 4.403e-15 3.990e-15 3.613e-15 3.271e-15 2.957e-15 2.674e-15 2.420e-15 2.185e-15 1.975e-15 1.783e-15 1.608e-15 1.451e-15 1.308e-15 1.177e-15 1.060e-15 9.545e-16 8.587e-16 7.722e-16 6.938e-16 6.231e-16 5.591e-16 5.020e-16 4.496e-16 4.032e-16 3.610e-16 3.232e-16 2.888e-16 2.584e-16 2.310e-16 2.060e-16 1.839e-16 1.639e-16 1.462e-16 1.300e-16
26125.00 1.812e-14 1.653e-14 1.507e-14 1.374e-14 1.252e-14 1.139e-14 1.037e-14 9.435e-15 8.583e-15 7.806e-15 7.092e-15 6.447e-15 5.851e-15 5.312e-15 4.816e-15 4.368e-15 3.963e-15 3.589e-15 3.251e-15 2.942e-15 2.661e-15 2.407e-15 2.179e-15 1.968e-15 1.777e-15 1.604e-15 1.447e-15 1.305e-15 1.177e-15 1.059e-15 9.537e-16 8.589e-16 7.734e-16 6.944e-16 6.246e-16 5.607e-16 5.035e-16 4.518e-16 4.051e-16 3.628e-16 3.251e-16 2.908e-16 2.601e-16 2.326e-16 2.079e-16 1.857e-16 1.657e-16 1.477e-16 1.316e-16 1.172e-16
26375.00 1.630e-14 1.488e-14 1.356e-14 1.236e-14 1.125e-14 1.025e-14 9.336e-15 8.496e-15 7.727e-15 7.017e-15 6.382e-15 5.800e-15 5.266e-15 4.781e-15 4.335e-15 3.929e-15 3.563e-15 3.231e-15 2.925e-15 2.647e-15 2.395e-15 2.167e-15 1.960e-15 1.771e-15 1.600e-15 1.443e-15 1.302e-15 1.175e-15 1.059e-15 9.542e-16 8.590e-16 7.731e-16 6.958e-16 6.253e-16 5.622e-16 5.047e-16 4.533e-16 4.066e-16 3.647e-16 3.268e-16 2.928e-16 2.620e-16 2.342e-16 2.095e-16 1.872e-16 1.670e-16 1.493e-16 1.329e-16 1.186e-16 1.056e-16
26625.00 1.467e-14 1.339e-14 1.220e-14 1.111e-14 1.013e-14 9.225e-15 8.392e-15 7.643e-15 6.950e-15 6.316e-15 5.739e-15 5.215e-15 4.739e-15 4.301e-15 3.902e-15 3.537e-15 3.209e-15 2.907e-15 2.633e-15 2.383e-15 2.155e-15 1.949e-15 1.764e-15 1.593e-15 1.440e-15 1.300e-15 1.173e-15 1.057e-15 9.535e-16 8.593e-16 7.726e-16 6.961e-16 6.263e-16 5.634e-16 5.061e-16 4.545e-16 4.080e-16 3.663e-16 3.283e-16 2.943e-16 2.635e-16 2.361e-16 2.112e-16 1.887e-16 1.686e-16 1.506e-16 1.344e-16 1.198e-16 1.069e-16 9.513e-17
26875.00 1.319e-14 1.204e-14 1.097e-14 9.996e-15 9.118e-15 8.300e-15 7.555e-15 6.874e-15 6.257e-15 5.682e-15 5.167e-15 4.697e-15 4.262e-15 3.871e-15 3.512e-15 3.182e-15 2.888e-15 2.616e-15 2.369e-15 2.145e-15 1.941e-15 1.755e-15 1.588e-15 1.434e-15 1.296e-15 1.170e-15 1.055e-15 9.521e-16 8.581e-16 7.732e-16 6.958e-16 6.268e-16 5.642e-16 5.074e-16 4.561e-16 4.093e-16 3.676e-16 3.299e-16 2.957e-16 2.652e-16 2.373e-16 2.127e-16 1.902e-16 1.699e-16 1.520e-16 1.357e-16 1.211e-16 1.079e-16 9.622e-17 8.570e-17
27125.00 1.187e-14 1.084e-14 9.875e-15 9.002e-15 8.204e-15 7.471e-15 6.796e-15 6.190e-15 5.631e-15 5.119e-15 4.651e-15 4.226e-15 3.840e-15 3.483e-15 3.164e-15 2.866e-15 2.599e-15 2.357e-15 2.134e-15 1.932e-15 1.747e-15 1.581e-15 1.430e-15 1.292e-15 1.168e-15 1.053e-15 9.502e-16 8.578e-16 7.728e-16 6.965e-16 6.267e-16 5.645e-16 5.083e-16 4.570e-16 4.109e-16 3.688e-16 3.311e-16 2.970e-16 2.666e-16 2.388e-16 2.139e-16 1.914e-16 1.712e-16 1.532e-16 1.368e-16 1.223e-16 1.091e-16 9.726e-17 8.673e-17 7.723e-17
27375.00 1.069e-14 9.754e-15 8.888e-15 8.100e-15 7.380e-15 6.723e-15 6.118e-15 5.572e-15 5.070e-15 4.603e-15 4.185e-15 3.806e-15 3.456e-15 3.136e-15 2.847e-15 2.581e-15 2.341e-15 2.121e-15 1.921e-15 1.739e-15 1.573e-15 1.424e-15 1.288e-15 1.163e-15 1.052e-15 9.491e-16 8.559e-16 7.728e-16 6.960e-16 6.273e-16 5.650e-16 5.084e-16 4.579e-16 4.114e-16 3.702e-16 3.322e-16 2.984e-16 2.677e-16 2.402e-16 2.153e-16 1.927e-16 1.727e-16 1.544e-16 1.380e-16 1.234e-16 1.102e-16 9.835e-17 8.774e-17 7.816e-17 6.961e-17
27625.00 9.618e-15 8.779e-15 8.005e-15 7.288e-15 6.649e-15 6.051e-15 5.509e-15 5.014e-15 4.560e-15 4.144e-15 3.770e-15 3.425e-15 3.111e-15 2.823e-15 2.564e-15 2.324e-15 2.109e-15 1.909e-15 1.731e-15 1.565e-15 1.417e-15 1.282e-15 1.160e-15 1.048e-15 9.468e-16 8.546e-16 7.713e-16 6.960e-16 6.274e-16 5.654e-16 5.088e-16 4.581e-16 4.125e-16 3.708e-16 3.333e-16 2.993e-16 2.690e-16 2.412e-16 2.164e-16 1.939e-16 1.737e-16 1.556e-16 1.391e-16 1.244e-16 1.112e-16 9.933e-17 8.870e-17 7.903e-17 7.051e-17 6.282e-17
27875.00 8.657e-15 7.905e-15 7.207e-15 6.564e-15 5.986e-15 5.449e-15 4.959e-15 4.516e-15 4.109e-15 3.735e-15 3.393e-15 3.083e-15 2.802e-15 2.543e-15 2.308e-15 2.093e-15 1.898e-15 1.721e-15 1.558e-15 1.411e-15 1.276e-15 1.155e-15 1.044e-15 9.438e-16 8.530e-16 7.703e-16 6.951e-16 6.270e-16 5.652e-16 5.091e-16 4.588e-16 4.127e-16 3.719e-16 3.342e-16 3.004e-16 2.699e-16 2.424e-16 2.175e-16 1.951e-16 1.749e-16 1.566e-16 1.403e-16 1.254e-16 1.122e-16 1.003e-16 8.951e-17 7.992e-17 7.129e-17 6.353e-17 5.663e-17
28125.00 7.802e-15 7.119e-15 6.486e-15 5.915e-15 5.390e-15 4.909e-15 4.467e-15 4.067e-15 3.700e-15 3.363e-15 3.058e-15 2.778e-15 2.522e-15 2.293e-15 2.080e-15 1.885e-15 1.709e-15 1.551e-15 1.403e-15 1.271e-15 1.150e-15 1.040e-15 9.409e-16 8.506e-16 7.683e-16 6.941e-16 6.263e-16 5.646e-16 5.093e-16 4.588e-16 4.131e-16 3.720e-16 3.350e-16 3.013e-16 2.709e-16 2.433e-16 2.183e-16 1.959e-16 1.757e-16 1.576e-16 1.412e-16 1.265e-16 1.131e-16 1.011e-16 9.040e-17 8.074e-17 7.209e-17 6.426e-17 5.730e-17 5.107e-17
28375.00 7.019e-15 6.410e-15 5.843e-15 5.325e-15 4.855e-15 4.418e-15 4.025e-15 3.663e-15 3.334e-15 3.030e-15 2.756e-15 2.502e-15 2.273e-15 2.065e-15 1.875e-15 1.698e-15 1.541e-15 1.396e-15 1.265e-15 1.144e-15 1.036e-15 9.380e-16 8.479e-16 7.670e-16 6.922e-16 6.256e-16 5.643e-16 5.094e-16 4.589e-16 4.138e-16 3.724e-16 3.352e-16 3.020e-16 2.714e-16 2.442e-16 2.191e-16 1.968e-16 1.766e-16 1.585e-16 1.420e-16 1.273e-16 1.140e-16 1.019e-16 9.122e-17 8.150e-17 7.276e-17 6.501e-17 5.795e-17 5.171e-17 4.606e-17
28625.00 6.323e-15 5.775e-15 5.262e-15 4.798e-15 4.372e-15 3.980e-15 3.624e-15 3.302e-15 3.003e-15 2.728e-15 2.480e-15 2.254e-15 2.048e-15 1.860e-15 1.689e-15 1.530e-15 1.388e-15 1.259e-15 1.140e-15 1.032e-15 9.339e-16 8.447e-16 7.642e-16 6.911e-16 6.241e-16 5.636e-16 5.087e-16 4.589e-16 4.137e-16 3.732e-16 3.357e-16 3.023e-16 2.722e-16 2.448e-16 2.200e-16 1.976e-16 1.775e-16 1.593e-16 1.429e-16 1.281e-16 1.148e-16 1.028e-16 9.195e-17 8.223e-17 7.354e-17 6.567e-17 5.864e-17 5.232e-17 4.663e-17 4.154e-17
28875.00 5.697e-15 5.201e-15 4.742e-15 4.322e-15 3.937e-15 3.588e-15 3.266e-15 2.972e-15 2.706e-15 2.460e-15 2.237e-15 2.032e-15 1.846e-15 1.676e-15 1.521e-15 1.379e-15 1.251e-15 1.134e-15 1.028e-15 9.299e-16 8.422e-16 7.616e-16 6.891e-16 6.232e-16 5.628e-16 5.080e-16 4.587e-16 4.137e-16 3.729e-16 3.364e-16 3.027e-16 2.725e-16 2.454e-16 2.207e-16 1.984e-16 1.782e-16 1.602e-16 1.437e-16 1.289e-16 1.155e-16 1.036e-16 9.269e-17 8.297e-17 7.420e-17 6.631e-17 5.923e-17 5.291e-17 4.717e-17 4.206e-17 3.751e-17
29125.00 5.135e-15 4.685e-15 4.270e-15 3.893e-15 3.549e-15 3.233e-15 2.944e-15 2.678e-15 2.438e-15 2.218e-15 2.015e-15 1.831e-15 1.663e-15 1.511e-15 1.371e-15 1.242e-15 1.128e-15 1.023e-15 9.261e-16 8.379e-16 7.589e-16 6.865e-16 6.212e-16 5.615e-16 5.073e-16 4.584e-16 4.133e-16 3.730e-16 3.364e-16 3.031e-16 2.730e-16 2.458e-16 2.213e-16 1.992e-16 1.790e-16 1.609e-16 1.444e-16 1.296e-16 1.162e-16 1.042e-16 9.340e-17 8.369e-17 7.484e-17 6.694e-17 5.983e-17 5.343e-17 4.775e-17 4.257e-17 3.797e-17 3.384e-17
29375.00 4.627e-15 4.222e-15 3.851e-15 3.508e-15 3.198e-15 2.912e-15 2.651e-15 2.415e-15 2.196e-15 1.997e-15 1.815e-15 1.650e-15 1.499e-15 1.361e-15 1.237e-15 1.121e-15 1.016e-15 9.221e-16 8.348e-16 7.559e-16 6.840e-16 6.189e-16 5.596e-16 5.067e-16 4.571e-16 4.130e-16 3.731e-16 3.362e-16 3.034e-16 2.735e-16 2.463e-16 2.217e-16 1.996e-16 1.797e-16 1.614e-16 1.450e-16 1.303e-16 1.170e-16 1.049e-16 9.402e-17 8.426e-17 7.547e-17 6.754e-17 6.040e-17 5.399e-17 4.823e-17 4.305e-17 3.842e-17 3.429e-17 3.054e-17
29625.00 4.171e-15 3.805e-15 3.471e-15 3.162e-15 2.881e-15 2.625e-15 2.391e-15 2.177e-15 1.980e-15 1.801e-15 1.638e-15 1.488e-15 1.352e-15 1.228e-15 1.114e-15 1.011e-15 9.164e-16 8.306e-16 7.528e-16 6.816e-16 6.173e-16 5.581e-16 5.045e-16 4.567e-16 4.125e-16 3.726e-16 3.364e-16 3.032e-16 2.736e-16 2.467e-16 2.222e-16 2.000e-16 1.801e-16 1.621e-16 1.456e-16 1.308e-16 1.175e-16 1.055e-16 9.468e-17 8.487e-17 7.600e-17 6.807e-17 6.096e-17 5.451e-17 4.872e-17 4.352e-17 3.887e-17 3.467e-17 3.095e-17 2.756e-17
29875.00 3.758e-15 3.428e-15 3.127e-15 2.851e-15 2.597e-15 2.367e-15 2.156e-15 1.961e-15 1.785e-15 1.624e-15 1.476e-15 1.342e-15 1.219e-15 1.107e-15 1.005e-15 9.114e-16 8.268e-16 7.491e-16 6.793e-16 6.149e-16 5.562e-16 5.032e-16 4.552e-16 4.121e-16 3.718e-16 3.361e-16 3.034e-16 2.736e-16 2.468e-16 2.224e-16 2.005e-16 1.804e-16 1.625e-16 1.461e-16 1.314e-16 1.181e-16 1.060e-16 9.516e-17 8.543e-17 7.658e-17 6.863e-17 6.147e-17 5.500e-17 4.917e-17 4.398e-17 3.931e-17 3.508e-17 3.129e-17 2.792e-17 2.488e-17
30125.00 3.388e-15 3.093e-15 2.819e-15 2.570e-15 2.341e-15 2.134e-15 1.943e-15 1.769e-15 1.609e-15 1.465e-15 1.331e-15 1.210e-15 1.099e-15 9.985e-16 9.064e-16 8.219e-16 7.455e-16 6.758e-16 6.126e-16 5.545e-16 5.019e-16 4.543e-16 4.106e-16 3.717e-16 3.355e-16 3.033e-16 2.736e-16 2.469e-16 2.226e-16 2.008e-16 1.809e-16 1.627e-16 1.466e-16 1.319e-16 1.185e-16 1.065e-16 9.569e-17 8.591e-17 7.711e-17 6.910e-17 6.196e-17 5.546e-17 4.964e-17 4.441e-17 3.971e-17 3.549e-17 3.166e-17 2.826e-17 2.520e-17 2.248e-17
30375.00 3.055e-15 2.788e-15 2.544e-15 2.319e-15 2.113e-15 1.926e-15 1.753e-15 1.596e-15 1.452e-15 1.320e-15 1.201e-15 1.091e-15 9.918e-16 9.003e-16 8.176e-16 7.415e-16 6.722e-16 6.095e-16 5.525e-16 5.002e-16 4.528e-16 4.095e-16 3.704e-16 3.351e-16 3.029e-16 2.735e-16 2.470e-16 2.228e-16 2.010e-16 1.811e-16 1.632e-16 1.468e-16 1.322e-16 1.190e-16 1.070e-16 9.620e-17 8.638e-17 7.758e-17 6.958e-17 6.236e-17 5.589e-17 5.009e-17 4.482e-17 4.009e-17 3.584e-17 3.202e-17 2.858e-17 2.553e-17 2.275e-17 2.029e-17
30625.00 2.755e-15 2.515e-15 2.293e-15 2.090e-15 1.904e-15 1.736e-15 1.581e-15 1.440e-15 1.309e-15 1.191e-15 1.083e-15 9.841e-16 8.941e-16 8.124e-16 7.371e-16 6.691e-16 6.061e-16 5.500e-16 4.983e-16 4.513e-16 4.084e-16 3.697e-16 3.342e-16 3.025e-16 2.732e-16 2.468e-16 2.227e-16 2.010e-16 1.813e-16 1.635e-16 1.473e-16 1.326e-16 1.194e-16 1.074e-16 9.659e-17 8.682e-17 7.799e-17 6.997e-17 6.283e-17 5.632e-17 5.048e-17 4.518e-17 4.049e-17 3.621e-17 3.238e-17 2.894e-17 2.582e-17 2.307e-17 2.054e-17 1.832e-17
30875.00 2.484e-15 2.266e-15 2.068e-15 1.885e-15 1.717e-15 1.565e-15 1.426e-15 1.297e-15 1.181e-15 1.075e-15 9.765e-16 8.877e-16 8.066e-16 7.323e-16 6.655e-16 6.037e-16 5.468e-16 4.959e-16 4.496e-16 4.072e-16 3.686e-16 3.334e-16 3.017e-16 2.728e-16 2.466e-16 2.228e-16 2.011e-16 1.814e-16 1.636e-16 1.475e-16 1.330e-16 1.196e-16 1.077e-16 9.705e-17 8.719e-17 7.837e-17 7.037e-17 6.321e-17 5.668e-17 5.085e-17 4.560e-17 4.083e-17 3.653e-17 3.270e-17 2.923e-17 2.613e-17 2.333e-17 2.083e-17 1.857e-17 1.656e-17
31125.00 2.242e-15 2.045e-15 1.865e-15 1.700e-15 1.549e-15 1.413e-15 1.286e-15 1.170e-15 1.066e-15 9.691e-16 8.812e-16 8.010e-16 7.274e-16 6.611e-16 6.005e-16 5.446e-16 4.936e-16 4.478e-16 4.058e-16 3.677e-16 3.327e-16 3.008e-16 2.723e-16 2.462e-16 2.225e-16 2.011e-16 1.816e-16 1.638e-16 1.478e-16 1.332e-16 1.200e-16 1.081e-16 9.728e-17 8.761e-17 7.874e-17 7.075e-17 6.352e-17 5.711e-17 5.118e-17 4.594e-17 4.117e-17 3.685e-17 3.299e-17 2.952e-17 2.641e-17 2.359e-17 2.107e-17 1.880e-17 1.676e-17 1.495e-17
31375.00 2.021e-15 1.845e-15 1.683e-15 1.534e-15 1.398e-15 1.274e-15 1.160e-15 1.057e-15 9.615e-16 8.746e-16 7.949e-16 7.225e-16 6.564e-16 5.967e-16 5.419e-16 4.917e-16 4.453e-16 4.041e-16 3.660e-16 3.317e-16 3.002e-16 2.717e-16 2.457e-16 2.224e-16 2.008e-16 1.816e-16 1.640e-16 1.478e-16 1.335e-16 1.203e-16 1.083e-16 9.751e-17 8.782e-17 7.910e-17 7.109e-17 6.390e-17 5.736e-17 5.153e-17 4.623e-17 4.146e-17 3.717e-17 3.330e-17 2.982e-17 2.667e-17 2.385e-17 2.132e-17 1.904e-17 1.698e-17 1.516e-17 1.351e-17
31625.00 1.824e-15 1.665e-15 1.518e-15 1.384e-15 1.261e-15 1.150e-15 1.047e-15 9.536e-16 8.680e-16 7.894e-16 7.175e-16 6.521e-16 5.926e-16 5.380e-16 4.887e-16 4.438e-16 4.018e-16 3.647e-16 3.305e-16 2.995e-16 2.709e-16 2.451e-16 2.218e-16 2.006e-16 1.814e-16 1.638e-16 1.480e-16 1.335e-16 1.204e-16 1.086e-16 9.779e-17 8.806e-17 7.929e-17 7.138e-17 6.421e-17 5.773e-17 5.182e-17 4.655e-17 4.176e-17 3.745e-17 3.357e-17 3.006e-17 2.695e-17 2.408e-17 2.153e-17 1.926e-17 1.720e-17 1.536e-17 1.369e-17 1.220e-17
31875.00 1.645e-15 1.501e-15 1.371e-15 1.249e-15 1.138e-15 1.038e-15 9.444e-16 8.600e-16 7.830e-16 7.120e-16 6.471e-16 5.888e-16 5.350e-16 4.858e-16 4.412e-16 4.006e-16 3.628e-16 3.291e-16 2.983e-16 2.702e-16 2.446e-16 2.214e-16 2.003e-16 1.812e-16 1.637e-16 1.480e-16 1.335e-16 1.206e-16 1.088e-16 9.807e-17 8.834e-17 7.957e-17 7.162e-17 6.448e-17 5.801e-17 5.214e-17 4.682e-17 4.207e-17 3.772e-17 3.384e-17 3.033e-17 2.717e-17 2.434e-17 2.178e-17 1.946e-17 1.740e-17 1.554e-17 1.388e-17 1.238e-17 1.104e-17
32125.00 1.485e-15 1.355e-15 1.236e-15 1.127e-15 1.028e-15 9.367e-16 8.526e-16 7.767e-16 7.068e-16 6.429e-16 5.848e-16 5.313e-16 4.826e-16 4.386e-16 3.984e-16 3.617e-16 3.278e-16 2.971e-16 2.694e-16 2.440e-16 2.209e-16 1.999e-16 1.809e-16 1.636e-16 1.479e-16 1.337e-16 1.207e-16 1.089e-16 9.824e-17 8.856e-17 7.976e-17 7.186e-17 6.466e-17 5.827e-17 5.237e-17 4.708e-17 4.230e-17 3.798e-17 3.409e-17 3.059e-17 2.740e-17 2.455e-17 2.199e-17 1.966e-17 1.759e-17 1.572e-17 1.404e-17 1.255e-17 1.118e-17 9.973e-18
32375.00 1.340e-15 1.223e-15 1.116e-15 1.018e-15 9.274e-16 8.453e-16 7.694e-16 7.004e-16 6.382e-16 5.804e-16 5.277e-16 4.795e-16 4.356e-16 3.961e-16 3.596e-16 3.266e-16 2.960e-16 2.683e-16 2.434e-16 2.203e-16 1.995e-16 1.805e-16 1.633e-16 1.477e-16 1.336e-16 1.206e-16 1.089e-16 9.833e-17 8.870e-17 7.996e-17 7.208e-17 6.489e-17 5.841e-17 5.260e-17 4.734e-17 4.255e-17 3.819e-17 3.432e-17 3.078e-17 2.764e-17 2.475e-17 2.218e-17 1.986e-17 1.778e-17 1.589e-17 1.420e-17 1.269e-17 1.134e-17 1.011e-17 9.014e-18
32625.00 1.209e-15 1.103e-15 1.008e-15 9.180e-16 8.372e-16 7.628e-16 6.947e-16 6.326e-16 5.758e-16 5.240e-16 4.764e-16 4.333e-16 3.933e-16 3.574e-16 3.248e-16 2.947e-16 2.672e-16 2.422e-16 2.197e-16 1.990e-16 1.802e-16 1.630e-16 1.474e-16 1.334e-16 1.207e-16 1.089e-16 9.848e-17 8.886e-17 8.015e-17 7.224e-17 6.516e-17 5.863e-17 5.281e-17 4.755e-17 4.274e-17 3.842e-17 3.451e-17 3.102e-17 2.781e-17 2.496e-17 2.239e-17 2.005e-17 1.796e-17 1.606e-17 1.437e-17 1.285e-17 1.147e-17 1.025e-17 9.137e-18 8.151e-18
32875.00 1.092e-15 9.968e-16 9.097e-16 8.295e-16 7.555e-16 6.888e-16 6.275e-16 5.710e-16 5.197e-16 4.732e-16 4.303e-16 3.910e-16 3.554e-16 3.229e-16 2.932e-16 2.661e-16 2.413e-16 2.189e-16 1.984e-16 1.798e-16 1.627e-16 1.473e-16 1.332e-16 1.205e-16 1.089e-16 9.842e-17 8.892e-17 8.022e-17 7.238e-17 6.531e-17 5.883e-17 5.295e-17 4.771e-17 4.295e-17 3.864e-17 3.473e-17 3.121e-17 2.801e-17 2.515e-17 2.256e-17 2.022e-17 1.813e-17 1.624e-17 1.452e-17 1.298e-17 1.160e-17 1.037e-17 9.258e-18 8.263e-18 7.364e-18
33125.00 9.859e-16 9.000e-16 8.209e-16 7.485e-16 6.823e-16 6.221e-16 5.665e-16 5.158e-16 4.695e-16 4.274e-16 3.884e-16 3.532e-16 3.210e-16 2.916e-16 2.648e-16 2.405e-16 2.180e-16 1.978e-16 1.793e-16 1.624e-16 1.470e-16 1.330e-16 1.203e-16 1.088e-16 9.848e-17 8.886e-17 8.032e-17 7.251e-17 6.540e-17 5.895e-17 5.318e-17 4.785e-17 4.311e-17 3.882e-17 3.492e-17 3.137e-17 2.820e-17 2.532e-17 2.274e-17 2.039e-17 1.828e-17 1.637e-17 1.467e-17 1.313e-17 1.174e-17 1.050e-17 9.380e-18 8.368e-18 7.465e-18 6.661e-18
33375.00 8.904e-16 8.126e-16 7.412e-16 6.759e-16 6.163e-16 5.615e-16 5.116e-16 4.658e-16 4.239e-16 3.860e-16 3.509e-16 3.190e-16 2.898e-16 2.633e-16 2.393e-16 2.172e-16 1.968e-16 1.785e-16 1.619e-16 1.467e-16 1.328e-16 1.201e-16 1.087e-16 9.838e-17 8.902e-17 8.037e-17 7.259e-17 6.552e-17 5.908e-17 5.331e-17 4.804e-17 4.326e-17 3.896e-17 3.506e-17 3.155e-17 2.838e-17 2.549e-17 2.290e-17 2.056e-17 1.843e-17 1.654e-17 1.480e-17 1.326e-17 1.187e-17 1.062e-17 9.485e-18 8.483e-18 7.567e-18 6.755e-18 6.023e-18
33625.00 8.040e-16 7.332e-16 6.694e-16 6.105e-16 5.566e-16 5.068e-16 4.622e-16 4.205e-16 3.831e-16 3.486e-16 3.170e-16 2.880e-16 2.618e-16 2.378e-16 2.160e-16 1.962e-16 1.779e-16 1.613e-16 1.462e-16 1.325e-16 1.199e-16 1.086e-16 9.822e-17 8.888e-17 8.039e-17 7.260e-17 6.562e-17 5.919e-17 5.343e-17 4.817e-17 4.341e-17 3.912e-17 3.520e-17 3.171e-17 2.854e-17 2.563e-17 2.305e-17 2.069e-17 1.858e-17 1.666e-17 1.494e-17 1.339e-17 1.199e-17 1.073e-17 9.601e-18 8.584e-18 7.672e-18 6.843e-18 6.111e-18 5.450e-18
33875.00 7.258e-16 6.623e-16 6.043e-16 5.516e-16 5.026e-16 4.579e-16 4.175e-16 3.801e-16 3.458e-16 3.147e-16 2.864e-16 2.602e-16 2.365e-16 2.150e-16 1.951e-16 1.773e-16 1.607e-16 1.457e-16 1.321e-16 1.198e-16 1.085e-16 9.814e-17 8.883e-17 8.028e-17 7.266e-17 6.565e-17 5.929e-17 5.352e-17 4.828e-17 4.352e-17 3.926e-17 3.534e-17 3.184e-17 2.865e-17 2.580e-17 2.319e-17 2.082e-17 1.871e-17 1.679e-17 1.506e-17 1.350e-17 1.211e-17 1.085e-17 9.704e-18 8.676e-18 7.763e-18 6.934e-18 6.195e-18 5.527e-18 4.928e-18
34125.00 6.557e-16 5.982e-16 5.462e-16 4.980e-16 4.543e-16 4.137e-16 3.771e-16 3.432e-16 3.124e-16 2.845e-16 2.588e-16 2.352e-16 2.138e-16 1.942e-16 1.763e-16 1.601e-16 1.453e-16 1.316e-16 1.194e-16 1.082e-16 9.803e-17 8.870e-17 8.025e-17 7.262e-17 6.567e-17 5.932e-17 5.356e-17 4.834e-17 4.361e-17 3.935e-17 3.548e-17 3.196e-17 2.876e-17 2.592e-17 2.333e-17 2.095e-17 1.884e-17 1.692e-17 1.518e-17 1.362e-17 1.222e-17 1.095e-17 9.810e-18 8.784e-18 7.853e-18 7.021e-18 6.274e-18 5.599e-18 4.997e-18 4.456e-18
34375.00 5.921e-16 5.404e-16 4.935e-16 4.501e-16 4.104e-16 3.739e-16 3.406e-16 3.102e-16 2.823e-16 2.568e-16 2.338e-16 2.124e-16 1.932e-16 1.755e-16 1.594e-16 1.446e-16 1.313e-16 1.190e-16 1.079e-16 9.780e-17 8.858e-17 8.016e-17 7.250e-17 6.560e-17 5.934e-17 5.362e-17 4.846e-17 4.370e-17 3.945e-17 3.557e-17 3.207e-17 2.890e-17 2.602e-17 2.343e-17 2.107e-17 1.896e-17 1.703e-17 1.529e-17 1.374e-17 1.232e-17 1.104e-17 9.901e-18 8.871e-18 7.939e-18 7.104e-18 6.347e-18 5.674e-18 5.067e-18 4.525e-18 4.032e-18
34625.00 5.353e-16 4.883e-16 4.455e-16 4.068e-16 3.706e-16 3.375e-16 3.079e-16 2.802e-16 2.552e-16 2.320e-16 2.112e-16 1.919e-16 1.746e-16 1.585e-16 1.440e-16 1.307e-16 1.187e-16 1.075e-16 9.756e-17 8.835e-17 8.006e-17 7.245e-17 6.556e-17 5.931e-17 5.366e-17 4.846e-17 4.380e-17 3.952e-17 3.567e-17 3.216e-17 2.900e-17 2.612e-17 2.353e-17 2.118e-17 1.908e-17 1.714e-17 1.541e-17 1.384e-17 1.242e-17 1.115e-17 9.997e-18 8.963e-18 8.020e-18 7.185e-18 6.425e-18 5.747e-18 5.131e-18 4.585e-18 4.091e-18 3.647e-18
34875.00 4.833e-16 4.414e-16 4.023e-16 3.674e-16 3.348e-16 3.050e-16 2.780e-16 2.531e-16 2.306e-16 2.098e-16 1.910e-16 1.735e-16 1.578e-16 1.432e-16 1.301e-16 1.181e-16 1.073e-16 9.717e-17 8.818e-17 7.990e-17 7.239e-17 6.547e-17 5.928e-17 5.360e-17 4.851e-17 4.380e-17 3.959e-17 3.572e-17 3.224e-17 2.908e-17 2.622e-17 2.363e-17 2.126e-17 1.915e-17 1.724e-17 1.550e-17 1.393e-17 1.251e-17 1.123e-17 1.008e-17 9.038e-18 8.105e-18 7.257e-18 6.498e-18 5.813e-18 5.196e-18 4.645e-18 4.149e-18 3.704e-18 3.301e-18
35125.00 4.368e-16 3.985e-16 3.637e-16 3.322e-16 3.025e-16 2.756e-16 2.514e-16 2.288e-16 2.084e-16 1.897e-16 1.725e-16 1.568e-16 1.425e-16 1.295e-16 1.176e-16 1.068e-16 9.690e-17 8.783e-17 7.969e-17 7.223e-17 6.540e-17 5.922e-17 5.360e-17 4.849e-17 4.385e-17 3.961e-17 3.582e-17 3.231e-17 2.916e-17 2.632e-17 2.371e-17 2.138e-17 1.923e-17 1.733e-17 1.560e-17 1.403e-17 1.260e-17 1.132e-17 1.016e-17 9.113e-18 8.179e-18 7.333e-18 6.565e-18 5.878e-18 5.259e-18 4.704e-18 4.202e-18 3.753e-18 3.349e-18 2.988e-18
35375.00 3.949e-16 3.603e-16 3.289e-16 3.000e-16 2.735e-16 2.492e-16 2.272e-16 2.069e-16 1.884e-16 1.713e-16 1.560e-16 1.417e-16 1.288e-16 1.171e-16 1.063e-16 9.657e-17 8.765e-17 7.944e-17 7.205e-17 6.527e-17 5.916e-17 5.352e-17 4.842e-17 4.384e-17 3.965e-17 3.584e-17 3.236e-17 2.923e-17 2.637e-17 2.380e-17 2.144e-17 1.933e-17 1.741e-17 1.567e-17 1.411e-17 1.269e-17 1.141e-17 1.024e-17 9.198e-18 8.248e-18 7.402e-18 6.637e-18 5.938e-18 5.323e-18 4.761e-18 4.256e-18 3.803e-18 3.396e-18 3.033e-18 2.704e-18
35625.00 3.566e-16 3.254e-16 2.971e-16 2.712e-16 2.472e-16 2.252e-16 2.053e-16 1.870e-16 1.703e-16 1.549e-16 1.410e-16 1.282e-16 1.165e-16 1.059e-16 9.611e-17 8.734e-17 7.921e-17 7.178e-17 6.517e-17 5.906e-17 5.349e-17 4.838e-17 4.382e-17 3.962e-17 3.584e-17 3.242e-17 2.927e-17 2.644e-17 2.386e-17 2.152e-17 1.940e-17 1.747e-17 1.574e-17 1.418e-17 1.276e-17 1.147e-17 1.032e-17 9.262e-18 8.318e-18 7.467e-18 6.697e-18 6.005e-18 5.373e-18 4.814e-18 4.305e-18 3.849e-18 3.443e-18 3.074e-18 2.745e-18 2.447e-18
35875.00 3.224e-16 2.942e-16 2.686e-16 2.451e-16 2.235e-16 2.036e-16 1.855e-16 1.691e-16 1.538e-16 1.401e-16 1.274e-16 1.159e-16 1.053e-16 9.568e-17 8.688e-17 7.896e-17 7.165e-17 6.494e-17 5.888e-17 5.338e-17 4.836e-17 4.377e-17 3.961e-17 3.586e-17 3.241e-17 2.933e-17 2.649e-17 2.390e-17 2.157e-17 1.946e-17 1.754e-17 1.582e-17 1.424e-17 1.283e-17 1.155e-17 1.039e-17 9.331e-18 8.378e-18 7.533e-18 6.754e-18 6.059e-18 5.434e-18 4.866e-18 4.358e-18 3.896e-18 3.484e-18 3.116e-18 2.782e-18 2.485e-18 2.215e-18
36125.00 2.913e-16 2.659e-16 2.427e-16 2.216e-16 2.021e-16 1.841e-16 1.678e-16 1.529e-16 1.391e-16 1.267e-16 1.152e-16 1.047e-16 9.526e-17 8.652e-17 7.858e-17 7.138e-17 6.481e-17 5.870e-17 5.325e-17 4.827e-17 4.373e-17 3.959e-17 3.584e-17 3.242e-17 2.933e-17 2.650e-17 2.396e-17 2.164e-17 1.951e-17 1.761e-17 1.588e-17 1.431e-17 1.288e-17 1.160e-17 1.044e-17 9.394e-18 8.448e-18 7.582e-18 6.817e-18 6.109e-18 5.487e-18 4.918e-18 4.402e-18 3.943e-18 3.530e-18 3.157e-18 2.820e-18 2.520e-18 2.250e-18 2.007e-18
36375.00 2.635e-16 2.404e-16 2.194e-16 2.003e-16 1.826e-16 1.664e-16 1.517e-16 1.382e-16 1.257e-16 1.145e-16 1.042e-16 9.475e-17 8.609e-17 7.824e-17 7.107e-17 6.452e-17 5.858e-17 5.309e-17 4.820e-17 4.367e-17 3.956e-17 3.579e-17 3.242e-17 2.933e-17 2.654e-17 2.398e-17 2.166e-17 1.958e-17 1.766e-17 1.593e-17 1.437e-17 1.295e-17 1.166e-17 1.049e-17 9.450e-18 8.500e-18 7.646e-18 6.861e-18 6.163e-18 5.532e-18 4.965e-18 4.450e-18 3.988e-18 3.571e-18 3.194e-18 2.858e-18 2.554e-18 2.280e-18 2.036e-18 1.817e-18
36625.00 2.381e-16 2.175e-16 1.984e-16 1.810e-16 1.651e-16 1.505e-16 1.372e-16 1.250e-16 1.137e-16 1.036e-16 9.418e-17 8.565e-17 7.792e-17 7.076e-17 6.427e-17 5.840e-17 5.302e-17 4.803e-17 4.358e-17 3.949e-17 3.580e-17 3.241e-17 2.934e-17 2.654e-17 2.400e-17 2.170e-17 1.961e-17 1.771e-17 1.597e-17 1.441e-17 1.300e-17 1.172e-17 1.054e-17 9.500e-18 8.549e-18 7.698e-18 6.917e-18 6.213e-18 5.583e-18 5.005e-18 4.495e-18 4.027e-18 3.608e-18 3.231e-18 2.894e-18 2.586e-18 2.311e-18 2.064e-18 1.843e-18 1.645e-18
36875.00 2.153e-16 1.966e-16 1.795e-16 1.638e-16 1.494e-16 1.360e-16 1.240e-16 1.130e-16 1.029e-16 9.362e-17 8.523e-17 7.745e-17 7.045e-17 6.399e-17 5.817e-17 5.281e-17 4.793e-17 4.345e-17 3.941e-17 3.573e-17 3.239e-17 2.931e-17 2.654e-17 2.399e-17 2.171e-17 1.965e-17 1.772e-17 1.603e-17 1.446e-17 1.304e-17 1.176e-17 1.061e-17 9.549e-18 8.592e-18 7.744e-18 6.968e-18 6.261e-18 5.624e-18 5.052e-18 4.535e-18 4.067e-18 3.646e-18 3.266e-18 2.927e-18 2.619e-18 2.341e-18 2.093e-18 1.870e-18 1.670e-18 1.489e-18
37125.00 1.947e-16 1.778e-16 1.622e-16 1.481e-16 1.351e-16 1.230e-16 1.121e-16 1.022e-16 9.308e-17 8.470e-17 7.704e-17 7.012e-17 6.373e-17 5.791e-17 5.259e-17 4.777e-17 4.337e-17 3.931e-17 3.568e-17 3.234e-17 2.930e-17 2.651e-17 2.402e-17 2.171e-17 1.964e-17 1.778e-17 1.604e-17 1.450e-17 1.308e-17 1.180e-17 1.065e-17 9.601e-18 8.639e-18 7.777e-18 7.005e-18 6.308e-18 5.663e-18 5.090e-18 4.570e-18 4.106e-18 3.680e-18 3.300e-18 2.957e-18 2.650e-18 2.372e-18 2.120e-18 1.896e-18 1.693e-18 1.511e-18 1.350e-18
37375.00 1.760e-16 1.608e-16 1.467e-16 1.340e-16 1.221e-16 1.113e-16 1.014e-16 9.247e-17 8.419e-17 7.659e-17 6.967e-17 6.339e-17 5.765e-17 5.238e-17 4.757e-17 4.321e-17 3.923e-17 3.557e-17 3.227e-17 2.926e-17 2.651e-17 2.398e-17 2.173e-17 1.964e-17 1.777e-17 1.608e-17 1.453e-17 1.312e-17 1.184e-17 1.068e-17 9.631e-18 8.686e-18 7.818e-18 7.039e-18 6.339e-18 5.707e-18 5.130e-18 4.611e-18 4.141e-18 3.716e-18 3.332e-18 2.988e-18 2.677e-18 2.400e-18 2.148e-18 1.921e-18 1.718e-18 1.534e-18 1.370e-18 1.222e-18
37625.00 1.592e-16 1.454e-16 1.327e-16 1.211e-16 1.105e-16 1.007e-16 9.173e-17 8.360e-17 7.611e-17 6.933e-17 6.305e-17 5.736e-17 5.213e-17 4.736e-17 4.306e-17 3.911e-17 3.549e-17 3.218e-17 2.919e-17 2.646e-17 2.397e-17 2.172e-17 1.965e-17 1.779e-17 1.609e-17 1.455e-17 1.315e-17 1.187e-17 1.072e-17 9.667e-18 8.725e-18 7.861e-18 7.081e-18 6.377e-18 5.744e-18 5.166e-18 4.643e-18 4.174e-18 3.748e-18 3.363e-18 3.019e-18 2.707e-18 2.424e-18 2.173e-18 1.944e-18 1.739e-18 1.555e-18 1.389e-18 1.241e-18 1.107e-18
37875.00 1.440e-16 1.315e-16 1.200e-16 1.096e-16 9.993e-17 9.105e-17 8.303e-17 7.568e-17 6.883e-17 6.270e-17 5.703e-17 5.187e-17 4.716e-17 4.289e-17 3.896e-17 3.536e-17 3.210e-17 2.914e-17 2.641e-17 2.395e-17 2.170e-17 1.966e-17 1.778e-17 1.609e-17 1.456e-17 1.317e-17 1.189e-17 1.075e-17 9.707e-18 8.755e-18 7.895e-18 7.120e-18 6.413e-18 5.770e-18 5.198e-18 4.676e-18 4.203e-18 3.778e-18 3.394e-18 3.045e-18 2.735e-18 2.451e-18 2.197e-18 1.967e-18 1.762e-18 1.576e-18 1.409e-18 1.259e-18 1.124e-18 1.003e-18
38125.00 1.303e-16 1.190e-16 1.086e-16 9.910e-17 9.039e-17 8.236e-17 7.510e-17 6.845e-17 6.232e-17 5.673e-17 5.160e-17 4.698e-17 4.266e-17 3.880e-17 3.524e-17 3.200e-17 2.908e-17 2.636e-17 2.390e-17 2.167e-17 1.964e-17 1.780e-17 1.609e-17 1.456e-17 1.318e-17 1.192e-17 1.078e-17 9.730e-18 8.786e-18 7.927e-18 7.148e-18 6.445e-18 5.805e-18 5.225e-18 4.707e-18 4.238e-18 3.805e-18 3.422e-18 3.073e-18 2.760e-18 2.476e-18 2.219e-18 1.990e-18 1.782e-18 1.596e-18 1.427e-18 1.275e-18 1.140e-18 1.018e-18 9.090e-19
38375.00 1.179e-16 1.076e-16 9.820e-17 8.965e-17 8.180e-17 7.452e-17 6.795e-17 6.192e-17 5.639e-17 5.134e-17 4.670e-17 4.248e-17 3.862e-17 3.509e-17 3.190e-17 2.897e-17 2.630e-17 2.387e-17 2.164e-17 1.962e-17 1.778e-17 1.610e-17 1.457e-17 1.319e-17 1.193e-17 1.079e-17 9.750e-18 8.813e-18 7.951e-18 7.174e-18 6.469e-18 5.833e-18 5.259e-18 4.734e-18 4.264e-18 3.836e-18 3.448e-18 3.098e-18 2.784e-18 2.500e-18 2.242e-18 2.011e-18 1.803e-18 1.613e-18 1.445e-18 1.292e-18 1.155e-18 1.033e-18 9.227e-19 8.235e-19
38625.00 1.067e-16 9.737e-17 8.887e-17 8.110e-17 7.403e-17 6.745e-17 6.143e-17 5.604e-17 5.099e-17 4.643e-17 4.227e-17 3.845e-17 3.493e-17 3.177e-17 2.886e-17 2.623e-17 2.381e-17 2.160e-17 1.958e-17 1.775e-17 1.609e-17 1.457e-17 1.320e-17 1.194e-17 1.080e-17 9.774e-18 8.826e-18 7.979e-18 7.197e-18 6.496e-18 5.858e-18 5.282e-18 4.762e-18 4.284e-18 3.859e-18 3.474e-18 3.121e-18 2.806e-18 2.519e-18 2.264e-18 2.031e-18 1.821e-18 1.632e-18 1.462e-18 1.309e-18 1.171e-18 1.047e-18 9.360e-19 8.361e-19 7.459e-19
38875.00 9.647e-17 8.809e-17 8.039e-17 7.336e-17 6.698e-17 6.103e-17 5.558e-17 5.070e-17 4.614e-17 4.201e-17 3.826e-17 3.480e-17 3.164e-17 2.875e-17 2.612e-17 2.374e-17 2.155e-17 1.956e-17 1.772e-17 1.607e-17 1.457e-17 1.319e-17 1.195e-17 1.081e-17 9.778e-18 8.839e-18 7.992e-18 7.225e-18 6.516e-18 5.884e-18 5.305e-18 4.783e-18 4.312e-18 3.879e-18 3.496e-18 3.147e-18 2.827e-18 2.542e-18 2.282e-18 2.051e-18 1.838e-18 1.650e-18 1.480e-18 1.325e-18 1.186e-18 1.061e-18 9.489e-19 8.474e-19 7.571e-19 6.760e-19
39125.00 8.728e-17 7.970e-17 7.273e-17 6.639e-17 6.060e-17 5.522e-17 5.030e-17 4.589e-17 4.177e-17 3.802e-17 3.463e-17 3.150e-17 2.864e-17 2.603e-17 2.364e-17 2.149e-17 1.951e-17 1.771e-17 1.604e-17 1.455e-17 1.319e-17 1.195e-17 1.081e-17 9.789e-18 8.857e-18 8.006e-18 7.240e-18 6.537e-18 5.902e-18 5.326e-18 4.807e-18 4.334e-18 3.903e-18 3.515e-18 3.164e-18 2.849e-18 2.562e-18 2.304e-18 2.068e-18 1.857e-18 1.666e-18 1.495e-18 1.340e-18 1.200e-18 1.075e-18 9.608e-19 8.593e-19 7.684e-19 6.865e-19 6.129e-19
39375.00 7.897e-17 7.211e-17 6.581e-17 6.010e-17 5.484e-17 4.997e-17 4.553e-17 4.153e-17 3.781e-17 3.441e-17 3.135e-17 2.851e-17 2.592e-17 2.357e-17 2.141e-17 1.944e-17 1.766e-17 1.602e-17 1.453e-17 1.318e-17 1.194e-17 1.082e-17 9.789e-18 8.861e-18 8.015e-18 7.253e-18 6.554e-18 5.923e-18 5.347e-18 4.822e-18 4.352e-18 3.924e-18 3.534e-18 3.183e-18 2.866e-18 2.581e-18 2.321e-18 2.087e-18 1.873e-18 1.682e-18 1.510e-18 1.354e-18 1.215e-18 1.087e-18 9.737e-19 8.710e-19 7.787e-19 6.959e-19 6.217e-19 5.556e-19
39625.00 7.153e-17 6.530e-17 5.959e-17 5.437e-17 4.962e-17 4.526e-17 4.124e-17 3.758e-17 3.422e-17 3.117e-17 2.837e-17 2.580e-17 2.345e-17 2.133e-17 1.938e-17 1.759e-17 1.599e-17 1.452e-17 1.315e-17 1.193e-17 1.081e-17 9.796e-18 8.863e-18 8.026e-18 7.259e-18 6.563e-18 5.935e-18 5.364e-18 4.843e-18 4.368e-18 3.942e-18 3.555e-18 3.202e-18 2.883e-18 2.596e-18 2.337e-18 2.103e-18 1.891e-18 1.698e-18 1.525e-18 1.368e-18 1.227e-18 1.100e-18 9.854e-19 8.824e-19 7.897e-19 7.057e-19 6.311e-19 5.634e-19 5.032e-19
39875.00 6.472e-17 5.909e-17 5.392e-17 4.920e-17 4.490e-17 4.096e-17 3.732e-17 3.401e-17 3.097e-17 2.821e-17 2.568e-17 2.336e-17 2.123e-17 1.932e-17 1.754e-17 1.593e-17 1.447e-17 1.314e-17 1.191e-17 1.080e-17 9.788e-18 8.874e-18 8.027e-18 7.263e-18 6.574e-18 5.945e-18 5.378e-18 4.855e-18 4.384e-18 3.958e-18 3.572e-18 3.218e-18 2.903e-18 2.613e-18 2.351e-18 2.119e-18 1.905e-18 1.713e-18 1.539e-18 1.382e-18 1.239e-18 1.113e-18 9.965e-19 8.929e-19 7.999e-19 7.156e-19 6.397e-19 5.717e-19 5.107e-19 4.563e-19
40125.00 5.856e-17 5.346e-17 4.879e-17 4.456e-17 4.067e-17 3.707e-17 3.378e-17 3.081e-17 2.805e-17 2.554e-17 2.324e-17 2.114e-17 1.924e-17 1.748e-17 1.588e-17 1.443e-17 1.311e-17 1.190e-17 1.079e-17 9.781e-18 8.871e-18 8.036e-18 7.269e-18 6.584e-18 5.953e-18 5.384e-18 4.869e-18 4.396e-18 3.975e-18 3.586e-18 3.236e-18 2.916e-18 2.630e-18 2.367e-18 2.130e-18 1.918e-18 1.726e-18 1.552e-18 1.393e-18 1.252e-18 1.123e-18 1.007e-18 9.033e-19 8.095e-19 7.252e-19 6.484e-19 5.801e-19 5.184e-19 4.631e-19 4.137e-19
40375.00 5.304e-17 4.842e-17 4.420e-17 4.033e-17 3.680e-17 3.354e-17 3.060e-17 2.788e-17 2.539e-17 2.311e-17 2.104e-17 1.915e-17 1.742e-17 1.583e-17 1.438e-17 1.306e-17 1.187e-17 1.077e-17 9.768e-18 8.858e-18 8.033e-18 7.278e-18 6.585e-18 5.963e-18 5.393e-18 4.877e-18 4.413e-18 3.983e-18 3.598e-18 3.247e-18 2.929e-18 2.643e-18 2.381e-18 2.145e-18 1.931e-18 1.739e-18 1.565e-18 1.405e-18 1.263e-18 1.135e-18 1.018e-18 9.133e-19 8.184e-19 7.333e-19 6.570e-19 5.878e-19 5.259e-19 4.699e-19 4.197e-19 3.750e-19
