#NTIMES: 5
#NSTAGES: 3 
#TIMES[d]: 100 150 200 300 400
#
#TIME: 100
#NVEL: 40
#vel_mid[km/s] ca0 ca1 ca2
2.500000e+02 6.367000e-09 1.533000e-03 9.985000e-01
7.500000e+02 7.194000e-09 1.835000e-03 9.982000e-01
1.250000e+03 5.980000e-09 2.152000e-03 9.978000e-01
1.750000e+03 1.023000e-08 2.454000e-03 9.975000e-01
2.250000e+03 1.576000e-08 2.760000e-03 9.972000e-01
2.750000e+03 2.478000e-08 3.270000e-03 9.967000e-01
3.250000e+03 4.825000e-08 4.392000e-03 9.956000e-01
3.750000e+03 1.037000e-07 6.417000e-03 9.936000e-01
4.250000e+03 1.578000e-07 8.506000e-03 9.915000e-01
4.750000e+03 1.590000e-07 8.025000e-03 9.920000e-01
5.250000e+03 2.413000e-07 1.325000e-02 9.868000e-01
5.750000e+03 3.323000e-07 2.186000e-02 9.781000e-01
6.250000e+03 3.689000e-07 2.789000e-02 9.721000e-01
6.750000e+03 3.542000e-07 2.933000e-02 9.707000e-01
7.250000e+03 3.156000e-07 2.705000e-02 9.729000e-01
7.750000e+03 2.571000e-07 2.189000e-02 9.781000e-01
8.250000e+03 1.860000e-07 1.544000e-02 9.846000e-01
8.750000e+03 1.317000e-07 1.084000e-02 9.892000e-01
9.250000e+03 9.652000e-08 8.183000e-03 9.918000e-01
9.750000e+03 7.627000e-08 6.670000e-03 9.933000e-01
1.025000e+04 6.395000e-08 5.733000e-03 9.943000e-01
1.075000e+04 5.885000e-08 5.116000e-03 9.949000e-01
1.125000e+04 5.581000e-08 4.585000e-03 9.954000e-01
1.175000e+04 5.193000e-08 4.026000e-03 9.960000e-01
1.225000e+04 4.403000e-08 3.237000e-03 9.968000e-01
1.275000e+04 3.172000e-08 2.251000e-03 9.977000e-01
1.325000e+04 1.130000e-08 1.581000e-03 9.984000e-01
1.375000e+04 7.179000e-09 1.340000e-03 9.987000e-01
1.425000e+04 1.628000e-08 1.165000e-03 9.988000e-01
1.475000e+04 7.540000e-09 1.017000e-03 9.990000e-01
1.525000e+04 1.466000e-08 9.444000e-04 9.991000e-01
1.575000e+04 1.565000e-08 9.493000e-04 9.991000e-01
1.625000e+04 9.815000e-09 1.147000e-03 9.989000e-01
1.675000e+04 1.094000e-08 1.329000e-03 9.987000e-01
1.725000e+04 2.458000e-08 1.363000e-03 9.986000e-01
1.775000e+04 2.638000e-08 1.440000e-03 9.986000e-01
1.825000e+04 3.304000e-08 1.755000e-03 9.982000e-01
1.875000e+04 2.566000e-08 1.893000e-03 9.981000e-01
1.925000e+04 2.101000e-08 2.207000e-03 9.978000e-01
1.975000e+04 4.899000e-08 2.374000e-03 9.976000e-01
#
#TIME: 150
#NVEL: 40
#vel_mid[km/s] ca0 ca1 ca2
2.500000e+02 2.885000e-08 1.909000e-03 9.981000e-01
7.500000e+02 1.525000e-08 2.416000e-03 9.976000e-01
1.250000e+03 2.244000e-08 3.219000e-03 9.968000e-01
1.750000e+03 1.190000e-07 4.294000e-03 9.957000e-01
2.250000e+03 2.237000e-07 6.234000e-03 9.938000e-01
2.750000e+03 3.899000e-07 8.601000e-03 9.914000e-01
3.250000e+03 7.564000e-07 1.205000e-02 9.880000e-01
3.750000e+03 1.427000e-06 1.855000e-02 9.814000e-01
4.250000e+03 1.508000e-06 2.683000e-02 9.732000e-01
4.750000e+03 2.999000e-07 9.357000e-03 9.906000e-01
5.250000e+03 2.180000e-07 9.251000e-03 9.907000e-01
5.750000e+03 2.087000e-07 1.075000e-02 9.892000e-01
6.250000e+03 2.068000e-07 1.197000e-02 9.880000e-01
6.750000e+03 2.010000e-07 1.254000e-02 9.875000e-01
7.250000e+03 1.987000e-07 1.309000e-02 9.869000e-01
7.750000e+03 1.956000e-07 1.337000e-02 9.866000e-01
8.250000e+03 1.939000e-07 1.363000e-02 9.864000e-01
8.750000e+03 1.990000e-07 1.426000e-02 9.857000e-01
9.250000e+03 2.089000e-07 1.533000e-02 9.847000e-01
9.750000e+03 2.168000e-07 1.612000e-02 9.839000e-01
1.025000e+04 2.298000e-07 1.742000e-02 9.826000e-01
1.075000e+04 2.514000e-07 1.942000e-02 9.806000e-01
1.125000e+04 2.761000e-07 2.172000e-02 9.783000e-01
1.175000e+04 3.027000e-07 2.433000e-02 9.757000e-01
1.225000e+04 3.266000e-07 2.683000e-02 9.732000e-01
1.275000e+04 3.385000e-07 2.798000e-02 9.720000e-01
1.325000e+04 2.806000e-07 2.737000e-02 9.726000e-01
1.375000e+04 3.586000e-07 2.923000e-02 9.708000e-01
1.425000e+04 3.737000e-07 3.024000e-02 9.698000e-01
1.475000e+04 3.668000e-07 2.922000e-02 9.708000e-01
1.525000e+04 3.686000e-07 3.023000e-02 9.698000e-01
1.575000e+04 4.215000e-07 4.460000e-02 9.554000e-01
1.625000e+04 5.757000e-07 6.831000e-02 9.317000e-01
1.675000e+04 5.915000e-07 8.870000e-02 9.113000e-01
1.725000e+04 6.302000e-07 1.012000e-01 8.988000e-01
1.775000e+04 6.397000e-07 1.072000e-01 8.928000e-01
1.825000e+04 6.862000e-07 1.215000e-01 8.785000e-01
1.875000e+04 7.483000e-07 1.256000e-01 8.744000e-01
1.925000e+04 6.184000e-07 1.255000e-01 8.745000e-01
1.975000e+04 5.067000e-07 1.235000e-01 8.765000e-01
#
#TIME: 200
#NVEL: 40
#vel_mid[km/s] ca0 ca1 ca2
2.500000e+02 1.474000e-07 3.476000e-03 9.965000e-01
7.500000e+02 1.166000e-07 3.629000e-03 9.964000e-01
1.250000e+03 3.096000e-07 5.552000e-03 9.944000e-01
1.750000e+03 7.955000e-07 9.241000e-03 9.908000e-01
2.250000e+03 1.626000e-06 1.526000e-02 9.847000e-01
2.750000e+03 2.832000e-06 2.090000e-02 9.791000e-01
3.250000e+03 4.786000e-06 2.825000e-02 9.717000e-01
3.750000e+03 7.699000e-06 4.951000e-02 9.505000e-01
4.250000e+03 7.361000e-06 1.847000e-01 8.153000e-01
4.750000e+03 1.943000e-06 8.441000e-02 9.156000e-01
5.250000e+03 1.751000e-06 1.129000e-01 8.871000e-01
5.750000e+03 2.119000e-06 1.746000e-01 8.254000e-01
6.250000e+03 2.525000e-06 2.319000e-01 7.681000e-01
6.750000e+03 2.832000e-06 2.747000e-01 7.253000e-01
7.250000e+03 2.985000e-06 2.997000e-01 7.003000e-01
7.750000e+03 3.069000e-06 3.166000e-01 6.834000e-01
8.250000e+03 3.119000e-06 3.289000e-01 6.711000e-01
8.750000e+03 3.130000e-06 3.378000e-01 6.622000e-01
9.250000e+03 3.120000e-06 3.462000e-01 6.538000e-01
9.750000e+03 3.100000e-06 3.528000e-01 6.472000e-01
1.025000e+04 3.068000e-06 3.594000e-01 6.406000e-01
1.075000e+04 3.022000e-06 3.639000e-01 6.361000e-01
1.125000e+04 2.984000e-06 3.693000e-01 6.307000e-01
1.175000e+04 2.914000e-06 3.724000e-01 6.276000e-01
1.225000e+04 2.827000e-06 3.731000e-01 6.269000e-01
1.275000e+04 2.686000e-06 3.679000e-01 6.321000e-01
1.325000e+04 2.551000e-06 3.628000e-01 6.372000e-01
1.375000e+04 2.423000e-06 3.575000e-01 6.425000e-01
1.425000e+04 2.250000e-06 3.457000e-01 6.543000e-01
1.475000e+04 2.102000e-06 3.362000e-01 6.638000e-01
1.525000e+04 2.005000e-06 3.329000e-01 6.671000e-01
1.575000e+04 1.917000e-06 3.322000e-01 6.678000e-01
1.625000e+04 1.827000e-06 3.302000e-01 6.698000e-01
1.675000e+04 1.726000e-06 3.211000e-01 6.789000e-01
1.725000e+04 1.625000e-06 3.086000e-01 6.914000e-01
1.775000e+04 1.538000e-06 2.938000e-01 7.062000e-01
1.825000e+04 1.470000e-06 2.806000e-01 7.194000e-01
1.875000e+04 1.284000e-06 2.642000e-01 7.358000e-01
1.925000e+04 1.363000e-06 2.490000e-01 7.510000e-01
1.975000e+04 1.332000e-06 2.360000e-01 7.640000e-01
#
#TIME: 300
#NVEL: 40
#vel_mid[km/s] ca0 ca1 ca2
2.500000e+02 7.482000e-07 7.094000e-03 9.929000e-01
7.500000e+02 5.301000e-07 8.383000e-03 9.916000e-01
1.250000e+03 4.409000e-06 2.496000e-02 9.750000e-01
1.750000e+03 8.331000e-06 4.094000e-02 9.590000e-01
2.250000e+03 1.250000e-05 5.292000e-02 9.471000e-01
2.750000e+03 1.828000e-05 6.974000e-02 9.302000e-01
3.250000e+03 2.650000e-05 1.184000e-01 8.816000e-01
3.750000e+03 4.020000e-05 3.434000e-01 6.566000e-01
4.250000e+03 6.792000e-05 7.127000e-01 2.873000e-01
4.750000e+03 7.816000e-05 8.181000e-01 1.818000e-01
5.250000e+03 8.671000e-05 8.326000e-01 1.673000e-01
5.750000e+03 9.199000e-05 8.382000e-01 1.617000e-01
6.250000e+03 9.367000e-05 8.395000e-01 1.604000e-01
6.750000e+03 9.306000e-05 8.387000e-01 1.612000e-01
7.250000e+03 9.135000e-05 8.365000e-01 1.634000e-01
7.750000e+03 8.772000e-05 8.320000e-01 1.679000e-01
8.250000e+03 8.379000e-05 8.268000e-01 1.731000e-01
8.750000e+03 7.888000e-05 8.201000e-01 1.799000e-01
9.250000e+03 7.356000e-05 8.107000e-01 1.892000e-01
9.750000e+03 6.866000e-05 8.000000e-01 1.999000e-01
1.025000e+04 6.381000e-05 7.866000e-01 2.133000e-01
1.075000e+04 6.120000e-05 7.765000e-01 2.234000e-01
1.125000e+04 5.855000e-05 7.630000e-01 2.370000e-01
1.175000e+04 5.397000e-05 7.410000e-01 2.590000e-01
1.225000e+04 4.843000e-05 7.148000e-01 2.852000e-01
1.275000e+04 4.330000e-05 6.910000e-01 3.089000e-01
1.325000e+04 3.968000e-05 6.692000e-01 3.307000e-01
1.375000e+04 3.708000e-05 6.486000e-01 3.514000e-01
1.425000e+04 3.435000e-05 6.267000e-01 3.733000e-01
1.475000e+04 3.224000e-05 6.053000e-01 3.946000e-01
1.525000e+04 3.064000e-05 5.849000e-01 4.151000e-01
1.575000e+04 2.880000e-05 5.638000e-01 4.361000e-01
1.625000e+04 2.685000e-05 5.414000e-01 4.586000e-01
1.675000e+04 2.485000e-05 5.178000e-01 4.822000e-01
1.725000e+04 2.282000e-05 4.934000e-01 5.066000e-01
1.775000e+04 2.085000e-05 4.697000e-01 5.303000e-01
1.825000e+04 1.893000e-05 4.461000e-01 5.539000e-01
1.875000e+04 1.701000e-05 4.211000e-01 5.789000e-01
1.925000e+04 1.525000e-05 3.988000e-01 6.011000e-01
1.975000e+04 1.366000e-05 3.783000e-01 6.217000e-01
#
#TIME: 400
#NVEL: 40
#vel_mid[km/s] ca0 ca1 ca2
2.500000e+02 3.272000e-06 2.028000e-02 9.797000e-01
7.500000e+02 3.396000e-06 3.829000e-02 9.617000e-01
1.250000e+03 1.785000e-05 7.693000e-02 9.231000e-01
1.750000e+03 2.091000e-05 8.787000e-02 9.121000e-01
2.250000e+03 2.525000e-05 1.023000e-01 8.977000e-01
2.750000e+03 3.547000e-05 1.516000e-01 8.483000e-01
3.250000e+03 5.332000e-05 2.861000e-01 7.139000e-01
3.750000e+03 9.474000e-05 5.654000e-01 4.345000e-01
4.250000e+03 2.026000e-04 8.510000e-01 1.488000e-01
4.750000e+03 2.031000e-04 8.783000e-01 1.215000e-01
5.250000e+03 2.049000e-04 8.792000e-01 1.206000e-01
5.750000e+03 2.062000e-04 8.807000e-01 1.191000e-01
6.250000e+03 2.057000e-04 8.810000e-01 1.188000e-01
6.750000e+03 2.034000e-04 8.813000e-01 1.185000e-01
7.250000e+03 2.010000e-04 8.802000e-01 1.196000e-01
7.750000e+03 1.996000e-04 8.788000e-01 1.210000e-01
8.250000e+03 2.006000e-04 8.775000e-01 1.223000e-01
8.750000e+03 2.051000e-04 8.770000e-01 1.228000e-01
9.250000e+03 2.209000e-04 8.794000e-01 1.204000e-01
9.750000e+03 2.949000e-04 8.945000e-01 1.052000e-01
1.025000e+04 3.279000e-04 8.974000e-01 1.023000e-01
1.075000e+04 3.580000e-04 8.986000e-01 1.010000e-01
1.125000e+04 3.924000e-04 8.997000e-01 9.989000e-02
1.175000e+04 4.261000e-04 8.996000e-01 9.994000e-02
1.225000e+04 4.601000e-04 8.992000e-01 1.003000e-01
1.275000e+04 4.964000e-04 8.983000e-01 1.012000e-01
1.325000e+04 5.223000e-04 8.966000e-01 1.029000e-01
1.375000e+04 5.555000e-04 8.949000e-01 1.045000e-01
1.425000e+04 5.772000e-04 8.925000e-01 1.069000e-01
1.475000e+04 5.990000e-04 8.893000e-01 1.101000e-01
1.525000e+04 6.200000e-04 8.852000e-01 1.142000e-01
1.575000e+04 6.285000e-04 8.809000e-01 1.185000e-01
1.625000e+04 6.455000e-04 8.763000e-01 1.231000e-01
1.675000e+04 6.442000e-04 8.712000e-01 1.281000e-01
1.725000e+04 6.554000e-04 8.658000e-01 1.335000e-01
1.775000e+04 6.665000e-04 8.600000e-01 1.393000e-01
1.825000e+04 6.835000e-04 8.541000e-01 1.453000e-01
1.875000e+04 7.120000e-04 8.478000e-01 1.514000e-01
1.925000e+04 7.619000e-04 8.408000e-01 1.585000e-01
1.975000e+04 8.204000e-04 8.286000e-01 1.705000e-01
