#NTIMES: 4
#NSTAGES: 8
#TIMES[d]: 5.0 10.0 15.0 20.0
#
#TIME: 5.0
#NVEL: 320
#vel_mid[km/s] Ni0 Ni1 Ni2 Ni3 Ni4 Ni5 Ni6 Ni7
1.902500E+04        
1.907500E+04        
1.912500E+04        
1.917500E+04        
1.922500E+04        
1.927500E+04        
1.932500E+04        
1.937500E+04        
1.942500E+04        
1.947500E+04        
1.952500E+04        
1.957500E+04        
1.962500E+04        
1.967500E+04        
1.972500E+04        
1.977500E+04        
1.982500E+04        
1.987500E+04        
1.992500E+04        
1.997500E+04        
2.002500E+04        
2.007500E+04        
2.012500E+04        
2.017500E+04        
2.022500E+04        
2.027500E+04        
2.032500E+04        
2.037500E+04        
2.042500E+04        
2.047500E+04        
2.052500E+04        
2.057500E+04        
2.062500E+04        
2.067500E+04        
2.072500E+04        
2.077500E+04        
2.082500E+04        
2.087500E+04        
2.092500E+04        
2.097500E+04        
2.102500E+04        
2.107500E+04        
2.112500E+04        
2.117500E+04        
2.122500E+04        
2.127500E+04        
2.132500E+04        
2.137500E+04        
2.142500E+04        
2.147500E+04        
2.152500E+04        
2.157500E+04        
2.162500E+04        
2.167500E+04        
2.172500E+04        
2.177500E+04        
2.182500E+04        
2.187500E+04        
2.192500E+04        
2.197500E+04        
2.202500E+04        
2.207500E+04        
2.212500E+04        
2.217500E+04        
2.222500E+04        
2.227500E+04        
2.232500E+04        
2.237500E+04        
2.242500E+04        
2.247500E+04        
2.252500E+04        
2.257500E+04        
2.262500E+04        
2.267500E+04        
2.272500E+04        
2.277500E+04        
2.282500E+04        
2.287500E+04        
2.292500E+04        
2.297500E+04        
2.302500E+04        
2.307500E+04        
2.312500E+04        
2.317500E+04        
2.322500E+04        
2.327500E+04        
2.332500E+04        
2.337500E+04        
2.342500E+04        
2.347500E+04        
2.352500E+04        
2.357500E+04        
2.362500E+04        
2.367500E+04        
2.372500E+04        
2.377500E+04        
2.382500E+04        
2.387500E+04        
2.392500E+04        
2.397500E+04        
2.402500E+04        
2.407500E+04        
2.412500E+04        
2.417500E+04        
2.422500E+04        
2.427500E+04        
2.432500E+04        
2.437500E+04        
2.442500E+04        
2.447500E+04        
2.452500E+04        
2.457500E+04        
2.462500E+04        
2.467500E+04        
2.472500E+04        
2.477500E+04        
2.482500E+04        
2.487500E+04        
2.492500E+04        
2.497500E+04        
2.502500E+04        
2.507500E+04        
2.512500E+04        
2.517500E+04        
2.522500E+04        
2.527500E+04        
2.532500E+04        
2.537500E+04        
2.542500E+04        
2.547500E+04        
2.552500E+04        
2.557500E+04        
2.562500E+04        
2.567500E+04        
2.572500E+04        
2.577500E+04        
2.582500E+04        
2.587500E+04        
2.592500E+04        
2.597500E+04        
2.602500E+04        
2.607500E+04        
2.612500E+04        
2.617500E+04        
2.622500E+04        
2.627500E+04        
2.632500E+04        
2.637500E+04        
2.642500E+04        
2.647500E+04        
2.652500E+04        
2.657500E+04        
2.662500E+04        
2.667500E+04        
2.672500E+04        
2.677500E+04        
2.682500E+04        
2.687500E+04        
2.692500E+04        
2.697500E+04        
2.702500E+04        
2.707500E+04        
2.712500E+04        
2.717500E+04        
2.722500E+04        
2.727500E+04        
2.732500E+04        
2.737500E+04        
2.742500E+04        
2.747500E+04        
2.752500E+04        
2.757500E+04        
2.762500E+04        
2.767500E+04        
2.772500E+04        
2.777500E+04        
2.782500E+04        
2.787500E+04        
2.792500E+04        
2.797500E+04        
2.802500E+04        
2.807500E+04        
2.812500E+04        
2.817500E+04        
2.822500E+04        
2.827500E+04        
2.832500E+04        
2.837500E+04        
2.842500E+04        
2.847500E+04        
2.852500E+04        
2.857500E+04        
2.862500E+04        
2.867500E+04        
2.872500E+04        
2.877500E+04        
2.882500E+04        
2.887500E+04        
2.892500E+04        
2.897500E+04        
2.902500E+04        
2.907500E+04        
2.912500E+04        
2.917500E+04        
2.922500E+04        
2.927500E+04        
2.932500E+04        
2.937500E+04        
2.942500E+04        
2.947500E+04        
2.952500E+04        
2.957500E+04        
2.962500E+04        
2.967500E+04        
2.972500E+04        
2.977500E+04        
2.982500E+04        
2.987500E+04        
2.992500E+04        
2.997500E+04        
3.002500E+04        
3.007500E+04        
3.012500E+04        
3.017500E+04        
3.022500E+04        
3.027500E+04        
3.032500E+04        
3.037500E+04        
3.042500E+04        
3.047500E+04        
3.052500E+04        
3.057500E+04        
3.062500E+04        
3.067500E+04        
3.072500E+04        
3.077500E+04        
3.082500E+04        
3.087500E+04        
3.092500E+04        
3.097500E+04        
3.102500E+04        
3.107500E+04        
3.112500E+04        
3.117500E+04        
3.122500E+04        
3.127500E+04        
3.132500E+04        
3.137500E+04        
3.142500E+04        
3.147500E+04        
3.152500E+04        
3.157500E+04        
3.162500E+04        
3.167500E+04        
3.172500E+04        
3.177500E+04        
3.182500E+04        
3.187500E+04        
3.192500E+04        
3.197500E+04        
3.202500E+04        
3.207500E+04        
3.212500E+04        
3.217500E+04        
3.222500E+04        
3.227500E+04        
3.232500E+04        
3.237500E+04        
3.242500E+04        
3.247500E+04        
3.252500E+04        
3.257500E+04        
3.262500E+04        
3.267500E+04        
3.272500E+04        
3.277500E+04        
3.282500E+04        
3.287500E+04        
3.292500E+04        
3.297500E+04        
3.302500E+04        
3.307500E+04        
3.312500E+04        
3.317500E+04        
3.322500E+04        
3.327500E+04        
3.332500E+04        
3.337500E+04        
3.342500E+04        
3.347500E+04        
3.352500E+04        
3.357500E+04        
3.362500E+04        
3.367500E+04        
3.372500E+04        
3.377500E+04        
3.382500E+04        
3.387500E+04        
3.392500E+04        
3.397500E+04        
3.402500E+04        
3.407500E+04        
3.412500E+04        
3.417500E+04        
3.422500E+04        
3.427500E+04        
3.432500E+04        
3.437500E+04        
3.442500E+04        
3.447500E+04        
3.452500E+04        
3.457500E+04        
3.462500E+04        
3.467500E+04        
3.472500E+04        
3.477500E+04        
3.482500E+04        
3.487500E+04        
3.492500E+04        
3.497500E+04        
#
#TIME: 10.0
#NVEL: 420
#vel_mid[km/s] Ni0 Ni1 Ni2 Ni3 Ni4 Ni5 Ni6 Ni7
1.402500E+04        
1.407500E+04        
1.412500E+04        
1.417500E+04        
1.422500E+04        
1.427500E+04        
1.432500E+04        
1.437500E+04        
1.442500E+04        
1.447500E+04        
1.452500E+04        
1.457500E+04        
1.462500E+04        
1.467500E+04        
1.472500E+04        
1.477500E+04        
1.482500E+04        
1.487500E+04        
1.492500E+04        
1.497500E+04        
1.502500E+04        
1.507500E+04        
1.512500E+04        
1.517500E+04        
1.522500E+04        
1.527500E+04        
1.532500E+04        
1.537500E+04        
1.542500E+04        
1.547500E+04        
1.552500E+04        
1.557500E+04        
1.562500E+04        
1.567500E+04        
1.572500E+04        
1.577500E+04        
1.582500E+04        
1.587500E+04        
1.592500E+04        
1.597500E+04        
1.602500E+04        
1.607500E+04        
1.612500E+04        
1.617500E+04        
1.622500E+04        
1.627500E+04        
1.632500E+04        
1.637500E+04        
1.642500E+04        
1.647500E+04        
1.652500E+04        
1.657500E+04        
1.662500E+04        
1.667500E+04        
1.672500E+04        
1.677500E+04        
1.682500E+04        
1.687500E+04        
1.692500E+04        
1.697500E+04        
1.702500E+04        
1.707500E+04        
1.712500E+04        
1.717500E+04        
1.722500E+04        
1.727500E+04        
1.732500E+04        
1.737500E+04        
1.742500E+04        
1.747500E+04        
1.752500E+04        
1.757500E+04        
1.762500E+04        
1.767500E+04        
1.772500E+04        
1.777500E+04        
1.782500E+04        
1.787500E+04        
1.792500E+04        
1.797500E+04        
1.802500E+04        
1.807500E+04        
1.812500E+04        
1.817500E+04        
1.822500E+04        
1.827500E+04        
1.832500E+04        
1.837500E+04        
1.842500E+04        
1.847500E+04        
1.852500E+04        
1.857500E+04        
1.862500E+04        
1.867500E+04        
1.872500E+04        
1.877500E+04        
1.882500E+04        
1.887500E+04        
1.892500E+04        
1.897500E+04        
1.902500E+04        
1.907500E+04        
1.912500E+04        
1.917500E+04        
1.922500E+04        
1.927500E+04        
1.932500E+04        
1.937500E+04        
1.942500E+04        
1.947500E+04        
1.952500E+04        
1.957500E+04        
1.962500E+04        
1.967500E+04        
1.972500E+04        
1.977500E+04        
1.982500E+04        
1.987500E+04        
1.992500E+04        
1.997500E+04        
2.002500E+04        
2.007500E+04        
2.012500E+04        
2.017500E+04        
2.022500E+04        
2.027500E+04        
2.032500E+04        
2.037500E+04        
2.042500E+04        
2.047500E+04        
2.052500E+04        
2.057500E+04        
2.062500E+04        
2.067500E+04        
2.072500E+04        
2.077500E+04        
2.082500E+04        
2.087500E+04        
2.092500E+04        
2.097500E+04        
2.102500E+04        
2.107500E+04        
2.112500E+04        
2.117500E+04        
2.122500E+04        
2.127500E+04        
2.132500E+04        
2.137500E+04        
2.142500E+04        
2.147500E+04        
2.152500E+04        
2.157500E+04        
2.162500E+04        
2.167500E+04        
2.172500E+04        
2.177500E+04        
2.182500E+04        
2.187500E+04        
2.192500E+04        
2.197500E+04        
2.202500E+04        
2.207500E+04        
2.212500E+04        
2.217500E+04        
2.222500E+04        
2.227500E+04        
2.232500E+04        
2.237500E+04        
2.242500E+04        
2.247500E+04        
2.252500E+04        
2.257500E+04        
2.262500E+04        
2.267500E+04        
2.272500E+04        
2.277500E+04        
2.282500E+04        
2.287500E+04        
2.292500E+04        
2.297500E+04        
2.302500E+04        
2.307500E+04        
2.312500E+04        
2.317500E+04        
2.322500E+04        
2.327500E+04        
2.332500E+04        
2.337500E+04        
2.342500E+04        
2.347500E+04        
2.352500E+04        
2.357500E+04        
2.362500E+04        
2.367500E+04        
2.372500E+04        
2.377500E+04        
2.382500E+04        
2.387500E+04        
2.392500E+04        
2.397500E+04        
2.402500E+04        
2.407500E+04        
2.412500E+04        
2.417500E+04        
2.422500E+04        
2.427500E+04        
2.432500E+04        
2.437500E+04        
2.442500E+04        
2.447500E+04        
2.452500E+04        
2.457500E+04        
2.462500E+04        
2.467500E+04        
2.472500E+04        
2.477500E+04        
2.482500E+04        
2.487500E+04        
2.492500E+04        
2.497500E+04        
2.502500E+04        
2.507500E+04        
2.512500E+04        
2.517500E+04        
2.522500E+04        
2.527500E+04        
2.532500E+04        
2.537500E+04        
2.542500E+04        
2.547500E+04        
2.552500E+04        
2.557500E+04        
2.562500E+04        
2.567500E+04        
2.572500E+04        
2.577500E+04        
2.582500E+04        
2.587500E+04        
2.592500E+04        
2.597500E+04        
2.602500E+04        
2.607500E+04        
2.612500E+04        
2.617500E+04        
2.622500E+04        
2.627500E+04        
2.632500E+04        
2.637500E+04        
2.642500E+04        
2.647500E+04        
2.652500E+04        
2.657500E+04        
2.662500E+04        
2.667500E+04        
2.672500E+04        
2.677500E+04        
2.682500E+04        
2.687500E+04        
2.692500E+04        
2.697500E+04        
2.702500E+04        
2.707500E+04        
2.712500E+04        
2.717500E+04        
2.722500E+04        
2.727500E+04        
2.732500E+04        
2.737500E+04        
2.742500E+04        
2.747500E+04        
2.752500E+04        
2.757500E+04        
2.762500E+04        
2.767500E+04        
2.772500E+04        
2.777500E+04        
2.782500E+04        
2.787500E+04        
2.792500E+04        
2.797500E+04        
2.802500E+04        
2.807500E+04        
2.812500E+04        
2.817500E+04        
2.822500E+04        
2.827500E+04        
2.832500E+04        
2.837500E+04        
2.842500E+04        
2.847500E+04        
2.852500E+04        
2.857500E+04        
2.862500E+04        
2.867500E+04        
2.872500E+04        
2.877500E+04        
2.882500E+04        
2.887500E+04        
2.892500E+04        
2.897500E+04        
2.902500E+04        
2.907500E+04        
2.912500E+04        
2.917500E+04        
2.922500E+04        
2.927500E+04        
2.932500E+04        
2.937500E+04        
2.942500E+04        
2.947500E+04        
2.952500E+04        
2.957500E+04        
2.962500E+04        
2.967500E+04        
2.972500E+04        
2.977500E+04        
2.982500E+04        
2.987500E+04        
2.992500E+04        
2.997500E+04        
3.002500E+04        
3.007500E+04        
3.012500E+04        
3.017500E+04        
3.022500E+04        
3.027500E+04        
3.032500E+04        
3.037500E+04        
3.042500E+04        
3.047500E+04        
3.052500E+04        
3.057500E+04        
3.062500E+04        
3.067500E+04        
3.072500E+04        
3.077500E+04        
3.082500E+04        
3.087500E+04        
3.092500E+04        
3.097500E+04        
3.102500E+04        
3.107500E+04        
3.112500E+04        
3.117500E+04        
3.122500E+04        
3.127500E+04        
3.132500E+04        
3.137500E+04        
3.142500E+04        
3.147500E+04        
3.152500E+04        
3.157500E+04        
3.162500E+04        
3.167500E+04        
3.172500E+04        
3.177500E+04        
3.182500E+04        
3.187500E+04        
3.192500E+04        
3.197500E+04        
3.202500E+04        
3.207500E+04        
3.212500E+04        
3.217500E+04        
3.222500E+04        
3.227500E+04        
3.232500E+04        
3.237500E+04        
3.242500E+04        
3.247500E+04        
3.252500E+04        
3.257500E+04        
3.262500E+04        
3.267500E+04        
3.272500E+04        
3.277500E+04        
3.282500E+04        
3.287500E+04        
3.292500E+04        
3.297500E+04        
3.302500E+04        
3.307500E+04        
3.312500E+04        
3.317500E+04        
3.322500E+04        
3.327500E+04        
3.332500E+04        
3.337500E+04        
3.342500E+04        
3.347500E+04        
3.352500E+04        
3.357500E+04        
3.362500E+04        
3.367500E+04        
3.372500E+04        
3.377500E+04        
3.382500E+04        
3.387500E+04        
3.392500E+04        
3.397500E+04        
3.402500E+04        
3.407500E+04        
3.412500E+04        
3.417500E+04        
3.422500E+04        
3.427500E+04        
3.432500E+04        
3.437500E+04        
3.442500E+04        
3.447500E+04        
3.452500E+04        
3.457500E+04        
3.462500E+04        
3.467500E+04        
3.472500E+04        
3.477500E+04        
3.482500E+04        
3.487500E+04        
3.492500E+04        
3.497500E+04        
#
#TIME: 15.0
#NVEL: 480
#vel_mid[km/s] Ni0 Ni1 Ni2 Ni3 Ni4 Ni5 Ni6 Ni7
1.102500E+04        
1.107500E+04        
1.112500E+04        
1.117500E+04        
1.122500E+04        
1.127500E+04        
1.132500E+04        
1.137500E+04        
1.142500E+04        
1.147500E+04        
1.152500E+04        
1.157500E+04        
1.162500E+04        
1.167500E+04        
1.172500E+04        
1.177500E+04        
1.182500E+04        
1.187500E+04        
1.192500E+04        
1.197500E+04        
1.202500E+04        
1.207500E+04        
1.212500E+04        
1.217500E+04        
1.222500E+04        
1.227500E+04        
1.232500E+04        
1.237500E+04        
1.242500E+04        
1.247500E+04        
1.252500E+04        
1.257500E+04        
1.262500E+04        
1.267500E+04        
1.272500E+04        
1.277500E+04        
1.282500E+04        
1.287500E+04        
1.292500E+04        
1.297500E+04        
1.302500E+04        
1.307500E+04        
1.312500E+04        
1.317500E+04        
1.322500E+04        
1.327500E+04        
1.332500E+04        
1.337500E+04        
1.342500E+04        
1.347500E+04        
1.352500E+04        
1.357500E+04        
1.362500E+04        
1.367500E+04        
1.372500E+04        
1.377500E+04        
1.382500E+04        
1.387500E+04        
1.392500E+04        
1.397500E+04        
1.402500E+04        
1.407500E+04        
1.412500E+04        
1.417500E+04        
1.422500E+04        
1.427500E+04        
1.432500E+04        
1.437500E+04        
1.442500E+04        
1.447500E+04        
1.452500E+04        
1.457500E+04        
1.462500E+04        
1.467500E+04        
1.472500E+04        
1.477500E+04        
1.482500E+04        
1.487500E+04        
1.492500E+04        
1.497500E+04        
1.502500E+04        
1.507500E+04        
1.512500E+04        
1.517500E+04        
1.522500E+04        
1.527500E+04        
1.532500E+04        
1.537500E+04        
1.542500E+04        
1.547500E+04        
1.552500E+04        
1.557500E+04        
1.562500E+04        
1.567500E+04        
1.572500E+04        
1.577500E+04        
1.582500E+04        
1.587500E+04        
1.592500E+04        
1.597500E+04        
1.602500E+04        
1.607500E+04        
1.612500E+04        
1.617500E+04        
1.622500E+04        
1.627500E+04        
1.632500E+04        
1.637500E+04        
1.642500E+04        
1.647500E+04        
1.652500E+04        
1.657500E+04        
1.662500E+04        
1.667500E+04        
1.672500E+04        
1.677500E+04        
1.682500E+04        
1.687500E+04        
1.692500E+04        
1.697500E+04        
1.702500E+04        
1.707500E+04        
1.712500E+04        
1.717500E+04        
1.722500E+04        
1.727500E+04        
1.732500E+04        
1.737500E+04        
1.742500E+04        
1.747500E+04        
1.752500E+04        
1.757500E+04        
1.762500E+04        
1.767500E+04        
1.772500E+04        
1.777500E+04        
1.782500E+04        
1.787500E+04        
1.792500E+04        
1.797500E+04        
1.802500E+04        
1.807500E+04        
1.812500E+04        
1.817500E+04        
1.822500E+04        
1.827500E+04        
1.832500E+04        
1.837500E+04        
1.842500E+04        
1.847500E+04        
1.852500E+04        
1.857500E+04        
1.862500E+04        
1.867500E+04        
1.872500E+04        
1.877500E+04        
1.882500E+04        
1.887500E+04        
1.892500E+04        
1.897500E+04        
1.902500E+04        
1.907500E+04        
1.912500E+04        
1.917500E+04        
1.922500E+04        
1.927500E+04        
1.932500E+04        
1.937500E+04        
1.942500E+04        
1.947500E+04        
1.952500E+04        
1.957500E+04        
1.962500E+04        
1.967500E+04        
1.972500E+04        
1.977500E+04        
1.982500E+04        
1.987500E+04        
1.992500E+04        
1.997500E+04        
2.002500E+04        
2.007500E+04        
2.012500E+04        
2.017500E+04        
2.022500E+04        
2.027500E+04        
2.032500E+04        
2.037500E+04        
2.042500E+04        
2.047500E+04        
2.052500E+04        
2.057500E+04        
2.062500E+04        
2.067500E+04        
2.072500E+04        
2.077500E+04        
2.082500E+04        
2.087500E+04        
2.092500E+04        
2.097500E+04        
2.102500E+04        
2.107500E+04        
2.112500E+04        
2.117500E+04        
2.122500E+04        
2.127500E+04        
2.132500E+04        
2.137500E+04        
2.142500E+04        
2.147500E+04        
2.152500E+04        
2.157500E+04        
2.162500E+04        
2.167500E+04        
2.172500E+04        
2.177500E+04        
2.182500E+04        
2.187500E+04        
2.192500E+04        
2.197500E+04        
2.202500E+04        
2.207500E+04        
2.212500E+04        
2.217500E+04        
2.222500E+04        
2.227500E+04        
2.232500E+04        
2.237500E+04        
2.242500E+04        
2.247500E+04        
2.252500E+04        
2.257500E+04        
2.262500E+04        
2.267500E+04        
2.272500E+04        
2.277500E+04        
2.282500E+04        
2.287500E+04        
2.292500E+04        
2.297500E+04        
2.302500E+04        
2.307500E+04        
2.312500E+04        
2.317500E+04        
2.322500E+04        
2.327500E+04        
2.332500E+04        
2.337500E+04        
2.342500E+04        
2.347500E+04        
2.352500E+04        
2.357500E+04        
2.362500E+04        
2.367500E+04        
2.372500E+04        
2.377500E+04        
2.382500E+04        
2.387500E+04        
2.392500E+04        
2.397500E+04        
2.402500E+04        
2.407500E+04        
2.412500E+04        
2.417500E+04        
2.422500E+04        
2.427500E+04        
2.432500E+04        
2.437500E+04        
2.442500E+04        
2.447500E+04        
2.452500E+04        
2.457500E+04        
2.462500E+04        
2.467500E+04        
2.472500E+04        
2.477500E+04        
2.482500E+04        
2.487500E+04        
2.492500E+04        
2.497500E+04        
2.502500E+04        
2.507500E+04        
2.512500E+04        
2.517500E+04        
2.522500E+04        
2.527500E+04        
2.532500E+04        
2.537500E+04        
2.542500E+04        
2.547500E+04        
2.552500E+04        
2.557500E+04        
2.562500E+04        
2.567500E+04        
2.572500E+04        
2.577500E+04        
2.582500E+04        
2.587500E+04        
2.592500E+04        
2.597500E+04        
2.602500E+04        
2.607500E+04        
2.612500E+04        
2.617500E+04        
2.622500E+04        
2.627500E+04        
2.632500E+04        
2.637500E+04        
2.642500E+04        
2.647500E+04        
2.652500E+04        
2.657500E+04        
2.662500E+04        
2.667500E+04        
2.672500E+04        
2.677500E+04        
2.682500E+04        
2.687500E+04        
2.692500E+04        
2.697500E+04        
2.702500E+04        
2.707500E+04        
2.712500E+04        
2.717500E+04        
2.722500E+04        
2.727500E+04        
2.732500E+04        
2.737500E+04        
2.742500E+04        
2.747500E+04        
2.752500E+04        
2.757500E+04        
2.762500E+04        
2.767500E+04        
2.772500E+04        
2.777500E+04        
2.782500E+04        
2.787500E+04        
2.792500E+04        
2.797500E+04        
2.802500E+04        
2.807500E+04        
2.812500E+04        
2.817500E+04        
2.822500E+04        
2.827500E+04        
2.832500E+04        
2.837500E+04        
2.842500E+04        
2.847500E+04        
2.852500E+04        
2.857500E+04        
2.862500E+04        
2.867500E+04        
2.872500E+04        
2.877500E+04        
2.882500E+04        
2.887500E+04        
2.892500E+04        
2.897500E+04        
2.902500E+04        
2.907500E+04        
2.912500E+04        
2.917500E+04        
2.922500E+04        
2.927500E+04        
2.932500E+04        
2.937500E+04        
2.942500E+04        
2.947500E+04        
2.952500E+04        
2.957500E+04        
2.962500E+04        
2.967500E+04        
2.972500E+04        
2.977500E+04        
2.982500E+04        
2.987500E+04        
2.992500E+04        
2.997500E+04        
3.002500E+04        
3.007500E+04        
3.012500E+04        
3.017500E+04        
3.022500E+04        
3.027500E+04        
3.032500E+04        
3.037500E+04        
3.042500E+04        
3.047500E+04        
3.052500E+04        
3.057500E+04        
3.062500E+04        
3.067500E+04        
3.072500E+04        
3.077500E+04        
3.082500E+04        
3.087500E+04        
3.092500E+04        
3.097500E+04        
3.102500E+04        
3.107500E+04        
3.112500E+04        
3.117500E+04        
3.122500E+04        
3.127500E+04        
3.132500E+04        
3.137500E+04        
3.142500E+04        
3.147500E+04        
3.152500E+04        
3.157500E+04        
3.162500E+04        
3.167500E+04        
3.172500E+04        
3.177500E+04        
3.182500E+04        
3.187500E+04        
3.192500E+04        
3.197500E+04        
3.202500E+04        
3.207500E+04        
3.212500E+04        
3.217500E+04        
3.222500E+04        
3.227500E+04        
3.232500E+04        
3.237500E+04        
3.242500E+04        
3.247500E+04        
3.252500E+04        
3.257500E+04        
3.262500E+04        
3.267500E+04        
3.272500E+04        
3.277500E+04        
3.282500E+04        
3.287500E+04        
3.292500E+04        
3.297500E+04        
3.302500E+04        
3.307500E+04        
3.312500E+04        
3.317500E+04        
3.322500E+04        
3.327500E+04        
3.332500E+04        
3.337500E+04        
3.342500E+04        
3.347500E+04        
3.352500E+04        
3.357500E+04        
3.362500E+04        
3.367500E+04        
3.372500E+04        
3.377500E+04        
3.382500E+04        
3.387500E+04        
3.392500E+04        
3.397500E+04        
3.402500E+04        
3.407500E+04        
3.412500E+04        
3.417500E+04        
3.422500E+04        
3.427500E+04        
3.432500E+04        
3.437500E+04        
3.442500E+04        
3.447500E+04        
3.452500E+04        
3.457500E+04        
3.462500E+04        
3.467500E+04        
3.472500E+04        
3.477500E+04        
3.482500E+04        
3.487500E+04        
3.492500E+04        
3.497500E+04        
#
#TIME: 20.0
#NVEL: 520
#vel_mid[km/s] Ni0 Ni1 Ni2 Ni3 Ni4 Ni5 Ni6 Ni7
9.025000E+03        
9.075000E+03        
9.125000E+03        
9.175000E+03        
9.225000E+03        
9.275000E+03        
9.325000E+03        
9.375000E+03        
9.425000E+03        
9.475000E+03        
9.525000E+03        
9.575000E+03        
9.625000E+03        
9.675000E+03        
9.725000E+03        
9.775000E+03        
9.825000E+03        
9.875000E+03        
9.925000E+03        
9.975000E+03        
1.002500E+04        
1.007500E+04        
1.012500E+04        
1.017500E+04        
1.022500E+04        
1.027500E+04        
1.032500E+04        
1.037500E+04        
1.042500E+04        
1.047500E+04        
1.052500E+04        
1.057500E+04        
1.062500E+04        
1.067500E+04        
1.072500E+04        
1.077500E+04        
1.082500E+04        
1.087500E+04        
1.092500E+04        
1.097500E+04        
1.102500E+04        
1.107500E+04        
1.112500E+04        
1.117500E+04        
1.122500E+04        
1.127500E+04        
1.132500E+04        
1.137500E+04        
1.142500E+04        
1.147500E+04        
1.152500E+04        
1.157500E+04        
1.162500E+04        
1.167500E+04        
1.172500E+04        
1.177500E+04        
1.182500E+04        
1.187500E+04        
1.192500E+04        
1.197500E+04        
1.202500E+04        
1.207500E+04        
1.212500E+04        
1.217500E+04        
1.222500E+04        
1.227500E+04        
1.232500E+04        
1.237500E+04        
1.242500E+04        
1.247500E+04        
1.252500E+04        
1.257500E+04        
1.262500E+04        
1.267500E+04        
1.272500E+04        
1.277500E+04        
1.282500E+04        
1.287500E+04        
1.292500E+04        
1.297500E+04        
1.302500E+04        
1.307500E+04        
1.312500E+04        
1.317500E+04        
1.322500E+04        
1.327500E+04        
1.332500E+04        
1.337500E+04        
1.342500E+04        
1.347500E+04        
1.352500E+04        
1.357500E+04        
1.362500E+04        
1.367500E+04        
1.372500E+04        
1.377500E+04        
1.382500E+04        
1.387500E+04        
1.392500E+04        
1.397500E+04        
1.402500E+04        
1.407500E+04        
1.412500E+04        
1.417500E+04        
1.422500E+04        
1.427500E+04        
1.432500E+04        
1.437500E+04        
1.442500E+04        
1.447500E+04        
1.452500E+04        
1.457500E+04        
1.462500E+04        
1.467500E+04        
1.472500E+04        
1.477500E+04        
1.482500E+04        
1.487500E+04        
1.492500E+04        
1.497500E+04        
1.502500E+04        
1.507500E+04        
1.512500E+04        
1.517500E+04        
1.522500E+04        
1.527500E+04        
1.532500E+04        
1.537500E+04        
1.542500E+04        
1.547500E+04        
1.552500E+04        
1.557500E+04        
1.562500E+04        
1.567500E+04        
1.572500E+04        
1.577500E+04        
1.582500E+04        
1.587500E+04        
1.592500E+04        
1.597500E+04        
1.602500E+04        
1.607500E+04        
1.612500E+04        
1.617500E+04        
1.622500E+04        
1.627500E+04        
1.632500E+04        
1.637500E+04        
1.642500E+04        
1.647500E+04        
1.652500E+04        
1.657500E+04        
1.662500E+04        
1.667500E+04        
1.672500E+04        
1.677500E+04        
1.682500E+04        
1.687500E+04        
1.692500E+04        
1.697500E+04        
1.702500E+04        
1.707500E+04        
1.712500E+04        
1.717500E+04        
1.722500E+04        
1.727500E+04        
1.732500E+04        
1.737500E+04        
1.742500E+04        
1.747500E+04        
1.752500E+04        
1.757500E+04        
1.762500E+04        
1.767500E+04        
1.772500E+04        
1.777500E+04        
1.782500E+04        
1.787500E+04        
1.792500E+04        
1.797500E+04        
1.802500E+04        
1.807500E+04        
1.812500E+04        
1.817500E+04        
1.822500E+04        
1.827500E+04        
1.832500E+04        
1.837500E+04        
1.842500E+04        
1.847500E+04        
1.852500E+04        
1.857500E+04        
1.862500E+04        
1.867500E+04        
1.872500E+04        
1.877500E+04        
1.882500E+04        
1.887500E+04        
1.892500E+04        
1.897500E+04        
1.902500E+04        
1.907500E+04        
1.912500E+04        
1.917500E+04        
1.922500E+04        
1.927500E+04        
1.932500E+04        
1.937500E+04        
1.942500E+04        
1.947500E+04        
1.952500E+04        
1.957500E+04        
1.962500E+04        
1.967500E+04        
1.972500E+04        
1.977500E+04        
1.982500E+04        
1.987500E+04        
1.992500E+04        
1.997500E+04        
2.002500E+04        
2.007500E+04        
2.012500E+04        
2.017500E+04        
2.022500E+04        
2.027500E+04        
2.032500E+04        
2.037500E+04        
2.042500E+04        
2.047500E+04        
2.052500E+04        
2.057500E+04        
2.062500E+04        
2.067500E+04        
2.072500E+04        
2.077500E+04        
2.082500E+04        
2.087500E+04        
2.092500E+04        
2.097500E+04        
2.102500E+04        
2.107500E+04        
2.112500E+04        
2.117500E+04        
2.122500E+04        
2.127500E+04        
2.132500E+04        
2.137500E+04        
2.142500E+04        
2.147500E+04        
2.152500E+04        
2.157500E+04        
2.162500E+04        
2.167500E+04        
2.172500E+04        
2.177500E+04        
2.182500E+04        
2.187500E+04        
2.192500E+04        
2.197500E+04        
2.202500E+04        
2.207500E+04        
2.212500E+04        
2.217500E+04        
2.222500E+04        
2.227500E+04        
2.232500E+04        
2.237500E+04        
2.242500E+04        
2.247500E+04        
2.252500E+04        
2.257500E+04        
2.262500E+04        
2.267500E+04        
2.272500E+04        
2.277500E+04        
2.282500E+04        
2.287500E+04        
2.292500E+04        
2.297500E+04        
2.302500E+04        
2.307500E+04        
2.312500E+04        
2.317500E+04        
2.322500E+04        
2.327500E+04        
2.332500E+04        
2.337500E+04        
2.342500E+04        
2.347500E+04        
2.352500E+04        
2.357500E+04        
2.362500E+04        
2.367500E+04        
2.372500E+04        
2.377500E+04        
2.382500E+04        
2.387500E+04        
2.392500E+04        
2.397500E+04        
2.402500E+04        
2.407500E+04        
2.412500E+04        
2.417500E+04        
2.422500E+04        
2.427500E+04        
2.432500E+04        
2.437500E+04        
2.442500E+04        
2.447500E+04        
2.452500E+04        
2.457500E+04        
2.462500E+04        
2.467500E+04        
2.472500E+04        
2.477500E+04        
2.482500E+04        
2.487500E+04        
2.492500E+04        
2.497500E+04        
2.502500E+04        
2.507500E+04        
2.512500E+04        
2.517500E+04        
2.522500E+04        
2.527500E+04        
2.532500E+04        
2.537500E+04        
2.542500E+04        
2.547500E+04        
2.552500E+04        
2.557500E+04        
2.562500E+04        
2.567500E+04        
2.572500E+04        
2.577500E+04        
2.582500E+04        
2.587500E+04        
2.592500E+04        
2.597500E+04        
2.602500E+04        
2.607500E+04        
2.612500E+04        
2.617500E+04        
2.622500E+04        
2.627500E+04        
2.632500E+04        
2.637500E+04        
2.642500E+04        
2.647500E+04        
2.652500E+04        
2.657500E+04        
2.662500E+04        
2.667500E+04        
2.672500E+04        
2.677500E+04        
2.682500E+04        
2.687500E+04        
2.692500E+04        
2.697500E+04        
2.702500E+04        
2.707500E+04        
2.712500E+04        
2.717500E+04        
2.722500E+04        
2.727500E+04        
2.732500E+04        
2.737500E+04        
2.742500E+04        
2.747500E+04        
2.752500E+04        
2.757500E+04        
2.762500E+04        
2.767500E+04        
2.772500E+04        
2.777500E+04        
2.782500E+04        
2.787500E+04        
2.792500E+04        
2.797500E+04        
2.802500E+04        
2.807500E+04        
2.812500E+04        
2.817500E+04        
2.822500E+04        
2.827500E+04        
2.832500E+04        
2.837500E+04        
2.842500E+04        
2.847500E+04        
2.852500E+04        
2.857500E+04        
2.862500E+04        
2.867500E+04        
2.872500E+04        
2.877500E+04        
2.882500E+04        
2.887500E+04        
2.892500E+04        
2.897500E+04        
2.902500E+04        
2.907500E+04        
2.912500E+04        
2.917500E+04        
2.922500E+04        
2.927500E+04        
2.932500E+04        
2.937500E+04        
2.942500E+04        
2.947500E+04        
2.952500E+04        
2.957500E+04        
2.962500E+04        
2.967500E+04        
2.972500E+04        
2.977500E+04        
2.982500E+04        
2.987500E+04        
2.992500E+04        
2.997500E+04        
3.002500E+04        
3.007500E+04        
3.012500E+04        
3.017500E+04        
3.022500E+04        
3.027500E+04        
3.032500E+04        
3.037500E+04        
3.042500E+04        
3.047500E+04        
3.052500E+04        
3.057500E+04        
3.062500E+04        
3.067500E+04        
3.072500E+04        
3.077500E+04        
3.082500E+04        
3.087500E+04        
3.092500E+04        
3.097500E+04        
3.102500E+04        
3.107500E+04        
3.112500E+04        
3.117500E+04        
3.122500E+04        
3.127500E+04        
3.132500E+04        
3.137500E+04        
3.142500E+04        
3.147500E+04        
3.152500E+04        
3.157500E+04        
3.162500E+04        
3.167500E+04        
3.172500E+04        
3.177500E+04        
3.182500E+04        
3.187500E+04        
3.192500E+04        
3.197500E+04        
3.202500E+04        
3.207500E+04        
3.212500E+04        
3.217500E+04        
3.222500E+04        
3.227500E+04        
3.232500E+04        
3.237500E+04        
3.242500E+04        
3.247500E+04        
3.252500E+04        
3.257500E+04        
3.262500E+04        
3.267500E+04        
3.272500E+04        
3.277500E+04        
3.282500E+04        
3.287500E+04        
3.292500E+04        
3.297500E+04        
3.302500E+04        
3.307500E+04        
3.312500E+04        
3.317500E+04        
3.322500E+04        
3.327500E+04        
3.332500E+04        
3.337500E+04        
3.342500E+04        
3.347500E+04        
3.352500E+04        
3.357500E+04        
3.362500E+04        
3.367500E+04        
3.372500E+04        
3.377500E+04        
3.382500E+04        
3.387500E+04        
3.392500E+04        
3.397500E+04        
3.402500E+04        
3.407500E+04        
3.412500E+04        
3.417500E+04        
3.422500E+04        
3.427500E+04        
3.432500E+04        
3.437500E+04        
3.442500E+04        
3.447500E+04        
3.452500E+04        
3.457500E+04        
3.462500E+04        
3.467500E+04        
3.472500E+04        
3.477500E+04        
3.482500E+04        
3.487500E+04        
3.492500E+04        
3.497500E+04        
