#NTIMES: 5
#NSTAGES: 3 
#TIMES[d]: 100 150 200 300 400
#
#TIME: 100
#NVEL: 40
#vel_mid[km/s] si0 si1 si2
2.500000e+02 2.992000e-06 2.753000e-01 7.247000e-01
7.500000e+02 2.689000e-06 2.572000e-01 7.428000e-01
1.250000e+03 3.671000e-06 3.421000e-01 6.579000e-01
1.750000e+03 4.180000e-06 3.509000e-01 6.491000e-01
2.250000e+03 5.822000e-06 3.962000e-01 6.038000e-01
2.750000e+03 9.454000e-06 4.792000e-01 5.208000e-01
3.250000e+03 1.592000e-05 5.735000e-01 4.265000e-01
3.750000e+03 2.592000e-05 6.497000e-01 3.503000e-01
4.250000e+03 3.844000e-05 6.851000e-01 3.149000e-01
4.750000e+03 4.020000e-05 7.049000e-01 2.951000e-01
5.250000e+03 4.908000e-05 7.183000e-01 2.816000e-01
5.750000e+03 5.927000e-05 7.273000e-01 2.727000e-01
6.250000e+03 5.862000e-05 7.314000e-01 2.686000e-01
6.750000e+03 5.182000e-05 7.321000e-01 2.679000e-01
7.250000e+03 4.286000e-05 7.294000e-01 2.706000e-01
7.750000e+03 3.295000e-05 7.234000e-01 2.766000e-01
8.250000e+03 2.331000e-05 7.166000e-01 2.834000e-01
8.750000e+03 1.607000e-05 7.064000e-01 2.936000e-01
9.250000e+03 1.157000e-05 6.966000e-01 3.034000e-01
9.750000e+03 8.871000e-06 6.843000e-01 3.157000e-01
1.025000e+04 7.088000e-06 6.706000e-01 3.294000e-01
1.075000e+04 5.887000e-06 6.549000e-01 3.451000e-01
1.125000e+04 5.065000e-06 6.396000e-01 3.604000e-01
1.175000e+04 4.450000e-06 6.212000e-01 3.788000e-01
1.225000e+04 3.942000e-06 6.022000e-01 3.978000e-01
1.275000e+04 3.540000e-06 5.830000e-01 4.170000e-01
1.325000e+04 3.204000e-06 5.604000e-01 4.396000e-01
1.375000e+04 2.935000e-06 5.395000e-01 4.605000e-01
1.425000e+04 2.708000e-06 5.176000e-01 4.823000e-01
1.475000e+04 2.503000e-06 4.948000e-01 5.052000e-01
1.525000e+04 2.346000e-06 4.740000e-01 5.260000e-01
1.575000e+04 2.186000e-06 4.519000e-01 5.481000e-01
1.625000e+04 2.017000e-06 4.279000e-01 5.721000e-01
1.675000e+04 1.886000e-06 4.058000e-01 5.942000e-01
1.725000e+04 1.756000e-06 3.837000e-01 6.163000e-01
1.775000e+04 1.643000e-06 3.624000e-01 6.376000e-01
1.825000e+04 1.559000e-06 3.421000e-01 6.579000e-01
1.875000e+04 1.472000e-06 3.246000e-01 6.754000e-01
1.925000e+04 1.409000e-06 3.091000e-01 6.909000e-01
1.975000e+04 1.417000e-06 3.030000e-01 6.970000e-01
#
#TIME: 150
#NVEL: 40
#vel_mid[km/s] si0 si1 si2
2.500000e+02 7.407000e-06 2.702000e-01 7.298000e-01
7.500000e+02 7.465000e-06 2.494000e-01 7.506000e-01
1.250000e+03 1.006000e-05 3.312000e-01 6.688000e-01
1.750000e+03 1.098000e-05 3.350000e-01 6.650000e-01
2.250000e+03 1.446000e-05 3.751000e-01 6.249000e-01
2.750000e+03 2.114000e-05 4.514000e-01 5.486000e-01
3.250000e+03 3.240000e-05 5.473000e-01 4.526000e-01
3.750000e+03 4.941000e-05 6.294000e-01 3.706000e-01
4.250000e+03 5.330000e-05 6.747000e-01 3.253000e-01
4.750000e+03 1.790000e-05 6.953000e-01 3.047000e-01
5.250000e+03 1.404000e-05 7.079000e-01 2.921000e-01
5.750000e+03 1.238000e-05 7.154000e-01 2.846000e-01
6.250000e+03 1.105000e-05 7.177000e-01 2.823000e-01
6.750000e+03 9.846000e-06 7.168000e-01 2.832000e-01
7.250000e+03 8.723000e-06 7.138000e-01 2.862000e-01
7.750000e+03 7.689000e-06 7.077000e-01 2.923000e-01
8.250000e+03 6.895000e-06 7.006000e-01 2.994000e-01
8.750000e+03 6.249000e-06 6.908000e-01 3.091000e-01
9.250000e+03 5.724000e-06 6.799000e-01 3.201000e-01
9.750000e+03 5.269000e-06 6.669000e-01 3.331000e-01
1.025000e+04 4.836000e-06 6.526000e-01 3.474000e-01
1.075000e+04 4.505000e-06 6.371000e-01 3.628000e-01
1.125000e+04 4.181000e-06 6.205000e-01 3.795000e-01
1.175000e+04 3.897000e-06 6.025000e-01 3.975000e-01
1.225000e+04 3.638000e-06 5.830000e-01 4.170000e-01
1.275000e+04 3.399000e-06 5.629000e-01 4.371000e-01
1.325000e+04 3.163000e-06 5.399000e-01 4.601000e-01
1.375000e+04 2.990000e-06 5.182000e-01 4.818000e-01
1.425000e+04 2.820000e-06 4.937000e-01 5.063000e-01
1.475000e+04 2.623000e-06 4.696000e-01 5.304000e-01
1.525000e+04 2.507000e-06 4.463000e-01 5.537000e-01
1.575000e+04 2.369000e-06 4.215000e-01 5.785000e-01
1.625000e+04 2.199000e-06 3.959000e-01 6.041000e-01
1.675000e+04 2.030000e-06 3.700000e-01 6.300000e-01
1.725000e+04 1.846000e-06 3.455000e-01 6.545000e-01
1.775000e+04 1.671000e-06 3.202000e-01 6.798000e-01
1.825000e+04 1.503000e-06 2.965000e-01 7.035000e-01
1.875000e+04 1.327000e-06 2.737000e-01 7.263000e-01
1.925000e+04 1.173000e-06 2.527000e-01 7.473000e-01
1.975000e+04 1.118000e-06 2.511000e-01 7.489000e-01
#
#TIME: 200
#NVEL: 40
#vel_mid[km/s] si0 si1 si2
2.500000e+02 1.395000e-05 2.808000e-01 7.192000e-01
7.500000e+02 1.204000e-05 2.580000e-01 7.420000e-01
1.250000e+03 1.552000e-05 3.386000e-01 6.614000e-01
1.750000e+03 1.585000e-05 3.365000e-01 6.635000e-01
2.250000e+03 1.939000e-05 3.718000e-01 6.282000e-01
2.750000e+03 2.667000e-05 4.457000e-01 5.542000e-01
3.250000e+03 3.813000e-05 5.418000e-01 4.582000e-01
3.750000e+03 5.677000e-05 6.344000e-01 3.655000e-01
4.250000e+03 6.065000e-05 7.129000e-01 2.870000e-01
4.750000e+03 2.355000e-05 7.333000e-01 2.667000e-01
5.250000e+03 1.928000e-05 7.491000e-01 2.509000e-01
5.750000e+03 1.843000e-05 7.613000e-01 2.387000e-01
6.250000e+03 1.805000e-05 7.673000e-01 2.326000e-01
6.750000e+03 1.753000e-05 7.688000e-01 2.312000e-01
7.250000e+03 1.697000e-05 7.669000e-01 2.330000e-01
7.750000e+03 1.626000e-05 7.621000e-01 2.378000e-01
8.250000e+03 1.549000e-05 7.550000e-01 2.449000e-01
8.750000e+03 1.470000e-05 7.472000e-01 2.528000e-01
9.250000e+03 1.387000e-05 7.363000e-01 2.637000e-01
9.750000e+03 1.306000e-05 7.252000e-01 2.748000e-01
1.025000e+04 1.223000e-05 7.120000e-01 2.880000e-01
1.075000e+04 1.139000e-05 6.952000e-01 3.048000e-01
1.125000e+04 1.060000e-05 6.791000e-01 3.209000e-01
1.175000e+04 9.890000e-06 6.614000e-01 3.386000e-01
1.225000e+04 9.173000e-06 6.422000e-01 3.578000e-01
1.275000e+04 8.527000e-06 6.212000e-01 3.788000e-01
1.325000e+04 7.936000e-06 5.985000e-01 4.014000e-01
1.375000e+04 7.446000e-06 5.751000e-01 4.249000e-01
1.425000e+04 6.918000e-06 5.489000e-01 4.511000e-01
1.475000e+04 6.486000e-06 5.233000e-01 4.767000e-01
1.525000e+04 6.107000e-06 4.980000e-01 5.020000e-01
1.575000e+04 5.651000e-06 4.699000e-01 5.301000e-01
1.625000e+04 5.235000e-06 4.428000e-01 5.572000e-01
1.675000e+04 4.796000e-06 4.141000e-01 5.859000e-01
1.725000e+04 4.367000e-06 3.861000e-01 6.139000e-01
1.775000e+04 3.938000e-06 3.581000e-01 6.419000e-01
1.825000e+04 3.531000e-06 3.312000e-01 6.688000e-01
1.875000e+04 3.141000e-06 3.057000e-01 6.943000e-01
1.925000e+04 2.808000e-06 2.850000e-01 7.150000e-01
1.975000e+04 2.722000e-06 2.860000e-01 7.140000e-01
#
#TIME: 300
#NVEL: 40
#vel_mid[km/s] si0 si1 si2
2.500000e+02 2.605000e-05 3.224000e-01 6.775000e-01
7.500000e+02 2.104000e-05 2.943000e-01 7.057000e-01
1.250000e+03 2.493000e-05 3.749000e-01 6.251000e-01
1.750000e+03 2.423000e-05 3.656000e-01 6.343000e-01
2.250000e+03 2.852000e-05 3.937000e-01 6.063000e-01
2.750000e+03 3.949000e-05 4.641000e-01 5.359000e-01
3.250000e+03 6.190000e-05 5.690000e-01 4.309000e-01
3.750000e+03 1.061000e-04 6.913000e-01 3.086000e-01
4.250000e+03 2.944000e-04 8.053000e-01 1.944000e-01
4.750000e+03 1.803000e-03 8.554000e-01 1.428000e-01
5.250000e+03 6.391000e-03 8.741000e-01 1.195000e-01
5.750000e+03 1.173000e-02 8.807000e-01 1.076000e-01
6.250000e+03 1.541000e-02 8.818000e-01 1.028000e-01
6.750000e+03 1.698000e-02 8.806000e-01 1.024000e-01
7.250000e+03 1.664000e-02 8.790000e-01 1.043000e-01
7.750000e+03 1.463000e-02 8.760000e-01 1.094000e-01
8.250000e+03 1.204000e-02 8.714000e-01 1.166000e-01
8.750000e+03 8.958000e-03 8.648000e-01 1.262000e-01
9.250000e+03 5.660000e-03 8.545000e-01 1.399000e-01
9.750000e+03 3.207000e-03 8.413000e-01 1.555000e-01
1.025000e+04 2.179000e-03 8.274000e-01 1.704000e-01
1.075000e+04 2.906000e-03 8.214000e-01 1.757000e-01
1.125000e+04 2.122000e-03 8.085000e-01 1.894000e-01
1.175000e+04 7.235000e-04 7.857000e-01 2.136000e-01
1.225000e+04 3.300000e-04 7.636000e-01 2.361000e-01
1.275000e+04 2.127000e-04 7.442000e-01 2.556000e-01
1.325000e+04 1.605000e-04 7.252000e-01 2.746000e-01
1.375000e+04 1.330000e-04 7.060000e-01 2.938000e-01
1.425000e+04 1.147000e-04 6.846000e-01 3.153000e-01
1.475000e+04 1.010000e-04 6.627000e-01 3.372000e-01
1.525000e+04 9.111000e-05 6.414000e-01 3.585000e-01
1.575000e+04 8.193000e-05 6.167000e-01 3.832000e-01
1.625000e+04 7.429000e-05 5.915000e-01 4.084000e-01
1.675000e+04 6.771000e-05 5.647000e-01 4.353000e-01
1.725000e+04 6.167000e-05 5.366000e-01 4.633000e-01
1.775000e+04 5.681000e-05 5.091000e-01 4.908000e-01
1.825000e+04 5.223000e-05 4.801000e-01 5.198000e-01
1.875000e+04 4.885000e-05 4.542000e-01 5.458000e-01
1.925000e+04 4.714000e-05 4.338000e-01 5.662000e-01
1.975000e+04 4.967000e-05 4.352000e-01 5.647000e-01
#
#TIME: 400
#NVEL: 40
#vel_mid[km/s] si0 si1 si2
2.500000e+02 5.982000e-05 3.984000e-01 6.015000e-01
7.500000e+02 4.692000e-05 3.657000e-01 6.343000e-01
1.250000e+03 5.134000e-05 4.505000e-01 5.495000e-01
1.750000e+03 4.771000e-05 4.371000e-01 5.629000e-01
2.250000e+03 5.355000e-05 4.607000e-01 5.393000e-01
2.750000e+03 7.094000e-05 5.285000e-01 4.714000e-01
3.250000e+03 1.056000e-04 6.347000e-01 3.652000e-01
3.750000e+03 2.013000e-04 7.578000e-01 2.420000e-01
4.250000e+03 2.733000e-02 8.866000e-01 8.602000e-02
4.750000e+03 1.677000e-01 7.830000e-01 4.935000e-02
5.250000e+03 2.085000e-01 7.456000e-01 4.589000e-02
5.750000e+03 2.285000e-01 7.276000e-01 4.387000e-02
6.250000e+03 2.393000e-01 7.177000e-01 4.303000e-02
6.750000e+03 2.479000e-01 7.096000e-01 4.247000e-02
7.250000e+03 2.506000e-01 7.067000e-01 4.266000e-02
7.750000e+03 2.536000e-01 7.034000e-01 4.297000e-02
8.250000e+03 2.575000e-01 6.993000e-01 4.324000e-02
8.750000e+03 2.638000e-01 6.931000e-01 4.311000e-02
9.250000e+03 2.830000e-01 6.761000e-01 4.087000e-02
9.750000e+03 3.400000e-01 6.284000e-01 3.160000e-02
1.025000e+04 3.506000e-01 6.194000e-01 3.000000e-02
1.075000e+04 3.527000e-01 6.178000e-01 2.951000e-02
1.125000e+04 3.516000e-01 6.193000e-01 2.903000e-02
1.175000e+04 3.450000e-01 6.257000e-01 2.925000e-02
1.225000e+04 3.371000e-01 6.330000e-01 2.986000e-02
1.275000e+04 3.248000e-01 6.445000e-01 3.070000e-02
1.325000e+04 3.095000e-01 6.585000e-01 3.197000e-02
1.375000e+04 2.940000e-01 6.727000e-01 3.324000e-02
1.425000e+04 2.752000e-01 6.899000e-01 3.498000e-02
1.475000e+04 2.614000e-01 7.017000e-01 3.688000e-02
1.525000e+04 2.473000e-01 7.138000e-01 3.892000e-02
1.575000e+04 2.298000e-01 7.287000e-01 4.151000e-02
1.625000e+04 2.105000e-01 7.452000e-01 4.431000e-02
1.675000e+04 1.909000e-01 7.616000e-01 4.753000e-02
1.725000e+04 1.684000e-01 7.805000e-01 5.112000e-02
1.775000e+04 1.467000e-01 7.983000e-01 5.499000e-02
1.825000e+04 1.219000e-01 8.188000e-01 5.935000e-02
1.875000e+04 9.647000e-02 8.394000e-01 6.416000e-02
1.925000e+04 7.215000e-02 8.582000e-01 6.961000e-02
1.975000e+04 6.673000e-02 8.572000e-01 7.604000e-02
