#NTIMES: 1229
#time[d] Lbol[erg/s] Edep[erg/s]
2.000012e+00 3.9890e+34 6.4400e+42
2.000035e+00 8.8960e+34 6.4400e+42
2.000080e+00 1.4250e+35 6.4400e+42
2.000172e+00 2.0670e+35 6.4400e+42
2.000353e+00 3.1910e+35 6.4400e+42
2.000568e+00 4.5270e+35 6.4390e+42
2.000761e+00 6.8980e+35 6.4390e+42
2.000945e+00 1.0990e+36 6.4390e+42
2.001131e+00 1.8810e+36 6.4390e+42
2.001327e+00 3.3990e+36 6.4390e+42
2.001538e+00 6.4990e+36 6.4390e+42
2.001763e+00 1.2540e+37 6.4390e+42
2.001999e+00 2.3340e+37 6.4390e+42
2.002241e+00 4.0820e+37 6.4390e+42
2.002482e+00 6.6340e+37 6.4380e+42
2.002716e+00 1.0030e+38 6.4380e+42
2.002939e+00 1.4230e+38 6.4380e+42
2.003151e+00 1.9170e+38 6.4380e+42
2.003354e+00 2.4840e+38 6.4380e+42
2.003549e+00 3.1220e+38 6.4380e+42
2.003738e+00 3.8310e+38 6.4380e+42
2.003923e+00 4.6140e+38 6.4380e+42
2.004106e+00 5.4720e+38 6.4380e+42
2.004289e+00 6.4170e+38 6.4370e+42
2.004474e+00 7.4660e+38 6.4370e+42
2.004665e+00 8.6430e+38 6.4370e+42
2.004865e+00 9.9790e+38 6.4370e+42
2.005079e+00 1.1510e+39 6.4370e+42
2.005308e+00 1.3280e+39 6.4370e+42
2.005558e+00 1.5350e+39 6.4370e+42
2.005834e+00 1.7790e+39 6.4370e+42
2.006140e+00 2.0680e+39 6.4360e+42
2.006482e+00 2.4100e+39 6.4360e+42
2.006864e+00 2.8150e+39 6.4360e+42
2.007290e+00 3.2880e+39 6.4360e+42
2.007761e+00 3.8330e+39 6.4350e+42
2.008273e+00 4.4470e+39 6.4350e+42
2.008820e+00 5.1190e+39 6.4350e+42
2.009395e+00 5.8350e+39 6.4340e+42
2.009973e+00 6.5610e+39 6.4340e+42
2.010526e+00 7.2560e+39 6.4340e+42
2.011043e+00 7.9030e+39 6.4330e+42
2.011521e+00 8.4970e+39 6.4330e+42
2.011966e+00 9.0440e+39 6.4330e+42
2.012385e+00 9.5540e+39 6.4330e+42
2.012784e+00 1.0030e+40 6.4320e+42
2.013168e+00 1.0490e+40 6.4320e+42
2.013542e+00 1.0930e+40 6.4320e+42
2.013911e+00 1.1360e+40 6.4320e+42
2.014282e+00 1.1780e+40 6.4320e+42
2.014661e+00 1.2200e+40 6.4310e+42
2.015056e+00 1.2640e+40 6.4310e+42
2.015473e+00 1.3090e+40 6.4310e+42
2.015920e+00 1.3560e+40 6.4310e+42
2.016403e+00 1.4060e+40 6.4300e+42
2.016932e+00 1.4590e+40 6.4300e+42
2.017516e+00 1.5160e+40 6.4300e+42
2.018163e+00 1.5770e+40 6.4290e+42
2.018881e+00 1.6420e+40 6.4290e+42
2.019675e+00 1.7100e+40 6.4280e+42
2.020518e+00 1.7790e+40 6.4280e+42
2.021336e+00 1.8430e+40 6.4270e+42
2.022114e+00 1.9010e+40 6.4270e+42
2.022848e+00 1.9530e+40 6.4270e+42
2.023542e+00 2.0000e+40 6.4260e+42
2.024203e+00 2.0430e+40 6.4260e+42
2.024840e+00 2.0820e+40 6.4250e+42
2.025459e+00 2.1190e+40 6.4250e+42
2.026065e+00 2.1540e+40 6.4250e+42
2.026664e+00 2.1870e+40 6.4240e+42
2.027264e+00 2.2190e+40 6.4240e+42
2.027875e+00 2.2500e+40 6.4240e+42
2.028505e+00 2.2810e+40 6.4230e+42
2.029165e+00 2.3120e+40 6.4230e+42
2.029864e+00 2.3430e+40 6.4220e+42
2.030613e+00 2.3740e+40 6.4220e+42
2.031423e+00 2.4070e+40 6.4220e+42
2.032306e+00 2.4400e+40 6.4210e+42
2.033275e+00 2.4740e+40 6.4200e+42
2.034342e+00 2.5080e+40 6.4200e+42
2.035364e+00 2.5390e+40 6.4190e+42
2.036333e+00 2.5660e+40 6.4190e+42
2.037254e+00 2.5900e+40 6.4180e+42
2.038138e+00 2.6110e+40 6.4180e+42
2.038998e+00 2.6310e+40 6.4170e+42
2.039843e+00 2.6490e+40 6.4170e+42
2.040680e+00 2.6650e+40 6.4160e+42
2.041518e+00 2.6810e+40 6.4160e+42
2.042366e+00 2.6950e+40 6.4150e+42
2.043234e+00 2.7090e+40 6.4150e+42
2.044136e+00 2.7220e+40 6.4140e+42
2.045081e+00 2.7350e+40 6.4140e+42
2.046080e+00 2.7470e+40 6.4130e+42
2.047143e+00 2.7580e+40 6.4120e+42
2.048278e+00 2.7690e+40 6.4120e+42
2.049495e+00 2.7790e+40 6.4110e+42
2.050787e+00 2.7880e+40 6.4100e+42
2.052007e+00 2.7950e+40 6.4100e+42
2.053162e+00 2.8010e+40 6.4090e+42
2.054268e+00 2.8060e+40 6.4080e+42
2.055344e+00 2.8090e+40 6.4080e+42
2.056407e+00 2.8120e+40 6.4070e+42
2.057468e+00 2.8130e+40 6.4060e+42
2.058538e+00 2.8140e+40 6.4060e+42
2.059630e+00 2.8150e+40 6.4050e+42
2.060760e+00 2.8140e+40 6.4040e+42
2.061943e+00 2.8130e+40 6.4040e+42
2.063196e+00 2.8110e+40 6.4030e+42
2.064532e+00 2.8070e+40 6.4020e+42
2.065958e+00 2.8030e+40 6.4010e+42
2.067481e+00 2.7980e+40 6.4010e+42
2.069012e+00 2.7910e+40 6.4000e+42
2.070460e+00 2.7850e+40 6.3990e+42
2.071837e+00 2.7770e+40 6.3980e+42
2.073169e+00 2.7700e+40 6.3970e+42
2.074478e+00 2.7620e+40 6.3970e+42
2.075783e+00 2.7540e+40 6.3960e+42
2.077098e+00 2.7450e+40 6.3950e+42
2.078441e+00 2.7360e+40 6.3940e+42
2.079829e+00 2.7260e+40 6.3940e+42
2.081284e+00 2.7150e+40 6.3930e+42
2.082826e+00 2.7030e+40 6.3920e+42
2.084473e+00 2.6900e+40 6.3910e+42
2.086237e+00 2.6750e+40 6.3900e+42
2.088053e+00 2.6600e+40 6.3890e+42
2.089778e+00 2.6450e+40 6.3880e+42
2.091425e+00 2.6300e+40 6.3870e+42
2.093024e+00 2.6160e+40 6.3860e+42
2.094602e+00 2.6010e+40 6.3850e+42
2.096182e+00 2.5870e+40 6.3840e+42
2.097782e+00 2.5720e+40 6.3830e+42
2.099420e+00 2.5560e+40 6.3820e+42
2.101119e+00 2.5400e+40 6.3810e+42
2.102901e+00 2.5230e+40 6.3800e+42
2.104791e+00 2.5050e+40 6.3790e+42
2.106807e+00 2.4850e+40 6.3780e+42
2.108900e+00 2.4650e+40 6.3770e+42
2.110892e+00 2.4460e+40 6.3760e+42
2.112806e+00 2.4270e+40 6.3750e+42
2.114677e+00 2.4090e+40 6.3730e+42
2.116539e+00 2.3910e+40 6.3720e+42
2.118416e+00 2.3730e+40 6.3710e+42
2.120331e+00 2.3550e+40 6.3700e+42
2.122304e+00 2.3360e+40 6.3690e+42
2.124359e+00 2.3160e+40 6.3680e+42
2.126521e+00 2.2960e+40 6.3670e+42
2.128813e+00 2.2740e+40 6.3650e+42
2.131192e+00 2.2520e+40 6.3640e+42
2.133465e+00 2.2310e+40 6.3630e+42
2.135662e+00 2.2110e+40 6.3610e+42
2.137823e+00 2.1910e+40 6.3600e+42
2.139989e+00 2.1720e+40 6.3590e+42
2.142188e+00 2.1520e+40 6.3580e+42
2.144445e+00 2.1320e+40 6.3560e+42
2.146783e+00 2.1120e+40 6.3550e+42
2.149227e+00 2.0900e+40 6.3530e+42
2.151800e+00 2.0690e+40 6.3520e+42
2.154493e+00 2.0460e+40 6.3500e+42
2.157074e+00 2.0250e+40 6.3490e+42
2.159577e+00 2.0040e+40 6.3480e+42
2.162052e+00 1.9840e+40 6.3460e+42
2.164543e+00 1.9640e+40 6.3450e+42
2.167085e+00 1.9440e+40 6.3430e+42
2.169704e+00 1.9240e+40 6.3420e+42
2.172423e+00 1.9030e+40 6.3400e+42
2.175266e+00 1.8820e+40 6.3390e+42
2.178253e+00 1.8600e+40 6.3370e+42
2.181180e+00 1.8390e+40 6.3350e+42
2.184021e+00 1.8180e+40 6.3340e+42
2.186829e+00 1.7980e+40 6.3320e+42
2.189657e+00 1.7790e+40 6.3300e+42
2.192546e+00 1.7590e+40 6.3290e+42
2.195525e+00 1.7390e+40 6.3270e+42
2.198617e+00 1.7180e+40 6.3250e+42
2.201843e+00 1.6970e+40 6.3230e+42
2.205177e+00 1.6760e+40 6.3210e+42
2.208400e+00 1.6560e+40 6.3200e+42
2.211565e+00 1.6360e+40 6.3180e+42
2.214732e+00 1.6170e+40 6.3160e+42
2.217956e+00 1.5980e+40 6.3140e+42
2.221273e+00 1.5780e+40 6.3120e+42
2.224709e+00 1.5580e+40 6.3100e+42
2.228283e+00 1.5380e+40 6.3080e+42
2.231966e+00 1.5170e+40 6.3060e+42
2.235542e+00 1.4970e+40 6.3040e+42
2.239069e+00 1.4780e+40 6.3020e+42
2.242617e+00 1.4600e+40 6.3000e+42
2.246239e+00 1.4410e+40 6.2980e+42
2.249974e+00 1.4220e+40 6.2960e+42
2.253845e+00 1.4020e+40 6.2940e+42
2.257866e+00 1.3820e+40 6.2920e+42
2.261852e+00 1.3630e+40 6.2890e+42
2.265771e+00 1.3440e+40 6.2870e+42
2.269694e+00 1.3260e+40 6.2850e+42
2.273687e+00 1.3080e+40 6.2830e+42
2.277796e+00 1.2900e+40 6.2800e+42
2.282048e+00 1.2710e+40 6.2780e+42
2.286456e+00 1.2520e+40 6.2750e+42
2.290824e+00 1.2340e+40 6.2730e+42
2.295138e+00 1.2160e+40 6.2700e+42
2.299475e+00 1.1990e+40 6.2680e+42
2.303903e+00 1.1810e+40 6.2650e+42
2.308464e+00 1.1630e+40 6.2630e+42
2.313181e+00 1.1460e+40 6.2600e+42
2.318002e+00 1.1280e+40 6.2580e+42
2.322743e+00 1.1110e+40 6.2550e+42
2.327482e+00 1.0940e+40 6.2520e+42
2.332295e+00 1.0770e+40 6.2490e+42
2.337239e+00 1.0600e+40 6.2470e+42
2.342342e+00 1.0430e+40 6.2440e+42
2.347589e+00 1.0270e+40 6.2410e+42
2.352760e+00 1.0100e+40 6.2380e+42
2.357933e+00 9.9430e+39 6.2350e+42
2.363189e+00 9.7850e+39 6.2320e+42
2.368585e+00 9.6270e+39 6.2290e+42
2.374151e+00 9.4680e+39 6.2260e+42
2.379803e+00 9.3100e+39 6.2230e+42
2.385411e+00 9.1570e+39 6.2200e+42
2.391056e+00 9.0070e+39 6.2170e+42
2.396816e+00 8.8580e+39 6.2130e+42
2.402739e+00 8.7090e+39 6.2100e+42
2.408848e+00 8.5590e+39 6.2070e+42
2.414918e+00 8.4140e+39 6.2030e+42
2.421005e+00 8.2720e+39 6.2000e+42
2.427192e+00 8.1310e+39 6.1960e+42
2.433538e+00 7.9910e+39 6.1930e+42
2.440076e+00 7.8500e+39 6.1890e+42
2.446616e+00 7.7130e+39 6.1860e+42
2.453177e+00 7.5790e+39 6.1820e+42
2.459844e+00 7.4470e+39 6.1780e+42
2.466677e+00 7.3150e+39 6.1750e+42
2.473712e+00 7.1840e+39 6.1710e+42
2.480732e+00 7.0560e+39 6.1670e+42
2.487802e+00 6.9300e+39 6.1630e+42
2.495003e+00 6.8060e+39 6.1590e+42
2.502390e+00 6.6830e+39 6.1550e+42
2.509911e+00 6.5600e+39 6.1510e+42
2.517443e+00 6.4410e+39 6.1470e+42
2.525074e+00 6.3240e+39 6.1420e+42
2.532876e+00 6.2080e+39 6.1380e+42
2.540896e+00 6.0920e+39 6.1340e+42
2.548923e+00 5.9770e+39 6.1290e+42
2.557035e+00 5.8690e+39 6.1250e+42
2.565308e+00 5.7590e+39 6.1200e+42
2.573800e+00 5.6500e+39 6.1150e+42
2.582344e+00 5.5440e+39 6.1110e+42
2.590974e+00 5.4390e+39 6.1060e+42
2.599770e+00 5.3360e+39 6.1010e+42
2.608794e+00 5.2330e+39 6.0960e+42
2.617874e+00 5.1330e+39 6.0910e+42
2.627060e+00 5.0350e+39 6.0860e+42
2.636432e+00 4.9370e+39 6.0810e+42
2.646029e+00 4.8410e+39 6.0760e+42
2.655676e+00 4.7460e+39 6.0710e+42
2.665465e+00 4.6540e+39 6.0660e+42
2.675472e+00 4.5620e+39 6.0600e+42
2.685631e+00 4.4710e+39 6.0550e+42
2.695893e+00 4.3830e+39 6.0490e+42
2.706347e+00 4.2950e+39 6.0430e+42
2.717049e+00 4.2090e+39 6.0380e+42
2.727827e+00 4.1240e+39 6.0320e+42
2.738778e+00 4.0410e+39 6.0260e+42
2.749979e+00 3.9570e+39 6.0200e+42
2.761305e+00 3.8780e+39 6.0140e+42
2.772793e+00 3.7990e+39 6.0080e+42
2.784529e+00 3.7180e+39 6.0010e+42
2.796426e+00 3.6430e+39 5.9950e+42
2.808489e+00 3.5660e+39 5.9890e+42
2.820806e+00 3.4910e+39 5.9820e+42
2.833299e+00 3.4180e+39 5.9760e+42
2.845972e+00 3.3460e+39 5.9690e+42
2.858917e+00 3.2760e+39 5.9620e+42
2.872032e+00 3.2060e+39 5.9550e+42
2.885355e+00 3.1380e+39 5.9480e+42
2.898979e+00 3.0710e+39 5.9410e+42
2.912753e+00 3.0050e+39 5.9330e+42
2.926775e+00 2.9400e+39 5.9260e+42
2.941058e+00 2.8760e+39 5.9190e+42
2.955538e+00 2.8140e+39 5.9110e+42
2.970317e+00 2.7520e+39 5.9030e+42
2.985306e+00 2.6920e+39 5.8950e+42
3.000555e+00 2.6330e+39 5.8870e+42
3.016091e+00 2.5750e+39 5.8790e+42
3.031855e+00 2.5180e+39 5.8710e+42
3.047952e+00 2.4610e+39 5.8630e+42
3.064266e+00 2.4060e+39 5.8540e+42
3.080895e+00 2.3520e+39 5.8460e+42
3.097790e+00 2.2990e+39 5.8370e+42
3.114985e+00 2.2470e+39 5.8280e+42
3.132482e+00 2.1960e+39 5.8190e+42
3.150275e+00 2.1460e+39 5.8100e+42
3.168396e+00 2.0970e+39 5.8000e+42
3.186816e+00 2.0490e+39 5.7910e+42
3.205582e+00 2.0020e+39 5.7810e+42
3.224658e+00 1.9550e+39 5.7720e+42
3.244088e+00 1.9100e+39 5.7620e+42
3.263848e+00 1.8650e+39 5.7520e+42
3.283966e+00 1.8210e+39 5.7420e+42
3.304441e+00 1.7790e+39 5.7310e+42
3.325273e+00 1.7370e+39 5.7210e+42
3.346496e+00 1.6950e+39 5.7100e+42
3.368074e+00 1.6550e+39 5.6990e+42
3.390069e+00 1.6160e+39 5.6880e+42
3.412431e+00 1.5770e+39 5.6770e+42
3.435200e+00 1.5390e+39 5.6660e+42
3.458390e+00 1.5020e+39 5.6540e+42
3.481977e+00 1.4650e+39 5.6430e+42
3.506001e+00 1.4300e+39 5.6310e+42
3.530458e+00 1.3950e+39 5.6190e+42
3.555343e+00 1.3610e+39 5.6060e+42
3.580682e+00 1.3270e+39 5.5940e+42
3.606490e+00 1.2940e+39 5.5810e+42
3.632746e+00 1.2620e+39 5.5690e+42
3.659471e+00 1.2310e+39 5.5560e+42
3.686675e+00 1.2000e+39 5.5420e+42
3.714364e+00 1.1700e+39 5.5290e+42
3.742542e+00 1.1410e+39 5.5160e+42
3.771173e+00 1.1120e+39 5.5020e+42
3.800255e+00 1.0840e+39 5.4880e+42
3.829792e+00 1.0570e+39 5.4740e+42
3.859784e+00 1.0340e+39 5.4590e+42
3.890234e+00 1.0080e+39 5.4450e+42
3.921144e+00 9.8290e+38 5.4300e+42
3.952519e+00 9.5820e+38 5.4160e+42
3.984360e+00 9.3420e+38 5.4010e+42
4.016672e+00 9.1070e+38 5.3860e+42
4.049460e+00 8.8790e+38 5.3700e+42
4.082729e+00 8.6560e+38 5.3550e+42
4.116485e+00 8.4400e+38 5.3390e+42
4.150726e+00 8.1920e+38 5.3240e+42
4.185453e+00 7.9860e+38 5.3080e+42
4.220674e+00 7.7870e+38 5.2920e+42
4.256399e+00 7.5930e+38 5.2750e+42
4.292640e+00 7.4060e+38 5.2590e+42
4.329410e+00 7.2240e+38 5.2420e+42
4.366726e+00 7.0480e+38 5.2250e+42
4.404575e+00 6.8790e+38 5.2090e+42
4.442971e+00 6.7170e+38 5.1920e+42
4.481933e+00 6.5630e+38 5.1740e+42
4.521484e+00 6.4180e+38 5.1570e+42
4.561607e+00 6.2810e+38 5.1390e+42
4.602325e+00 6.1560e+38 5.1210e+42
4.643666e+00 6.0430e+38 5.1030e+42
4.685609e+00 5.9440e+38 5.0850e+42
4.728190e+00 5.8610e+38 5.0670e+42
4.771408e+00 5.7980e+38 5.0480e+42
4.815285e+00 5.7570e+38 5.0290e+42
4.859823e+00 5.7440e+38 5.0100e+42
4.905054e+00 5.7950e+38 4.9910e+42
4.950970e+00 5.8840e+38 4.9720e+42
4.997598e+00 5.9910e+38 4.9520e+42
5.044958e+00 6.1760e+38 4.9320e+42
5.093062e+00 6.4220e+38 4.9120e+42
5.141927e+00 6.7370e+38 4.8920e+42
5.191572e+00 7.1340e+38 4.8720e+42
5.242020e+00 7.6260e+38 4.8510e+42
5.292736e+00 8.2200e+38 4.8310e+42
5.343634e+00 8.9270e+38 4.8100e+42
5.394716e+00 9.7630e+38 4.7900e+42
5.445989e+00 1.0740e+39 4.7690e+42
5.497461e+00 1.1880e+39 4.7490e+42
5.549117e+00 1.3190e+39 4.7280e+42
5.600869e+00 1.4690e+39 4.7080e+42
5.652573e+00 1.6400e+39 4.6880e+42
5.704121e+00 1.8350e+39 4.6680e+42
5.755416e+00 2.0500e+39 4.6480e+42
5.806352e+00 2.2890e+39 4.6280e+42
5.856800e+00 2.5550e+39 4.6090e+42
5.906633e+00 2.8570e+39 4.5900e+42
5.955804e+00 3.1890e+39 4.5720e+42
6.004378e+00 3.5560e+39 4.5530e+42
6.052415e+00 3.9490e+39 4.5350e+42
6.099769e+00 4.3790e+39 4.5180e+42
6.146725e+00 4.8370e+39 4.5000e+42
6.193485e+00 5.3330e+39 4.4830e+42
6.240217e+00 5.8800e+39 4.4660e+42
6.287065e+00 6.4630e+39 4.4490e+42
6.334153e+00 7.1100e+39 4.4320e+42
6.381589e+00 7.7980e+39 4.4150e+42
6.429473e+00 8.5660e+39 4.3980e+42
6.477895e+00 9.3800e+39 4.3810e+42
6.526937e+00 1.0270e+40 4.3630e+42
6.576678e+00 1.1230e+40 4.3460e+42
6.627193e+00 1.2280e+40 4.3280e+42
6.678554e+00 1.3430e+40 4.3100e+42
6.730832e+00 1.4680e+40 4.2920e+42
6.784096e+00 1.6030e+40 4.2740e+42
6.838416e+00 1.7520e+40 4.2550e+42
6.893859e+00 1.9150e+40 4.2360e+42
6.950497e+00 2.0930e+40 4.2170e+42
7.008400e+00 2.2870e+40 4.1980e+42
7.067641e+00 2.5000e+40 4.1780e+42
7.128294e+00 2.7320e+40 4.1570e+42
7.190435e+00 2.9870e+40 4.1370e+42
7.254146e+00 3.2660e+40 4.1160e+42
7.319510e+00 3.5710e+40 4.0950e+42
7.386614e+00 3.9050e+40 4.0730e+42
7.455549e+00 4.2720e+40 4.0510e+42
7.526414e+00 4.6740e+40 4.0290e+42
7.599310e+00 5.1130e+40 4.0060e+42
7.674347e+00 5.5960e+40 3.9820e+42
7.751641e+00 6.1270e+40 3.9580e+42
7.831317e+00 6.7110e+40 3.9340e+42
7.913508e+00 7.3520e+40 3.9090e+42
7.998358e+00 8.0570e+40 3.8830e+42
8.086024e+00 8.8320e+40 3.8570e+42
8.176673e+00 9.6860e+40 3.8300e+42
8.270489e+00 1.0630e+41 3.8020e+42
8.367674e+00 1.1660e+41 3.7740e+42
8.468447e+00 1.2800e+41 3.7450e+42
8.573051e+00 1.4060e+41 3.7150e+42
8.681753e+00 1.5440e+41 3.6850e+42
8.794851e+00 1.6980e+41 3.6540e+42
8.912677e+00 1.8670e+41 3.6210e+42
9.035604e+00 2.0540e+41 3.5880e+42
9.164051e+00 2.2600e+41 3.5540e+42
9.292915e+00 2.4800e+41 3.5200e+42
9.420833e+00 2.7080e+41 3.4870e+42
9.572453e+00 2.9950e+41 3.4480e+42
9.722193e+00 3.2930e+41 3.4100e+42
9.866870e+00 3.5950e+41 3.3740e+42
1.000656e+01 3.9000e+41 3.3410e+42
1.014153e+01 4.2050e+41 3.3080e+42
1.027205e+01 4.5110e+41 3.2770e+42
1.039846e+01 4.8170e+41 3.2480e+42
1.052106e+01 5.1220e+41 3.2190e+42
1.064015e+01 5.4260e+41 3.1920e+42
1.075605e+01 5.7290e+41 3.1670e+42
1.092370e+01 6.1780e+41 3.1290e+42
1.107783e+01 6.6030e+41 3.0960e+42
1.121967e+01 7.0010e+41 3.0660e+42
1.135181e+01 7.3780e+41 3.0380e+42
1.147619e+01 7.7390e+41 3.0120e+42
1.159425e+01 8.0850e+41 2.9880e+42
1.170708e+01 8.4200e+41 2.9650e+42
1.181554e+01 8.7440e+41 2.9430e+42
1.199232e+01 9.2760e+41 2.9090e+42
1.214621e+01 9.7440e+41 2.8790e+42
1.228304e+01 1.0160e+42 2.8530e+42
1.240801e+01 1.0540e+42 2.8290e+42
1.252428e+01 1.0900e+42 2.8080e+42
1.263390e+01 1.1240e+42 2.7880e+42
1.273828e+01 1.1560e+42 2.7690e+42
1.283847e+01 1.1860e+42 2.7510e+42
1.302357e+01 1.2420e+42 2.7180e+42
1.317554e+01 1.2880e+42 2.6920e+42
1.330691e+01 1.3270e+42 2.6690e+42
1.342531e+01 1.3620e+42 2.6490e+42
1.353473e+01 1.3950e+42 2.6310e+42
1.363757e+01 1.4250e+42 2.6140e+42
1.373538e+01 1.4530e+42 2.5980e+42
1.392720e+01 1.5070e+42 2.5680e+42
1.407770e+01 1.5480e+42 2.5440e+42
1.420569e+01 1.5830e+42 2.5240e+42
1.432031e+01 1.6140e+42 2.5060e+42
1.442597e+01 1.6420e+42 2.4910e+42
1.452520e+01 1.6670e+42 2.4760e+42
1.461960e+01 1.6910e+42 2.4620e+42
1.480745e+01 1.7370e+42 2.4340e+42
1.495863e+01 1.7730e+42 2.4120e+42
1.508523e+01 1.8030e+42 2.3950e+42
1.519782e+01 1.8280e+42 2.3790e+42
1.530128e+01 1.8510e+42 2.3650e+42
1.539831e+01 1.8720e+42 2.3510e+42
1.549058e+01 1.8910e+42 2.3390e+42
1.567420e+01 1.9280e+42 2.3140e+42
1.582657e+01 1.9570e+42 2.2940e+42
1.595244e+01 1.9800e+42 2.2780e+42
1.606371e+01 2.0000e+42 2.2640e+42
1.616572e+01 2.0170e+42 2.2510e+42
1.626128e+01 2.0330e+42 2.2390e+42
1.635214e+01 2.0470e+42 2.2280e+42
1.643943e+01 2.0610e+42 2.2170e+42
1.661315e+01 2.0860e+42 2.1960e+42
1.677124e+01 2.1070e+42 2.1770e+42
1.689962e+01 2.1230e+42 2.1620e+42
1.701219e+01 2.1370e+42 2.1490e+42
1.711499e+01 2.1490e+42 2.1380e+42
1.721112e+01 2.1590e+42 2.1270e+42
1.730243e+01 2.1690e+42 2.1160e+42
1.739013e+01 2.1770e+42 2.1060e+42
1.756465e+01 2.1930e+42 2.0870e+42
1.772536e+01 2.2060e+42 2.0700e+42
1.785463e+01 2.2150e+42 2.0560e+42
1.796763e+01 2.2220e+42 2.0440e+42
1.807072e+01 2.2290e+42 2.0340e+42
1.816711e+01 2.2340e+42 2.0240e+42
1.825867e+01 2.2390e+42 2.0140e+42
1.834665e+01 2.2430e+42 2.0050e+42
1.852174e+01 2.2490e+42 1.9880e+42
1.868800e+01 2.2540e+42 1.9720e+42
1.882063e+01 2.2570e+42 1.9590e+42
1.893621e+01 2.2590e+42 1.9470e+42
1.904153e+01 2.2610e+42 1.9380e+42
1.913997e+01 2.2620e+42 1.9280e+42
1.923349e+01 2.2620e+42 1.9200e+42
1.932337e+01 2.2620e+42 1.9110e+42
1.941050e+01 2.2620e+42 1.9030e+42
1.958388e+01 2.2600e+42 1.8880e+42
1.975797e+01 2.2570e+42 1.8720e+42
1.989529e+01 2.2540e+42 1.8600e+42
2.001445e+01 2.2510e+42 1.8500e+42
2.012285e+01 2.2480e+42 1.8400e+42
2.022408e+01 2.2450e+42 1.8320e+42
2.032023e+01 2.2410e+42 1.8240e+42
2.041263e+01 2.2380e+42 1.8160e+42
2.050221e+01 2.2340e+42 1.8090e+42
2.068049e+01 2.2260e+42 1.7940e+42
2.086083e+01 2.2160e+42 1.7800e+42
2.100241e+01 2.2090e+42 1.7680e+42
2.112511e+01 2.2020e+42 1.7590e+42
2.123672e+01 2.1950e+42 1.7500e+42
2.134096e+01 2.1880e+42 1.7420e+42
2.143999e+01 2.1820e+42 1.7340e+42
2.153520e+01 2.1750e+42 1.7270e+42
2.162755e+01 2.1690e+42 1.7200e+42
2.171773e+01 2.1620e+42 1.7130e+42
2.189718e+01 2.1490e+42 1.7010e+42
2.208971e+01 2.1340e+42 1.6870e+42
2.223956e+01 2.1230e+42 1.6760e+42
2.236900e+01 2.1120e+42 1.6670e+42
2.248656e+01 2.1020e+42 1.6580e+42
2.259629e+01 2.0930e+42 1.6510e+42
2.270052e+01 2.0840e+42 1.6440e+42
2.280072e+01 2.0760e+42 1.6370e+42
2.289791e+01 2.0670e+42 1.6300e+42
2.299283e+01 2.0590e+42 1.6240e+42
2.308604e+01 2.0500e+42 1.6170e+42
2.327151e+01 2.0340e+42 1.6060e+42
2.347571e+01 2.0150e+42 1.5920e+42
2.363390e+01 2.0000e+42 1.5820e+42
2.377034e+01 1.9880e+42 1.5730e+42
2.389420e+01 1.9760e+42 1.5650e+42
2.400982e+01 1.9650e+42 1.5580e+42
2.411964e+01 1.9550e+42 1.5510e+42
2.422524e+01 1.9450e+42 1.5450e+42
2.432769e+01 1.9350e+42 1.5390e+42
2.442777e+01 1.9260e+42 1.5330e+42
2.452607e+01 1.9160e+42 1.5270e+42
2.462305e+01 1.9070e+42 1.5210e+42
2.481605e+01 1.8880e+42 1.5100e+42
2.503709e+01 1.8670e+42 1.4970e+42
2.520770e+01 1.8510e+42 1.4870e+42
2.535466e+01 1.8380e+42 1.4790e+42
2.548800e+01 1.8270e+42 1.4710e+42
2.561244e+01 1.8160e+42 1.4640e+42
2.573064e+01 1.8060e+42 1.4580e+42
2.584429e+01 1.7960e+42 1.4510e+42
2.595458e+01 1.7870e+42 1.4450e+42
2.606232e+01 1.7780e+42 1.4400e+42
2.616817e+01 1.7680e+42 1.4340e+42
2.627261e+01 1.7600e+42 1.4280e+42
2.637605e+01 1.7510e+42 1.4230e+42
2.658188e+01 1.7330e+42 1.4130e+42
2.682106e+01 1.7130e+42 1.4010e+42
2.700577e+01 1.6970e+42 1.3910e+42
2.716487e+01 1.6840e+42 1.3830e+42
2.730927e+01 1.6720e+42 1.3750e+42
2.744405e+01 1.6610e+42 1.3680e+42
2.757209e+01 1.6500e+42 1.3620e+42
2.769524e+01 1.6400e+42 1.3560e+42
2.781476e+01 1.6310e+42 1.3500e+42
2.793155e+01 1.6210e+42 1.3440e+42
2.804630e+01 1.6120e+42 1.3390e+42
2.815954e+01 1.6030e+42 1.3330e+42
2.827171e+01 1.5940e+42 1.3280e+42
2.838316e+01 1.5850e+42 1.3230e+42
2.860494e+01 1.5680e+42 1.3130e+42
2.886498e+01 1.5480e+42 1.3020e+42
2.906609e+01 1.5320e+42 1.2920e+42
2.923940e+01 1.5190e+42 1.2840e+42
2.939672e+01 1.5080e+42 1.2770e+42
2.954360e+01 1.4970e+42 1.2700e+42
2.968316e+01 1.4870e+42 1.2640e+42
2.981740e+01 1.4770e+42 1.2580e+42
2.994769e+01 1.4680e+42 1.2520e+42
3.007503e+01 1.4590e+42 1.2470e+42
3.020015e+01 1.4500e+42 1.2410e+42
3.032365e+01 1.4420e+42 1.2360e+42
3.044598e+01 1.4330e+42 1.2310e+42
3.056754e+01 1.4250e+42 1.2260e+42
3.068862e+01 1.4170e+42 1.2210e+42
3.080952e+01 1.4090e+42 1.2160e+42
3.105010e+01 1.3930e+42 1.2070e+42
3.133965e+01 1.3750e+42 1.1960e+42
3.156402e+01 1.3600e+42 1.1860e+42
3.175742e+01 1.3480e+42 1.1780e+42
3.193298e+01 1.3380e+42 1.1710e+42
3.209687e+01 1.3280e+42 1.1640e+42
3.225259e+01 1.3190e+42 1.1580e+42
3.240238e+01 1.3100e+42 1.1520e+42
3.254774e+01 1.3010e+42 1.1460e+42
3.268980e+01 1.2930e+42 1.1410e+42
3.282937e+01 1.2850e+42 1.1350e+42
3.296712e+01 1.2780e+42 1.1300e+42
3.310356e+01 1.2700e+42 1.1250e+42
3.323912e+01 1.2630e+42 1.1200e+42
3.337415e+01 1.2550e+42 1.1150e+42
3.350895e+01 1.2480e+42 1.1100e+42
3.364379e+01 1.2410e+42 1.1050e+42
3.377888e+01 1.2340e+42 1.1000e+42
3.404772e+01 1.2200e+42 1.0920e+42
3.436883e+01 1.2040e+42 1.0810e+42
3.461896e+01 1.1920e+42 1.0720e+42
3.483491e+01 1.1810e+42 1.0630e+42
3.503108e+01 1.1720e+42 1.0560e+42
3.521429e+01 1.1630e+42 1.0500e+42
3.538840e+01 1.1550e+42 1.0440e+42
3.555588e+01 1.1470e+42 1.0380e+42
3.571843e+01 1.1400e+42 1.0320e+42
3.587728e+01 1.1330e+42 1.0270e+42
3.603336e+01 1.1260e+42 1.0220e+42
3.618739e+01 1.1190e+42 1.0170e+42
3.633995e+01 1.1130e+42 1.0120e+42
3.649151e+01 1.1060e+42 1.0060e+42
3.664248e+01 1.1000e+42 1.0020e+42
3.679318e+01 1.0930e+42 9.9660e+41
3.694391e+01 1.0870e+42 9.9180e+41
3.709491e+01 1.0810e+42 9.8690e+41
3.724642e+01 1.0750e+42 9.8210e+41
3.739863e+01 1.0680e+42 9.7730e+41
3.770152e+01 1.0560e+42 9.6990e+41
3.806485e+01 1.0420e+42 9.5950e+41
3.834947e+01 1.0320e+42 9.4970e+41
3.859558e+01 1.0220e+42 9.4160e+41
3.881929e+01 1.0140e+42 9.3460e+41
3.902827e+01 1.0060e+42 9.2810e+41
3.922689e+01 9.9920e+41 9.2200e+41
3.941797e+01 9.9230e+41 9.1630e+41
3.960341e+01 9.8580e+41 9.1080e+41
3.978463e+01 9.7940e+41 9.0540e+41
3.996268e+01 9.7330e+41 9.0020e+41
4.013837e+01 9.6720e+41 8.9520e+41
4.031238e+01 9.6130e+41 8.9010e+41
4.048523e+01 9.5550e+41 8.8520e+41
4.065737e+01 9.4980e+41 8.8040e+41
4.082920e+01 9.4410e+41 8.7550e+41
4.100104e+01 9.3840e+41 8.7080e+41
4.117318e+01 9.3280e+41 8.6600e+41
4.134588e+01 9.2730e+41 8.6120e+41
4.151935e+01 9.2170e+41 8.5650e+41
4.169381e+01 9.1620e+41 8.5180e+41
4.186944e+01 9.1060e+41 8.4700e+41
4.221896e+01 8.9980e+41 8.4020e+41
4.263128e+01 8.8720e+41 8.3030e+41
4.295677e+01 8.7740e+41 8.2050e+41
4.323898e+01 8.6910e+41 8.1260e+41
4.349584e+01 8.6160e+41 8.0570e+41
4.373595e+01 8.5470e+41 7.9940e+41
4.396426e+01 8.4820e+41 7.9350e+41
4.418396e+01 8.4200e+41 7.8790e+41
4.439723e+01 8.3600e+41 7.8250e+41
4.460566e+01 8.3030e+41 7.7730e+41
4.481047e+01 8.2470e+41 7.7230e+41
4.501258e+01 8.1920e+41 7.6730e+41
4.521276e+01 8.1380e+41 7.6250e+41
4.541162e+01 8.0850e+41 7.5770e+41
4.560967e+01 8.0330e+41 7.5300e+41
4.580736e+01 7.9810e+41 7.4830e+41
4.600506e+01 7.9290e+41 7.4370e+41
4.620310e+01 7.8780e+41 7.3910e+41
4.640178e+01 7.8270e+41 7.3450e+41
4.660136e+01 7.7760e+41 7.2990e+41
4.680207e+01 7.7250e+41 7.2540e+41
4.700413e+01 7.6750e+41 7.2080e+41
4.720773e+01 7.6240e+41 7.1630e+41
4.741306e+01 7.5730e+41 7.1170e+41
4.782167e+01 7.4740e+41 7.0550e+41
4.829464e+01 7.3610e+41 6.9600e+41
4.867101e+01 7.2730e+41 6.8670e+41
4.899835e+01 7.1970e+41 6.7910e+41
4.929671e+01 7.1290e+41 6.7250e+41
4.957587e+01 7.0670e+41 6.6650e+41
4.984146e+01 7.0080e+41 6.6080e+41
5.009714e+01 6.9520e+41 6.5550e+41
5.034542e+01 6.8980e+41 6.5040e+41
5.058813e+01 6.8460e+41 6.4550e+41
5.082665e+01 6.7950e+41 6.4070e+41
5.106208e+01 6.7450e+41 6.3600e+41
5.129528e+01 6.6970e+41 6.3140e+41
5.152697e+01 6.6490e+41 6.2690e+41
5.175774e+01 6.6010e+41 6.2240e+41
5.198810e+01 6.5540e+41 6.1800e+41
5.221850e+01 6.5070e+41 6.1370e+41
5.244931e+01 6.4610e+41 6.0930e+41
5.268087e+01 6.4140e+41 6.0500e+41
5.291349e+01 6.3680e+41 6.0070e+41
5.314743e+01 6.3220e+41 5.9650e+41
5.338296e+01 6.2760e+41 5.9220e+41
5.362030e+01 6.2300e+41 5.8800e+41
5.385966e+01 6.1840e+41 5.8370e+41
5.410124e+01 6.1370e+41 5.7940e+41
5.434523e+01 6.0910e+41 5.7520e+41
5.459181e+01 6.0450e+41 5.7090e+41
5.508250e+01 5.9540e+41 5.6520e+41
5.564156e+01 5.8530e+41 5.5640e+41
5.609157e+01 5.7730e+41 5.4770e+41
5.648468e+01 5.7040e+41 5.4070e+41
5.684376e+01 5.6430e+41 5.3450e+41
5.718016e+01 5.5860e+41 5.2880e+41
5.750049e+01 5.5330e+41 5.2360e+41
5.780905e+01 5.4820e+41 5.1860e+41
5.810880e+01 5.4340e+41 5.1390e+41
5.840193e+01 5.3870e+41 5.0930e+41
5.869009e+01 5.3410e+41 5.0490e+41
5.897456e+01 5.2960e+41 5.0060e+41
5.925638e+01 5.2520e+41 4.9640e+41
5.953642e+01 5.2080e+41 4.9220e+41
5.981538e+01 5.1650e+41 4.8810e+41
6.009387e+01 5.1230e+41 4.8410e+41
6.037243e+01 5.0800e+41 4.8010e+41
6.065150e+01 5.0380e+41 4.7610e+41
6.093150e+01 4.9960e+41 4.7220e+41
6.121279e+01 4.9550e+41 4.6830e+41
6.149570e+01 4.9130e+41 4.6440e+41
6.178053e+01 4.8710e+41 4.6050e+41
6.206757e+01 4.8300e+41 4.5660e+41
6.235706e+01 4.7880e+41 4.5280e+41
6.264925e+01 4.7470e+41 4.4890e+41
6.294437e+01 4.7050e+41 4.4510e+41
6.324262e+01 4.6630e+41 4.4120e+41
6.354421e+01 4.6220e+41 4.3730e+41
6.384934e+01 4.5800e+41 4.3350e+41
6.415818e+01 4.5390e+41 4.2960e+41
6.447093e+01 4.4970e+41 4.2570e+41
6.504964e+01 4.4210e+41 4.2080e+41
6.562834e+01 4.3480e+41 4.1380e+41
6.619903e+01 4.2770e+41 4.0700e+41
6.669771e+01 4.2160e+41 4.0060e+41
6.715162e+01 4.1620e+41 3.9500e+41
6.757589e+01 4.1120e+41 3.9000e+41
6.797926e+01 4.0660e+41 3.8540e+41
6.836735e+01 4.0220e+41 3.8100e+41
6.874404e+01 3.9800e+41 3.7680e+41
6.911215e+01 3.9390e+41 3.7280e+41
6.947381e+01 3.9000e+41 3.6890e+41
6.983068e+01 3.8610e+41 3.6520e+41
7.018410e+01 3.8230e+41 3.6150e+41
7.053515e+01 3.7860e+41 3.5790e+41
7.088475e+01 3.7490e+41 3.5440e+41
7.123369e+01 3.7120e+41 3.5090e+41
7.158262e+01 3.6760e+41 3.4750e+41
7.193213e+01 3.6400e+41 3.4410e+41
7.228275e+01 3.6040e+41 3.4070e+41
7.263493e+01 3.5680e+41 3.3740e+41
7.298910e+01 3.5330e+41 3.3400e+41
7.334564e+01 3.4980e+41 3.3070e+41
7.370490e+01 3.4620e+41 3.2750e+41
7.406720e+01 3.4270e+41 3.2420e+41
7.443285e+01 3.3920e+41 3.2090e+41
7.480215e+01 3.3580e+41 3.1770e+41
7.517535e+01 3.3230e+41 3.1440e+41
7.555271e+01 3.2880e+41 3.1120e+41
7.593449e+01 3.2530e+41 3.0800e+41
7.632092e+01 3.2190e+41 3.0470e+41
7.671223e+01 3.1840e+41 3.0150e+41
7.710863e+01 3.1500e+41 2.9830e+41
7.751035e+01 3.1160e+41 2.9510e+41
7.791759e+01 3.0810e+41 2.9180e+41
7.833056e+01 3.0470e+41 2.8860e+41
7.874945e+01 3.0120e+41 2.8530e+41
7.917447e+01 2.9780e+41 2.8210e+41
7.975317e+01 2.9320e+41 2.7850e+41
8.033187e+01 2.8870e+41 2.7420e+41
8.091058e+01 2.8430e+41 2.7000e+41
8.148928e+01 2.8000e+41 2.6580e+41
8.206798e+01 2.7580e+41 2.6180e+41
8.264669e+01 2.7160e+41 2.5770e+41
8.321997e+01 2.6760e+41 2.5380e+41
8.376632e+01 2.6390e+41 2.5010e+41
8.429235e+01 2.6030e+41 2.4660e+41
8.480317e+01 2.5690e+41 2.4320e+41
8.530252e+01 2.5360e+41 2.4000e+41
8.579323e+01 2.5050e+41 2.3690e+41
8.627753e+01 2.4740e+41 2.3390e+41
8.675721e+01 2.4430e+41 2.3100e+41
8.723372e+01 2.4140e+41 2.2820e+41
8.770829e+01 2.3850e+41 2.2540e+41
8.818198e+01 2.3560e+41 2.2260e+41
8.865568e+01 2.3270e+41 2.1990e+41
8.913017e+01 2.2990e+41 2.1730e+41
8.960617e+01 2.2710e+41 2.1470e+41
9.008430e+01 2.2440e+41 2.1200e+41
9.056512e+01 2.2160e+41 2.0950e+41
9.104915e+01 2.1890e+41 2.0690e+41
9.153687e+01 2.1620e+41 2.0440e+41
9.202872e+01 2.1350e+41 2.0190e+41
9.252511e+01 2.1090e+41 1.9940e+41
9.302644e+01 2.0820e+41 1.9690e+41
9.353306e+01 2.0560e+41 1.9450e+41
9.404533e+01 2.0300e+41 1.9200e+41
9.456359e+01 2.0040e+41 1.8960e+41
9.508815e+01 1.9780e+41 1.8710e+41
9.561932e+01 1.9520e+41 1.8470e+41
9.615741e+01 1.9270e+41 1.8230e+41
9.670270e+01 1.9010e+41 1.7990e+41
9.725548e+01 1.8760e+41 1.7750e+41
9.781603e+01 1.8510e+41 1.7510e+41
9.838462e+01 1.8250e+41 1.7270e+41
9.896152e+01 1.8000e+41 1.7030e+41
9.954022e+01 1.7750e+41 1.6800e+41
1.001189e+02 1.7510e+41 1.6560e+41
1.006976e+02 1.7270e+41 1.6340e+41
1.012763e+02 1.7040e+41 1.6110e+41
1.018550e+02 1.6800e+41 1.5890e+41
1.024337e+02 1.6580e+41 1.5670e+41
1.030124e+02 1.6350e+41 1.5460e+41
1.035911e+02 1.6130e+41 1.5250e+41
1.041698e+02 1.5920e+41 1.5040e+41
1.047486e+02 1.5710e+41 1.4840e+41
1.053273e+02 1.5500e+41 1.4640e+41
1.059060e+02 1.5290e+41 1.4440e+41
1.064847e+02 1.5090e+41 1.4250e+41
1.070634e+02 1.4890e+41 1.4060e+41
1.076421e+02 1.4690e+41 1.3870e+41
1.082208e+02 1.4500e+41 1.3690e+41
1.087995e+02 1.4310e+41 1.3500e+41
1.093782e+02 1.4120e+41 1.3330e+41
1.099569e+02 1.3930e+41 1.3150e+41
1.105356e+02 1.3750e+41 1.2980e+41
1.111143e+02 1.3570e+41 1.2810e+41
1.116930e+02 1.3400e+41 1.2640e+41
1.122717e+02 1.3230e+41 1.2480e+41
1.128504e+02 1.3060e+41 1.2320e+41
1.134291e+02 1.2890e+41 1.2160e+41
1.140078e+02 1.2720e+41 1.2000e+41
1.145865e+02 1.2560e+41 1.1850e+41
1.151652e+02 1.2400e+41 1.1700e+41
1.157439e+02 1.2240e+41 1.1550e+41
1.163226e+02 1.2090e+41 1.1400e+41
1.169013e+02 1.1940e+41 1.1260e+41
1.174800e+02 1.1790e+41 1.1110e+41
1.180587e+02 1.1640e+41 1.0970e+41
1.186374e+02 1.1490e+41 1.0840e+41
1.192161e+02 1.1350e+41 1.0700e+41
1.197948e+02 1.1210e+41 1.0570e+41
1.203736e+02 1.1070e+41 1.0440e+41
1.209523e+02 1.0930e+41 1.0310e+41
1.215310e+02 1.0800e+41 1.0180e+41
1.221097e+02 1.0670e+41 1.0050e+41
1.226884e+02 1.0540e+41 9.9300e+40
1.232671e+02 1.0410e+41 9.8080e+40
1.238458e+02 1.0280e+41 9.6880e+40
1.244245e+02 1.0160e+41 9.5700e+40
1.250032e+02 1.0030e+41 9.4540e+40
1.255819e+02 9.9140e+40 9.3390e+40
1.261606e+02 9.7950e+40 9.2260e+40
1.267393e+02 9.6780e+40 9.1150e+40
1.273180e+02 9.5620e+40 9.0060e+40
1.278967e+02 9.4480e+40 8.8980e+40
1.284754e+02 9.3360e+40 8.7910e+40
1.290541e+02 9.2250e+40 8.6870e+40
1.296328e+02 9.1160e+40 8.5830e+40
1.302115e+02 9.0090e+40 8.4820e+40
1.307902e+02 8.9030e+40 8.3820e+40
1.313689e+02 8.7990e+40 8.2830e+40
1.319476e+02 8.6960e+40 8.1860e+40
1.325263e+02 8.5950e+40 8.0900e+40
1.331050e+02 8.4950e+40 7.9950e+40
1.336837e+02 8.3970e+40 7.9020e+40
1.342624e+02 8.3000e+40 7.8100e+40
1.348411e+02 8.2050e+40 7.7200e+40
1.354198e+02 8.1110e+40 7.6310e+40
1.359986e+02 8.0180e+40 7.5430e+40
1.365773e+02 7.9260e+40 7.4560e+40
1.371560e+02 7.8360e+40 7.3710e+40
1.377347e+02 7.7470e+40 7.2860e+40
1.383134e+02 7.6590e+40 7.2040e+40
1.388921e+02 7.5730e+40 7.1220e+40
1.394708e+02 7.4880e+40 7.0410e+40
1.400495e+02 7.4040e+40 6.9610e+40
1.406282e+02 7.3210e+40 6.8830e+40
1.412069e+02 7.2390e+40 6.8050e+40
1.417856e+02 7.1580e+40 6.7290e+40
1.423643e+02 7.0790e+40 6.6540e+40
1.429430e+02 7.0000e+40 6.5800e+40
1.435217e+02 6.9230e+40 6.5070e+40
1.441004e+02 6.8470e+40 6.4340e+40
1.446791e+02 6.7720e+40 6.3630e+40
1.452578e+02 6.6970e+40 6.2930e+40
1.458365e+02 6.6240e+40 6.2240e+40
1.464152e+02 6.5520e+40 6.1550e+40
1.469939e+02 6.4810e+40 6.0880e+40
1.475726e+02 6.4100e+40 6.0210e+40
1.481513e+02 6.3410e+40 5.9560e+40
1.487300e+02 6.2730e+40 5.8910e+40
1.493087e+02 6.2050e+40 5.8270e+40
1.498874e+02 6.1390e+40 5.7640e+40
1.504661e+02 6.0730e+40 5.7020e+40
1.510448e+02 6.0080e+40 5.6410e+40
1.516236e+02 5.9440e+40 5.5800e+40
1.522023e+02 5.8810e+40 5.5210e+40
1.527810e+02 5.8190e+40 5.4620e+40
1.533597e+02 5.7570e+40 5.4030e+40
1.539384e+02 5.6960e+40 5.3460e+40
1.545171e+02 5.6370e+40 5.2900e+40
1.550958e+02 5.5770e+40 5.2340e+40
1.556745e+02 5.5190e+40 5.1780e+40
1.562532e+02 5.4610e+40 5.1240e+40
1.568319e+02 5.4050e+40 5.0700e+40
1.574106e+02 5.3480e+40 5.0170e+40
1.579893e+02 5.2930e+40 4.9650e+40
1.585680e+02 5.2380e+40 4.9130e+40
1.591467e+02 5.1840e+40 4.8620e+40
1.597254e+02 5.1310e+40 4.8120e+40
1.603041e+02 5.0780e+40 4.7620e+40
1.608828e+02 5.0260e+40 4.7130e+40
1.614615e+02 4.9750e+40 4.6640e+40
1.620402e+02 4.9250e+40 4.6160e+40
1.626189e+02 4.8750e+40 4.5690e+40
1.631976e+02 4.8250e+40 4.5220e+40
1.637763e+02 4.7760e+40 4.4760e+40
1.643550e+02 4.7280e+40 4.4310e+40
1.649337e+02 4.6810e+40 4.3860e+40
1.655124e+02 4.6340e+40 4.3410e+40
1.660911e+02 4.5870e+40 4.2980e+40
1.666698e+02 4.5410e+40 4.2540e+40
1.672486e+02 4.4960e+40 4.2110e+40
1.678273e+02 4.4510e+40 4.1690e+40
1.684060e+02 4.4070e+40 4.1280e+40
1.689847e+02 4.3640e+40 4.0860e+40
1.695634e+02 4.3210e+40 4.0460e+40
1.701421e+02 4.2780e+40 4.0050e+40
1.707208e+02 4.2360e+40 3.9660e+40
1.712995e+02 4.1940e+40 3.9270e+40
1.718782e+02 4.1530e+40 3.8880e+40
1.724569e+02 4.1130e+40 3.8490e+40
1.730356e+02 4.0730e+40 3.8120e+40
1.736143e+02 4.0330e+40 3.7740e+40
1.741930e+02 3.9940e+40 3.7370e+40
1.747717e+02 3.9550e+40 3.7010e+40
1.753504e+02 3.9170e+40 3.6650e+40
1.759291e+02 3.8800e+40 3.6290e+40
1.765078e+02 3.8420e+40 3.5940e+40
1.770865e+02 3.8050e+40 3.5590e+40
1.776652e+02 3.7690e+40 3.5250e+40
1.782439e+02 3.7330e+40 3.4910e+40
1.788226e+02 3.6980e+40 3.4570e+40
1.794013e+02 3.6620e+40 3.4240e+40
1.799800e+02 3.6280e+40 3.3910e+40
1.805587e+02 3.5930e+40 3.3590e+40
1.811374e+02 3.5590e+40 3.3270e+40
1.817161e+02 3.5260e+40 3.2950e+40
1.822948e+02 3.4930e+40 3.2640e+40
1.828736e+02 3.4600e+40 3.2330e+40
1.834523e+02 3.4280e+40 3.2020e+40
1.840310e+02 3.3960e+40 3.1720e+40
1.846097e+02 3.3640e+40 3.1420e+40
1.851884e+02 3.3330e+40 3.1130e+40
1.857671e+02 3.3020e+40 3.0840e+40
1.863458e+02 3.2710e+40 3.0550e+40
1.869245e+02 3.2410e+40 3.0260e+40
1.875032e+02 3.2110e+40 2.9980e+40
1.880819e+02 3.1810e+40 2.9700e+40
1.886606e+02 3.1520e+40 2.9430e+40
1.892393e+02 3.1230e+40 2.9150e+40
1.898180e+02 3.0950e+40 2.8880e+40
1.903967e+02 3.0660e+40 2.8620e+40
1.909754e+02 3.0390e+40 2.8350e+40
1.915541e+02 3.0110e+40 2.8090e+40
1.921328e+02 2.9840e+40 2.7840e+40
1.927115e+02 2.9570e+40 2.7580e+40
1.932902e+02 2.9300e+40 2.7330e+40
1.938689e+02 2.9030e+40 2.7080e+40
1.944476e+02 2.8770e+40 2.6830e+40
1.950263e+02 2.8510e+40 2.6590e+40
1.956050e+02 2.8260e+40 2.6350e+40
1.961837e+02 2.8010e+40 2.6110e+40
1.967624e+02 2.7760e+40 2.5880e+40
1.973411e+02 2.7510e+40 2.5640e+40
1.979198e+02 2.7260e+40 2.5410e+40
1.984986e+02 2.7020e+40 2.5180e+40
1.990773e+02 2.6780e+40 2.4960e+40
1.996560e+02 2.6550e+40 2.4740e+40
2.002347e+02 2.6310e+40 2.4510e+40
2.008134e+02 2.6080e+40 2.4300e+40
2.013921e+02 2.5850e+40 2.4080e+40
2.019708e+02 2.5620e+40 2.3870e+40
2.025495e+02 2.5400e+40 2.3650e+40
2.031282e+02 2.5180e+40 2.3440e+40
2.037069e+02 2.4960e+40 2.3240e+40
2.042856e+02 2.4740e+40 2.3030e+40
2.048643e+02 2.4530e+40 2.2830e+40
2.054430e+02 2.4310e+40 2.2630e+40
2.060217e+02 2.4100e+40 2.2430e+40
2.066004e+02 2.3890e+40 2.2240e+40
2.071791e+02 2.3690e+40 2.2040e+40
2.077578e+02 2.3480e+40 2.1850e+40
2.083365e+02 2.3280e+40 2.1660e+40
2.089152e+02 2.3080e+40 2.1470e+40
2.094939e+02 2.2890e+40 2.1280e+40
2.100726e+02 2.2690e+40 2.1100e+40
2.106513e+02 2.2500e+40 2.0920e+40
2.112300e+02 2.2300e+40 2.0740e+40
2.118087e+02 2.2110e+40 2.0560e+40
2.123874e+02 2.1930e+40 2.0380e+40
2.129661e+02 2.1740e+40 2.0210e+40
2.135448e+02 2.1560e+40 2.0040e+40
2.141236e+02 2.1380e+40 1.9860e+40
2.147023e+02 2.1200e+40 1.9690e+40
2.152810e+02 2.1020e+40 1.9530e+40
2.158597e+02 2.0840e+40 1.9360e+40
2.164384e+02 2.0670e+40 1.9200e+40
2.170171e+02 2.0490e+40 1.9030e+40
2.175958e+02 2.0320e+40 1.8870e+40
2.181745e+02 2.0150e+40 1.8710e+40
2.187532e+02 1.9990e+40 1.8560e+40
2.193319e+02 1.9820e+40 1.8400e+40
2.199106e+02 1.9650e+40 1.8250e+40
2.204893e+02 1.9490e+40 1.8090e+40
2.210680e+02 1.9330e+40 1.7940e+40
2.216467e+02 1.9170e+40 1.7790e+40
2.222254e+02 1.9010e+40 1.7640e+40
2.228041e+02 1.8860e+40 1.7500e+40
2.233828e+02 1.8700e+40 1.7350e+40
2.239615e+02 1.8550e+40 1.7210e+40
2.245402e+02 1.8400e+40 1.7060e+40
2.251189e+02 1.8250e+40 1.6920e+40
2.256976e+02 1.8100e+40 1.6780e+40
2.262763e+02 1.7950e+40 1.6640e+40
2.268550e+02 1.7810e+40 1.6510e+40
2.274337e+02 1.7660e+40 1.6370e+40
2.280124e+02 1.7520e+40 1.6230e+40
2.285911e+02 1.7380e+40 1.6100e+40
2.291698e+02 1.7240e+40 1.5970e+40
2.297486e+02 1.7100e+40 1.5840e+40
2.303273e+02 1.6960e+40 1.5710e+40
2.309060e+02 1.6820e+40 1.5580e+40
2.314847e+02 1.6690e+40 1.5450e+40
2.320634e+02 1.6550e+40 1.5330e+40
2.326421e+02 1.6420e+40 1.5210e+40
2.332208e+02 1.6290e+40 1.5080e+40
2.337995e+02 1.6160e+40 1.4960e+40
2.343782e+02 1.6030e+40 1.4840e+40
2.349569e+02 1.5910e+40 1.4720e+40
2.355356e+02 1.5780e+40 1.4600e+40
2.361143e+02 1.5650e+40 1.4480e+40
2.366930e+02 1.5530e+40 1.4370e+40
2.372717e+02 1.5410e+40 1.4250e+40
2.378504e+02 1.5290e+40 1.4140e+40
2.384291e+02 1.5170e+40 1.4030e+40
2.390078e+02 1.5050e+40 1.3910e+40
2.395865e+02 1.4930e+40 1.3800e+40
2.401652e+02 1.4810e+40 1.3690e+40
2.407439e+02 1.4700e+40 1.3580e+40
2.413226e+02 1.4580e+40 1.3480e+40
2.419013e+02 1.4470e+40 1.3370e+40
2.424800e+02 1.4350e+40 1.3260e+40
2.430587e+02 1.4240e+40 1.3160e+40
2.436374e+02 1.4130e+40 1.3050e+40
2.442161e+02 1.4020e+40 1.2950e+40
2.447948e+02 1.3910e+40 1.2850e+40
2.453736e+02 1.3810e+40 1.2750e+40
2.459523e+02 1.3700e+40 1.2650e+40
2.465310e+02 1.3590e+40 1.2550e+40
2.471097e+02 1.3490e+40 1.2450e+40
2.476884e+02 1.3390e+40 1.2350e+40
2.482671e+02 1.3280e+40 1.2260e+40
2.488458e+02 1.3180e+40 1.2160e+40
2.494245e+02 1.3080e+40 1.2070e+40
2.500032e+02 1.2980e+40 1.1970e+40
2.505819e+02 1.2880e+40 1.1880e+40
2.511606e+02 1.2780e+40 1.1790e+40
2.517393e+02 1.2690e+40 1.1700e+40
2.523180e+02 1.2590e+40 1.1610e+40
2.528967e+02 1.2490e+40 1.1520e+40
2.534754e+02 1.2400e+40 1.1430e+40
2.540541e+02 1.2310e+40 1.1340e+40
2.546328e+02 1.2210e+40 1.1250e+40
2.552115e+02 1.2120e+40 1.1170e+40
2.557902e+02 1.2030e+40 1.1080e+40
2.563689e+02 1.1940e+40 1.1000e+40
2.569476e+02 1.1850e+40 1.0910e+40
2.575263e+02 1.1760e+40 1.0830e+40
2.581050e+02 1.1670e+40 1.0750e+40
2.586837e+02 1.1590e+40 1.0670e+40
2.592624e+02 1.1500e+40 1.0590e+40
2.598411e+02 1.1410e+40 1.0510e+40
2.604198e+02 1.1330e+40 1.0430e+40
2.609986e+02 1.1240e+40 1.0350e+40
2.615773e+02 1.1160e+40 1.0270e+40
2.621560e+02 1.1080e+40 1.0190e+40
2.627347e+02 1.1000e+40 1.0110e+40
2.633134e+02 1.0910e+40 1.0040e+40
2.638921e+02 1.0830e+40 9.9620e+39
2.644708e+02 1.0750e+40 9.8870e+39
2.650495e+02 1.0670e+40 9.8130e+39
2.656282e+02 1.0600e+40 9.7400e+39
2.662069e+02 1.0520e+40 9.6670e+39
2.667856e+02 1.0440e+40 9.5940e+39
2.673643e+02 1.0360e+40 9.5230e+39
2.679430e+02 1.0290e+40 9.4520e+39
2.685217e+02 1.0210e+40 9.3810e+39
2.691004e+02 1.0140e+40 9.3110e+39
2.696791e+02 1.0060e+40 9.2420e+39
2.702578e+02 9.9900e+39 9.1740e+39
2.708365e+02 9.9180e+39 9.1060e+39
2.714152e+02 9.8460e+39 9.0380e+39
2.719939e+02 9.7740e+39 8.9710e+39
2.725726e+02 9.7030e+39 8.9050e+39
2.731513e+02 9.6330e+39 8.8390e+39
2.737300e+02 9.5630e+39 8.7740e+39
2.743087e+02 9.4940e+39 8.7100e+39
2.748874e+02 9.4260e+39 8.6460e+39
2.754661e+02 9.3580e+39 8.5820e+39
2.760448e+02 9.2900e+39 8.5190e+39
2.766236e+02 9.2240e+39 8.4570e+39
2.772023e+02 9.1570e+39 8.3950e+39
2.777810e+02 9.0920e+39 8.3330e+39
2.783597e+02 9.0270e+39 8.2730e+39
2.789384e+02 8.9620e+39 8.2120e+39
2.795171e+02 8.8980e+39 8.1520e+39
2.800958e+02 8.8350e+39 8.0930e+39
2.806745e+02 8.7720e+39 8.0340e+39
2.812532e+02 8.7090e+39 7.9760e+39
2.818319e+02 8.6470e+39 7.9180e+39
2.824106e+02 8.5860e+39 7.8610e+39
2.829893e+02 8.5250e+39 7.8040e+39
2.835680e+02 8.4640e+39 7.7470e+39
2.841467e+02 8.4040e+39 7.6910e+39
2.847254e+02 8.3450e+39 7.6360e+39
2.853041e+02 8.2860e+39 7.5810e+39
2.858828e+02 8.2280e+39 7.5270e+39
2.864615e+02 8.1700e+39 7.4720e+39
2.870402e+02 8.1120e+39 7.4190e+39
2.876189e+02 8.0550e+39 7.3650e+39
2.881976e+02 7.9990e+39 7.3130e+39
2.887763e+02 7.9430e+39 7.2600e+39
2.893550e+02 7.8870e+39 7.2090e+39
2.899337e+02 7.8320e+39 7.1570e+39
2.905124e+02 7.7770e+39 7.1060e+39
2.910911e+02 7.7230e+39 7.0550e+39
2.916698e+02 7.6690e+39 7.0050e+39
2.922486e+02 7.6150e+39 6.9550e+39
2.928273e+02 7.5620e+39 6.9060e+39
2.934060e+02 7.5100e+39 6.8570e+39
2.939847e+02 7.4580e+39 6.8080e+39
2.945634e+02 7.4060e+39 6.7600e+39
2.951421e+02 7.3550e+39 6.7120e+39
2.957208e+02 7.3040e+39 6.6650e+39
2.962995e+02 7.2530e+39 6.6180e+39
2.968782e+02 7.2030e+39 6.5710e+39
2.974569e+02 7.1540e+39 6.5250e+39
2.980356e+02 7.1040e+39 6.4790e+39
2.986143e+02 7.0550e+39 6.4330e+39
2.991930e+02 7.0070e+39 6.3880e+39
2.997717e+02 6.9590e+39 6.3430e+39
3.003504e+02 6.9110e+39 6.2990e+39
3.009291e+02 6.8640e+39 6.2550e+39
3.015078e+02 6.8170e+39 6.2110e+39
3.020865e+02 6.7700e+39 6.1670e+39
3.026652e+02 6.7240e+39 6.1240e+39
3.032439e+02 6.6780e+39 6.0820e+39
3.038226e+02 6.6320e+39 6.0390e+39
3.044013e+02 6.5870e+39 5.9970e+39
3.049800e+02 6.5420e+39 5.9550e+39
3.055587e+02 6.4980e+39 5.9140e+39
3.061374e+02 6.4540e+39 5.8730e+39
3.067161e+02 6.4100e+39 5.8320e+39
3.072948e+02 6.3660e+39 5.7920e+39
3.078736e+02 6.3230e+39 5.7520e+39
3.084523e+02 6.2810e+39 5.7120e+39
3.090310e+02 6.2380e+39 5.6720e+39
3.096097e+02 6.1960e+39 5.6330e+39
3.101884e+02 6.1540e+39 5.5940e+39
3.107671e+02 6.1130e+39 5.5560e+39
3.113458e+02 6.0720e+39 5.5180e+39
3.119245e+02 6.0310e+39 5.4800e+39
3.125032e+02 5.9900e+39 5.4420e+39
3.130819e+02 5.9500e+39 5.4050e+39
3.136606e+02 5.9100e+39 5.3680e+39
3.142393e+02 5.8710e+39 5.3310e+39
3.148180e+02 5.8310e+39 5.2940e+39
3.153967e+02 5.7920e+39 5.2580e+39
3.159754e+02 5.7540e+39 5.2220e+39
3.165541e+02 5.7150e+39 5.1860e+39
3.171328e+02 5.6770e+39 5.1510e+39
3.177115e+02 5.6390e+39 5.1160e+39
3.182902e+02 5.6020e+39 5.0810e+39
3.188689e+02 5.5650e+39 5.0470e+39
3.194476e+02 5.5280e+39 5.0120e+39
3.200263e+02 5.4910e+39 4.9780e+39
3.206050e+02 5.4550e+39 4.9450e+39
3.211837e+02 5.4190e+39 4.9110e+39
3.217624e+02 5.3830e+39 4.8780e+39
3.223411e+02 5.3470e+39 4.8450e+39
3.229198e+02 5.3120e+39 4.8120e+39
3.234986e+02 5.2770e+39 4.7790e+39
3.240773e+02 5.2420e+39 4.7470e+39
3.246560e+02 5.2080e+39 4.7150e+39
3.252347e+02 5.1730e+39 4.6830e+39
3.258134e+02 5.1390e+39 4.6520e+39
3.263921e+02 5.1060e+39 4.6210e+39
3.269708e+02 5.0720e+39 4.5890e+39
3.275495e+02 5.0390e+39 4.5590e+39
3.281282e+02 5.0060e+39 4.5280e+39
3.287069e+02 4.9730e+39 4.4980e+39
3.292856e+02 4.9410e+39 4.4680e+39
3.298643e+02 4.9080e+39 4.4380e+39
3.304430e+02 4.8760e+39 4.4080e+39
3.310217e+02 4.8440e+39 4.3780e+39
3.316004e+02 4.8130e+39 4.3490e+39
3.321791e+02 4.7820e+39 4.3200e+39
3.327578e+02 4.7500e+39 4.2920e+39
3.333365e+02 4.7200e+39 4.2630e+39
3.339152e+02 4.6890e+39 4.2340e+39
3.344939e+02 4.6590e+39 4.2060e+39
3.350726e+02 4.6280e+39 4.1780e+39
3.356513e+02 4.5980e+39 4.1510e+39
3.362300e+02 4.5690e+39 4.1230e+39
3.368087e+02 4.5390e+39 4.0960e+39
3.373874e+02 4.5100e+39 4.0690e+39
3.379661e+02 4.4810e+39 4.0420e+39
3.385448e+02 4.4520e+39 4.0150e+39
3.391236e+02 4.4230e+39 3.9880e+39
3.397023e+02 4.3950e+39 3.9620e+39
3.402810e+02 4.3660e+39 3.9360e+39
3.408597e+02 4.3380e+39 3.9100e+39
3.414384e+02 4.3100e+39 3.8840e+39
3.420171e+02 4.2830e+39 3.8590e+39
3.425958e+02 4.2550e+39 3.8330e+39
3.431745e+02 4.2280e+39 3.8080e+39
3.437532e+02 4.2010e+39 3.7830e+39
3.443319e+02 4.1740e+39 3.7580e+39
3.449106e+02 4.1470e+39 3.7340e+39
3.454893e+02 4.1210e+39 3.7090e+39
3.460680e+02 4.0950e+39 3.6850e+39
3.466467e+02 4.0690e+39 3.6610e+39
3.472254e+02 4.0430e+39 3.6370e+39
