#NTIMES: 836
#time[d] Lbol[erg/s] Edep[erg/s]
2.00000e+00 3.17400e+41 6.44000e+42
2.00000e+00 3.71100e+41 6.44000e+42
2.00000e+00 3.93100e+41 6.44000e+42
2.00000e+00 4.01100e+41 6.44000e+42
2.00000e+00 4.01300e+41 6.44000e+42
2.00000e+00 3.99700e+41 6.44000e+42
2.00000e+00 3.97500e+41 6.44000e+42
2.00000e+00 3.94800e+41 6.44000e+42
2.00100e+00 3.91900e+41 6.43900e+42
2.00100e+00 3.88800e+41 6.43900e+42
2.00100e+00 3.85400e+41 6.43900e+42
2.00100e+00 3.82100e+41 6.43900e+42
2.00100e+00 3.74900e+41 6.43900e+42
2.00100e+00 3.74400e+41 6.43900e+42
2.00100e+00 3.72300e+41 6.43900e+42
2.00100e+00 3.69900e+41 6.43900e+42
2.00100e+00 3.67500e+41 6.43900e+42
2.00200e+00 3.65100e+41 6.43900e+42
2.00200e+00 3.62800e+41 6.43900e+42
2.00200e+00 3.60600e+41 6.43900e+42
2.00200e+00 3.58500e+41 6.43900e+42
2.00200e+00 3.56400e+41 6.43900e+42
2.00200e+00 3.54400e+41 6.43900e+42
2.00200e+00 3.52400e+41 6.43900e+42
2.00200e+00 3.50400e+41 6.43900e+42
2.00200e+00 3.48300e+41 6.43900e+42
2.00200e+00 3.46100e+41 6.43900e+42
2.00200e+00 3.43900e+41 6.43800e+42
2.00200e+00 3.41400e+41 6.43800e+42
2.00300e+00 3.38900e+41 6.43800e+42
2.00300e+00 3.36100e+41 6.43800e+42
2.00300e+00 3.33100e+41 6.43800e+42
2.00300e+00 3.29900e+41 6.43800e+42
2.00300e+00 3.26500e+41 6.43800e+42
2.00400e+00 3.22800e+41 6.43800e+42
2.00400e+00 3.19100e+41 6.43800e+42
2.00400e+00 3.15300e+41 6.43800e+42
2.00400e+00 3.11700e+41 6.43700e+42
2.00500e+00 3.08400e+41 6.43700e+42
2.00500e+00 3.05400e+41 6.43700e+42
2.00500e+00 3.02600e+41 6.43700e+42
2.00500e+00 3.00100e+41 6.43700e+42
2.00500e+00 2.97800e+41 6.43700e+42
2.00600e+00 2.95600e+41 6.43700e+42
2.00600e+00 2.93600e+41 6.43700e+42
2.00600e+00 2.91600e+41 6.43600e+42
2.00600e+00 2.89700e+41 6.43600e+42
2.00600e+00 2.87800e+41 6.43600e+42
2.00700e+00 2.85900e+41 6.43600e+42
2.00700e+00 2.84000e+41 6.43600e+42
2.00700e+00 2.82000e+41 6.43600e+42
2.00700e+00 2.79900e+41 6.43600e+42
2.00700e+00 2.77700e+41 6.43600e+42
2.00800e+00 2.75300e+41 6.43500e+42
2.00800e+00 2.72700e+41 6.43500e+42
2.00800e+00 2.69900e+41 6.43500e+42
2.00900e+00 2.66900e+41 6.43500e+42
2.00900e+00 2.63800e+41 6.43500e+42
2.00900e+00 2.61000e+41 6.43400e+42
2.01000e+00 2.58300e+41 6.43400e+42
2.01000e+00 2.55800e+41 6.43400e+42
2.01000e+00 2.53500e+41 6.43400e+42
2.01100e+00 2.51300e+41 6.43400e+42
2.01100e+00 2.49200e+41 6.43300e+42
2.01100e+00 2.47200e+41 6.43300e+42
2.01200e+00 2.45300e+41 6.43300e+42
2.01200e+00 2.43300e+41 6.43300e+42
2.01200e+00 2.41400e+41 6.43300e+42
2.01300e+00 2.39500e+41 6.43300e+42
2.01300e+00 2.37500e+41 6.43200e+42
2.01300e+00 2.35500e+41 6.43200e+42
2.01400e+00 2.33300e+41 6.43200e+42
2.01400e+00 2.31100e+41 6.43200e+42
2.01400e+00 2.28700e+41 6.43200e+42
2.01500e+00 2.26300e+41 6.43100e+42
2.01500e+00 2.23700e+41 6.43100e+42
2.01600e+00 2.21300e+41 6.43100e+42
2.01600e+00 2.19100e+41 6.43000e+42
2.01700e+00 2.17000e+41 6.43000e+42
2.01700e+00 2.15000e+41 6.43000e+42
2.01800e+00 2.13100e+41 6.43000e+42
2.01800e+00 2.11200e+41 6.42900e+42
2.01800e+00 2.09400e+41 6.42900e+42
2.01900e+00 2.07500e+41 6.42900e+42
2.01900e+00 2.05600e+41 6.42900e+42
2.02000e+00 2.03700e+41 6.42800e+42
2.02000e+00 2.01700e+41 6.42800e+42
2.02100e+00 1.99600e+41 6.42800e+42
2.02100e+00 1.97500e+41 6.42800e+42
2.02200e+00 1.95200e+41 6.42700e+42
2.02200e+00 1.92800e+41 6.42700e+42
2.02300e+00 1.90600e+41 6.42600e+42
2.02400e+00 1.88600e+41 6.42600e+42
2.02400e+00 1.86700e+41 6.42600e+42
2.02500e+00 1.84800e+41 6.42500e+42
2.02500e+00 1.83100e+41 6.42500e+42
2.02600e+00 1.81300e+41 6.42500e+42
2.02600e+00 1.79500e+41 6.42500e+42
2.02700e+00 1.77800e+41 6.42400e+42
2.02700e+00 1.76000e+41 6.42400e+42
2.02800e+00 1.74100e+41 6.42300e+42
2.02900e+00 1.72100e+41 6.42300e+42
2.02900e+00 1.70100e+41 6.42300e+42
2.03000e+00 1.67900e+41 6.42200e+42
2.03100e+00 1.65800e+41 6.42200e+42
2.03200e+00 1.63900e+41 6.42200e+42
2.03200e+00 1.62000e+41 6.42100e+42
2.03300e+00 1.60300e+41 6.42100e+42
2.03400e+00 1.58600e+41 6.42000e+42
2.03400e+00 1.56900e+41 6.42000e+42
2.03500e+00 1.55200e+41 6.41900e+42
2.03600e+00 1.53500e+41 6.41900e+42
2.03600e+00 1.51800e+41 6.41900e+42
2.03700e+00 1.50000e+41 6.41800e+42
2.03800e+00 1.48100e+41 6.41800e+42
2.03900e+00 1.46100e+41 6.41700e+42
2.04000e+00 1.44200e+41 6.41700e+42
2.04100e+00 1.42400e+41 6.41600e+42
2.04100e+00 1.40700e+41 6.41600e+42
2.04200e+00 1.39100e+41 6.41500e+42
2.04300e+00 1.37500e+41 6.41500e+42
2.04400e+00 1.35800e+41 6.41400e+42
2.04500e+00 1.34200e+41 6.41400e+42
2.04600e+00 1.32600e+41 6.41300e+42
2.04700e+00 1.30900e+41 6.41300e+42
2.04800e+00 1.29200e+41 6.41200e+42
2.04900e+00 1.27400e+41 6.41200e+42
2.05000e+00 1.25600e+41 6.41100e+42
2.05100e+00 1.24000e+41 6.41000e+42
2.05200e+00 1.22400e+41 6.41000e+42
2.05300e+00 1.20900e+41 6.40900e+42
2.05300e+00 1.19300e+41 6.40900e+42
2.05500e+00 1.17800e+41 6.40800e+42
2.05600e+00 1.16300e+41 6.40800e+42
2.05700e+00 1.14700e+41 6.40700e+42
2.05800e+00 1.13100e+41 6.40600e+42
2.05900e+00 1.11500e+41 6.40600e+42
2.06000e+00 1.09900e+41 6.40500e+42
2.06100e+00 1.08400e+41 6.40400e+42
2.06200e+00 1.06900e+41 6.40400e+42
2.06400e+00 1.05500e+41 6.40300e+42
2.06500e+00 1.04100e+41 6.40200e+42
2.06600e+00 1.02600e+41 6.40200e+42
2.06700e+00 1.01200e+41 6.40100e+42
2.06800e+00 9.97300e+40 6.40000e+42
2.07000e+00 9.82300e+40 6.39900e+42
2.07100e+00 9.67400e+40 6.39900e+42
2.07200e+00 9.53400e+40 6.39800e+42
2.07400e+00 9.39900e+40 6.39700e+42
2.07500e+00 9.26600e+40 6.39600e+42
2.07600e+00 9.13400e+40 6.39600e+42
2.07800e+00 9.00100e+40 6.39500e+42
2.07900e+00 8.86700e+40 6.39400e+42
2.08100e+00 8.73100e+40 6.39300e+42
2.08200e+00 8.59200e+40 6.39200e+42
2.08400e+00 8.46000e+40 6.39100e+42
2.08500e+00 8.33300e+40 6.39100e+42
2.08700e+00 8.21000e+40 6.39000e+42
2.08800e+00 8.08700e+40 6.38900e+42
2.09000e+00 7.96400e+40 6.38800e+42
2.09100e+00 7.84000e+40 6.38700e+42
2.09300e+00 7.71400e+40 6.38600e+42
2.09500e+00 7.58700e+40 6.38500e+42
2.09600e+00 7.46600e+40 6.38400e+42
2.09800e+00 7.35000e+40 6.38300e+42
2.10000e+00 7.23500e+40 6.38200e+42
2.10200e+00 7.12000e+40 6.38100e+42
2.10300e+00 7.00500e+40 6.38000e+42
2.10500e+00 6.88900e+40 6.37900e+42
2.10700e+00 6.77100e+40 6.37800e+42
2.10900e+00 6.65800e+40 6.37700e+42
2.11100e+00 6.54900e+40 6.37600e+42
2.11300e+00 6.44200e+40 6.37500e+42
2.11500e+00 6.33500e+40 6.37300e+42
2.11700e+00 6.22700e+40 6.37200e+42
2.11900e+00 6.11900e+40 6.37100e+42
2.12100e+00 6.01000e+40 6.37000e+42
2.12300e+00 5.90500e+40 6.36900e+42
2.12500e+00 5.80400e+40 6.36700e+42
2.12700e+00 5.70300e+40 6.36600e+42
2.12900e+00 5.60300e+40 6.36500e+42
2.13200e+00 5.50200e+40 6.36400e+42
2.13400e+00 5.40100e+40 6.36200e+42
2.13600e+00 5.30200e+40 6.36100e+42
2.13900e+00 5.20700e+40 6.36000e+42
2.14100e+00 5.11200e+40 6.35800e+42
2.14300e+00 5.01800e+40 6.35700e+42
2.14600e+00 4.92400e+40 6.35600e+42
2.14800e+00 4.83000e+40 6.35400e+42
2.15100e+00 4.73800e+40 6.35300e+42
2.15300e+00 4.64800e+40 6.35100e+42
2.15600e+00 4.56000e+40 6.35000e+42
2.15900e+00 4.47200e+40 6.34800e+42
2.16100e+00 4.38400e+40 6.34700e+42
2.16400e+00 4.29700e+40 6.34500e+42
2.16700e+00 4.21200e+40 6.34300e+42
2.17000e+00 4.12900e+40 6.34200e+42
2.17300e+00 4.04700e+40 6.34000e+42
2.17600e+00 3.96500e+40 6.33800e+42
2.17900e+00 3.88300e+40 6.33700e+42
2.18200e+00 3.80400e+40 6.33500e+42
2.18500e+00 3.72600e+40 6.33300e+42
2.18800e+00 3.65000e+40 6.33100e+42
2.19100e+00 3.57300e+40 6.33000e+42
2.19400e+00 3.49700e+40 6.32800e+42
2.19700e+00 3.42300e+40 6.32600e+42
2.20100e+00 3.35100e+40 6.32400e+42
2.20400e+00 3.27900e+40 6.32200e+42
2.20800e+00 3.20800e+40 6.32000e+42
2.21100e+00 3.13800e+40 6.31800e+42
2.21500e+00 3.07000e+40 6.31600e+42
2.21800e+00 3.00300e+40 6.31400e+42
2.22200e+00 2.93700e+40 6.31200e+42
2.22600e+00 2.87100e+40 6.31000e+42
2.23000e+00 2.80700e+40 6.30800e+42
2.23300e+00 2.74400e+40 6.30500e+42
2.23700e+00 2.68200e+40 6.30300e+42
2.24100e+00 2.62100e+40 6.30100e+42
2.24500e+00 2.56100e+40 6.29900e+42
2.24900e+00 2.50300e+40 6.29600e+42
2.25400e+00 2.44500e+40 6.29400e+42
2.25800e+00 2.38800e+40 6.29200e+42
2.26200e+00 2.33200e+40 6.28900e+42
2.26700e+00 2.27800e+40 6.28700e+42
2.27100e+00 2.22500e+40 6.28400e+42
2.27600e+00 2.17200e+40 6.28200e+42
2.28000e+00 2.12000e+40 6.27900e+42
2.28500e+00 2.07000e+40 6.27600e+42
2.29000e+00 2.02000e+40 6.27400e+42
2.29500e+00 1.97100e+40 6.27100e+42
2.30000e+00 1.92300e+40 6.26800e+42
2.30500e+00 1.87700e+40 6.26500e+42
2.31000e+00 1.83100e+40 6.26200e+42
2.31500e+00 1.78600e+40 6.25900e+42
2.32000e+00 1.74200e+40 6.25600e+42
2.32600e+00 1.69900e+40 6.25300e+42
2.33100e+00 1.65600e+40 6.25000e+42
2.33700e+00 1.61500e+40 6.24700e+42
2.34200e+00 1.57400e+40 6.24400e+42
2.34800e+00 1.53400e+40 6.24100e+42
2.35400e+00 1.49500e+40 6.23700e+42
2.36000e+00 1.45700e+40 6.23400e+42
2.36600e+00 1.42000e+40 6.23000e+42
2.37200e+00 1.38300e+40 6.22700e+42
2.37900e+00 1.34800e+40 6.22300e+42
2.38500e+00 1.31300e+40 6.22000e+42
2.39200e+00 1.27900e+40 6.21600e+42
2.39800e+00 1.24500e+40 6.21300e+42
2.40500e+00 1.21300e+40 6.20900e+42
2.41200e+00 1.18100e+40 6.20500e+42
2.41900e+00 1.14900e+40 6.20100e+42
2.42600e+00 1.11900e+40 6.19700e+42
2.43300e+00 1.08900e+40 6.19300e+42
2.44100e+00 1.06000e+40 6.18900e+42
2.44800e+00 1.03100e+40 6.18500e+42
2.45600e+00 1.00400e+40 6.18000e+42
2.46400e+00 9.76600e+39 6.17600e+42
2.47200e+00 9.50100e+39 6.17200e+42
2.48000e+00 9.24300e+39 6.16700e+42
2.48800e+00 8.99000e+39 6.16300e+42
2.49700e+00 8.74500e+39 6.15800e+42
2.50500e+00 8.50400e+39 6.15300e+42
2.51400e+00 8.27000e+39 6.14800e+42
2.52300e+00 8.04100e+39 6.14300e+42
2.53200e+00 7.81800e+39 6.13800e+42
2.54100e+00 7.60100e+39 6.13300e+42
2.55100e+00 7.38900e+39 6.12800e+42
2.56000e+00 7.18200e+39 6.12300e+42
2.57000e+00 6.98100e+39 6.11800e+42
2.58000e+00 6.78500e+39 6.11200e+42
2.59000e+00 6.59400e+39 6.10600e+42
2.60100e+00 6.40800e+39 6.10100e+42
2.61100e+00 6.22600e+39 6.09500e+42
2.62200e+00 6.04900e+39 6.08900e+42
2.63300e+00 5.87700e+39 6.08300e+42
2.64400e+00 5.70900e+39 6.07700e+42
2.65600e+00 5.54600e+39 6.07100e+42
2.66700e+00 5.38700e+39 6.06500e+42
2.67900e+00 5.23200e+39 6.05800e+42
2.69100e+00 5.08200e+39 6.05200e+42
2.70400e+00 4.93500e+39 6.04500e+42
2.71600e+00 4.79200e+39 6.03800e+42
2.72900e+00 4.65300e+39 6.03100e+42
2.74200e+00 4.51800e+39 6.02400e+42
2.75600e+00 4.38700e+39 6.01700e+42
2.77000e+00 4.25900e+39 6.01000e+42
2.78300e+00 4.13400e+39 6.00200e+42
2.79800e+00 4.01300e+39 5.99400e+42
2.81200e+00 3.89500e+39 5.98700e+42
2.82700e+00 3.78100e+39 5.97900e+42
2.84200e+00 3.67000e+39 5.97100e+42
2.85800e+00 3.56100e+39 5.96200e+42
2.87400e+00 3.45600e+39 5.95400e+42
2.89000e+00 3.35400e+39 5.94500e+42
2.90600e+00 3.25400e+39 5.93700e+42
2.92300e+00 3.15700e+39 5.92800e+42
2.94000e+00 3.06300e+39 5.91900e+42
2.95800e+00 2.97200e+39 5.91000e+42
2.97600e+00 2.88300e+39 5.90000e+42
2.99400e+00 2.79700e+39 5.89100e+42
3.01300e+00 2.71300e+39 5.88100e+42
3.03200e+00 2.63100e+39 5.87100e+42
3.05200e+00 2.55200e+39 5.86100e+42
3.07200e+00 2.47500e+39 5.85000e+42
3.09200e+00 2.40000e+39 5.84000e+42
3.11300e+00 2.32700e+39 5.82900e+42
3.13500e+00 2.25600e+39 5.81800e+42
3.15700e+00 2.18800e+39 5.80600e+42
3.17900e+00 2.11800e+39 5.79500e+42
3.20200e+00 2.05300e+39 5.78300e+42
3.22500e+00 1.99000e+39 5.77100e+42
3.24900e+00 1.93000e+39 5.75900e+42
3.27400e+00 1.87100e+39 5.74700e+42
3.29900e+00 1.81400e+39 5.73400e+42
3.32400e+00 1.75900e+39 5.72100e+42
3.35000e+00 1.70600e+39 5.70800e+42
3.37700e+00 1.65500e+39 5.69500e+42
3.40400e+00 1.60700e+39 5.68100e+42
3.43200e+00 1.56000e+39 5.66800e+42
3.46000e+00 1.51700e+39 5.65300e+42
3.48900e+00 1.47600e+39 5.63900e+42
3.51800e+00 1.43900e+39 5.62500e+42
3.54800e+00 1.40500e+39 5.61000e+42
3.57800e+00 1.37500e+39 5.59500e+42
3.60800e+00 1.35000e+39 5.58100e+42
3.63900e+00 1.33000e+39 5.56600e+42
3.67000e+00 1.31500e+39 5.55100e+42
3.70200e+00 1.30600e+39 5.53500e+42
3.73400e+00 1.30400e+39 5.52000e+42
3.76600e+00 1.31000e+39 5.50400e+42
3.79900e+00 1.32300e+39 5.48900e+42
3.83200e+00 1.34800e+39 5.47300e+42
3.86600e+00 1.38400e+39 5.45600e+42
3.90100e+00 1.43300e+39 5.44000e+42
3.93600e+00 1.49600e+39 5.42400e+42
3.97100e+00 1.57600e+39 5.40700e+42
4.00700e+00 1.67600e+39 5.39000e+42
4.04400e+00 1.79700e+39 5.37300e+42
4.08200e+00 1.94500e+39 5.35500e+42
4.12000e+00 2.11900e+39 5.33800e+42
4.16000e+00 2.32500e+39 5.32000e+42
4.19800e+00 2.56000e+39 5.30200e+42
4.23700e+00 2.82600e+39 5.28400e+42
4.27500e+00 3.11700e+39 5.26700e+42
4.31200e+00 3.44400e+39 5.25000e+42
4.34900e+00 3.80700e+39 5.23300e+42
4.38600e+00 4.19600e+39 5.21700e+42
4.42300e+00 4.63300e+39 5.20000e+42
4.46000e+00 5.10000e+39 5.18400e+42
4.49700e+00 5.61300e+39 5.16800e+42
4.53400e+00 6.17800e+39 5.15100e+42
4.57200e+00 6.81400e+39 5.13400e+42
4.61100e+00 7.49700e+39 5.11700e+42
4.65000e+00 8.23300e+39 5.10000e+42
4.69000e+00 9.06100e+39 5.08300e+42
4.73100e+00 9.97300e+39 5.06500e+42
4.77200e+00 1.09800e+40 5.04800e+42
4.81500e+00 1.20900e+40 5.03000e+42
4.85800e+00 1.33100e+40 5.01100e+42
4.90300e+00 1.46600e+40 4.99200e+42
4.94800e+00 1.61600e+40 4.97300e+42
4.99600e+00 1.78100e+40 4.95300e+42
5.04400e+00 1.96300e+40 4.93300e+42
5.09400e+00 2.16500e+40 4.91200e+42
5.14500e+00 2.38800e+40 4.89100e+42
5.19800e+00 2.63500e+40 4.86900e+42
5.25200e+00 2.90900e+40 4.84700e+42
5.30900e+00 3.21300e+40 4.82400e+42
5.36700e+00 3.54900e+40 4.80100e+42
5.42700e+00 3.92200e+40 4.77700e+42
5.48900e+00 4.33700e+40 4.75200e+42
5.55300e+00 4.79800e+40 4.72700e+42
5.61900e+00 5.31100e+40 4.70100e+42
5.68800e+00 5.88200e+40 4.67400e+42
5.75900e+00 6.51700e+40 4.64600e+42
5.83400e+00 7.22500e+40 4.61800e+42
5.91100e+00 8.01400e+40 4.58900e+42
5.99000e+00 8.89500e+40 4.55900e+42
6.07400e+00 9.87900e+40 4.52800e+42
6.16000e+00 1.09800e+41 4.49600e+42
6.25000e+00 1.22100e+41 4.46200e+42
6.34300e+00 1.35500e+41 4.42900e+42
6.43500e+00 1.49900e+41 4.39600e+42
6.52700e+00 1.65100e+41 4.36300e+42
6.61800e+00 1.81400e+41 4.33100e+42
6.72500e+00 2.01500e+41 4.29400e+42
6.83200e+00 2.22800e+41 4.25700e+42
6.93600e+00 2.44800e+41 4.22200e+42
7.03700e+00 2.67400e+41 4.18800e+42
7.13500e+00 2.90400e+41 4.15500e+42
7.23100e+00 3.13800e+41 4.12400e+42
7.32400e+00 3.37600e+41 4.09300e+42
7.41500e+00 3.61700e+41 4.06400e+42
7.50300e+00 3.86000e+41 4.03600e+42
7.59000e+00 4.10600e+41 4.00900e+42
7.67400e+00 4.35400e+41 3.98200e+42
7.75600e+00 4.61000e+41 3.95700e+42
7.87800e+00 4.99500e+41 3.91900e+42
7.99000e+00 5.36400e+41 3.88500e+42
8.09400e+00 5.71500e+41 3.85400e+42
8.19100e+00 6.05100e+41 3.82500e+42
8.28300e+00 6.37500e+41 3.79900e+42
8.37000e+00 6.69000e+41 3.77300e+42
8.45300e+00 6.99700e+41 3.74900e+42
8.53400e+00 7.29800e+41 3.72700e+42
8.61100e+00 7.60200e+41 3.70500e+42
8.74100e+00 8.10800e+41 3.66800e+42
8.85400e+00 8.55800e+41 3.63700e+42
8.95400e+00 8.96400e+41 3.61000e+42
9.04600e+00 9.33900e+41 3.58500e+42
9.13200e+00 9.69100e+41 3.56200e+42
9.21300e+00 1.00300e+42 3.54100e+42
9.29000e+00 1.03500e+42 3.52100e+42
9.36400e+00 1.06700e+42 3.50100e+42
9.50000e+00 1.12500e+42 3.46600e+42
9.61200e+00 1.17300e+42 3.43800e+42
9.70900e+00 1.21400e+42 3.41400e+42
9.79600e+00 1.25200e+42 3.39200e+42
9.87700e+00 1.28600e+42 3.37200e+42
9.95300e+00 1.31900e+42 3.35300e+42
1.00300e+01 1.35000e+42 3.33600e+42
1.01000e+01 1.38100e+42 3.31900e+42
1.02300e+01 1.44100e+42 3.28600e+42
1.03500e+01 1.48800e+42 3.26000e+42
1.04400e+01 1.52800e+42 3.23800e+42
1.05300e+01 1.56400e+42 3.21800e+42
1.06000e+01 1.59700e+42 3.20100e+42
1.06800e+01 1.62700e+42 3.18400e+42
1.07500e+01 1.65700e+42 3.16800e+42
1.08900e+01 1.71400e+42 3.13700e+42
1.10000e+01 1.75900e+42 3.11300e+42
1.10900e+01 1.79600e+42 3.09300e+42
1.11800e+01 1.82800e+42 3.07500e+42
1.12500e+01 1.85700e+42 3.05900e+42
1.13200e+01 1.88500e+42 3.04400e+42
1.13900e+01 1.91000e+42 3.02900e+42
1.14600e+01 1.93600e+42 3.01600e+42
1.15900e+01 1.98400e+42 2.98900e+42
1.17000e+01 2.02400e+42 2.96600e+42
1.18000e+01 2.05700e+42 2.94700e+42
1.18800e+01 2.08500e+42 2.93100e+42
1.19600e+01 2.11000e+42 2.91600e+42
1.20300e+01 2.13300e+42 2.90200e+42
1.20900e+01 2.15400e+42 2.88900e+42
1.21600e+01 2.17600e+42 2.87600e+42
1.22900e+01 2.21500e+42 2.85200e+42
1.24100e+01 2.25000e+42 2.83000e+42
1.25000e+01 2.27600e+42 2.81200e+42
1.25800e+01 2.29900e+42 2.79700e+42
1.26600e+01 2.32000e+42 2.78300e+42
1.27300e+01 2.33800e+42 2.77000e+42
1.28000e+01 2.35500e+42 2.75800e+42
1.28600e+01 2.37300e+42 2.74600e+42
1.29900e+01 2.40300e+42 2.72300e+42
1.31100e+01 2.42900e+42 2.70300e+42
1.32100e+01 2.45000e+42 2.68600e+42
1.32900e+01 2.46700e+42 2.67200e+42
1.33700e+01 2.48200e+42 2.65900e+42
1.34400e+01 2.49500e+42 2.64700e+42
1.35100e+01 2.50700e+42 2.63600e+42
1.35700e+01 2.52000e+42 2.62500e+42
1.37000e+01 2.54100e+42 2.60400e+42
1.38300e+01 2.55900e+42 2.58400e+42
1.39200e+01 2.57300e+42 2.56800e+42
1.40100e+01 2.58400e+42 2.55500e+42
1.40900e+01 2.59400e+42 2.54200e+42
1.41600e+01 2.60200e+42 2.53100e+42
1.42300e+01 2.61000e+42 2.52000e+42
1.43000e+01 2.61600e+42 2.51000e+42
1.43600e+01 2.62400e+42 2.50000e+42
1.44900e+01 2.63500e+42 2.48100e+42
1.46200e+01 2.64400e+42 2.46200e+42
1.47200e+01 2.65000e+42 2.44700e+42
1.48100e+01 2.65500e+42 2.43400e+42
1.48900e+01 2.65900e+42 2.42200e+42
1.49700e+01 2.66200e+42 2.41200e+42
1.50400e+01 2.66400e+42 2.40200e+42
1.51000e+01 2.66600e+42 2.39200e+42
1.51700e+01 2.66900e+42 2.38300e+42
1.53000e+01 2.67000e+42 2.36400e+42
1.54400e+01 2.67000e+42 2.34600e+42
1.55400e+01 2.67000e+42 2.33200e+42
1.56300e+01 2.66800e+42 2.32000e+42
1.57200e+01 2.66700e+42 2.30900e+42
1.57900e+01 2.66500e+42 2.29900e+42
1.58700e+01 2.66200e+42 2.28900e+42
1.59400e+01 2.66000e+42 2.28000e+42
1.60100e+01 2.65700e+42 2.27100e+42
1.60700e+01 2.65500e+42 2.26300e+42
1.62100e+01 2.64800e+42 2.24600e+42
1.63500e+01 2.63900e+42 2.22800e+42
1.64600e+01 2.63200e+42 2.21500e+42
1.65600e+01 2.62500e+42 2.20300e+42
1.66400e+01 2.61800e+42 2.19200e+42
1.67200e+01 2.61100e+42 2.18300e+42
1.68000e+01 2.60500e+42 2.17400e+42
1.68800e+01 2.59800e+42 2.16500e+42
1.69500e+01 2.59100e+42 2.15700e+42
1.70200e+01 2.58400e+42 2.14800e+42
1.70900e+01 2.57800e+42 2.14000e+42
1.72300e+01 2.56400e+42 2.12500e+42
1.73800e+01 2.54700e+42 2.10800e+42
1.75000e+01 2.53400e+42 2.09500e+42
1.76000e+01 2.52200e+42 2.08400e+42
1.76900e+01 2.51100e+42 2.07400e+42
1.77800e+01 2.50000e+42 2.06500e+42
1.78600e+01 2.49000e+42 2.05600e+42
1.79400e+01 2.48000e+42 2.04800e+42
1.80100e+01 2.47000e+42 2.04000e+42
1.80900e+01 2.46100e+42 2.03200e+42
1.81600e+01 2.45100e+42 2.02400e+42
1.82300e+01 2.44200e+42 2.01700e+42
1.83800e+01 2.42200e+42 2.00300e+42
1.85400e+01 2.40000e+42 1.98600e+42
1.86700e+01 2.38200e+42 1.97400e+42
1.87800e+01 2.36600e+42 1.96300e+42
1.88800e+01 2.35200e+42 1.95300e+42
1.89700e+01 2.33900e+42 1.94500e+42
1.90600e+01 2.32600e+42 1.93600e+42
1.91400e+01 2.31400e+42 1.92800e+42
1.92200e+01 2.30200e+42 1.92000e+42
1.93000e+01 2.29100e+42 1.91300e+42
1.93800e+01 2.27900e+42 1.90600e+42
1.94600e+01 2.26800e+42 1.89900e+42
1.95400e+01 2.25700e+42 1.89200e+42
1.96900e+01 2.23500e+42 1.87800e+42
1.98700e+01 2.20800e+42 1.86300e+42
2.00100e+01 2.18800e+42 1.85100e+42
2.01300e+01 2.17100e+42 1.84000e+42
2.02300e+01 2.15500e+42 1.83100e+42
2.03400e+01 2.14100e+42 1.82300e+42
2.04300e+01 2.12700e+42 1.81500e+42
2.05200e+01 2.11400e+42 1.80700e+42
2.06100e+01 2.10100e+42 1.80000e+42
2.07000e+01 2.08900e+42 1.79200e+42
2.07900e+01 2.07700e+42 1.78600e+42
2.08700e+01 2.06500e+42 1.77900e+42
2.09500e+01 2.05300e+42 1.77200e+42
2.10400e+01 2.04100e+42 1.76500e+42
2.11200e+01 2.03000e+42 1.75900e+42
2.12900e+01 2.00700e+42 1.74600e+42
2.14800e+01 1.98000e+42 1.73200e+42
2.16300e+01 1.96000e+42 1.72000e+42
2.17600e+01 1.94300e+42 1.71000e+42
2.18800e+01 1.92700e+42 1.70100e+42
2.19900e+01 1.91300e+42 1.69300e+42
2.21000e+01 1.89900e+42 1.68600e+42
2.22000e+01 1.88600e+42 1.67900e+42
2.23000e+01 1.87400e+42 1.67200e+42
2.23900e+01 1.86200e+42 1.66500e+42
2.24900e+01 1.85000e+42 1.65800e+42
2.25800e+01 1.83900e+42 1.65200e+42
2.26700e+01 1.82800e+42 1.64500e+42
2.27700e+01 1.81700e+42 1.63900e+42
2.28600e+01 1.80600e+42 1.63300e+42
2.29500e+01 1.79500e+42 1.62700e+42
2.31300e+01 1.77400e+42 1.61500e+42
2.33500e+01 1.75000e+42 1.60100e+42
2.35200e+01 1.73100e+42 1.59000e+42
2.36600e+01 1.71500e+42 1.58000e+42
2.38000e+01 1.70100e+42 1.57200e+42
2.39200e+01 1.68900e+42 1.56400e+42
2.40400e+01 1.67600e+42 1.55700e+42
2.41500e+01 1.66500e+42 1.55000e+42
2.42600e+01 1.65400e+42 1.54300e+42
2.43700e+01 1.64400e+42 1.53600e+42
2.44700e+01 1.63300e+42 1.53000e+42
2.45800e+01 1.62300e+42 1.52400e+42
2.46800e+01 1.61400e+42 1.51800e+42
2.47800e+01 1.60400e+42 1.51200e+42
2.48900e+01 1.59500e+42 1.50600e+42
2.49900e+01 1.58600e+42 1.50000e+42
2.50900e+01 1.57700e+42 1.49400e+42
2.51900e+01 1.56800e+42 1.48800e+42
2.53900e+01 1.55100e+42 1.47700e+42
2.56400e+01 1.53100e+42 1.46400e+42
2.58300e+01 1.51500e+42 1.45300e+42
2.59900e+01 1.50300e+42 1.44400e+42
2.61400e+01 1.49100e+42 1.43600e+42
2.62800e+01 1.48100e+42 1.42900e+42
2.64100e+01 1.47100e+42 1.42200e+42
2.65300e+01 1.46100e+42 1.41500e+42
2.66600e+01 1.45300e+42 1.40900e+42
2.67800e+01 1.44400e+42 1.40200e+42
2.69000e+01 1.43600e+42 1.39600e+42
2.70100e+01 1.42800e+42 1.39000e+42
2.71300e+01 1.42000e+42 1.38400e+42
2.72400e+01 1.41200e+42 1.37900e+42
2.73600e+01 1.40400e+42 1.37300e+42
2.74700e+01 1.39700e+42 1.36700e+42
2.75800e+01 1.39000e+42 1.36200e+42
2.77000e+01 1.38200e+42 1.35600e+42
2.78100e+01 1.37500e+42 1.35100e+42
2.79300e+01 1.36800e+42 1.34500e+42
2.81600e+01 1.35400e+42 1.33500e+42
2.84300e+01 1.33800e+42 1.32300e+42
2.86400e+01 1.32600e+42 1.31200e+42
2.88300e+01 1.31500e+42 1.30300e+42
2.90000e+01 1.30600e+42 1.29600e+42
2.91600e+01 1.29700e+42 1.28800e+42
2.93000e+01 1.28900e+42 1.28200e+42
2.94500e+01 1.28100e+42 1.27500e+42
2.95900e+01 1.27400e+42 1.26900e+42
2.97200e+01 1.26700e+42 1.26300e+42
2.98600e+01 1.26000e+42 1.25700e+42
2.99900e+01 1.25300e+42 1.25100e+42
3.01200e+01 1.24700e+42 1.24600e+42
3.02500e+01 1.24000e+42 1.24000e+42
3.03800e+01 1.23400e+42 1.23500e+42
3.05100e+01 1.22800e+42 1.22900e+42
3.06400e+01 1.22200e+42 1.22400e+42
3.07700e+01 1.21600e+42 1.21800e+42
3.09000e+01 1.20900e+42 1.21300e+42
3.10300e+01 1.20300e+42 1.20800e+42
3.11600e+01 1.19700e+42 1.20200e+42
3.12900e+01 1.19200e+42 1.19700e+42
3.15500e+01 1.18000e+42 1.18800e+42
3.18600e+01 1.16600e+42 1.17600e+42
3.21000e+01 1.15600e+42 1.16600e+42
3.23100e+01 1.14700e+42 1.15700e+42
3.25100e+01 1.13900e+42 1.15000e+42
3.26800e+01 1.13200e+42 1.14300e+42
3.28500e+01 1.12500e+42 1.13600e+42
3.30200e+01 1.11800e+42 1.13000e+42
3.31800e+01 1.11200e+42 1.12400e+42
3.33300e+01 1.10600e+42 1.11800e+42
3.34800e+01 1.10000e+42 1.11200e+42
3.36400e+01 1.09400e+42 1.10700e+42
3.37800e+01 1.08800e+42 1.10100e+42
3.39300e+01 1.08300e+42 1.09600e+42
3.40800e+01 1.07700e+42 1.09100e+42
3.42300e+01 1.07200e+42 1.08600e+42
3.43700e+01 1.06600e+42 1.08000e+42
3.45200e+01 1.06100e+42 1.07500e+42
3.46700e+01 1.05500e+42 1.07000e+42
3.48200e+01 1.05000e+42 1.06500e+42
3.49700e+01 1.04500e+42 1.05900e+42
3.51100e+01 1.03900e+42 1.05400e+42
3.52700e+01 1.03400e+42 1.04900e+42
3.54200e+01 1.02900e+42 1.04400e+42
3.57200e+01 1.01800e+42 1.03600e+42
3.60700e+01 1.00600e+42 1.02500e+42
3.63500e+01 9.96800e+41 1.01500e+42
3.65900e+01 9.88700e+41 1.00600e+42
3.68100e+01 9.81500e+41 9.99000e+41
3.70100e+01 9.74800e+41 9.92200e+41
3.72100e+01 9.68500e+41 9.85900e+41
3.74000e+01 9.62400e+41 9.79800e+41
3.75800e+01 9.56700e+41 9.74000e+41
3.77500e+01 9.51100e+41 9.68400e+41
3.79300e+01 9.45600e+41 9.63000e+41
3.81000e+01 9.40300e+41 9.57600e+41
3.82700e+01 9.35100e+41 9.52400e+41
3.84400e+01 9.29900e+41 9.47200e+41
3.86100e+01 9.24900e+41 9.42100e+41
3.87800e+01 9.19800e+41 9.37000e+41
3.89500e+01 9.14900e+41 9.32000e+41
3.91200e+01 9.09900e+41 9.27000e+41
3.92900e+01 9.05000e+41 9.22000e+41
3.94600e+01 9.00100e+41 9.17000e+41
3.96300e+01 8.95200e+41 9.12100e+41
3.98000e+01 8.90300e+41 9.07100e+41
3.99700e+01 8.85400e+41 9.02100e+41
4.01500e+01 8.80500e+41 8.97100e+41
4.03200e+01 8.75600e+41 8.92200e+41
4.05000e+01 8.70800e+41 8.87200e+41
4.08500e+01 8.61200e+41 8.79800e+41
4.12600e+01 8.50200e+41 8.69400e+41
4.15800e+01 8.41700e+41 8.59400e+41
4.18700e+01 8.34300e+41 8.51200e+41
4.21200e+01 8.27600e+41 8.44000e+41
4.23600e+01 8.21500e+41 8.37400e+41
4.25900e+01 8.15700e+41 8.31200e+41
4.28100e+01 8.10200e+41 8.25300e+41
4.30300e+01 8.04900e+41 8.19700e+41
4.32300e+01 7.99800e+41 8.14300e+41
4.34400e+01 7.94900e+41 8.09000e+41
4.36400e+01 7.90000e+41 8.03900e+41
4.38400e+01 7.85200e+41 7.98800e+41
4.40400e+01 7.80600e+41 7.93800e+41
4.42400e+01 7.75900e+41 7.88900e+41
4.44400e+01 7.71400e+41 7.84000e+41
4.46300e+01 7.66800e+41 7.79200e+41
4.48300e+01 7.62300e+41 7.74400e+41
4.50300e+01 7.57800e+41 7.69600e+41
4.52300e+01 7.53300e+41 7.64800e+41
4.54300e+01 7.48800e+41 7.60000e+41
4.56300e+01 7.44300e+41 7.55300e+41
4.58400e+01 7.39800e+41 7.50500e+41
4.60400e+01 7.35200e+41 7.45800e+41
4.62500e+01 7.30700e+41 7.41000e+41
4.64600e+01 7.26100e+41 7.36200e+41
4.66700e+01 7.21500e+41 7.31400e+41
4.68800e+01 7.16900e+41 7.26700e+41
4.73100e+01 7.07800e+41 7.20000e+41
4.77800e+01 6.97800e+41 7.10200e+41
4.81600e+01 6.89900e+41 7.00700e+41
4.84900e+01 6.83100e+41 6.92900e+41
4.88000e+01 6.76900e+41 6.86100e+41
4.90800e+01 6.71200e+41 6.79800e+41
4.93500e+01 6.65900e+41 6.74000e+41
4.96100e+01 6.60700e+41 6.68500e+41
4.98700e+01 6.55800e+41 6.63200e+41
5.01100e+01 6.51100e+41 6.58100e+41
5.03600e+01 6.46500e+41 6.53100e+41
5.06000e+01 6.42000e+41 6.48300e+41
5.08300e+01 6.37600e+41 6.43600e+41
5.10700e+01 6.33300e+41 6.38900e+41
5.13100e+01 6.29000e+41 6.34300e+41
5.15400e+01 6.24800e+41 6.29700e+41
5.17800e+01 6.20600e+41 6.25200e+41
5.20100e+01 6.16400e+41 6.20700e+41
5.22500e+01 6.12200e+41 6.16300e+41
5.24800e+01 6.08100e+41 6.11900e+41
5.27200e+01 6.03900e+41 6.07400e+41
5.29600e+01 5.99700e+41 6.03000e+41
5.32000e+01 5.95500e+41 5.98600e+41
5.34500e+01 5.91300e+41 5.94200e+41
5.36900e+01 5.87000e+41 5.89900e+41
5.39400e+01 5.82800e+41 5.85400e+41
5.41900e+01 5.78500e+41 5.81000e+41
5.44500e+01 5.74200e+41 5.76600e+41
5.47000e+01 5.69900e+41 5.72200e+41
5.49600e+01 5.65600e+41 5.67700e+41
5.52300e+01 5.61300e+41 5.63300e+41
5.57500e+01 5.52800e+41 5.57300e+41
5.63200e+01 5.43700e+41 5.48400e+41
5.67900e+01 5.36400e+41 5.39600e+41
5.72000e+01 5.30200e+41 5.32500e+41
5.75700e+01 5.24500e+41 5.26200e+41
5.79200e+01 5.19300e+41 5.20500e+41
5.82500e+01 5.14400e+41 5.15100e+41
5.85800e+01 5.09800e+41 5.10100e+41
5.88900e+01 5.05400e+41 5.05300e+41
5.92000e+01 5.01100e+41 5.00600e+41
5.95000e+01 4.96900e+41 4.96100e+41
5.97900e+01 4.92900e+41 4.91700e+41
6.00900e+01 4.88900e+41 4.87400e+41
6.03800e+01 4.85000e+41 4.83200e+41
6.06700e+01 4.81100e+41 4.79000e+41
6.09600e+01 4.77300e+41 4.74900e+41
6.12500e+01 4.73500e+41 4.70900e+41
6.15500e+01 4.69700e+41 4.66900e+41
6.18400e+01 4.65900e+41 4.62900e+41
6.21300e+01 4.62100e+41 4.58900e+41
6.24300e+01 4.58300e+41 4.55000e+41
6.27200e+01 4.54500e+41 4.51000e+41
6.30200e+01 4.50700e+41 4.47100e+41
6.33300e+01 4.46900e+41 4.43200e+41
6.36300e+01 4.43100e+41 4.39300e+41
6.39400e+01 4.39200e+41 4.35400e+41
6.42500e+01 4.35400e+41 4.31500e+41
6.45600e+01 4.31500e+41 4.27600e+41
6.48800e+01 4.27700e+41 4.23700e+41
6.52000e+01 4.23800e+41 4.19800e+41
6.55300e+01 4.20000e+41 4.15900e+41
6.58600e+01 4.16100e+41 4.12000e+41
6.62000e+01 4.12200e+41 4.08000e+41
6.65400e+01 4.08400e+41 4.04100e+41
6.68800e+01 4.04500e+41 4.00200e+41
6.72300e+01 4.00700e+41 3.96200e+41
6.78100e+01 3.94300e+41 3.91400e+41
6.83900e+01 3.88200e+41 3.85000e+41
6.89600e+01 3.82100e+41 3.78700e+41
6.95200e+01 3.76500e+41 3.72700e+41
7.00200e+01 3.71400e+41 3.67100e+41
7.04800e+01 3.66800e+41 3.62000e+41
7.09300e+01 3.62500e+41 3.57400e+41
7.13500e+01 3.58400e+41 3.53000e+41
7.17700e+01 3.54500e+41 3.48900e+41
7.21700e+01 3.50800e+41 3.44900e+41
7.25600e+01 3.47200e+41 3.41000e+41
7.29500e+01 3.43700e+41 3.37300e+41
7.33400e+01 3.40300e+41 3.33700e+41
7.37200e+01 3.36900e+41 3.30100e+41
7.41100e+01 3.33600e+41 3.26600e+41
7.44800e+01 3.30300e+41 3.23200e+41
7.48700e+01 3.27000e+41 3.19800e+41
7.52500e+01 3.23800e+41 3.16500e+41
7.56300e+01 3.20600e+41 3.13200e+41
7.60100e+01 3.17400e+41 3.09900e+41
7.64000e+01 3.14100e+41 3.06700e+41
7.67900e+01 3.10900e+41 3.03400e+41
7.71800e+01 3.07700e+41 3.00200e+41
7.75700e+01 3.04500e+41 2.97000e+41
7.79700e+01 3.01300e+41 2.93900e+41
7.83700e+01 2.98100e+41 2.90700e+41
7.87800e+01 2.94900e+41 2.87600e+41
7.91900e+01 2.91800e+41 2.84400e+41
7.96000e+01 2.88600e+41 2.81300e+41
8.00200e+01 2.85400e+41 2.78100e+41
8.04400e+01 2.82300e+41 2.75000e+41
8.08800e+01 2.79100e+41 2.71900e+41
8.13100e+01 2.76000e+41 2.68800e+41
8.17500e+01 2.72900e+41 2.65700e+41
8.22000e+01 2.69800e+41 2.62500e+41
8.26600e+01 2.66600e+41 2.59400e+41
8.31200e+01 2.63500e+41 2.56300e+41
8.35800e+01 2.60400e+41 2.53200e+41
8.40600e+01 2.57300e+41 2.50100e+41
8.45400e+01 2.54200e+41 2.47000e+41
8.50300e+01 2.51100e+41 2.43900e+41
8.55300e+01 2.48000e+41 2.40700e+41
8.60300e+01 2.44900e+41 2.37600e+41
8.66100e+01 2.41400e+41 2.34400e+41
8.71900e+01 2.38000e+41 2.30900e+41
8.77700e+01 2.34600e+41 2.27500e+41
8.83500e+01 2.31300e+41 2.24100e+41
8.89300e+01 2.28000e+41 2.20800e+41
8.95100e+01 2.24800e+41 2.17600e+41
9.00800e+01 2.21700e+41 2.14400e+41
9.06600e+01 2.18600e+41 2.11300e+41
9.12400e+01 2.15600e+41 2.08200e+41
9.18200e+01 2.12600e+41 2.05200e+41
9.24000e+01 2.09700e+41 2.02200e+41
9.29700e+01 2.06900e+41 1.99300e+41
9.35400e+01 2.04100e+41 1.96500e+41
9.40900e+01 2.01400e+41 1.93800e+41
9.46400e+01 1.98800e+41 1.91100e+41
9.51900e+01 1.96300e+41 1.88600e+41
9.57400e+01 1.93800e+41 1.86000e+41
9.62800e+01 1.91300e+41 1.83500e+41
9.68300e+01 1.88900e+41 1.81100e+41
9.73700e+01 1.86500e+41 1.78700e+41
9.79200e+01 1.84100e+41 1.76400e+41
9.84700e+01 1.81700e+41 1.74000e+41
9.90200e+01 1.79400e+41 1.71700e+41
9.95800e+01 1.77100e+41 1.69400e+41
1.00100e+02 1.74800e+41 1.67200e+41
1.00700e+02 1.72500e+41 1.64900e+41
1.01300e+02 1.70200e+41 1.62700e+41
1.01900e+02 1.68000e+41 1.60500e+41
1.02400e+02 1.65800e+41 1.58300e+41
1.03000e+02 1.63600e+41 1.56100e+41
1.03600e+02 1.61400e+41 1.54000e+41
1.04200e+02 1.59300e+41 1.51900e+41
