#NTIMES: 4
#TIMES[d]: 75.0 100.0 150.0 200.0
#
#TIME: 75.0
#NVEL: 60
#vel_mid[km/s] temp[K] rho[gcc] ne[/cm^3] natom[/cm^3] 
2.500000e+02 6.8100e+03   1.05e-14   1.66e+08   1.10e+08
7.500000e+02 6.8500e+03   9.09e-15   1.45e+08   9.46e+07
1.250000e+03 6.8400e+03   7.71e-15   1.24e+08   8.07e+07
1.750000e+03 6.7900e+03   6.49e-15   1.08e+08   6.98e+07
2.250000e+03 6.6800e+03   5.49e-15   9.64e+07   6.34e+07
2.750000e+03 6.5700e+03   4.62e-15   8.89e+07   6.05e+07
3.250000e+03 6.5300e+03   3.89e-15   8.46e+07   6.00e+07
3.750000e+03 6.6800e+03   3.27e-15   7.84e+07   5.85e+07
4.250000e+03 6.9700e+03   2.75e-15   6.98e+07   5.37e+07
4.750000e+03 6.7000e+03   2.32e-15   5.80e+07   4.57e+07
5.250000e+03 5.9400e+03   1.95e-15   4.85e+07   3.85e+07
5.750000e+03 4.5400e+03   1.64e-15   3.99e+07   3.24e+07
6.250000e+03 4.0000e+03   1.38e-15   3.26e+07   2.72e+07
6.750000e+03 3.8200e+03   1.16e-15   2.74e+07   2.30e+07
7.250000e+03 3.7800e+03   9.80e-16   2.32e+07   1.93e+07
7.750000e+03 3.8800e+03   8.23e-16   1.96e+07   1.62e+07
8.250000e+03 4.1900e+03   6.94e-16   1.69e+07   1.37e+07
8.750000e+03 4.6900e+03   5.83e-16   1.44e+07   1.15e+07
9.250000e+03 5.0500e+03   4.91e-16   1.22e+07   9.68e+06
9.750000e+03 5.2400e+03   4.14e-16   1.04e+07   8.16e+06
1.025000e+04 5.3800e+03   3.48e-16   8.78e+06   6.86e+06
1.075000e+04 5.4600e+03   2.92e-16   7.49e+06   5.76e+06
1.125000e+04 5.5100e+03   2.46e-16   6.37e+06   4.86e+06
1.175000e+04 5.5300e+03   2.07e-16   5.40e+06   4.09e+06
1.225000e+04 5.5500e+03   1.74e-16   4.58e+06   3.44e+06
1.275000e+04 5.5700e+03   1.47e-16   3.90e+06   2.89e+06
1.325000e+04 5.5700e+03   1.23e-16   3.33e+06   2.43e+06
1.375000e+04 5.5500e+03   1.04e-16   2.83e+06   2.05e+06
1.425000e+04 5.5300e+03   8.71e-17   2.41e+06   1.72e+06
1.475000e+04 5.5000e+03   7.32e-17   2.04e+06   1.44e+06
1.525000e+04 5.4600e+03   6.20e-17   1.76e+06   1.22e+06
1.575000e+04 5.4200e+03   5.21e-17   1.50e+06   1.03e+06
1.625000e+04 5.3800e+03   4.37e-17   1.28e+06   8.63e+05
1.675000e+04 5.3300e+03   3.68e-17   1.09e+06   7.26e+05
1.725000e+04 5.2700e+03   3.10e-17   9.35e+05   6.11e+05
1.775000e+04 5.2200e+03   2.61e-17   7.97e+05   5.14e+05
1.825000e+04 5.1600e+03   2.19e-17   6.80e+05   4.33e+05
1.875000e+04 5.1100e+03   1.85e-17   5.82e+05   3.64e+05
1.925000e+04 5.0600e+03   1.55e-17   4.96e+05   3.06e+05
1.975000e+04 5.0100e+03   1.31e-17   4.26e+05   2.58e+05
2.025000e+04 4.9700e+03   1.10e-17   3.62e+05   2.17e+05
2.075000e+04 4.9400e+03   9.24e-18   3.09e+05   1.82e+05
2.125000e+04 4.9200e+03   7.78e-18   2.63e+05   1.53e+05
2.175000e+04 4.9100e+03   6.54e-18   2.24e+05   1.29e+05
2.225000e+04 4.9100e+03   5.50e-18   1.91e+05   1.08e+05
2.275000e+04 4.9200e+03   4.63e-18   1.63e+05   9.13e+04
2.325000e+04 4.9400e+03   3.90e-18   1.39e+05   7.68e+04
2.375000e+04 4.9900e+03   3.28e-18   1.18e+05   6.47e+04
2.425000e+04 5.0400e+03   2.77e-18   1.00e+05   5.46e+04
2.475000e+04 5.1500e+03   2.32e-18   8.45e+04   4.57e+04
2.525000e+04 5.2600e+03   1.95e-18   7.20e+04   3.85e+04
2.575000e+04 5.3900e+03   1.64e-18   6.09e+04   3.24e+04
2.625000e+04 5.5400e+03   1.38e-18   5.16e+04   2.73e+04
2.675000e+04 5.7100e+03   1.16e-18   4.39e+04   2.30e+04
2.725000e+04 5.9200e+03   9.79e-19   3.69e+04   1.93e+04
2.775000e+04 6.1700e+03   8.23e-19   3.11e+04   1.62e+04
2.825000e+04 6.4500e+03   6.94e-19   2.64e+04   1.37e+04
2.875000e+04 6.8100e+03   5.83e-19   2.23e+04   1.15e+04
2.925000e+04 7.2400e+03   4.91e-19   1.88e+04   9.68e+03
2.975000e+04 7.7800e+03   4.13e-19   1.59e+04   8.14e+03
#TIME: 100.0
#NVEL: 60
#vel_mid[km/s] temp[K] rho[gcc] ne[/cm^3] natom[/cm^3] 
2.500000e+02 6.4900e+03   4.45e-15   7.25e+07   4.65e+07
7.500000e+02 6.5200e+03   3.84e-15   6.34e+07   4.01e+07
1.250000e+03 6.5300e+03   3.25e-15   5.45e+07   3.43e+07
1.750000e+03 6.4700e+03   2.74e-15   4.71e+07   2.96e+07
2.250000e+03 6.3700e+03   2.32e-15   4.22e+07   2.69e+07
2.750000e+03 6.2600e+03   1.95e-15   3.89e+07   2.56e+07
3.250000e+03 6.2100e+03   1.64e-15   3.66e+07   2.54e+07
3.750000e+03 6.3300e+03   1.38e-15   3.38e+07   2.47e+07
4.250000e+03 6.4900e+03   1.16e-15   2.98e+07   2.26e+07
4.750000e+03 6.3200e+03   9.78e-16   2.51e+07   1.93e+07
5.250000e+03 6.0100e+03   8.24e-16   2.09e+07   1.62e+07
5.750000e+03 5.7200e+03   6.93e-16   1.75e+07   1.37e+07
6.250000e+03 5.4800e+03   5.83e-16   1.46e+07   1.15e+07
6.750000e+03 5.3400e+03   4.91e-16   1.23e+07   9.68e+06
7.250000e+03 5.2800e+03   4.13e-16   1.04e+07   8.16e+06
7.750000e+03 5.3100e+03   3.47e-16   8.77e+06   6.85e+06
8.250000e+03 5.3400e+03   2.93e-16   7.44e+06   5.77e+06
8.750000e+03 5.3600e+03   2.46e-16   6.26e+06   4.85e+06
9.250000e+03 5.3700e+03   2.07e-16   5.30e+06   4.08e+06
9.750000e+03 5.3500e+03   1.74e-16   4.51e+06   3.44e+06
1.025000e+04 5.3300e+03   1.47e-16   3.81e+06   2.89e+06
1.075000e+04 5.3000e+03   1.23e-16   3.23e+06   2.43e+06
1.125000e+04 5.2800e+03   1.04e-16   2.77e+06   2.05e+06
1.175000e+04 5.2600e+03   8.74e-17   2.34e+06   1.72e+06
1.225000e+04 5.2400e+03   7.36e-17   2.00e+06   1.45e+06
1.275000e+04 5.2300e+03   6.19e-17   1.70e+06   1.22e+06
1.325000e+04 5.2100e+03   5.20e-17   1.45e+06   1.03e+06
1.375000e+04 5.1600e+03   4.39e-17   1.24e+06   8.65e+05
1.425000e+04 5.1100e+03   3.67e-17   1.05e+06   7.25e+05
1.475000e+04 5.0600e+03   3.09e-17   8.97e+05   6.10e+05
1.525000e+04 5.0000e+03   2.62e-17   7.69e+05   5.16e+05
1.575000e+04 4.9400e+03   2.20e-17   6.54e+05   4.33e+05
1.625000e+04 4.8800e+03   1.85e-17   5.57e+05   3.64e+05
1.675000e+04 4.8300e+03   1.55e-17   4.74e+05   3.06e+05
1.725000e+04 4.7800e+03   1.31e-17   4.05e+05   2.58e+05
1.775000e+04 4.7300e+03   1.10e-17   3.47e+05   2.17e+05
1.825000e+04 4.6900e+03   9.25e-18   2.96e+05   1.83e+05
1.875000e+04 4.6600e+03   7.79e-18   2.54e+05   1.54e+05
1.925000e+04 4.6400e+03   6.54e-18   2.15e+05   1.29e+05
1.975000e+04 4.6200e+03   5.51e-18   1.84e+05   1.09e+05
2.025000e+04 4.6200e+03   4.63e-18   1.57e+05   9.14e+04
2.075000e+04 4.6200e+03   3.90e-18   1.34e+05   7.69e+04
2.125000e+04 4.6300e+03   3.28e-18   1.14e+05   6.47e+04
2.175000e+04 4.6600e+03   2.76e-18   9.68e+04   5.44e+04
2.225000e+04 4.6900e+03   2.32e-18   8.24e+04   4.58e+04
2.275000e+04 4.7300e+03   1.95e-18   7.01e+04   3.85e+04
2.325000e+04 4.7900e+03   1.64e-18   5.96e+04   3.24e+04
2.375000e+04 4.8700e+03   1.38e-18   5.05e+04   2.73e+04
2.425000e+04 4.9500e+03   1.17e-18   4.28e+04   2.30e+04
2.475000e+04 5.0600e+03   9.77e-19   3.63e+04   1.93e+04
2.525000e+04 5.1800e+03   8.24e-19   3.06e+04   1.62e+04
2.575000e+04 5.3300e+03   6.94e-19   2.60e+04   1.37e+04
2.625000e+04 5.5000e+03   5.83e-19   2.20e+04   1.15e+04
2.675000e+04 5.7000e+03   4.91e-19   1.86e+04   9.69e+03
2.725000e+04 5.9400e+03   4.13e-19   1.57e+04   8.15e+03
2.775000e+04 6.2400e+03   3.47e-19   1.33e+04   6.85e+03
2.825000e+04 6.5600e+03   2.93e-19   1.12e+04   5.77e+03
2.875000e+04 7.0200e+03   2.46e-19   9.46e+03   4.85e+03
2.925000e+04 7.5200e+03   2.07e-19   7.96e+03   4.08e+03
2.975000e+04 8.2100e+03   1.74e-19   6.72e+03   3.43e+03
#TIME: 150.0
#NVEL: 60
#vel_mid[km/s] temp[K] rho[gcc] ne[/cm^3] natom[/cm^3] 
2.500000e+02 5.8500e+03   1.32e-15   2.22e+07   1.39e+07
7.500000e+02 5.9000e+03   1.14e-15   1.94e+07   1.20e+07
1.250000e+03 5.9200e+03   9.64e-16   1.67e+07   1.02e+07
1.750000e+03 5.9100e+03   8.11e-16   1.46e+07   8.84e+06
2.250000e+03 5.8400e+03   6.87e-16   1.30e+07   8.01e+06
2.750000e+03 5.7400e+03   5.77e-16   1.20e+07   7.62e+06
3.250000e+03 5.6500e+03   4.86e-16   1.11e+07   7.53e+06
3.750000e+03 5.6000e+03   4.09e-16   1.02e+07   7.33e+06
4.250000e+03 5.4400e+03   3.44e-16   8.92e+06   6.71e+06
4.750000e+03 5.5500e+03   2.90e-16   7.44e+06   5.72e+06
5.250000e+03 5.3900e+03   2.44e-16   6.20e+06   4.81e+06
5.750000e+03 5.2400e+03   2.05e-16   5.22e+06   4.05e+06
6.250000e+03 5.1000e+03   1.73e-16   4.36e+06   3.41e+06
6.750000e+03 4.9900e+03   1.45e-16   3.67e+06   2.87e+06
7.250000e+03 4.9000e+03   1.23e-16   3.10e+06   2.42e+06
7.750000e+03 4.8200e+03   1.03e-16   2.62e+06   2.03e+06
8.250000e+03 4.7400e+03   8.67e-17   2.21e+06   1.71e+06
8.750000e+03 4.6700e+03   7.29e-17   1.87e+06   1.44e+06
9.250000e+03 4.5800e+03   6.13e-17   1.59e+06   1.21e+06
9.750000e+03 4.4900e+03   5.17e-17   1.34e+06   1.02e+06
1.025000e+04 4.4100e+03   4.35e-17   1.13e+06   8.57e+05
1.075000e+04 4.3200e+03   3.65e-17   9.58e+05   7.20e+05
1.125000e+04 4.2100e+03   3.08e-17   8.13e+05   6.07e+05
1.175000e+04 4.1200e+03   2.59e-17   6.95e+05   5.11e+05
1.225000e+04 4.0400e+03   2.18e-17   5.89e+05   4.30e+05
1.275000e+04 4.0000e+03   1.83e-17   5.03e+05   3.62e+05
1.325000e+04 3.9600e+03   1.54e-17   4.26e+05   3.04e+05
1.375000e+04 3.9200e+03   1.30e-17   3.64e+05   2.56e+05
1.425000e+04 3.9100e+03   1.09e-17   3.10e+05   2.15e+05
1.475000e+04 3.9000e+03   9.16e-18   2.64e+05   1.81e+05
1.525000e+04 3.8600e+03   7.75e-18   2.26e+05   1.53e+05
1.575000e+04 3.7900e+03   6.51e-18   1.92e+05   1.28e+05
1.625000e+04 3.7300e+03   5.47e-18   1.63e+05   1.08e+05
1.675000e+04 3.7000e+03   4.60e-18   1.39e+05   9.08e+04
1.725000e+04 3.7000e+03   3.87e-18   1.19e+05   7.63e+04
1.775000e+04 3.7100e+03   3.26e-18   1.02e+05   6.43e+04
1.825000e+04 3.7100e+03   2.74e-18   8.71e+04   5.41e+04
1.875000e+04 3.7300e+03   2.31e-18   7.42e+04   4.55e+04
1.925000e+04 3.7400e+03   1.94e-18   6.34e+04   3.82e+04
1.975000e+04 3.7700e+03   1.63e-18   5.41e+04   3.22e+04
2.025000e+04 3.7900e+03   1.37e-18   4.63e+04   2.71e+04
2.075000e+04 3.8200e+03   1.16e-18   3.94e+04   2.28e+04
2.125000e+04 3.8400e+03   9.72e-19   3.36e+04   1.92e+04
2.175000e+04 3.8700e+03   8.18e-19   2.85e+04   1.61e+04
2.225000e+04 3.8800e+03   6.87e-19   2.43e+04   1.36e+04
2.275000e+04 3.8900e+03   5.79e-19   2.06e+04   1.14e+04
2.325000e+04 3.9100e+03   4.87e-19   1.75e+04   9.60e+03
2.375000e+04 3.9300e+03   4.10e-19   1.49e+04   8.09e+03
2.425000e+04 3.9600e+03   3.46e-19   1.26e+04   6.83e+03
2.475000e+04 4.0100e+03   2.90e-19   1.06e+04   5.71e+03
2.525000e+04 4.0600e+03   2.44e-19   9.04e+03   4.81e+03
2.575000e+04 4.1200e+03   2.05e-19   7.65e+03   4.05e+03
2.625000e+04 4.2300e+03   1.73e-19   6.48e+03   3.41e+03
2.675000e+04 4.3800e+03   1.46e-19   5.48e+03   2.87e+03
2.725000e+04 4.5600e+03   1.22e-19   4.63e+03   2.41e+03
2.775000e+04 4.8000e+03   1.03e-19   3.92e+03   2.03e+03
2.825000e+04 5.1100e+03   8.67e-20   3.30e+03   1.71e+03
2.875000e+04 5.5400e+03   7.28e-20   2.79e+03   1.44e+03
2.925000e+04 6.0400e+03   6.14e-20   2.36e+03   1.21e+03
2.975000e+04 6.7300e+03   5.16e-20   1.99e+03   1.02e+03
#TIME: 200.0
#NVEL: 60
#vel_mid[km/s] temp[K] rho[gcc] ne[/cm^3] natom[/cm^3] 
2.500000e+02 5.3800e+03   5.56e-16   9.48e+06   5.89e+06
7.500000e+02 5.4600e+03   4.80e-16   8.35e+06   5.09e+06
1.250000e+03 5.5100e+03   4.07e-16   7.20e+06   4.34e+06
1.750000e+03 5.5500e+03   3.42e-16   6.26e+06   3.75e+06
2.250000e+03 5.5000e+03   2.90e-16   5.56e+06   3.39e+06
2.750000e+03 5.3900e+03   2.44e-16   5.09e+06   3.22e+06
3.250000e+03 5.2200e+03   2.05e-16   4.74e+06   3.18e+06
3.750000e+03 4.8800e+03   1.73e-16   4.30e+06   3.09e+06
4.250000e+03 3.8400e+03   1.45e-16   3.62e+06   2.83e+06
4.750000e+03 4.0500e+03   1.22e-16   3.04e+06   2.41e+06
5.250000e+03 3.8300e+03   1.03e-16   2.54e+06   2.03e+06
5.750000e+03 3.5500e+03   8.66e-17   2.12e+06   1.71e+06
6.250000e+03 3.3600e+03   7.28e-17   1.77e+06   1.44e+06
6.750000e+03 3.2500e+03   6.14e-17   1.48e+06   1.21e+06
7.250000e+03 3.1900e+03   5.17e-17   1.24e+06   1.02e+06
7.750000e+03 3.1500e+03   4.34e-17   1.05e+06   8.56e+05
8.250000e+03 3.1200e+03   3.66e-17   8.88e+05   7.22e+05
8.750000e+03 3.1000e+03   3.08e-17   7.47e+05   6.07e+05
9.250000e+03 3.0900e+03   2.59e-17   6.32e+05   5.10e+05
9.750000e+03 3.0800e+03   2.18e-17   5.38e+05   4.30e+05
1.025000e+04 3.0700e+03   1.83e-17   4.56e+05   3.62e+05
1.075000e+04 3.0700e+03   1.54e-17   3.86e+05   3.04e+05
1.125000e+04 3.0700e+03   1.30e-17   3.28e+05   2.56e+05
1.175000e+04 3.0700e+03   1.09e-17   2.79e+05   2.16e+05
1.225000e+04 3.0800e+03   9.20e-18   2.35e+05   1.81e+05
1.275000e+04 3.0900e+03   7.74e-18   2.02e+05   1.53e+05
1.325000e+04 3.1000e+03   6.50e-18   1.72e+05   1.28e+05
1.375000e+04 3.1100e+03   5.48e-18   1.46e+05   1.08e+05
1.425000e+04 3.1300e+03   4.59e-18   1.24e+05   9.06e+04
1.475000e+04 3.1400e+03   3.86e-18   1.07e+05   7.62e+04
1.525000e+04 3.1500e+03   3.27e-18   9.09e+04   6.45e+04
1.575000e+04 3.1500e+03   2.74e-18   7.79e+04   5.41e+04
1.625000e+04 3.1500e+03   2.31e-18   6.64e+04   4.55e+04
1.675000e+04 3.1500e+03   1.94e-18   5.67e+04   3.83e+04
1.725000e+04 3.1400e+03   1.63e-18   4.83e+04   3.22e+04
1.775000e+04 3.1300e+03   1.37e-18   4.15e+04   2.71e+04
1.825000e+04 3.1100e+03   1.16e-18   3.53e+04   2.28e+04
1.875000e+04 3.0800e+03   9.74e-19   3.03e+04   1.92e+04
1.925000e+04 3.0400e+03   8.18e-19   2.58e+04   1.61e+04
1.975000e+04 2.9800e+03   6.89e-19   2.20e+04   1.36e+04
2.025000e+04 2.9100e+03   5.79e-19   1.88e+04   1.14e+04
2.075000e+04 2.8100e+03   4.87e-19   1.60e+04   9.61e+03
2.125000e+04 2.6900e+03   4.10e-19   1.36e+04   8.09e+03
2.175000e+04 2.5400e+03   3.45e-19   1.16e+04   6.80e+03
2.225000e+04 2.3400e+03   2.90e-19   9.78e+03   5.72e+03
2.275000e+04 2.1200e+03   2.44e-19   8.29e+03   4.82e+03
2.325000e+04 1.8600e+03   2.05e-19   7.01e+03   4.05e+03
2.375000e+04 1.6600e+03   1.73e-19   5.90e+03   3.41e+03
2.425000e+04 1.4900e+03   1.46e-19   5.01e+03   2.88e+03
2.475000e+04 1.3600e+03   1.22e-19   4.22e+03   2.41e+03
2.525000e+04 1.2600e+03   1.03e-19   3.57e+03   2.03e+03
2.575000e+04 1.2100e+03   8.67e-20   3.03e+03   1.71e+03
2.625000e+04 1.1800e+03   7.29e-20   2.56e+03   1.44e+03
2.675000e+04 1.1800e+03   6.14e-20   2.17e+03   1.21e+03
2.725000e+04 1.2100e+03   5.16e-20   1.85e+03   1.02e+03
2.775000e+04 1.2900e+03   4.34e-20   1.57e+03   8.56e+02
2.825000e+04 1.4300e+03   3.66e-20   1.34e+03   7.22e+02
2.875000e+04 1.8500e+03   3.07e-20   1.13e+03   6.06e+02
2.925000e+04 2.9800e+03   2.59e-20   9.76e+02   5.11e+02
2.975000e+04 4.0500e+03   2.18e-20   8.24e+02   4.29e+02
