#NTIMES: 50
#NVEL 162
#TIMES[d]: 199.16 202.03 204.93 207.87 210.86 213.89 216.97 220.09 223.25 226.46 229.71 233.01 236.36 239.76 243.21 246.70 250.25 253.85 257.50 261.20 264.95 268.76 272.62 276.54 280.51 284.55 288.64 292.79 296.99 301.26 305.59 309.99 314.44 318.96 323.55 328.19 332.91 337.70 342.55 347.48 352.47 357.54 362.68 367.89 373.18 378.54 383.98 389.50 395.10 400.78
#vel_mid[km/s] Tgas_t0[K] Tgas_t1[K] ... Tgas_tn[K]
125.00 5.52e+03 5.50e+03 5.46e+03 5.44e+03 5.42e+03 5.40e+03 5.39e+03 5.37e+03 5.34e+03 5.31e+03 5.29e+03 5.27e+03 5.25e+03 5.22e+03 5.18e+03 5.16e+03 5.13e+03 5.10e+03 5.07e+03 5.03e+03 5.01e+03 4.99e+03 4.97e+03 4.95e+03 4.93e+03 4.92e+03 4.89e+03 4.86e+03 4.84e+03 4.82e+03 4.79e+03 4.77e+03 4.74e+03 4.69e+03 4.69e+03 4.68e+03 4.64e+03 4.60e+03 4.56e+03 4.53e+03 4.49e+03 4.46e+03 4.42e+03 4.38e+03 4.35e+03 4.32e+03 4.29e+03 4.26e+03 4.21e+03 4.16e+03
375.00 5.60e+03 5.58e+03 5.55e+03 5.52e+03 5.49e+03 5.47e+03 5.44e+03 5.42e+03 5.40e+03 5.37e+03 5.35e+03 5.32e+03 5.29e+03 5.27e+03 5.24e+03 5.22e+03 5.20e+03 5.18e+03 5.16e+03 5.14e+03 5.11e+03 5.08e+03 5.06e+03 5.03e+03 5.01e+03 4.98e+03 4.95e+03 4.92e+03 4.90e+03 4.88e+03 4.85e+03 4.83e+03 4.80e+03 4.77e+03 4.74e+03 4.71e+03 4.69e+03 4.67e+03 4.64e+03 4.62e+03 4.59e+03 4.55e+03 4.52e+03 4.47e+03 4.43e+03 4.39e+03 4.35e+03 4.32e+03 4.28e+03 4.24e+03
625.00 5.66e+03 5.64e+03 5.61e+03 5.59e+03 5.56e+03 5.53e+03 5.50e+03 5.48e+03 5.46e+03 5.43e+03 5.41e+03 5.39e+03 5.37e+03 5.34e+03 5.32e+03 5.30e+03 5.27e+03 5.25e+03 5.22e+03 5.20e+03 5.18e+03 5.16e+03 5.14e+03 5.11e+03 5.09e+03 5.06e+03 5.04e+03 5.01e+03 4.98e+03 4.95e+03 4.92e+03 4.89e+03 4.87e+03 4.84e+03 4.82e+03 4.79e+03 4.76e+03 4.73e+03 4.70e+03 4.67e+03 4.64e+03 4.61e+03 4.58e+03 4.54e+03 4.50e+03 4.46e+03 4.42e+03 4.38e+03 4.34e+03 4.30e+03
875.00 5.72e+03 5.69e+03 5.67e+03 5.64e+03 5.62e+03 5.59e+03 5.57e+03 5.55e+03 5.52e+03 5.49e+03 5.47e+03 5.45e+03 5.42e+03 5.40e+03 5.38e+03 5.36e+03 5.33e+03 5.31e+03 5.29e+03 5.26e+03 5.24e+03 5.22e+03 5.20e+03 5.18e+03 5.15e+03 5.13e+03 5.11e+03 5.08e+03 5.05e+03 5.03e+03 5.01e+03 4.98e+03 4.95e+03 4.92e+03 4.89e+03 4.86e+03 4.84e+03 4.81e+03 4.78e+03 4.75e+03 4.71e+03 4.67e+03 4.64e+03 4.61e+03 4.57e+03 4.53e+03 4.49e+03 4.45e+03 4.41e+03 4.37e+03
1125.00 5.77e+03 5.75e+03 5.72e+03 5.70e+03 5.68e+03 5.66e+03 5.63e+03 5.61e+03 5.58e+03 5.56e+03 5.54e+03 5.51e+03 5.49e+03 5.47e+03 5.45e+03 5.43e+03 5.41e+03 5.38e+03 5.36e+03 5.33e+03 5.31e+03 5.29e+03 5.26e+03 5.24e+03 5.22e+03 5.19e+03 5.17e+03 5.14e+03 5.12e+03 5.10e+03 5.07e+03 5.05e+03 5.01e+03 4.99e+03 4.96e+03 4.93e+03 4.90e+03 4.87e+03 4.84e+03 4.81e+03 4.77e+03 4.74e+03 4.71e+03 4.67e+03 4.63e+03 4.60e+03 4.56e+03 4.52e+03 4.47e+03 4.43e+03
1375.00 5.81e+03 5.79e+03 5.77e+03 5.75e+03 5.73e+03 5.71e+03 5.68e+03 5.66e+03 5.64e+03 5.61e+03 5.59e+03 5.57e+03 5.55e+03 5.52e+03 5.50e+03 5.48e+03 5.46e+03 5.44e+03 5.42e+03 5.40e+03 5.38e+03 5.36e+03 5.34e+03 5.31e+03 5.29e+03 5.26e+03 5.24e+03 5.21e+03 5.18e+03 5.15e+03 5.13e+03 5.11e+03 5.08e+03 5.06e+03 5.03e+03 5.00e+03 4.97e+03 4.94e+03 4.91e+03 4.88e+03 4.85e+03 4.81e+03 4.77e+03 4.74e+03 4.70e+03 4.66e+03 4.62e+03 4.58e+03 4.54e+03 4.50e+03
1625.00 5.84e+03 5.82e+03 5.80e+03 5.77e+03 5.75e+03 5.73e+03 5.71e+03 5.69e+03 5.67e+03 5.65e+03 5.63e+03 5.61e+03 5.59e+03 5.57e+03 5.55e+03 5.53e+03 5.51e+03 5.49e+03 5.47e+03 5.44e+03 5.42e+03 5.40e+03 5.38e+03 5.35e+03 5.33e+03 5.30e+03 5.28e+03 5.26e+03 5.24e+03 5.21e+03 5.19e+03 5.16e+03 5.14e+03 5.11e+03 5.08e+03 5.05e+03 5.02e+03 4.99e+03 4.96e+03 4.93e+03 4.89e+03 4.86e+03 4.83e+03 4.79e+03 4.75e+03 4.71e+03 4.67e+03 4.63e+03 4.58e+03 4.54e+03
1875.00 5.84e+03 5.82e+03 5.80e+03 5.78e+03 5.76e+03 5.74e+03 5.73e+03 5.71e+03 5.69e+03 5.67e+03 5.65e+03 5.62e+03 5.61e+03 5.58e+03 5.56e+03 5.54e+03 5.53e+03 5.50e+03 5.48e+03 5.46e+03 5.44e+03 5.42e+03 5.40e+03 5.38e+03 5.35e+03 5.33e+03 5.31e+03 5.29e+03 5.27e+03 5.24e+03 5.21e+03 5.19e+03 5.16e+03 5.14e+03 5.11e+03 5.08e+03 5.05e+03 5.02e+03 4.99e+03 4.96e+03 4.93e+03 4.90e+03 4.86e+03 4.83e+03 4.79e+03 4.75e+03 4.71e+03 4.67e+03 4.63e+03 4.58e+03
2125.00 5.82e+03 5.80e+03 5.78e+03 5.76e+03 5.74e+03 5.72e+03 5.70e+03 5.68e+03 5.66e+03 5.64e+03 5.63e+03 5.61e+03 5.59e+03 5.58e+03 5.55e+03 5.53e+03 5.51e+03 5.49e+03 5.47e+03 5.46e+03 5.44e+03 5.42e+03 5.39e+03 5.37e+03 5.35e+03 5.33e+03 5.31e+03 5.28e+03 5.26e+03 5.24e+03 5.21e+03 5.19e+03 5.16e+03 5.14e+03 5.11e+03 5.08e+03 5.05e+03 5.02e+03 4.99e+03 4.96e+03 4.93e+03 4.89e+03 4.86e+03 4.82e+03 4.78e+03 4.75e+03 4.71e+03 4.66e+03 4.62e+03 4.58e+03
2375.00 5.76e+03 5.74e+03 5.72e+03 5.71e+03 5.69e+03 5.67e+03 5.65e+03 5.63e+03 5.62e+03 5.60e+03 5.58e+03 5.57e+03 5.55e+03 5.53e+03 5.51e+03 5.49e+03 5.47e+03 5.45e+03 5.43e+03 5.41e+03 5.39e+03 5.37e+03 5.35e+03 5.33e+03 5.30e+03 5.28e+03 5.26e+03 5.24e+03 5.21e+03 5.19e+03 5.16e+03 5.14e+03 5.11e+03 5.08e+03 5.06e+03 5.03e+03 5.00e+03 4.97e+03 4.94e+03 4.91e+03 4.88e+03 4.84e+03 4.81e+03 4.77e+03 4.73e+03 4.69e+03 4.65e+03 4.61e+03 4.56e+03 4.52e+03
2625.00 5.67e+03 5.65e+03 5.63e+03 5.61e+03 5.59e+03 5.58e+03 5.56e+03 5.54e+03 5.53e+03 5.51e+03 5.49e+03 5.47e+03 5.45e+03 5.43e+03 5.41e+03 5.40e+03 5.37e+03 5.35e+03 5.33e+03 5.31e+03 5.29e+03 5.27e+03 5.25e+03 5.23e+03 5.21e+03 5.18e+03 5.16e+03 5.14e+03 5.11e+03 5.09e+03 5.06e+03 5.04e+03 5.01e+03 4.98e+03 4.95e+03 4.93e+03 4.90e+03 4.87e+03 4.83e+03 4.80e+03 4.76e+03 4.73e+03 4.69e+03 4.66e+03 4.62e+03 4.58e+03 4.54e+03 4.50e+03 4.45e+03 4.41e+03
2875.00 5.53e+03 5.52e+03 5.50e+03 5.48e+03 5.46e+03 5.45e+03 5.43e+03 5.41e+03 5.39e+03 5.37e+03 5.35e+03 5.33e+03 5.31e+03 5.29e+03 5.28e+03 5.25e+03 5.23e+03 5.21e+03 5.19e+03 5.17e+03 5.15e+03 5.13e+03 5.10e+03 5.08e+03 5.06e+03 5.03e+03 5.01e+03 4.98e+03 4.96e+03 4.93e+03 4.91e+03 4.88e+03 4.85e+03 4.82e+03 4.79e+03 4.76e+03 4.73e+03 4.70e+03 4.67e+03 4.63e+03 4.60e+03 4.56e+03 4.52e+03 4.48e+03 4.45e+03 4.41e+03 4.36e+03 4.32e+03 4.28e+03 4.23e+03
3125.00 5.37e+03 5.35e+03 5.33e+03 5.31e+03 5.29e+03 5.28e+03 5.25e+03 5.23e+03 5.22e+03 5.20e+03 5.17e+03 5.16e+03 5.13e+03 5.11e+03 5.09e+03 5.07e+03 5.05e+03 5.02e+03 5.00e+03 4.98e+03 4.95e+03 4.93e+03 4.90e+03 4.88e+03 4.85e+03 4.82e+03 4.80e+03 4.77e+03 4.75e+03 4.72e+03 4.69e+03 4.66e+03 4.63e+03 4.60e+03 4.57e+03 4.54e+03 4.50e+03 4.47e+03 4.44e+03 4.40e+03 4.36e+03 4.33e+03 4.29e+03 4.25e+03 4.21e+03 4.17e+03 4.13e+03 4.09e+03 4.04e+03 3.99e+03
3375.00 5.15e+03 5.13e+03 5.11e+03 5.08e+03 5.06e+03 5.04e+03 5.01e+03 4.99e+03 4.96e+03 4.94e+03 4.91e+03 4.89e+03 4.86e+03 4.84e+03 4.82e+03 4.79e+03 4.76e+03 4.74e+03 4.71e+03 4.68e+03 4.65e+03 4.63e+03 4.60e+03 4.57e+03 4.54e+03 4.51e+03 4.48e+03 4.45e+03 4.42e+03 4.38e+03 4.35e+03 4.32e+03 4.29e+03 4.25e+03 4.22e+03 4.18e+03 4.15e+03 4.11e+03 4.08e+03 4.04e+03 4.00e+03 3.96e+03 3.92e+03 3.88e+03 3.84e+03 3.80e+03 3.75e+03 3.71e+03 3.67e+03 3.63e+03
3625.00 4.70e+03 4.66e+03 4.63e+03 4.60e+03 4.56e+03 4.53e+03 4.50e+03 4.46e+03 4.44e+03 4.41e+03 4.38e+03 4.35e+03 4.32e+03 4.30e+03 4.27e+03 4.25e+03 4.22e+03 4.20e+03 4.18e+03 4.15e+03 4.13e+03 4.11e+03 4.08e+03 4.06e+03 4.03e+03 4.01e+03 3.98e+03 3.96e+03 3.94e+03 3.91e+03 3.89e+03 3.86e+03 3.84e+03 3.81e+03 3.79e+03 3.77e+03 3.74e+03 3.71e+03 3.69e+03 3.66e+03 3.63e+03 3.60e+03 3.58e+03 3.55e+03 3.52e+03 3.49e+03 3.46e+03 3.43e+03 3.40e+03 3.36e+03
3875.00 4.21e+03 4.19e+03 4.17e+03 4.15e+03 4.13e+03 4.11e+03 4.09e+03 4.07e+03 4.05e+03 4.03e+03 4.01e+03 3.99e+03 3.98e+03 3.95e+03 3.93e+03 3.91e+03 3.90e+03 3.87e+03 3.85e+03 3.83e+03 3.81e+03 3.79e+03 3.77e+03 3.75e+03 3.73e+03 3.70e+03 3.68e+03 3.66e+03 3.64e+03 3.62e+03 3.60e+03 3.57e+03 3.55e+03 3.52e+03 3.50e+03 3.48e+03 3.46e+03 3.43e+03 3.40e+03 3.38e+03 3.36e+03 3.33e+03 3.30e+03 3.27e+03 3.25e+03 3.25e+03 3.22e+03 3.21e+03 3.20e+03 3.16e+03
4125.00 3.89e+03 3.87e+03 3.86e+03 3.84e+03 3.82e+03 3.81e+03 3.79e+03 3.77e+03 3.75e+03 3.73e+03 3.72e+03 3.70e+03 3.68e+03 3.66e+03 3.64e+03 3.62e+03 3.60e+03 3.58e+03 3.56e+03 3.54e+03 3.52e+03 3.50e+03 3.48e+03 3.46e+03 3.44e+03 3.41e+03 3.39e+03 3.37e+03 3.35e+03 3.35e+03 3.32e+03 3.32e+03 3.30e+03 3.27e+03 3.26e+03 3.23e+03 3.22e+03 3.21e+03 3.17e+03 3.13e+03 3.09e+03 3.06e+03 3.04e+03 3.02e+03 2.98e+03 2.94e+03 2.92e+03 2.88e+03 2.85e+03 2.82e+03
4375.00 3.63e+03 3.61e+03 3.60e+03 3.58e+03 3.57e+03 3.55e+03 3.54e+03 3.52e+03 3.50e+03 3.49e+03 3.47e+03 3.45e+03 3.43e+03 3.41e+03 3.39e+03 3.38e+03 3.36e+03 3.34e+03 3.32e+03 3.33e+03 3.30e+03 3.28e+03 3.26e+03 3.26e+03 3.23e+03 3.23e+03 3.20e+03 3.18e+03 3.17e+03 3.13e+03 3.11e+03 3.07e+03 3.05e+03 3.01e+03 2.99e+03 2.96e+03 2.94e+03 2.92e+03 2.90e+03 2.87e+03 2.85e+03 2.82e+03 2.78e+03 2.76e+03 2.73e+03 2.70e+03 2.66e+03 2.62e+03 2.59e+03 2.55e+03
4625.00 3.50e+03 3.49e+03 3.47e+03 3.46e+03 3.44e+03 3.42e+03 3.41e+03 3.39e+03 3.38e+03 3.36e+03 3.34e+03 3.33e+03 3.31e+03 3.29e+03 3.28e+03 3.26e+03 3.23e+03 3.20e+03 3.18e+03 3.15e+03 3.15e+03 3.12e+03 3.12e+03 3.12e+03 3.09e+03 3.08e+03 3.07e+03 3.06e+03 3.03e+03 2.99e+03 2.98e+03 2.97e+03 2.93e+03 2.91e+03 2.89e+03 2.87e+03 2.85e+03 2.83e+03 2.80e+03 2.77e+03 2.74e+03 2.72e+03 2.69e+03 2.67e+03 2.64e+03 2.60e+03 2.57e+03 2.54e+03 2.51e+03 2.47e+03
4875.00 3.45e+03 3.44e+03 3.42e+03 3.41e+03 3.39e+03 3.37e+03 3.36e+03 3.35e+03 3.33e+03 3.31e+03 3.30e+03 3.28e+03 3.25e+03 3.22e+03 3.20e+03 3.17e+03 3.15e+03 3.12e+03 3.10e+03 3.11e+03 3.11e+03 3.11e+03 3.08e+03 3.07e+03 3.06e+03 3.05e+03 3.04e+03 3.00e+03 2.97e+03 2.96e+03 2.94e+03 2.92e+03 2.89e+03 2.87e+03 2.85e+03 2.83e+03 2.80e+03 2.78e+03 2.74e+03 2.71e+03 2.68e+03 2.66e+03 2.63e+03 2.61e+03 2.58e+03 2.54e+03 2.51e+03 2.48e+03 2.45e+03 2.42e+03
5125.00 3.41e+03 3.39e+03 3.38e+03 3.37e+03 3.35e+03 3.34e+03 3.32e+03 3.31e+03 3.29e+03 3.28e+03 3.25e+03 3.22e+03 3.20e+03 3.17e+03 3.15e+03 3.16e+03 3.13e+03 3.11e+03 3.08e+03 3.09e+03 3.09e+03 3.08e+03 3.08e+03 3.07e+03 3.05e+03 3.04e+03 3.00e+03 2.99e+03 2.95e+03 2.93e+03 2.91e+03 2.89e+03 2.88e+03 2.85e+03 2.82e+03 2.79e+03 2.77e+03 2.75e+03 2.72e+03 2.69e+03 2.66e+03 2.63e+03 2.60e+03 2.56e+03 2.53e+03 2.50e+03 2.47e+03 2.43e+03 2.40e+03 2.36e+03
5375.00 3.37e+03 3.36e+03 3.35e+03 3.33e+03 3.32e+03 3.30e+03 3.29e+03 3.27e+03 3.25e+03 3.22e+03 3.20e+03 3.18e+03 3.15e+03 3.16e+03 3.14e+03 3.11e+03 3.09e+03 3.06e+03 3.07e+03 3.07e+03 3.04e+03 3.04e+03 3.03e+03 3.02e+03 2.99e+03 2.98e+03 2.95e+03 2.93e+03 2.90e+03 2.88e+03 2.87e+03 2.85e+03 2.83e+03 2.81e+03 2.77e+03 2.74e+03 2.72e+03 2.70e+03 2.66e+03 2.62e+03 2.60e+03 2.58e+03 2.55e+03 2.52e+03 2.48e+03 2.45e+03 2.42e+03 2.39e+03 2.35e+03 2.32e+03
5625.00 3.35e+03 3.34e+03 3.33e+03 3.31e+03 3.30e+03 3.28e+03 3.27e+03 3.24e+03 3.22e+03 3.19e+03 3.21e+03 3.18e+03 3.15e+03 3.13e+03 3.14e+03 3.11e+03 3.11e+03 3.08e+03 3.08e+03 3.05e+03 3.04e+03 3.01e+03 3.00e+03 2.99e+03 2.96e+03 2.93e+03 2.92e+03 2.90e+03 2.87e+03 2.86e+03 2.82e+03 2.81e+03 2.77e+03 2.76e+03 2.72e+03 2.70e+03 2.68e+03 2.65e+03 2.63e+03 2.59e+03 2.57e+03 2.54e+03 2.52e+03 2.49e+03 2.45e+03 2.42e+03 2.39e+03 2.35e+03 2.32e+03 2.28e+03
5875.00 3.34e+03 3.33e+03 3.31e+03 3.30e+03 3.28e+03 3.27e+03 3.25e+03 3.22e+03 3.20e+03 3.17e+03 3.15e+03 3.16e+03 3.13e+03 3.11e+03 3.12e+03 3.09e+03 3.09e+03 3.08e+03 3.08e+03 3.04e+03 3.01e+03 3.00e+03 2.99e+03 2.98e+03 2.96e+03 2.93e+03 2.91e+03 2.88e+03 2.86e+03 2.84e+03 2.81e+03 2.79e+03 2.77e+03 2.75e+03 2.73e+03 2.69e+03 2.66e+03 2.64e+03 2.61e+03 2.58e+03 2.56e+03 2.53e+03 2.49e+03 2.46e+03 2.43e+03 2.39e+03 2.36e+03 2.32e+03 2.29e+03 2.25e+03
6125.00 3.33e+03 3.31e+03 3.30e+03 3.28e+03 3.26e+03 3.25e+03 3.26e+03 3.28e+03 3.25e+03 3.26e+03 3.23e+03 3.21e+03 3.17e+03 3.17e+03 3.13e+03 3.10e+03 3.09e+03 3.06e+03 3.03e+03 3.02e+03 3.01e+03 2.98e+03 2.97e+03 2.94e+03 2.93e+03 2.91e+03 2.88e+03 2.86e+03 2.83e+03 2.81e+03 2.79e+03 2.75e+03 2.73e+03 2.72e+03 2.68e+03 2.66e+03 2.64e+03 2.61e+03 2.59e+03 2.55e+03 2.52e+03 2.50e+03 2.47e+03 2.44e+03 2.40e+03 2.36e+03 2.33e+03 2.28e+03 2.25e+03 2.21e+03
6375.00 3.31e+03 3.29e+03 3.28e+03 3.26e+03 3.25e+03 3.22e+03 3.20e+03 3.20e+03 3.18e+03 3.15e+03 3.16e+03 3.13e+03 3.13e+03 3.10e+03 3.10e+03 3.07e+03 3.07e+03 3.04e+03 3.03e+03 3.00e+03 2.99e+03 2.98e+03 2.94e+03 2.93e+03 2.92e+03 2.90e+03 2.88e+03 2.85e+03 2.83e+03 2.79e+03 2.78e+03 2.74e+03 2.72e+03 2.70e+03 2.67e+03 2.64e+03 2.61e+03 2.59e+03 2.56e+03 2.52e+03 2.49e+03 2.46e+03 2.43e+03 2.40e+03 2.36e+03 2.32e+03 2.29e+03 2.24e+03 2.20e+03 2.16e+03
6625.00 3.29e+03 3.28e+03 3.26e+03 3.28e+03 3.26e+03 3.25e+03 3.23e+03 3.23e+03 3.22e+03 3.19e+03 3.16e+03 3.15e+03 3.12e+03 3.12e+03 3.09e+03 3.08e+03 3.07e+03 3.06e+03 3.05e+03 3.01e+03 2.99e+03 2.96e+03 2.95e+03 2.93e+03 2.90e+03 2.88e+03 2.86e+03 2.85e+03 2.81e+03 2.79e+03 2.75e+03 2.73e+03 2.71e+03 2.69e+03 2.65e+03 2.62e+03 2.60e+03 2.57e+03 2.54e+03 2.51e+03 2.48e+03 2.45e+03 2.42e+03 2.37e+03 2.34e+03 2.30e+03 2.27e+03 2.22e+03 2.18e+03 2.13e+03
6875.00 3.28e+03 3.26e+03 3.29e+03 3.27e+03 3.24e+03 3.26e+03 3.27e+03 3.24e+03 3.22e+03 3.18e+03 3.15e+03 3.15e+03 3.12e+03 3.11e+03 3.08e+03 3.05e+03 3.05e+03 3.02e+03 3.00e+03 2.99e+03 2.96e+03 2.93e+03 2.92e+03 2.90e+03 2.89e+03 2.85e+03 2.83e+03 2.81e+03 2.78e+03 2.76e+03 2.74e+03 2.72e+03 2.70e+03 2.66e+03 2.64e+03 2.60e+03 2.57e+03 2.55e+03 2.52e+03 2.49e+03 2.45e+03 2.42e+03 2.39e+03 2.34e+03 2.31e+03 2.27e+03 2.22e+03 2.18e+03 2.14e+03 2.10e+03
7125.00 3.27e+03 3.25e+03 3.24e+03 3.22e+03 3.19e+03 3.20e+03 3.17e+03 3.18e+03 3.15e+03 3.13e+03 3.10e+03 3.07e+03 3.08e+03 3.05e+03 3.05e+03 3.04e+03 3.01e+03 3.01e+03 3.00e+03 2.97e+03 2.96e+03 2.92e+03 2.91e+03 2.89e+03 2.86e+03 2.84e+03 2.81e+03 2.79e+03 2.77e+03 2.75e+03 2.72e+03 2.70e+03 2.67e+03 2.63e+03 2.61e+03 2.58e+03 2.56e+03 2.53e+03 2.49e+03 2.46e+03 2.43e+03 2.40e+03 2.36e+03 2.33e+03 2.29e+03 2.25e+03 2.20e+03 2.15e+03 2.10e+03 2.05e+03
7375.00 3.31e+03 3.29e+03 3.27e+03 3.25e+03 3.23e+03 3.24e+03 3.21e+03 3.19e+03 3.16e+03 3.15e+03 3.12e+03 3.11e+03 3.11e+03 3.07e+03 3.04e+03 3.04e+03 3.03e+03 3.02e+03 2.99e+03 2.97e+03 2.96e+03 2.93e+03 2.91e+03 2.88e+03 2.86e+03 2.82e+03 2.79e+03 2.77e+03 2.74e+03 2.70e+03 2.68e+03 2.67e+03 2.63e+03 2.61e+03 2.58e+03 2.56e+03 2.53e+03 2.51e+03 2.48e+03 2.45e+03 2.42e+03 2.38e+03 2.35e+03 2.30e+03 2.27e+03 2.22e+03 2.18e+03 2.13e+03 2.08e+03 2.02e+03
7625.00 3.26e+03 3.24e+03 3.22e+03 3.21e+03 3.18e+03 3.15e+03 3.13e+03 3.10e+03 3.11e+03 3.12e+03 3.12e+03 3.11e+03 3.08e+03 3.08e+03 3.07e+03 3.05e+03 3.02e+03 3.01e+03 2.99e+03 2.96e+03 2.94e+03 2.90e+03 2.87e+03 2.85e+03 2.82e+03 2.80e+03 2.77e+03 2.75e+03 2.73e+03 2.70e+03 2.68e+03 2.66e+03 2.64e+03 2.60e+03 2.57e+03 2.55e+03 2.52e+03 2.48e+03 2.46e+03 2.43e+03 2.39e+03 2.35e+03 2.31e+03 2.27e+03 2.22e+03 2.18e+03 2.14e+03 2.09e+03 2.03e+03 1.98e+03
7875.00 3.22e+03 3.19e+03 3.17e+03 3.14e+03 3.12e+03 3.10e+03 3.08e+03 3.06e+03 3.04e+03 3.01e+03 3.03e+03 3.01e+03 3.02e+03 3.02e+03 2.99e+03 2.99e+03 2.98e+03 2.95e+03 2.94e+03 2.91e+03 2.90e+03 2.89e+03 2.86e+03 2.84e+03 2.82e+03 2.79e+03 2.77e+03 2.75e+03 2.73e+03 2.71e+03 2.67e+03 2.65e+03 2.62e+03 2.60e+03 2.57e+03 2.53e+03 2.50e+03 2.48e+03 2.44e+03 2.40e+03 2.37e+03 2.33e+03 2.29e+03 2.25e+03 2.20e+03 2.15e+03 2.10e+03 2.04e+03 1.99e+03 1.93e+03
8125.00 3.27e+03 3.25e+03 3.24e+03 3.22e+03 3.20e+03 3.17e+03 3.17e+03 3.17e+03 3.16e+03 3.13e+03 3.10e+03 3.07e+03 3.04e+03 3.04e+03 3.00e+03 3.00e+03 2.99e+03 2.96e+03 2.95e+03 2.92e+03 2.91e+03 2.89e+03 2.86e+03 2.85e+03 2.83e+03 2.81e+03 2.77e+03 2.75e+03 2.73e+03 2.69e+03 2.67e+03 2.65e+03 2.61e+03 2.57e+03 2.55e+03 2.51e+03 2.48e+03 2.45e+03 2.42e+03 2.38e+03 2.34e+03 2.30e+03 2.25e+03 2.21e+03 2.16e+03 2.11e+03 2.06e+03 2.01e+03 1.95e+03 1.88e+03
8375.00 3.25e+03 3.23e+03 3.22e+03 3.19e+03 3.16e+03 3.14e+03 3.12e+03 3.12e+03 3.13e+03 3.10e+03 3.07e+03 3.07e+03 3.04e+03 3.01e+03 3.01e+03 2.98e+03 2.95e+03 2.94e+03 2.93e+03 2.90e+03 2.89e+03 2.86e+03 2.84e+03 2.79e+03 2.76e+03 2.76e+03 2.75e+03 2.72e+03 2.70e+03 2.66e+03 2.64e+03 2.60e+03 2.58e+03 2.56e+03 2.52e+03 2.49e+03 2.46e+03 2.42e+03 2.37e+03 2.33e+03 2.29e+03 2.25e+03 2.20e+03 2.16e+03 2.11e+03 2.05e+03 2.00e+03 1.94e+03 1.87e+03 1.80e+03
8625.00 3.22e+03 3.21e+03 3.18e+03 3.16e+03 3.13e+03 3.11e+03 3.08e+03 3.06e+03 3.04e+03 3.01e+03 3.03e+03 3.00e+03 2.98e+03 2.95e+03 2.93e+03 2.94e+03 2.91e+03 2.91e+03 2.88e+03 2.88e+03 2.84e+03 2.84e+03 2.83e+03 2.80e+03 2.78e+03 2.76e+03 2.73e+03 2.69e+03 2.68e+03 2.66e+03 2.63e+03 2.59e+03 2.57e+03 2.53e+03 2.51e+03 2.46e+03 2.44e+03 2.41e+03 2.37e+03 2.33e+03 2.30e+03 2.25e+03 2.20e+03 2.15e+03 2.10e+03 2.04e+03 1.98e+03 1.91e+03 1.84e+03 1.76e+03
8875.00 3.23e+03 3.22e+03 3.20e+03 3.18e+03 3.15e+03 3.12e+03 3.10e+03 3.07e+03 3.05e+03 3.03e+03 3.04e+03 3.01e+03 3.02e+03 2.99e+03 2.96e+03 2.96e+03 2.93e+03 2.93e+03 2.90e+03 2.89e+03 2.88e+03 2.87e+03 2.84e+03 2.80e+03 2.79e+03 2.77e+03 2.73e+03 2.71e+03 2.68e+03 2.66e+03 2.63e+03 2.61e+03 2.58e+03 2.55e+03 2.51e+03 2.48e+03 2.45e+03 2.41e+03 2.37e+03 2.32e+03 2.29e+03 2.24e+03 2.20e+03 2.14e+03 2.09e+03 2.03e+03 1.97e+03 1.90e+03 1.82e+03 1.74e+03
9125.00 3.22e+03 3.20e+03 3.17e+03 3.15e+03 3.12e+03 3.10e+03 3.08e+03 3.05e+03 3.03e+03 3.05e+03 3.02e+03 2.99e+03 2.97e+03 2.94e+03 2.96e+03 2.93e+03 2.92e+03 2.90e+03 2.87e+03 2.87e+03 2.87e+03 2.83e+03 2.83e+03 2.79e+03 2.77e+03 2.74e+03 2.72e+03 2.70e+03 2.68e+03 2.64e+03 2.62e+03 2.60e+03 2.56e+03 2.52e+03 2.50e+03 2.46e+03 2.43e+03 2.39e+03 2.36e+03 2.32e+03 2.28e+03 2.23e+03 2.17e+03 2.11e+03 2.05e+03 1.98e+03 1.91e+03 1.84e+03 1.75e+03 1.65e+03
9375.00 3.00e+03 2.98e+03 3.05e+03 3.01e+03 2.97e+03 2.94e+03 2.90e+03 2.87e+03 2.93e+03 2.88e+03 2.84e+03 2.80e+03 2.76e+03 2.73e+03 2.69e+03 2.65e+03 2.62e+03 2.59e+03 2.57e+03 2.54e+03 2.51e+03 2.48e+03 2.45e+03 2.42e+03 2.46e+03 2.48e+03 2.49e+03 2.49e+03 2.48e+03 2.47e+03 2.46e+03 2.44e+03 2.42e+03 2.40e+03 2.38e+03 2.33e+03 2.30e+03 2.26e+03 2.22e+03 2.18e+03 2.14e+03 2.09e+03 2.04e+03 1.99e+03 1.93e+03 1.86e+03 1.78e+03 1.69e+03 1.59e+03 1.49e+03
9625.00 3.04e+03 3.01e+03 2.99e+03 2.97e+03 3.04e+03 3.00e+03 2.96e+03 2.92e+03 2.89e+03 2.86e+03 2.82e+03 2.79e+03 2.76e+03 2.74e+03 2.71e+03 2.68e+03 2.65e+03 2.63e+03 2.61e+03 2.58e+03 2.55e+03 2.53e+03 2.50e+03 2.54e+03 2.51e+03 2.53e+03 2.50e+03 2.51e+03 2.52e+03 2.50e+03 2.49e+03 2.48e+03 2.47e+03 2.44e+03 2.41e+03 2.36e+03 2.33e+03 2.30e+03 2.25e+03 2.21e+03 2.16e+03 2.12e+03 2.06e+03 2.00e+03 1.92e+03 1.84e+03 1.76e+03 1.67e+03 1.57e+03 1.43e+03
9875.00 3.05e+03 3.02e+03 3.00e+03 2.98e+03 3.04e+03 3.00e+03 2.97e+03 2.93e+03 2.89e+03 2.95e+03 2.91e+03 2.86e+03 2.82e+03 2.79e+03 2.75e+03 2.71e+03 2.68e+03 2.64e+03 2.61e+03 2.58e+03 2.55e+03 2.53e+03 2.50e+03 2.48e+03 2.45e+03 2.41e+03 2.45e+03 2.47e+03 2.47e+03 2.43e+03 2.43e+03 2.43e+03 2.41e+03 2.39e+03 2.36e+03 2.33e+03 2.30e+03 2.27e+03 2.21e+03 2.17e+03 2.12e+03 2.07e+03 2.01e+03 1.94e+03 1.87e+03 1.79e+03 1.69e+03 1.58e+03 1.46e+03 1.33e+03
10125.00 3.19e+03 3.15e+03 3.12e+03 3.10e+03 3.07e+03 3.04e+03 3.02e+03 2.99e+03 2.96e+03 2.94e+03 2.91e+03 2.90e+03 2.88e+03 2.85e+03 2.83e+03 2.81e+03 2.79e+03 2.83e+03 2.80e+03 2.78e+03 2.75e+03 2.72e+03 2.73e+03 2.69e+03 2.69e+03 2.69e+03 2.66e+03 2.65e+03 2.64e+03 2.61e+03 2.57e+03 2.54e+03 2.51e+03 2.47e+03 2.42e+03 2.38e+03 2.33e+03 2.29e+03 2.24e+03 2.19e+03 2.14e+03 2.09e+03 2.03e+03 1.94e+03 1.86e+03 1.78e+03 1.68e+03 1.56e+03 1.45e+03 1.33e+03
10375.00 3.19e+03 3.14e+03 3.10e+03 3.06e+03 3.12e+03 3.06e+03 3.11e+03 3.05e+03 3.00e+03 3.04e+03 2.98e+03 3.01e+03 2.94e+03 2.96e+03 2.88e+03 2.82e+03 2.85e+03 2.78e+03 2.72e+03 2.75e+03 2.69e+03 2.63e+03 2.57e+03 2.52e+03 2.48e+03 2.44e+03 2.47e+03 2.48e+03 2.42e+03 2.43e+03 2.42e+03 2.40e+03 2.39e+03 2.37e+03 2.33e+03 2.28e+03 2.24e+03 2.21e+03 2.14e+03 2.09e+03 2.03e+03 1.97e+03 1.92e+03 1.84e+03 1.75e+03 1.66e+03 1.56e+03 1.43e+03 1.29e+03 1.14e+03
10625.00 3.14e+03 3.22e+03 3.16e+03 3.21e+03 3.15e+03 3.10e+03 3.16e+03 3.10e+03 3.04e+03 3.08e+03 3.01e+03 3.05e+03 3.06e+03 2.98e+03 2.99e+03 2.91e+03 2.92e+03 2.91e+03 2.83e+03 2.74e+03 2.76e+03 2.70e+03 2.64e+03 2.57e+03 2.52e+03 2.47e+03 2.42e+03 2.38e+03 2.41e+03 2.42e+03 2.41e+03 2.41e+03 2.39e+03 2.36e+03 2.32e+03 2.29e+03 2.25e+03 2.21e+03 2.16e+03 2.09e+03 2.02e+03 1.96e+03 1.89e+03 1.81e+03 1.71e+03 1.62e+03 1.48e+03 1.36e+03 1.23e+03 1.09e+03
10875.00 3.23e+03 3.19e+03 3.16e+03 3.22e+03 3.17e+03 3.21e+03 3.15e+03 3.19e+03 3.13e+03 3.07e+03 3.11e+03 3.04e+03 3.06e+03 3.07e+03 2.99e+03 3.00e+03 2.91e+03 2.91e+03 2.91e+03 2.81e+03 2.82e+03 2.74e+03 2.72e+03 2.64e+03 2.64e+03 2.56e+03 2.49e+03 2.43e+03 2.44e+03 2.38e+03 2.37e+03 2.37e+03 2.31e+03 2.28e+03 2.25e+03 2.19e+03 2.16e+03 2.12e+03 2.08e+03 2.01e+03 1.94e+03 1.88e+03 1.80e+03 1.71e+03 1.61e+03 1.49e+03 1.39e+03 1.24e+03 1.12e+03 1.00e+03
11125.00 3.28e+03 3.24e+03 3.21e+03 3.27e+03 3.21e+03 3.26e+03 3.20e+03 3.15e+03 3.18e+03 3.11e+03 3.15e+03 3.07e+03 3.11e+03 3.12e+03 3.03e+03 3.05e+03 2.96e+03 2.98e+03 2.99e+03 2.88e+03 2.87e+03 2.85e+03 2.82e+03 2.78e+03 2.65e+03 2.64e+03 2.61e+03 2.57e+03 2.46e+03 2.44e+03 2.35e+03 2.27e+03 2.19e+03 2.17e+03 2.15e+03 2.12e+03 2.09e+03 2.03e+03 1.98e+03 1.92e+03 1.86e+03 1.80e+03 1.72e+03 1.63e+03 1.53e+03 1.43e+03 1.32e+03 1.19e+03 1.04e+03 1.00e+03
11375.00 3.22e+03 3.31e+03 3.27e+03 3.23e+03 3.29e+03 3.23e+03 3.18e+03 3.22e+03 3.16e+03 3.19e+03 3.12e+03 3.16e+03 3.09e+03 3.11e+03 3.03e+03 3.05e+03 2.96e+03 2.99e+03 2.90e+03 2.90e+03 2.90e+03 2.89e+03 2.79e+03 2.70e+03 2.63e+03 2.57e+03 2.52e+03 2.46e+03 2.47e+03 2.43e+03 2.41e+03 2.40e+03 2.37e+03 2.33e+03 2.27e+03 2.23e+03 2.18e+03 2.13e+03 2.06e+03 1.99e+03 1.92e+03 1.82e+03 1.73e+03 1.63e+03 1.53e+03 1.40e+03 1.29e+03 1.15e+03 1.00e+03 1.00e+03
11625.00 3.33e+03 3.30e+03 3.28e+03 3.26e+03 3.22e+03 3.30e+03 3.24e+03 3.29e+03 3.22e+03 3.27e+03 3.21e+03 3.16e+03 3.18e+03 3.18e+03 3.09e+03 3.09e+03 3.10e+03 3.00e+03 3.00e+03 3.00e+03 2.99e+03 2.97e+03 2.92e+03 2.87e+03 2.83e+03 2.78e+03 2.74e+03 2.68e+03 2.62e+03 2.57e+03 2.43e+03 2.38e+03 2.34e+03 2.23e+03 2.13e+03 2.04e+03 1.99e+03 1.94e+03 1.88e+03 1.82e+03 1.74e+03 1.64e+03 1.50e+03 1.38e+03 1.28e+03 1.18e+03 1.07e+03 1.00e+03 1.00e+03 1.00e+03
11875.00 3.33e+03 3.31e+03 3.28e+03 3.35e+03 3.29e+03 3.36e+03 3.30e+03 3.26e+03 3.20e+03 3.24e+03 3.19e+03 3.23e+03 3.16e+03 3.20e+03 3.12e+03 3.16e+03 3.06e+03 3.09e+03 3.08e+03 3.06e+03 3.04e+03 2.92e+03 2.93e+03 2.89e+03 2.87e+03 2.84e+03 2.80e+03 2.75e+03 2.70e+03 2.63e+03 2.56e+03 2.48e+03 2.32e+03 2.25e+03 2.22e+03 2.12e+03 2.06e+03 1.97e+03 1.89e+03 1.80e+03 1.69e+03 1.60e+03 1.50e+03 1.41e+03 1.30e+03 1.14e+03 1.01e+03 1.00e+03 1.00e+03 1.00e+03
12125.00 3.39e+03 3.36e+03 3.33e+03 3.43e+03 3.37e+03 3.31e+03 3.39e+03 3.31e+03 3.24e+03 3.28e+03 3.22e+03 3.26e+03 3.19e+03 3.12e+03 3.16e+03 3.08e+03 3.12e+03 3.15e+03 3.15e+03 3.04e+03 3.04e+03 3.01e+03 2.98e+03 2.95e+03 2.92e+03 2.87e+03 2.83e+03 2.77e+03 2.72e+03 2.65e+03 2.58e+03 2.51e+03 2.42e+03 2.34e+03 2.19e+03 2.05e+03 2.00e+03 1.94e+03 1.87e+03 1.75e+03 1.66e+03 1.57e+03 1.47e+03 1.36e+03 1.20e+03 1.10e+03 1.00e+03 1.00e+03 1.00e+03 1.00e+03
12375.00 3.46e+03 3.41e+03 3.36e+03 3.35e+03 3.34e+03 3.42e+03 3.34e+03 3.28e+03 3.23e+03 3.27e+03 3.30e+03 3.20e+03 3.23e+03 3.17e+03 3.18e+03 3.18e+03 3.09e+03 3.12e+03 3.14e+03 3.02e+03 3.00e+03 2.99e+03 2.97e+03 2.95e+03 2.94e+03 2.91e+03 2.83e+03 2.76e+03 2.70e+03 2.66e+03 2.60e+03 2.52e+03 2.45e+03 2.38e+03 2.27e+03 2.17e+03 2.08e+03 2.00e+03 1.88e+03 1.76e+03 1.67e+03 1.57e+03 1.47e+03 1.35e+03 1.24e+03 1.09e+03 1.00e+03 1.00e+03 1.00e+03 1.00e+03
12625.00 3.39e+03 3.36e+03 3.50e+03 3.45e+03 3.38e+03 3.31e+03 3.39e+03 3.32e+03 3.39e+03 3.29e+03 3.33e+03 3.24e+03 3.28e+03 3.20e+03 3.13e+03 3.19e+03 3.20e+03 3.20e+03 3.09e+03 3.10e+03 3.06e+03 3.04e+03 2.98e+03 2.94e+03 2.89e+03 2.85e+03 2.80e+03 2.75e+03 2.72e+03 2.69e+03 2.62e+03 2.54e+03 2.48e+03 2.41e+03 2.33e+03 2.23e+03 2.12e+03 1.95e+03 1.85e+03 1.76e+03 1.66e+03 1.54e+03 1.42e+03 1.25e+03 1.13e+03 1.01e+03 1.00e+03 1.00e+03 1.00e+03 1.00e+03
12875.00 3.46e+03 3.42e+03 3.38e+03 3.35e+03 3.46e+03 3.39e+03 3.34e+03 3.43e+03 3.35e+03 3.28e+03 3.32e+03 3.23e+03 3.27e+03 3.20e+03 3.22e+03 3.24e+03 3.15e+03 3.14e+03 3.12e+03 3.00e+03 2.99e+03 2.98e+03 2.95e+03 2.92e+03 2.88e+03 2.84e+03 2.79e+03 2.74e+03 2.69e+03 2.66e+03 2.58e+03 2.51e+03 2.54e+03 2.43e+03 2.43e+03 2.30e+03 2.16e+03 1.98e+03 1.87e+03 1.73e+03 1.61e+03 1.49e+03 1.37e+03 1.21e+03 1.09e+03 1.00e+03 1.00e+03 1.00e+03 1.00e+03 1.00e+03
13125.00 3.54e+03 3.48e+03 3.43e+03 3.39e+03 3.50e+03 3.42e+03 3.36e+03 3.30e+03 3.35e+03 3.28e+03 3.35e+03 3.26e+03 3.29e+03 3.21e+03 3.14e+03 3.17e+03 3.15e+03 3.15e+03 3.04e+03 3.05e+03 3.02e+03 2.98e+03 2.92e+03 2.92e+03 2.89e+03 2.86e+03 2.81e+03 2.76e+03 2.72e+03 2.65e+03 2.58e+03 2.61e+03 2.55e+03 2.47e+03 2.34e+03 2.20e+03 2.12e+03 2.03e+03 1.93e+03 1.79e+03 1.61e+03 1.45e+03 1.34e+03 1.19e+03 1.07e+03 1.00e+03 1.00e+03 1.00e+03 1.00e+03 1.00e+03
13375.00 3.50e+03 3.46e+03 3.42e+03 3.37e+03 3.42e+03 3.37e+03 3.45e+03 3.37e+03 3.30e+03 3.37e+03 3.28e+03 3.31e+03 3.32e+03 3.20e+03 3.26e+03 3.26e+03 3.16e+03 3.17e+03 3.08e+03 3.06e+03 3.02e+03 2.96e+03 2.92e+03 2.89e+03 2.88e+03 2.84e+03 2.75e+03 2.81e+03 2.75e+03 2.66e+03 2.56e+03 2.49e+03 2.53e+03 2.44e+03 2.29e+03 2.22e+03 2.04e+03 1.93e+03 1.77e+03 1.59e+03 1.45e+03 1.33e+03 1.23e+03 1.07e+03 1.00e+03 1.00e+03 1.00e+03 1.00e+03 1.00e+03 1.00e+03
13625.00 3.45e+03 3.43e+03 3.41e+03 3.31e+03 3.48e+03 3.42e+03 3.37e+03 3.31e+03 3.42e+03 3.34e+03 3.40e+03 3.28e+03 3.35e+03 3.23e+03 3.29e+03 3.19e+03 3.19e+03 3.08e+03 3.09e+03 2.98e+03 2.98e+03 3.00e+03 2.98e+03 2.94e+03 2.86e+03 2.84e+03 2.80e+03 2.72e+03 2.67e+03 2.71e+03 2.61e+03 2.48e+03 2.50e+03 2.42e+03 2.32e+03 2.19e+03 2.07e+03 1.89e+03 1.77e+03 1.62e+03 1.48e+03 1.37e+03 1.24e+03 1.11e+03 1.00e+03 1.00e+03 1.00e+03 1.00e+03 1.00e+03 1.00e+03
13875.00 3.48e+03 3.45e+03 3.43e+03 3.39e+03 3.43e+03 3.37e+03 3.24e+03 3.41e+03 3.32e+03 3.39e+03 3.28e+03 3.34e+03 3.27e+03 3.27e+03 3.30e+03 3.17e+03 3.22e+03 3.12e+03 3.07e+03 3.00e+03 2.95e+03 2.95e+03 2.90e+03 2.86e+03 2.84e+03 2.77e+03 2.73e+03 2.64e+03 2.58e+03 2.65e+03 2.43e+03 2.19e+03 2.10e+03 2.25e+03 2.13e+03 2.00e+03 2.09e+03 1.91e+03 1.78e+03 1.64e+03 1.49e+03 1.33e+03 1.18e+03 1.05e+03 1.00e+03 1.00e+03 1.00e+03 1.00e+03 1.00e+03 1.00e+03
14125.00 3.45e+03 3.43e+03 3.60e+03 3.50e+03 3.44e+03 3.38e+03 3.43e+03 3.36e+03 3.39e+03 3.32e+03 3.30e+03 3.33e+03 3.34e+03 3.22e+03 3.23e+03 3.22e+03 3.11e+03 3.13e+03 3.12e+03 2.97e+03 3.00e+03 3.00e+03 2.86e+03 2.83e+03 2.80e+03 2.69e+03 2.78e+03 2.70e+03 2.50e+03 2.54e+03 2.60e+03 2.54e+03 2.31e+03 2.24e+03 2.20e+03 2.10e+03 1.96e+03 1.82e+03 1.66e+03 1.49e+03 1.29e+03 1.13e+03 1.00e+03 1.00e+03 1.00e+03 1.00e+03 1.00e+03 1.00e+03 1.00e+03 1.00e+03
14375.00 3.47e+03 3.44e+03 3.51e+03 3.45e+03 3.39e+03 3.34e+03 3.42e+03 3.34e+03 3.44e+03 3.33e+03 3.41e+03 3.30e+03 3.33e+03 3.33e+03 3.19e+03 3.19e+03 3.15e+03 3.11e+03 3.05e+03 3.02e+03 2.99e+03 2.94e+03 2.90e+03 2.84e+03 2.82e+03 2.64e+03 2.67e+03 2.63e+03 2.42e+03 2.33e+03 2.35e+03 2.51e+03 2.36e+03 2.13e+03 1.96e+03 2.08e+03 1.93e+03 1.81e+03 1.69e+03 1.58e+03 1.46e+03 1.32e+03 1.19e+03 1.04e+03 1.00e+03 1.00e+03 1.00e+03 1.00e+03 1.00e+03 1.00e+03
14625.00 3.50e+03 3.47e+03 3.44e+03 3.40e+03 3.35e+03 3.44e+03 3.34e+03 3.48e+03 3.35e+03 3.24e+03 3.30e+03 3.33e+03 3.29e+03 3.25e+03 3.21e+03 3.22e+03 3.10e+03 3.14e+03 3.16e+03 3.04e+03 2.96e+03 2.95e+03 2.75e+03 2.70e+03 2.78e+03 2.74e+03 2.67e+03 2.58e+03 2.62e+03 2.55e+03 2.43e+03 2.34e+03 2.27e+03 2.19e+03 2.23e+03 2.15e+03 2.02e+03 1.83e+03 1.66e+03 1.51e+03 1.37e+03 1.23e+03 1.07e+03 1.00e+03 1.00e+03 1.00e+03 1.00e+03 1.00e+03 1.00e+03 1.00e+03
14875.00 3.50e+03 3.47e+03 3.42e+03 3.36e+03 3.49e+03 3.40e+03 3.33e+03 3.40e+03 3.36e+03 3.44e+03 3.31e+03 3.25e+03 3.09e+03 3.17e+03 3.07e+03 3.12e+03 3.01e+03 3.04e+03 3.00e+03 2.91e+03 2.83e+03 2.84e+03 2.64e+03 2.57e+03 2.50e+03 2.21e+03 2.09e+03 2.43e+03 2.62e+03 2.46e+03 2.36e+03 2.21e+03 2.07e+03 2.16e+03 1.94e+03 1.78e+03 1.70e+03 1.55e+03 1.45e+03 1.35e+03 1.23e+03 1.11e+03 1.01e+03 1.00e+03 1.00e+03 1.00e+03 1.00e+03 1.00e+03 1.00e+03 1.00e+03
15125.00 3.43e+03 3.48e+03 3.52e+03 3.45e+03 3.36e+03 3.43e+03 3.29e+03 3.38e+03 3.35e+03 3.47e+03 3.29e+03 3.20e+03 3.21e+03 3.08e+03 3.11e+03 3.00e+03 3.08e+03 3.04e+03 2.94e+03 2.93e+03 2.89e+03 2.77e+03 2.75e+03 2.69e+03 2.63e+03 2.54e+03 2.29e+03 2.30e+03 2.45e+03 2.24e+03 2.23e+03 1.99e+03 1.87e+03 1.82e+03 1.74e+03 1.68e+03 1.63e+03 1.45e+03 1.37e+03 1.27e+03 1.17e+03 1.05e+03 1.00e+03 1.00e+03 1.00e+03 1.00e+03 1.00e+03 1.00e+03 1.00e+03 1.00e+03
15375.00 3.44e+03 3.45e+03 3.36e+03 3.54e+03 3.46e+03 3.41e+03 3.34e+03 3.33e+03 3.40e+03 3.25e+03 3.28e+03 3.26e+03 3.31e+03 3.22e+03 3.16e+03 2.92e+03 2.87e+03 2.89e+03 2.90e+03 2.78e+03 2.76e+03 2.72e+03 2.72e+03 2.66e+03 2.43e+03 2.16e+03 2.45e+03 2.52e+03 2.46e+03 2.19e+03 2.02e+03 1.91e+03 2.05e+03 1.97e+03 1.86e+03 1.79e+03 1.65e+03 1.53e+03 1.42e+03 1.24e+03 1.08e+03 1.00e+03 1.00e+03 1.00e+03 1.00e+03 1.00e+03 1.00e+03 1.00e+03 1.00e+03 1.00e+03
15625.00 3.48e+03 3.45e+03 3.39e+03 3.28e+03 3.28e+03 3.41e+03 3.26e+03 3.43e+03 3.29e+03 3.21e+03 3.12e+03 3.28e+03 3.15e+03 3.04e+03 3.01e+03 2.90e+03 2.82e+03 2.98e+03 2.88e+03 2.82e+03 2.80e+03 2.74e+03 2.49e+03 2.51e+03 2.39e+03 2.32e+03 2.17e+03 2.07e+03 2.23e+03 2.09e+03 1.87e+03 1.69e+03 2.03e+03 1.90e+03 1.80e+03 1.72e+03 1.67e+03 1.50e+03 1.36e+03 1.00e+03 1.02e+03 1.00e+03 1.00e+03 1.00e+03 1.00e+03 1.00e+03 1.00e+03 1.00e+03 1.00e+03 1.00e+03
15875.00 3.38e+03 3.48e+03 3.34e+03 3.59e+03 3.47e+03 3.36e+03 3.31e+03 3.26e+03 3.31e+03 3.17e+03 3.22e+03 3.19e+03 3.18e+03 2.97e+03 2.90e+03 2.88e+03 2.91e+03 2.95e+03 2.87e+03 2.86e+03 2.66e+03 2.52e+03 2.30e+03 2.51e+03 2.37e+03 2.25e+03 2.00e+03 2.12e+03 1.86e+03 1.65e+03 1.74e+03 1.60e+03 1.56e+03 1.54e+03 1.47e+03 1.36e+03 1.32e+03 1.24e+03 1.20e+03 1.14e+03 1.06e+03 1.03e+03 1.00e+03 1.00e+03 1.00e+03 1.00e+03 1.00e+03 1.00e+03 1.00e+03 1.00e+03
16125.00 3.55e+03 3.47e+03 3.46e+03 3.46e+03 3.38e+03 3.55e+03 3.33e+03 3.21e+03 3.11e+03 3.19e+03 3.30e+03 3.21e+03 3.12e+03 3.01e+03 3.00e+03 2.86e+03 2.79e+03 2.78e+03 2.73e+03 2.68e+03 2.84e+03 2.78e+03 2.50e+03 2.24e+03 2.43e+03 2.18e+03 1.96e+03 1.80e+03 1.93e+03 2.05e+03 1.77e+03 1.66e+03 1.69e+03 1.55e+03 1.40e+03 1.31e+03 1.24e+03 1.16e+03 1.11e+03 1.04e+03 1.00e+03 1.00e+03 1.00e+03 1.00e+03 1.00e+03 1.00e+03 1.00e+03 1.00e+03 1.00e+03 1.00e+03
16375.00 3.48e+03 3.40e+03 3.30e+03 3.44e+03 3.38e+03 3.25e+03 3.26e+03 3.33e+03 3.39e+03 3.26e+03 3.04e+03 3.18e+03 3.02e+03 3.04e+03 2.94e+03 2.68e+03 2.51e+03 2.51e+03 2.51e+03 1.82e+03 2.51e+03 2.35e+03 2.31e+03 2.27e+03 2.07e+03 1.82e+03 1.64e+03 1.56e+03 1.51e+03 1.39e+03 1.29e+03 1.25e+03 1.59e+03 1.52e+03 1.41e+03 1.25e+03 1.15e+03 1.07e+03 1.03e+03 1.00e+03 1.00e+03 1.00e+03 1.00e+03 1.00e+03 1.00e+03 1.00e+03 1.00e+03 1.00e+03 1.00e+03 1.00e+03
16625.00 3.43e+03 3.31e+03 3.32e+03 3.20e+03 3.19e+03 3.52e+03 3.34e+03 3.25e+03 3.08e+03 3.12e+03 2.80e+03 2.81e+03 2.72e+03 2.72e+03 2.68e+03 2.69e+03 2.57e+03 2.49e+03 2.69e+03 2.55e+03 2.44e+03 2.17e+03 1.86e+03 1.76e+03 2.05e+03 1.84e+03 1.69e+03 1.62e+03 1.53e+03 1.65e+03 1.52e+03 1.41e+03 1.27e+03 1.18e+03 1.18e+03 1.14e+03 1.14e+03 1.12e+03 1.12e+03 1.03e+03 1.00e+03 1.00e+03 1.00e+03 1.00e+03 1.00e+03 1.00e+03 1.00e+03 1.00e+03 1.00e+03 1.00e+03
16875.00 3.32e+03 3.32e+03 3.40e+03 3.37e+03 3.27e+03 3.25e+03 3.26e+03 3.12e+03 3.06e+03 2.90e+03 3.20e+03 2.98e+03 2.77e+03 2.66e+03 2.69e+03 2.73e+03 2.59e+03 2.40e+03 2.77e+03 2.47e+03 2.22e+03 2.15e+03 1.95e+03 1.81e+03 1.74e+03 1.65e+03 1.51e+03 1.42e+03 1.27e+03 1.25e+03 1.23e+03 1.14e+03 1.05e+03 1.08e+03 1.07e+03 1.04e+03 1.02e+03 1.06e+03 1.03e+03 1.00e+03 1.00e+03 1.02e+03 1.01e+03 1.00e+03 1.00e+03 1.00e+03 1.00e+03 1.00e+03 1.00e+03 1.00e+03
17125.00 3.56e+03 3.29e+03 3.33e+03 2.36e+03 3.02e+03 2.94e+03 3.21e+03 3.09e+03 2.70e+03 3.07e+03 3.09e+03 2.91e+03 2.64e+03 2.67e+03 2.18e+03 1.97e+03 1.91e+03 2.32e+03 2.33e+03 1.97e+03 2.28e+03 2.01e+03 1.87e+03 1.78e+03 1.56e+03 1.34e+03 1.43e+03 1.32e+03 1.28e+03 1.21e+03 1.18e+03 1.11e+03 1.04e+03 1.02e+03 1.04e+03 1.00e+03 1.03e+03 1.03e+03 1.03e+03 1.00e+03 1.01e+03 1.00e+03 1.00e+03 1.00e+03 1.00e+03 1.00e+03 1.00e+03 1.00e+03 1.00e+03 1.00e+03
17375.00 3.38e+03 3.25e+03 3.37e+03 3.23e+03 3.22e+03 3.07e+03 3.17e+03 3.22e+03 3.21e+03 2.92e+03 2.93e+03 2.85e+03 2.74e+03 2.35e+03 1.96e+03 2.72e+03 2.51e+03 2.45e+03 1.37e+03 1.91e+03 2.42e+03 2.06e+03 1.38e+03 1.57e+03 1.48e+03 1.36e+03 1.25e+03 1.45e+03 1.36e+03 1.33e+03 1.31e+03 1.22e+03 1.18e+03 1.09e+03 1.03e+03 1.02e+03 1.07e+03 1.02e+03 1.00e+03 1.00e+03 1.00e+03 1.00e+03 1.00e+03 1.00e+03 1.00e+03 1.00e+03 1.00e+03 1.00e+03 1.00e+03 1.00e+03
17625.00 3.57e+03 3.41e+03 3.14e+03 2.94e+03 2.89e+03 2.93e+03 2.95e+03 2.99e+03 3.06e+03 2.91e+03 2.08e+03 2.47e+03 2.25e+03 2.49e+03 2.35e+03 2.62e+03 2.34e+03 2.20e+03 2.09e+03 1.99e+03 1.93e+03 1.84e+03 1.70e+03 1.60e+03 1.48e+03 1.37e+03 1.28e+03 1.25e+03 1.23e+03 1.11e+03 1.04e+03 1.09e+03 1.04e+03 1.07e+03 1.02e+03 1.02e+03 1.05e+03 1.05e+03 1.04e+03 1.00e+03 1.00e+03 1.00e+03 1.00e+03 1.00e+03 1.00e+03 1.00e+03 1.00e+03 1.00e+03 1.00e+03 1.00e+03
17875.00 3.04e+03 3.27e+03 3.21e+03 3.05e+03 3.02e+03 2.79e+03 2.46e+03 2.96e+03 2.75e+03 2.87e+03 2.26e+03 2.12e+03 2.09e+03 2.71e+03 1.38e+03 1.33e+03 1.27e+03 1.19e+03 1.21e+03 1.62e+03 1.45e+03 1.41e+03 1.39e+03 1.38e+03 1.28e+03 1.26e+03 1.25e+03 1.18e+03 1.11e+03 1.07e+03 1.00e+03 1.04e+03 1.04e+03 1.04e+03 1.03e+03 1.01e+03 1.06e+03 1.00e+03 1.02e+03 1.01e+03 1.00e+03 1.00e+03 1.00e+03 1.00e+03 1.00e+03 1.00e+03 1.00e+03 1.00e+03 1.00e+03 1.00e+03
18125.00 3.23e+03 3.13e+03 2.96e+03 3.14e+03 3.25e+03 3.21e+03 2.59e+03 2.38e+03 2.19e+03 2.09e+03 1.97e+03 2.21e+03 2.20e+03 1.96e+03 1.71e+03 2.51e+03 2.21e+03 1.81e+03 1.59e+03 1.36e+03 1.28e+03 1.52e+03 1.48e+03 1.32e+03 1.16e+03 1.04e+03 1.02e+03 1.01e+03 1.02e+03 1.04e+03 1.03e+03 1.00e+03 1.00e+03 1.02e+03 1.01e+03 1.01e+03 1.01e+03 1.00e+03 1.01e+03 1.00e+03 1.00e+03 1.00e+03 1.00e+03 1.00e+03 1.00e+03 1.00e+03 1.00e+03 1.00e+03 1.00e+03 1.00e+03
18375.00 2.98e+03 2.73e+03 2.64e+03 3.33e+03 3.07e+03 2.69e+03 2.38e+03 2.11e+03 2.43e+03 2.41e+03 2.07e+03 1.73e+03 1.59e+03 1.49e+03 1.50e+03 1.47e+03 1.32e+03 1.27e+03 1.28e+03 1.26e+03 1.16e+03 1.06e+03 1.06e+03 1.00e+03 1.03e+03 1.05e+03 1.03e+03 1.00e+03 1.00e+03 1.03e+03 1.04e+03 1.00e+03 1.00e+03 1.00e+03 1.00e+03 1.00e+03 1.00e+03 1.01e+03 1.00e+03 1.00e+03 1.00e+03 1.00e+03 1.00e+03 1.00e+03 1.00e+03 1.00e+03 1.00e+03 1.00e+03 1.00e+03 1.00e+03
18625.00 3.07e+03 2.86e+03 2.80e+03 2.61e+03 2.66e+03 2.94e+03 2.53e+03 2.60e+03 2.60e+03 2.64e+03 2.66e+03 1.65e+03 1.56e+03 1.47e+03 2.25e+03 1.41e+03 1.23e+03 1.18e+03 1.22e+03 1.17e+03 1.20e+03 1.22e+03 1.16e+03 1.10e+03 1.00e+03 1.02e+03 1.03e+03 1.06e+03 1.02e+03 1.02e+03 1.04e+03 1.02e+03 1.00e+03 1.03e+03 1.00e+03 1.04e+03 1.00e+03 1.00e+03 1.03e+03 1.00e+03 1.00e+03 1.00e+03 1.00e+03 1.00e+03 1.00e+03 1.00e+03 1.00e+03 1.00e+03 1.00e+03 1.00e+03
18875.00 3.22e+03 2.30e+03 2.96e+03 3.07e+03 2.92e+03 2.55e+03 2.24e+03 2.25e+03 2.46e+03 2.58e+03 2.21e+03 1.94e+03 1.63e+03 1.44e+03 1.23e+03 1.41e+03 1.43e+03 1.30e+03 1.21e+03 1.09e+03 1.09e+03 1.33e+03 1.21e+03 1.13e+03 1.07e+03 1.03e+03 1.02e+03 1.01e+03 1.00e+03 1.02e+03 1.00e+03 1.02e+03 1.00e+03 1.01e+03 1.03e+03 1.00e+03 1.00e+03 1.03e+03 1.00e+03 1.00e+03 1.00e+03 1.00e+03 1.00e+03 1.00e+03 1.00e+03 1.00e+03 1.00e+03 1.00e+03 1.00e+03 1.00e+03
19125.00 2.86e+03 2.50e+03 2.18e+03 2.12e+03 2.12e+03 1.79e+03 1.87e+03 2.41e+03 2.40e+03 2.34e+03 2.06e+03 1.77e+03 1.65e+03 1.54e+03 1.42e+03 1.71e+03 1.24e+03 1.17e+03 1.12e+03 1.34e+03 1.00e+03 1.11e+03 1.00e+03 1.02e+03 1.03e+03 1.00e+03 1.02e+03 1.00e+03 1.03e+03 1.00e+03 1.00e+03 1.00e+03 1.00e+03 1.00e+03 1.00e+03 1.00e+03 1.00e+03 1.00e+03 1.00e+03 1.00e+03 1.00e+03 1.00e+03 1.00e+03 1.00e+03 1.00e+03 1.00e+03 1.00e+03 1.00e+03 1.00e+03 1.00e+03
19375.00 2.97e+03 2.64e+03 2.18e+03 2.67e+03 2.55e+03 2.68e+03 2.47e+03 1.64e+03 2.45e+03 2.50e+03 2.04e+03 1.80e+03 1.23e+03 1.07e+03 1.02e+03 1.02e+03 1.02e+03 1.30e+03 1.04e+03 1.10e+03 1.08e+03 1.00e+03 1.00e+03 1.00e+03 1.04e+03 1.00e+03 1.00e+03 1.00e+03 1.01e+03 1.00e+03 1.00e+03 1.00e+03 1.00e+03 1.00e+03 1.00e+03 1.00e+03 1.00e+03 1.00e+03 1.00e+03 1.00e+03 1.00e+03 1.00e+03 1.00e+03 1.00e+03 1.00e+03 1.00e+03 1.00e+03 1.00e+03 1.00e+03 1.00e+03
19625.00 1.92e+03 1.65e+03 2.66e+03 1.32e+03 1.26e+03 1.27e+03 1.22e+03 1.16e+03 1.16e+03 1.18e+03 1.18e+03 1.57e+03 1.50e+03 1.38e+03 1.36e+03 1.26e+03 1.00e+03 1.00e+03 1.00e+03 1.02e+03 1.00e+03 1.01e+03 1.00e+03 1.00e+03 1.00e+03 1.00e+03 1.00e+03 1.00e+03 1.00e+03 1.00e+03 1.00e+03 1.00e+03 1.00e+03 1.00e+03 1.00e+03 1.00e+03 1.00e+03 1.00e+03 1.00e+03 1.00e+03 1.00e+03 1.00e+03 1.00e+03 1.00e+03 1.00e+03 1.00e+03 1.00e+03 1.00e+03 1.00e+03 1.00e+03
19875.00 3.13e+03 2.11e+03 1.97e+03 1.44e+03 1.28e+03 1.59e+03 1.68e+03 1.70e+03 1.32e+03 2.07e+03 1.09e+03 1.57e+03 1.46e+03 1.03e+03 1.06e+03 1.00e+03 1.02e+03 1.00e+03 1.00e+03 1.00e+03 1.04e+03 1.02e+03 1.00e+03 1.00e+03 1.00e+03 1.00e+03 1.00e+03 1.00e+03 1.01e+03 1.00e+03 1.00e+03 1.00e+03 1.00e+03 1.00e+03 1.00e+03 1.00e+03 1.00e+03 1.00e+03 1.00e+03 1.00e+03 1.00e+03 1.00e+03 1.00e+03 1.00e+03 1.00e+03 1.00e+03 1.00e+03 1.00e+03 1.00e+03 1.00e+03
20125.00 3.13e+03 3.00e+03 2.87e+03 1.52e+03 1.44e+03 1.41e+03 1.97e+03 1.76e+03 1.81e+03 1.09e+03 1.00e+03 1.46e+03 1.42e+03 1.02e+03 1.06e+03 1.00e+03 1.00e+03 1.00e+03 1.00e+03 1.00e+03 1.00e+03 1.00e+03 1.00e+03 1.00e+03 1.01e+03 1.00e+03 1.00e+03 1.00e+03 1.00e+03 1.00e+03 1.00e+03 1.00e+03 1.00e+03 1.00e+03 1.00e+03 1.00e+03 1.00e+03 1.00e+03 1.00e+03 1.00e+03 1.00e+03 1.00e+03 1.00e+03 1.00e+03 1.00e+03 1.00e+03 1.00e+03 1.00e+03 1.00e+03 1.00e+03
20375.00 2.82e+03 2.38e+03 2.61e+03 2.27e+03 1.45e+03 1.48e+03 1.54e+03 1.43e+03 1.47e+03 1.31e+03 1.17e+03 1.13e+03 1.14e+03 1.08e+03 1.00e+03 1.00e+03 1.09e+03 1.00e+03 1.00e+03 1.00e+03 1.00e+03 1.00e+03 1.00e+03 1.00e+03 1.00e+03 1.00e+03 1.00e+03 1.00e+03 1.00e+03 1.00e+03 1.00e+03 1.00e+03 1.00e+03 1.00e+03 1.00e+03 1.00e+03 1.00e+03 1.00e+03 1.00e+03 1.00e+03 1.00e+03 1.00e+03 1.00e+03 1.00e+03 1.00e+03 1.00e+03 1.00e+03 1.00e+03 1.00e+03 1.00e+03
20625.00 1.51e+03 1.54e+03 2.16e+03 1.83e+03 1.64e+03 1.33e+03 1.03e+03 1.02e+03 1.02e+03 1.04e+03 1.46e+03 1.39e+03 1.29e+03 1.14e+03 1.01e+03 1.10e+03 1.02e+03 1.00e+03 1.00e+03 1.00e+03 1.00e+03 1.00e+03 1.00e+03 1.01e+03 1.00e+03 1.00e+03 1.00e+03 1.00e+03 1.00e+03 1.00e+03 1.00e+03 1.00e+03 1.00e+03 1.00e+03 1.00e+03 1.00e+03 1.00e+03 1.00e+03 1.00e+03 1.00e+03 1.00e+03 1.00e+03 1.00e+03 1.00e+03 1.00e+03 1.00e+03 1.00e+03 1.00e+03 1.00e+03 1.00e+03
20875.00 2.65e+03 1.16e+03 2.30e+03 2.13e+03 1.54e+03 1.50e+03 1.18e+03 1.08e+03 1.83e+03 1.09e+03 1.14e+03 1.11e+03 1.00e+03 1.01e+03 1.00e+03 1.06e+03 1.03e+03 1.00e+03 1.00e+03 1.00e+03 1.00e+03 1.00e+03 1.00e+03 1.00e+03 1.00e+03 1.00e+03 1.00e+03 1.00e+03 1.00e+03 1.00e+03 1.00e+03 1.00e+03 1.00e+03 1.00e+03 1.00e+03 1.00e+03 1.00e+03 1.00e+03 1.00e+03 1.00e+03 1.00e+03 1.00e+03 1.00e+03 1.00e+03 1.00e+03 1.00e+03 1.00e+03 1.00e+03 1.00e+03 1.00e+03
21125.00 1.26e+03 1.25e+03 1.24e+03 1.65e+03 1.29e+03 1.42e+03 1.13e+03 1.06e+03 1.04e+03 1.11e+03 1.03e+03 1.07e+03 1.00e+03 1.02e+03 1.00e+03 1.00e+03 1.00e+03 1.00e+03 1.00e+03 1.00e+03 1.00e+03 1.00e+03 1.00e+03 1.00e+03 1.00e+03 1.00e+03 1.00e+03 1.00e+03 1.00e+03 1.00e+03 1.00e+03 1.00e+03 1.00e+03 1.00e+03 1.00e+03 1.00e+03 1.00e+03 1.00e+03 1.00e+03 1.00e+03 1.00e+03 1.00e+03 1.00e+03 1.00e+03 1.00e+03 1.00e+03 1.00e+03 1.00e+03 1.00e+03 1.00e+03
21375.00 1.37e+03 1.35e+03 1.13e+03 1.05e+03 1.15e+03 1.08e+03 1.00e+03 1.03e+03 1.00e+03 1.02e+03 1.00e+03 1.03e+03 1.00e+03 1.01e+03 1.06e+03 1.00e+03 1.00e+03 1.00e+03 1.00e+03 1.00e+03 1.00e+03 1.00e+03 1.00e+03 1.00e+03 1.00e+03 1.00e+03 1.00e+03 1.00e+03 1.00e+03 1.00e+03 1.00e+03 1.00e+03 1.00e+03 1.00e+03 1.00e+03 1.00e+03 1.00e+03 1.00e+03 1.00e+03 1.00e+03 1.00e+03 1.00e+03 1.00e+03 1.00e+03 1.00e+03 1.00e+03 1.00e+03 1.00e+03 1.00e+03 1.00e+03
21625.00 1.05e+03 1.06e+03 1.03e+03 1.62e+03 1.45e+03 1.22e+03 1.04e+03 1.03e+03 1.00e+03 1.07e+03 1.00e+03 1.00e+03 1.00e+03 1.00e+03 1.00e+03 1.00e+03 1.00e+03 1.00e+03 1.00e+03 1.00e+03 1.00e+03 1.00e+03 1.00e+03 1.00e+03 1.00e+03 1.00e+03 1.00e+03 1.00e+03 1.00e+03 1.00e+03 1.00e+03 1.00e+03 1.00e+03 1.00e+03 1.00e+03 1.00e+03 1.00e+03 1.00e+03 1.00e+03 1.00e+03 1.00e+03 1.00e+03 1.00e+03 1.00e+03 1.00e+03 1.00e+03 1.00e+03 1.00e+03 1.00e+03 1.00e+03
21875.00 1.04e+03 1.11e+03 1.02e+03 1.23e+03 1.07e+03 1.04e+03 1.05e+03 1.00e+03 1.10e+03 1.01e+03 1.00e+03 1.00e+03 1.00e+03 1.00e+03 1.00e+03 1.00e+03 1.00e+03 1.00e+03 1.00e+03 1.00e+03 1.00e+03 1.00e+03 1.00e+03 1.00e+03 1.00e+03 1.00e+03 1.00e+03 1.00e+03 1.00e+03 1.00e+03 1.00e+03 1.00e+03 1.00e+03 1.00e+03 1.00e+03 1.00e+03 1.00e+03 1.00e+03 1.00e+03 1.00e+03 1.00e+03 1.00e+03 1.00e+03 1.00e+03 1.00e+03 1.00e+03 1.00e+03 1.00e+03 1.00e+03 1.00e+03
22125.00 1.04e+03 1.03e+03 1.00e+03 1.12e+03 1.00e+03 1.00e+03 1.00e+03 1.04e+03 1.00e+03 1.00e+03 1.00e+03 1.00e+03 1.00e+03 1.00e+03 1.00e+03 1.00e+03 1.00e+03 1.00e+03 1.00e+03 1.00e+03 1.00e+03 1.00e+03 1.00e+03 1.00e+03 1.00e+03 1.00e+03 1.00e+03 1.00e+03 1.00e+03 1.00e+03 1.00e+03 1.00e+03 1.00e+03 1.00e+03 1.00e+03 1.00e+03 1.00e+03 1.00e+03 1.00e+03 1.00e+03 1.00e+03 1.00e+03 1.00e+03 1.00e+03 1.00e+03 1.00e+03 1.00e+03 1.00e+03 1.00e+03 1.00e+03
22375.00 1.00e+03 1.24e+03 1.19e+03 1.02e+03 1.03e+03 1.00e+03 1.00e+03 1.06e+03 1.00e+03 1.00e+03 1.00e+03 1.00e+03 1.00e+03 1.01e+03 1.00e+03 1.00e+03 1.00e+03 1.00e+03 1.00e+03 1.00e+03 1.00e+03 1.00e+03 1.00e+03 1.00e+03 1.00e+03 1.00e+03 1.00e+03 1.00e+03 1.00e+03 1.00e+03 1.00e+03 1.00e+03 1.00e+03 1.00e+03 1.00e+03 1.00e+03 1.00e+03 1.00e+03 1.00e+03 1.00e+03 1.00e+03 1.00e+03 1.00e+03 1.00e+03 1.00e+03 1.00e+03 1.00e+03 1.00e+03 1.00e+03 1.00e+03
22625.00 1.09e+03 1.00e+03 1.00e+03 1.00e+03 1.04e+03 1.15e+03 1.11e+03 1.03e+03 1.00e+03 1.00e+03 1.00e+03 1.00e+03 1.00e+03 1.00e+03 1.00e+03 1.00e+03 1.00e+03 1.00e+03 1.00e+03 1.00e+03 1.00e+03 1.00e+03 1.00e+03 1.00e+03 1.00e+03 1.00e+03 1.00e+03 1.00e+03 1.00e+03 1.00e+03 1.00e+03 1.00e+03 1.00e+03 1.00e+03 1.00e+03 1.00e+03 1.00e+03 1.00e+03 1.00e+03 1.00e+03 1.00e+03 1.00e+03 1.00e+03 1.00e+03 1.00e+03 1.00e+03 1.00e+03 1.00e+03 1.00e+03 1.00e+03
22875.00 1.00e+03 1.01e+03 1.00e+03 1.04e+03 1.01e+03 1.00e+03 1.00e+03 1.00e+03 1.00e+03 1.00e+03 1.00e+03 1.00e+03 1.03e+03 1.00e+03 1.00e+03 1.00e+03 1.00e+03 1.00e+03 1.00e+03 1.00e+03 1.00e+03 1.00e+03 1.00e+03 1.00e+03 1.00e+03 1.00e+03 1.00e+03 1.00e+03 1.00e+03 1.00e+03 1.00e+03 1.00e+03 1.00e+03 1.00e+03 1.00e+03 1.00e+03 1.00e+03 1.00e+03 1.00e+03 1.00e+03 1.00e+03 1.00e+03 1.00e+03 1.00e+03 1.00e+03 1.00e+03 1.00e+03 1.00e+03 1.00e+03 1.00e+03
23125.00 1.01e+03 1.00e+03 1.03e+03 1.00e+03 1.03e+03 1.00e+03 1.04e+03 1.00e+03 1.00e+03 1.00e+03 1.00e+03 1.00e+03 1.00e+03 1.00e+03 1.00e+03 1.00e+03 1.00e+03 1.00e+03 1.00e+03 1.00e+03 1.00e+03 1.00e+03 1.00e+03 1.00e+03 1.00e+03 1.00e+03 1.00e+03 1.00e+03 1.00e+03 1.00e+03 1.00e+03 1.00e+03 1.00e+03 1.00e+03 1.00e+03 1.00e+03 1.00e+03 1.00e+03 1.00e+03 1.00e+03 1.00e+03 1.00e+03 1.00e+03 1.00e+03 1.00e+03 1.00e+03 1.00e+03 1.00e+03 1.00e+03 1.00e+03
23375.00 1.02e+03 1.18e+03 1.12e+03 1.00e+03 1.04e+03 1.00e+03 1.00e+03 1.00e+03 1.00e+03 1.00e+03 1.00e+03 1.00e+03 1.00e+03 1.00e+03 1.00e+03 1.00e+03 1.00e+03 1.00e+03 1.00e+03 1.00e+03 1.00e+03 1.00e+03 1.00e+03 1.00e+03 1.00e+03 1.00e+03 1.00e+03 1.00e+03 1.00e+03 1.00e+03 1.00e+03 1.00e+03 1.00e+03 1.00e+03 1.00e+03 1.00e+03 1.00e+03 1.00e+03 1.00e+03 1.00e+03 1.00e+03 1.00e+03 1.00e+03 1.00e+03 1.00e+03 1.00e+03 1.00e+03 1.00e+03 1.00e+03 1.00e+03
23625.00 1.00e+03 1.17e+03 1.09e+03 1.03e+03 1.00e+03 1.00e+03 1.00e+03 1.00e+03 1.00e+03 1.00e+03 1.00e+03 1.00e+03 1.00e+03 1.00e+03 1.00e+03 1.00e+03 1.00e+03 1.00e+03 1.00e+03 1.00e+03 1.00e+03 1.00e+03 1.00e+03 1.00e+03 1.00e+03 1.00e+03 1.00e+03 1.00e+03 1.00e+03 1.00e+03 1.00e+03 1.00e+03 1.00e+03 1.00e+03 1.00e+03 1.00e+03 1.00e+03 1.00e+03 1.00e+03 1.00e+03 1.00e+03 1.00e+03 1.00e+03 1.00e+03 1.00e+03 1.00e+03 1.00e+03 1.00e+03 1.00e+03 1.00e+03
23875.00 1.07e+03 1.00e+03 1.03e+03 1.00e+03 1.00e+03 1.00e+03 1.00e+03 1.00e+03 1.00e+03 1.00e+03 1.00e+03 1.00e+03 1.00e+03 1.00e+03 1.00e+03 1.00e+03 1.00e+03 1.00e+03 1.00e+03 1.00e+03 1.00e+03 1.00e+03 1.00e+03 1.00e+03 1.00e+03 1.00e+03 1.00e+03 1.00e+03 1.00e+03 1.00e+03 1.00e+03 1.00e+03 1.00e+03 1.00e+03 1.00e+03 1.00e+03 1.00e+03 1.00e+03 1.00e+03 1.00e+03 1.00e+03 1.00e+03 1.00e+03 1.00e+03 1.00e+03 1.00e+03 1.00e+03 1.00e+03 1.00e+03 1.00e+03
24125.00 1.00e+03 1.00e+03 1.01e+03 1.00e+03 1.00e+03 1.00e+03 1.00e+03 1.00e+03 1.00e+03 1.00e+03 1.00e+03 1.00e+03 1.00e+03 1.00e+03 1.00e+03 1.00e+03 1.00e+03 1.00e+03 1.00e+03 1.00e+03 1.00e+03 1.00e+03 1.00e+03 1.00e+03 1.00e+03 1.00e+03 1.00e+03 1.00e+03 1.00e+03 1.00e+03 1.00e+03 1.00e+03 1.00e+03 1.00e+03 1.00e+03 1.00e+03 1.00e+03 1.00e+03 1.00e+03 1.00e+03 1.00e+03 1.00e+03 1.00e+03 1.00e+03 1.00e+03 1.00e+03 1.00e+03 1.00e+03 1.00e+03 1.00e+03
24375.00 1.00e+03 1.00e+03 1.00e+03 1.00e+03 1.00e+03 1.00e+03 1.00e+03 1.00e+03 1.00e+03 1.00e+03 1.00e+03 1.00e+03 1.00e+03 1.00e+03 1.00e+03 1.00e+03 1.00e+03 1.00e+03 1.00e+03 1.00e+03 1.00e+03 1.00e+03 1.00e+03 1.00e+03 1.00e+03 1.00e+03 1.00e+03 1.00e+03 1.00e+03 1.00e+03 1.00e+03 1.00e+03 1.00e+03 1.00e+03 1.00e+03 1.00e+03 1.00e+03 1.00e+03 1.00e+03 1.00e+03 1.00e+03 1.00e+03 1.00e+03 1.00e+03 1.00e+03 1.00e+03 1.00e+03 1.00e+03 1.00e+03 1.00e+03
24625.00 1.00e+03 1.00e+03 1.00e+03 1.00e+03 1.00e+03 1.00e+03 1.00e+03 1.00e+03 1.00e+03 1.00e+03 1.00e+03 1.00e+03 1.00e+03 1.00e+03 1.00e+03 1.00e+03 1.00e+03 1.00e+03 1.00e+03 1.00e+03 1.00e+03 1.00e+03 1.00e+03 1.00e+03 1.00e+03 1.00e+03 1.00e+03 1.00e+03 1.00e+03 1.00e+03 1.00e+03 1.00e+03 1.00e+03 1.00e+03 1.00e+03 1.00e+03 1.00e+03 1.00e+03 1.00e+03 1.00e+03 1.00e+03 1.00e+03 1.00e+03 1.00e+03 1.00e+03 1.00e+03 1.00e+03 1.00e+03 1.00e+03 1.00e+03
24875.00 1.02e+03 1.00e+03 1.00e+03 1.00e+03 1.00e+03 1.00e+03 1.00e+03 1.00e+03 1.00e+03 1.00e+03 1.00e+03 1.00e+03 1.00e+03 1.00e+03 1.00e+03 1.00e+03 1.00e+03 1.00e+03 1.00e+03 1.00e+03 1.00e+03 1.00e+03 1.00e+03 1.00e+03 1.00e+03 1.00e+03 1.00e+03 1.00e+03 1.00e+03 1.00e+03 1.00e+03 1.00e+03 1.00e+03 1.00e+03 1.00e+03 1.00e+03 1.00e+03 1.00e+03 1.00e+03 1.00e+03 1.00e+03 1.00e+03 1.00e+03 1.00e+03 1.00e+03 1.00e+03 1.00e+03 1.00e+03 1.00e+03 1.00e+03
25125.00 1.00e+03 1.00e+03 1.00e+03 1.00e+03 1.00e+03 1.00e+03 1.00e+03 1.00e+03 1.00e+03 1.00e+03 1.00e+03 1.00e+03 1.00e+03 1.00e+03 1.00e+03 1.00e+03 1.00e+03 1.00e+03 1.00e+03 1.00e+03 1.00e+03 1.00e+03 1.00e+03 1.00e+03 1.00e+03 1.00e+03 1.00e+03 1.00e+03 1.00e+03 1.00e+03 1.00e+03 1.00e+03 1.00e+03 1.00e+03 1.00e+03 1.00e+03 1.00e+03 1.00e+03 1.00e+03 1.00e+03 1.00e+03 1.00e+03 1.00e+03 1.00e+03 1.00e+03 1.00e+03 1.00e+03 1.00e+03 1.00e+03 1.00e+03
25375.00 1.00e+03 1.00e+03 1.00e+03 1.00e+03 1.00e+03 1.00e+03 1.00e+03 1.00e+03 1.00e+03 1.00e+03 1.00e+03 1.00e+03 1.00e+03 1.00e+03 1.00e+03 1.00e+03 1.00e+03 1.00e+03 1.00e+03 1.00e+03 1.00e+03 1.00e+03 1.00e+03 1.00e+03 1.00e+03 1.00e+03 1.00e+03 1.00e+03 1.00e+03 1.00e+03 1.00e+03 1.00e+03 1.00e+03 1.00e+03 1.00e+03 1.00e+03 1.00e+03 1.00e+03 1.00e+03 1.00e+03 1.00e+03 1.00e+03 1.00e+03 1.00e+03 1.00e+03 1.00e+03 1.00e+03 1.00e+03 1.00e+03 1.00e+03
25625.00 1.00e+03 1.00e+03 1.00e+03 1.00e+03 1.02e+03 1.00e+03 1.00e+03 1.00e+03 1.00e+03 1.00e+03 1.00e+03 1.00e+03 1.00e+03 1.00e+03 1.00e+03 1.00e+03 1.00e+03 1.00e+03 1.00e+03 1.00e+03 1.00e+03 1.00e+03 1.00e+03 1.00e+03 1.00e+03 1.00e+03 1.00e+03 1.00e+03 1.00e+03 1.00e+03 1.00e+03 1.00e+03 1.00e+03 1.00e+03 1.00e+03 1.00e+03 1.00e+03 1.00e+03 1.00e+03 1.00e+03 1.00e+03 1.00e+03 1.00e+03 1.00e+03 1.00e+03 1.00e+03 1.00e+03 1.00e+03 1.00e+03 1.00e+03
25875.00 1.00e+03 1.00e+03 1.00e+03 1.00e+03 1.00e+03 1.00e+03 1.00e+03 1.00e+03 1.00e+03 1.00e+03 1.00e+03 1.00e+03 1.00e+03 1.00e+03 1.00e+03 1.00e+03 1.00e+03 1.00e+03 1.00e+03 1.00e+03 1.00e+03 1.00e+03 1.00e+03 1.00e+03 1.00e+03 1.00e+03 1.00e+03 1.00e+03 1.00e+03 1.00e+03 1.00e+03 1.00e+03 1.00e+03 1.00e+03 1.00e+03 1.00e+03 1.00e+03 1.00e+03 1.00e+03 1.00e+03 1.00e+03 1.00e+03 1.00e+03 1.00e+03 1.00e+03 1.00e+03 1.00e+03 1.00e+03 1.00e+03 1.00e+03
26125.00 1.00e+03 1.00e+03 1.00e+03 1.00e+03 1.00e+03 1.00e+03 1.00e+03 1.00e+03 1.00e+03 1.00e+03 1.00e+03 1.00e+03 1.00e+03 1.00e+03 1.00e+03 1.00e+03 1.00e+03 1.00e+03 1.00e+03 1.00e+03 1.00e+03 1.00e+03 1.00e+03 1.00e+03 1.00e+03 1.00e+03 1.00e+03 1.00e+03 1.00e+03 1.00e+03 1.00e+03 1.00e+03 1.00e+03 1.00e+03 1.00e+03 1.00e+03 1.00e+03 1.00e+03 1.00e+03 1.00e+03 1.00e+03 1.00e+03 1.00e+03 1.00e+03 1.00e+03 1.00e+03 1.00e+03 1.00e+03 1.00e+03 1.00e+03
26375.00 1.00e+03 1.00e+03 1.00e+03 1.00e+03 1.00e+03 1.00e+03 1.00e+03 1.00e+03 1.00e+03 1.00e+03 1.00e+03 1.00e+03 1.00e+03 1.00e+03 1.00e+03 1.00e+03 1.00e+03 1.00e+03 1.00e+03 1.00e+03 1.00e+03 1.00e+03 1.00e+03 1.00e+03 1.00e+03 1.00e+03 1.00e+03 1.00e+03 1.00e+03 1.00e+03 1.00e+03 1.00e+03 1.00e+03 1.00e+03 1.00e+03 1.00e+03 1.00e+03 1.00e+03 1.00e+03 1.00e+03 1.00e+03 1.00e+03 1.00e+03 1.00e+03 1.00e+03 1.00e+03 1.00e+03 1.00e+03 1.00e+03 1.00e+03
26625.00 1.00e+03 1.00e+03 1.00e+03 1.00e+03 1.00e+03 1.00e+03 1.00e+03 1.00e+03 1.00e+03 1.00e+03 1.00e+03 1.00e+03 1.00e+03 1.00e+03 1.00e+03 1.00e+03 1.00e+03 1.00e+03 1.00e+03 1.00e+03 1.00e+03 1.00e+03 1.00e+03 1.00e+03 1.00e+03 1.00e+03 1.00e+03 1.00e+03 1.00e+03 1.00e+03 1.00e+03 1.00e+03 1.00e+03 1.00e+03 1.00e+03 1.00e+03 1.00e+03 1.00e+03 1.00e+03 1.00e+03 1.00e+03 1.00e+03 1.00e+03 1.00e+03 1.00e+03 1.00e+03 1.00e+03 1.00e+03 1.00e+03 1.00e+03
26875.00 1.00e+03 1.00e+03 1.00e+03 1.00e+03 1.00e+03 1.00e+03 1.00e+03 1.00e+03 1.00e+03 1.00e+03 1.00e+03 1.00e+03 1.00e+03 1.00e+03 1.00e+03 1.00e+03 1.00e+03 1.00e+03 1.00e+03 1.00e+03 1.00e+03 1.00e+03 1.00e+03 1.00e+03 1.00e+03 1.00e+03 1.00e+03 1.00e+03 1.00e+03 1.00e+03 1.00e+03 1.00e+03 1.00e+03 1.00e+03 1.00e+03 1.00e+03 1.00e+03 1.00e+03 1.00e+03 1.00e+03 1.00e+03 1.00e+03 1.00e+03 1.00e+03 1.00e+03 1.00e+03 1.00e+03 1.00e+03 1.00e+03 1.00e+03
27125.00 1.00e+03 1.00e+03 1.00e+03 1.00e+03 1.00e+03 1.00e+03 1.00e+03 1.00e+03 1.00e+03 1.00e+03 1.00e+03 1.00e+03 1.00e+03 1.00e+03 1.00e+03 1.00e+03 1.00e+03 1.00e+03 1.00e+03 1.00e+03 1.00e+03 1.00e+03 1.00e+03 1.00e+03 1.00e+03 1.00e+03 1.00e+03 1.00e+03 1.00e+03 1.00e+03 1.00e+03 1.00e+03 1.00e+03 1.00e+03 1.00e+03 1.00e+03 1.00e+03 1.00e+03 1.00e+03 1.00e+03 1.00e+03 1.00e+03 1.00e+03 1.00e+03 1.00e+03 1.00e+03 1.00e+03 1.00e+03 1.00e+03 1.00e+03
27375.00 1.00e+03 1.00e+03 1.00e+03 1.00e+03 1.00e+03 1.00e+03 1.00e+03 1.00e+03 1.00e+03 1.00e+03 1.00e+03 1.00e+03 1.00e+03 1.00e+03 1.00e+03 1.00e+03 1.00e+03 1.00e+03 1.00e+03 1.00e+03 1.00e+03 1.00e+03 1.00e+03 1.00e+03 1.00e+03 1.00e+03 1.00e+03 1.00e+03 1.00e+03 1.00e+03 1.00e+03 1.00e+03 1.00e+03 1.00e+03 1.00e+03 1.00e+03 1.00e+03 1.00e+03 1.00e+03 1.00e+03 1.00e+03 1.00e+03 1.00e+03 1.00e+03 1.00e+03 1.00e+03 1.00e+03 1.00e+03 1.00e+03 1.00e+03
27625.00 1.00e+03 1.00e+03 1.00e+03 1.00e+03 1.00e+03 1.00e+03 1.00e+03 1.00e+03 1.00e+03 1.00e+03 1.00e+03 1.00e+03 1.00e+03 1.00e+03 1.00e+03 1.00e+03 1.00e+03 1.00e+03 1.00e+03 1.00e+03 1.00e+03 1.00e+03 1.00e+03 1.00e+03 1.00e+03 1.00e+03 1.00e+03 1.00e+03 1.00e+03 1.00e+03 1.00e+03 1.00e+03 1.00e+03 1.00e+03 1.00e+03 1.00e+03 1.00e+03 1.00e+03 1.00e+03 1.00e+03 1.00e+03 1.00e+03 1.00e+03 1.00e+03 1.00e+03 1.00e+03 1.00e+03 1.00e+03 1.00e+03 1.00e+03
27875.00 1.00e+03 1.00e+03 1.00e+03 1.00e+03 1.00e+03 1.00e+03 1.00e+03 1.00e+03 1.00e+03 1.00e+03 1.00e+03 1.00e+03 1.00e+03 1.00e+03 1.00e+03 1.00e+03 1.00e+03 1.00e+03 1.00e+03 1.00e+03 1.00e+03 1.00e+03 1.00e+03 1.00e+03 1.00e+03 1.00e+03 1.00e+03 1.00e+03 1.00e+03 1.00e+03 1.00e+03 1.00e+03 1.00e+03 1.00e+03 1.00e+03 1.00e+03 1.00e+03 1.00e+03 1.00e+03 1.00e+03 1.00e+03 1.00e+03 1.00e+03 1.00e+03 1.00e+03 1.00e+03 1.00e+03 1.00e+03 1.00e+03 1.00e+03
28125.00 1.00e+03 1.00e+03 1.00e+03 1.00e+03 1.00e+03 1.00e+03 1.00e+03 1.00e+03 1.00e+03 1.00e+03 1.00e+03 1.00e+03 1.00e+03 1.00e+03 1.00e+03 1.00e+03 1.00e+03 1.00e+03 1.00e+03 1.00e+03 1.00e+03 1.00e+03 1.00e+03 1.00e+03 1.00e+03 1.00e+03 1.00e+03 1.00e+03 1.00e+03 1.00e+03 1.00e+03 1.00e+03 1.00e+03 1.00e+03 1.00e+03 1.00e+03 1.00e+03 1.00e+03 1.00e+03 1.00e+03 1.00e+03 1.00e+03 1.00e+03 1.00e+03 1.00e+03 1.00e+03 1.00e+03 1.00e+03 1.00e+03 1.00e+03
28375.00 1.00e+03 1.00e+03 1.00e+03 1.00e+03 1.00e+03 1.00e+03 1.00e+03 1.00e+03 1.00e+03 1.00e+03 1.00e+03 1.00e+03 1.00e+03 1.00e+03 1.00e+03 1.00e+03 1.00e+03 1.00e+03 1.00e+03 1.00e+03 1.00e+03 1.00e+03 1.00e+03 1.00e+03 1.00e+03 1.00e+03 1.00e+03 1.00e+03 1.00e+03 1.00e+03 1.00e+03 1.00e+03 1.00e+03 1.00e+03 1.00e+03 1.00e+03 1.00e+03 1.00e+03 1.00e+03 1.00e+03 1.00e+03 1.00e+03 1.00e+03 1.00e+03 1.00e+03 1.00e+03 1.00e+03 1.00e+03 1.00e+03 1.00e+03
28625.00 1.00e+03 1.00e+03 1.00e+03 1.00e+03 1.00e+03 1.00e+03 1.00e+03 1.00e+03 1.00e+03 1.00e+03 1.00e+03 1.00e+03 1.00e+03 1.00e+03 1.00e+03 1.00e+03 1.00e+03 1.00e+03 1.00e+03 1.00e+03 1.00e+03 1.00e+03 1.00e+03 1.00e+03 1.00e+03 1.00e+03 1.00e+03 1.00e+03 1.00e+03 1.00e+03 1.00e+03 1.00e+03 1.00e+03 1.00e+03 1.00e+03 1.00e+03 1.00e+03 1.00e+03 1.00e+03 1.00e+03 1.00e+03 1.00e+03 1.00e+03 1.00e+03 1.00e+03 1.00e+03 1.00e+03 1.00e+03 1.00e+03 1.00e+03
28875.00 1.00e+03 1.00e+03 1.00e+03 1.00e+03 1.00e+03 1.00e+03 1.00e+03 1.00e+03 1.00e+03 1.00e+03 1.00e+03 1.00e+03 1.00e+03 1.00e+03 1.00e+03 1.00e+03 1.00e+03 1.00e+03 1.00e+03 1.00e+03 1.00e+03 1.00e+03 1.00e+03 1.00e+03 1.00e+03 1.00e+03 1.00e+03 1.00e+03 1.00e+03 1.00e+03 1.00e+03 1.00e+03 1.00e+03 1.00e+03 1.00e+03 1.00e+03 1.00e+03 1.00e+03 1.00e+03 1.00e+03 1.00e+03 1.00e+03 1.00e+03 1.00e+03 1.00e+03 1.00e+03 1.00e+03 1.00e+03 1.00e+03 1.00e+03
29125.00 1.00e+03 1.00e+03 1.00e+03 1.00e+03 1.00e+03 1.00e+03 1.00e+03 1.00e+03 1.00e+03 1.00e+03 1.00e+03 1.00e+03 1.00e+03 1.00e+03 1.00e+03 1.00e+03 1.00e+03 1.00e+03 1.00e+03 1.00e+03 1.00e+03 1.00e+03 1.00e+03 1.00e+03 1.00e+03 1.00e+03 1.00e+03 1.00e+03 1.00e+03 1.00e+03 1.00e+03 1.00e+03 1.00e+03 1.00e+03 1.00e+03 1.00e+03 1.00e+03 1.00e+03 1.00e+03 1.00e+03 1.00e+03 1.00e+03 1.00e+03 1.00e+03 1.00e+03 1.00e+03 1.00e+03 1.00e+03 1.00e+03 1.00e+03
29375.00 1.00e+03 1.00e+03 1.00e+03 1.00e+03 1.00e+03 1.00e+03 1.00e+03 1.00e+03 1.00e+03 1.00e+03 1.00e+03 1.00e+03 1.00e+03 1.00e+03 1.00e+03 1.00e+03 1.00e+03 1.00e+03 1.00e+03 1.00e+03 1.00e+03 1.00e+03 1.00e+03 1.00e+03 1.00e+03 1.00e+03 1.00e+03 1.00e+03 1.00e+03 1.00e+03 1.00e+03 1.00e+03 1.00e+03 1.00e+03 1.00e+03 1.00e+03 1.00e+03 1.00e+03 1.00e+03 1.00e+03 1.00e+03 1.00e+03 1.00e+03 1.00e+03 1.00e+03 1.00e+03 1.00e+03 1.00e+03 1.00e+03 1.00e+03
29625.00 1.03e+03 1.00e+03 1.00e+03 1.00e+03 1.00e+03 1.00e+03 1.00e+03 1.00e+03 1.00e+03 1.00e+03 1.00e+03 1.00e+03 1.00e+03 1.00e+03 1.00e+03 1.00e+03 1.00e+03 1.00e+03 1.00e+03 1.00e+03 1.00e+03 1.00e+03 1.00e+03 1.00e+03 1.00e+03 1.00e+03 1.00e+03 1.00e+03 1.00e+03 1.00e+03 1.00e+03 1.00e+03 1.00e+03 1.00e+03 1.00e+03 1.00e+03 1.00e+03 1.00e+03 1.00e+03 1.00e+03 1.00e+03 1.00e+03 1.00e+03 1.00e+03 1.00e+03 1.00e+03 1.00e+03 1.00e+03 1.00e+03 1.00e+03
29875.00 1.03e+03 1.03e+03 1.00e+03 1.00e+03 1.00e+03 1.00e+03 1.00e+03 1.00e+03 1.00e+03 1.00e+03 1.00e+03 1.00e+03 1.00e+03 1.00e+03 1.00e+03 1.00e+03 1.00e+03 1.00e+03 1.00e+03 1.00e+03 1.00e+03 1.00e+03 1.00e+03 1.00e+03 1.00e+03 1.00e+03 1.00e+03 1.00e+03 1.00e+03 1.00e+03 1.00e+03 1.00e+03 1.00e+03 1.00e+03 1.00e+03 1.00e+03 1.00e+03 1.00e+03 1.00e+03 1.00e+03 1.00e+03 1.00e+03 1.00e+03 1.00e+03 1.00e+03 1.00e+03 1.00e+03 1.00e+03 1.00e+03 1.00e+03
30125.00 1.00e+03 1.02e+03 1.01e+03 1.00e+03 1.00e+03 1.00e+03 1.00e+03 1.00e+03 1.00e+03 1.00e+03 1.00e+03 1.00e+03 1.00e+03 1.00e+03 1.00e+03 1.00e+03 1.00e+03 1.00e+03 1.00e+03 1.00e+03 1.00e+03 1.00e+03 1.00e+03 1.00e+03 1.00e+03 1.00e+03 1.00e+03 1.00e+03 1.00e+03 1.00e+03 1.00e+03 1.00e+03 1.00e+03 1.00e+03 1.00e+03 1.00e+03 1.00e+03 1.00e+03 1.00e+03 1.00e+03 1.00e+03 1.00e+03 1.00e+03 1.00e+03 1.00e+03 1.00e+03 1.00e+03 1.00e+03 1.00e+03 1.00e+03
30375.00 1.00e+03 1.05e+03 1.00e+03 1.00e+03 1.00e+03 1.00e+03 1.00e+03 1.00e+03 1.00e+03 1.00e+03 1.00e+03 1.00e+03 1.00e+03 1.00e+03 1.00e+03 1.00e+03 1.00e+03 1.00e+03 1.00e+03 1.00e+03 1.00e+03 1.00e+03 1.00e+03 1.00e+03 1.00e+03 1.00e+03 1.00e+03 1.00e+03 1.00e+03 1.00e+03 1.00e+03 1.00e+03 1.00e+03 1.00e+03 1.00e+03 1.00e+03 1.00e+03 1.00e+03 1.00e+03 1.00e+03 1.00e+03 1.00e+03 1.00e+03 1.00e+03 1.00e+03 1.00e+03 1.00e+03 1.00e+03 1.00e+03 1.00e+03
30625.00 1.06e+03 1.09e+03 1.00e+03 1.01e+03 1.00e+03 1.02e+03 1.03e+03 1.00e+03 1.00e+03 1.00e+03 1.00e+03 1.00e+03 1.00e+03 1.00e+03 1.00e+03 1.00e+03 1.00e+03 1.00e+03 1.00e+03 1.00e+03 1.00e+03 1.00e+03 1.00e+03 1.00e+03 1.00e+03 1.00e+03 1.00e+03 1.00e+03 1.00e+03 1.00e+03 1.00e+03 1.00e+03 1.00e+03 1.00e+03 1.00e+03 1.00e+03 1.00e+03 1.00e+03 1.00e+03 1.00e+03 1.00e+03 1.00e+03 1.00e+03 1.00e+03 1.00e+03 1.00e+03 1.00e+03 1.00e+03 1.00e+03 1.00e+03
30875.00 1.04e+03 1.18e+03 1.15e+03 1.00e+03 1.00e+03 1.05e+03 1.04e+03 1.00e+03 1.00e+03 1.00e+03 1.00e+03 1.00e+03 1.00e+03 1.00e+03 1.00e+03 1.00e+03 1.00e+03 1.00e+03 1.00e+03 1.00e+03 1.00e+03 1.00e+03 1.00e+03 1.00e+03 1.00e+03 1.00e+03 1.00e+03 1.00e+03 1.00e+03 1.00e+03 1.00e+03 1.00e+03 1.00e+03 1.00e+03 1.00e+03 1.00e+03 1.00e+03 1.00e+03 1.00e+03 1.00e+03 1.00e+03 1.00e+03 1.00e+03 1.00e+03 1.00e+03 1.00e+03 1.00e+03 1.00e+03 1.00e+03 1.00e+03
31125.00 1.13e+03 1.20e+03 1.14e+03 1.00e+03 1.00e+03 1.11e+03 1.00e+03 1.00e+03 1.00e+03 1.00e+03 1.00e+03 1.00e+03 1.00e+03 1.00e+03 1.00e+03 1.00e+03 1.00e+03 1.00e+03 1.00e+03 1.00e+03 1.00e+03 1.00e+03 1.00e+03 1.00e+03 1.00e+03 1.00e+03 1.00e+03 1.00e+03 1.00e+03 1.00e+03 1.00e+03 1.00e+03 1.00e+03 1.00e+03 1.00e+03 1.00e+03 1.00e+03 1.00e+03 1.00e+03 1.00e+03 1.00e+03 1.00e+03 1.00e+03 1.00e+03 1.00e+03 1.00e+03 1.00e+03 1.00e+03 1.00e+03 1.00e+03
31375.00 1.18e+03 1.00e+03 1.24e+03 1.02e+03 1.00e+03 1.05e+03 1.15e+03 1.00e+03 1.00e+03 1.00e+03 1.00e+03 1.00e+03 1.00e+03 1.00e+03 1.00e+03 1.00e+03 1.00e+03 1.00e+03 1.00e+03 1.00e+03 1.00e+03 1.00e+03 1.00e+03 1.00e+03 1.00e+03 1.00e+03 1.00e+03 1.00e+03 1.00e+03 1.00e+03 1.00e+03 1.00e+03 1.00e+03 1.00e+03 1.00e+03 1.00e+03 1.00e+03 1.00e+03 1.00e+03 1.00e+03 1.00e+03 1.00e+03 1.00e+03 1.00e+03 1.00e+03 1.00e+03 1.00e+03 1.00e+03 1.00e+03 1.00e+03
31625.00 1.01e+03 1.36e+03 1.02e+03 1.04e+03 1.07e+03 1.00e+03 1.14e+03 1.12e+03 1.00e+03 1.00e+03 1.00e+03 1.00e+03 1.00e+03 1.00e+03 1.00e+03 1.00e+03 1.00e+03 1.00e+03 1.00e+03 1.00e+03 1.00e+03 1.00e+03 1.00e+03 1.00e+03 1.00e+03 1.00e+03 1.00e+03 1.00e+03 1.00e+03 1.00e+03 1.00e+03 1.00e+03 1.00e+03 1.00e+03 1.00e+03 1.00e+03 1.00e+03 1.00e+03 1.00e+03 1.00e+03 1.00e+03 1.00e+03 1.00e+03 1.00e+03 1.00e+03 1.00e+03 1.00e+03 1.00e+03 1.00e+03 1.00e+03
31875.00 1.05e+03 2.14e+03 1.07e+03 1.13e+03 1.11e+03 1.02e+03 1.00e+03 1.19e+03 1.10e+03 1.07e+03 1.00e+03 1.00e+03 1.00e+03 1.00e+03 1.00e+03 1.00e+03 1.00e+03 1.00e+03 1.00e+03 1.00e+03 1.00e+03 1.00e+03 1.00e+03 1.00e+03 1.00e+03 1.00e+03 1.00e+03 1.00e+03 1.00e+03 1.00e+03 1.00e+03 1.00e+03 1.00e+03 1.00e+03 1.00e+03 1.00e+03 1.00e+03 1.00e+03 1.00e+03 1.00e+03 1.00e+03 1.00e+03 1.00e+03 1.00e+03 1.00e+03 1.00e+03 1.00e+03 1.00e+03 1.00e+03 1.00e+03
32125.00 1.11e+03 1.28e+03 1.10e+03 1.26e+03 1.27e+03 1.08e+03 1.02e+03 1.69e+03 1.15e+03 1.15e+03 1.00e+03 1.00e+03 1.00e+03 1.00e+03 1.03e+03 1.00e+03 1.00e+03 1.00e+03 1.00e+03 1.00e+03 1.00e+03 1.00e+03 1.00e+03 1.00e+03 1.00e+03 1.00e+03 1.00e+03 1.00e+03 1.00e+03 1.00e+03 1.00e+03 1.00e+03 1.00e+03 1.00e+03 1.00e+03 1.00e+03 1.00e+03 1.00e+03 1.00e+03 1.00e+03 1.00e+03 1.00e+03 1.00e+03 1.00e+03 1.00e+03 1.00e+03 1.00e+03 1.00e+03 1.00e+03 1.00e+03
32375.00 1.15e+03 1.42e+03 1.18e+03 1.16e+03 1.16e+03 1.16e+03 1.30e+03 1.09e+03 1.30e+03 1.20e+03 1.01e+03 1.02e+03 1.00e+03 1.00e+03 1.09e+03 1.00e+03 1.00e+03 1.00e+03 1.03e+03 1.01e+03 1.00e+03 1.00e+03 1.00e+03 1.00e+03 1.00e+03 1.00e+03 1.00e+03 1.00e+03 1.00e+03 1.00e+03 1.00e+03 1.00e+03 1.00e+03 1.00e+03 1.00e+03 1.00e+03 1.00e+03 1.00e+03 1.00e+03 1.00e+03 1.00e+03 1.00e+03 1.00e+03 1.00e+03 1.00e+03 1.00e+03 1.00e+03 1.00e+03 1.00e+03 1.00e+03
32625.00 1.21e+03 1.33e+03 1.45e+03 1.21e+03 1.09e+03 1.24e+03 1.27e+03 1.13e+03 1.33e+03 1.33e+03 1.28e+03 1.04e+03 1.19e+03 1.00e+03 1.17e+03 1.13e+03 1.14e+03 1.01e+03 1.04e+03 1.04e+03 1.00e+03 1.02e+03 1.00e+03 1.00e+03 1.00e+03 1.00e+03 1.00e+03 1.00e+03 1.00e+03 1.00e+03 1.00e+03 1.00e+03 1.00e+03 1.00e+03 1.00e+03 1.00e+03 1.00e+03 1.00e+03 1.00e+03 1.00e+03 1.00e+03 1.00e+03 1.00e+03 1.00e+03 1.00e+03 1.00e+03 1.00e+03 1.00e+03 1.00e+03 1.00e+03
32875.00 1.42e+03 2.19e+03 1.43e+03 1.34e+03 1.31e+03 1.37e+03 1.33e+03 1.22e+03 1.49e+03 1.17e+03 1.32e+03 1.12e+03 1.23e+03 1.13e+03 1.12e+03 1.21e+03 1.22e+03 1.10e+03 1.03e+03 1.11e+03 1.04e+03 1.02e+03 1.01e+03 1.03e+03 1.00e+03 1.00e+03 1.00e+03 1.00e+03 1.00e+03 1.00e+03 1.00e+03 1.00e+03 1.00e+03 1.00e+03 1.00e+03 1.00e+03 1.00e+03 1.00e+03 1.00e+03 1.00e+03 1.00e+03 1.00e+03 1.00e+03 1.00e+03 1.00e+03 1.00e+03 1.00e+03 1.00e+03 1.00e+03 1.00e+03
33125.00 1.45e+03 1.79e+03 1.72e+03 1.48e+03 1.64e+03 1.35e+03 1.49e+03 1.32e+03 1.94e+03 1.26e+03 1.41e+03 1.20e+03 1.37e+03 1.22e+03 1.26e+03 1.26e+03 1.31e+03 1.17e+03 1.12e+03 1.15e+03 1.08e+03 1.10e+03 1.07e+03 1.05e+03 1.00e+03 1.02e+03 1.00e+03 1.00e+03 1.00e+03 1.00e+03 1.00e+03 1.00e+03 1.00e+03 1.00e+03 1.00e+03 1.00e+03 1.00e+03 1.00e+03 1.00e+03 1.00e+03 1.00e+03 1.00e+03 1.00e+03 1.00e+03 1.00e+03 1.00e+03 1.00e+03 1.00e+03 1.00e+03 1.00e+03
33375.00 1.64e+03 1.80e+03 3.19e+03 1.67e+03 1.73e+03 1.49e+03 1.74e+03 1.48e+03 2.76e+03 1.39e+03 1.64e+03 1.31e+03 1.54e+03 1.34e+03 1.41e+03 1.41e+03 1.33e+03 1.24e+03 1.38e+03 1.25e+03 1.14e+03 1.13e+03 1.12e+03 1.08e+03 1.10e+03 1.10e+03 1.03e+03 1.03e+03 1.03e+03 1.00e+03 1.00e+03 1.00e+03 1.00e+03 1.00e+03 1.00e+03 1.00e+03 1.00e+03 1.00e+03 1.00e+03 1.00e+03 1.00e+03 1.00e+03 1.00e+03 1.00e+03 1.00e+03 1.00e+03 1.00e+03 1.00e+03 1.00e+03 1.00e+03
33625.00 1.89e+03 3.50e+03 1.99e+03 4.16e+03 2.08e+03 3.31e+03 1.66e+03 1.74e+03 3.21e+03 1.61e+03 3.17e+03 1.47e+03 1.58e+03 1.43e+03 1.55e+03 1.49e+03 1.40e+03 1.37e+03 1.41e+03 1.35e+03 1.26e+03 1.24e+03 1.15e+03 1.21e+03 1.13e+03 1.16e+03 1.04e+03 1.07e+03 1.04e+03 1.04e+03 1.00e+03 1.00e+03 1.00e+03 1.00e+03 1.00e+03 1.00e+03 1.00e+03 1.00e+03 1.00e+03 1.00e+03 1.00e+03 1.00e+03 1.00e+03 1.00e+03 1.00e+03 1.00e+03 1.00e+03 1.00e+03 1.00e+03 1.00e+03
33875.00 2.51e+03 2.07e+03 1.90e+03 2.36e+03 3.71e+03 1.86e+03 2.09e+03 3.90e+03 1.95e+03 3.58e+03 1.78e+03 1.95e+03 1.71e+03 1.81e+03 1.68e+03 1.60e+03 1.57e+03 1.54e+03 1.45e+03 1.43e+03 1.42e+03 1.33e+03 1.24e+03 1.28e+03 1.31e+03 1.22e+03 1.13e+03 1.11e+03 1.16e+03 1.07e+03 1.00e+03 1.00e+03 1.02e+03 1.00e+03 1.00e+03 1.00e+03 1.00e+03 1.00e+03 1.00e+03 1.00e+03 1.00e+03 1.00e+03 1.00e+03 1.00e+03 1.00e+03 1.00e+03 1.00e+03 1.00e+03 1.00e+03 1.00e+03
34125.00 4.58e+03 4.24e+03 4.37e+03 3.96e+03 3.62e+03 2.26e+03 2.69e+03 2.75e+03 2.20e+03 2.81e+03 1.97e+03 2.19e+03 2.13e+03 1.98e+03 1.80e+03 1.69e+03 1.81e+03 1.79e+03 1.68e+03 1.56e+03 1.66e+03 1.40e+03 1.43e+03 1.37e+03 1.45e+03 1.31e+03 1.30e+03 1.15e+03 1.18e+03 1.13e+03 1.03e+03 1.02e+03 1.02e+03 1.00e+03 1.00e+03 1.00e+03 1.00e+03 1.00e+03 1.00e+03 1.00e+03 1.00e+03 1.00e+03 1.00e+03 1.00e+03 1.00e+03 1.00e+03 1.00e+03 1.00e+03 1.00e+03 1.00e+03
34375.00 5.19e+03 4.95e+03 4.84e+03 4.32e+03 4.12e+03 3.65e+03 3.98e+03 3.62e+03 3.49e+03 3.14e+03 3.09e+03 2.75e+03 2.51e+03 2.30e+03 2.39e+03 1.78e+03 2.21e+03 1.93e+03 1.80e+03 1.77e+03 1.82e+03 1.53e+03 1.55e+03 1.49e+03 1.56e+03 1.37e+03 1.39e+03 1.23e+03 1.26e+03 1.21e+03 1.10e+03 1.11e+03 1.03e+03 1.04e+03 1.02e+03 1.00e+03 1.00e+03 1.00e+03 1.00e+03 1.00e+03 1.00e+03 1.00e+03 1.00e+03 1.00e+03 1.00e+03 1.00e+03 1.00e+03 1.00e+03 1.00e+03 1.00e+03
34625.00 5.79e+03 5.52e+03 5.29e+03 5.08e+03 4.77e+03 4.29e+03 4.12e+03 3.92e+03 3.73e+03 3.63e+03 3.49e+03 3.34e+03 2.93e+03 2.51e+03 2.78e+03 1.99e+03 2.39e+03 2.15e+03 1.92e+03 1.87e+03 2.01e+03 1.67e+03 1.69e+03 1.58e+03 1.65e+03 1.45e+03 1.51e+03 1.32e+03 1.35e+03 1.29e+03 1.24e+03 1.15e+03 1.09e+03 1.12e+03 1.08e+03 1.04e+03 1.00e+03 1.00e+03 1.00e+03 1.00e+03 1.00e+03 1.00e+03 1.00e+03 1.00e+03 1.00e+03 1.00e+03 1.00e+03 1.00e+03 1.00e+03 1.00e+03
34875.00 5.80e+03 5.75e+03 5.50e+03 5.27e+03 5.13e+03 5.05e+03 4.24e+03 4.53e+03 4.37e+03 4.07e+03 3.86e+03 3.60e+03 3.41e+03 2.80e+03 2.90e+03 2.26e+03 2.65e+03 2.30e+03 2.13e+03 2.13e+03 2.14e+03 1.86e+03 1.81e+03 1.70e+03 1.78e+03 1.59e+03 1.63e+03 1.47e+03 1.49e+03 1.39e+03 1.33e+03 1.25e+03 1.16e+03 1.21e+03 1.14e+03 1.10e+03 1.06e+03 1.00e+03 1.01e+03 1.00e+03 1.00e+03 1.00e+03 1.00e+03 1.00e+03 1.00e+03 1.00e+03 1.00e+03 1.00e+03 1.00e+03 1.00e+03
35125.00 6.34e+03 6.32e+03 6.07e+03 5.82e+03 5.48e+03 5.22e+03 4.79e+03 4.87e+03 4.50e+03 4.26e+03 4.26e+03 3.80e+03 3.81e+03 3.11e+03 3.35e+03 2.49e+03 3.02e+03 2.85e+03 2.41e+03 2.35e+03 2.39e+03 2.06e+03 1.85e+03 1.84e+03 1.94e+03 1.69e+03 1.74e+03 1.52e+03 1.62e+03 1.48e+03 1.42e+03 1.31e+03 1.23e+03 1.26e+03 1.21e+03 1.16e+03 1.11e+03 1.00e+03 1.03e+03 1.00e+03 1.00e+03 1.00e+03 1.00e+03 1.00e+03 1.00e+03 1.00e+03 1.00e+03 1.00e+03 1.00e+03 1.00e+03
35375.00 6.81e+03 6.77e+03 6.50e+03 6.24e+03 5.89e+03 5.70e+03 5.21e+03 5.26e+03 4.97e+03 4.65e+03 4.42e+03 4.17e+03 3.94e+03 3.53e+03 3.69e+03 2.82e+03 3.19e+03 3.17e+03 2.78e+03 2.55e+03 2.54e+03 2.28e+03 2.22e+03 1.97e+03 2.07e+03 1.82e+03 1.84e+03 1.63e+03 1.66e+03 1.66e+03 1.58e+03 1.41e+03 1.29e+03 1.31e+03 1.30e+03 1.22e+03 1.17e+03 1.04e+03 1.08e+03 1.00e+03 1.01e+03 1.00e+03 1.00e+03 1.00e+03 1.00e+03 1.00e+03 1.00e+03 1.00e+03 1.00e+03 1.00e+03
35625.00 7.31e+03 7.19e+03 6.85e+03 6.64e+03 6.25e+03 6.08e+03 5.57e+03 5.54e+03 5.30e+03 5.05e+03 4.81e+03 4.54e+03 4.25e+03 3.90e+03 3.80e+03 3.31e+03 3.29e+03 3.40e+03 3.05e+03 3.06e+03 2.87e+03 2.48e+03 2.46e+03 2.10e+03 2.20e+03 1.98e+03 1.98e+03 1.77e+03 1.78e+03 1.76e+03 1.67e+03 1.59e+03 1.40e+03 1.42e+03 1.35e+03 1.29e+03 1.23e+03 1.08e+03 1.13e+03 1.03e+03 1.03e+03 1.00e+03 1.00e+03 1.00e+03 1.00e+03 1.00e+03 1.00e+03 1.00e+03 1.00e+03 1.00e+03
35875.00 7.82e+03 7.54e+03 7.31e+03 6.97e+03 6.65e+03 6.43e+03 5.95e+03 5.87e+03 5.62e+03 5.37e+03 5.11e+03 4.83e+03 4.62e+03 4.39e+03 4.15e+03 3.64e+03 3.47e+03 3.58e+03 3.33e+03 3.22e+03 2.95e+03 2.64e+03 2.75e+03 2.28e+03 2.47e+03 2.17e+03 2.21e+03 1.87e+03 1.94e+03 1.83e+03 1.74e+03 1.65e+03 1.50e+03 1.49e+03 1.43e+03 1.36e+03 1.30e+03 1.14e+03 1.18e+03 1.10e+03 1.07e+03 1.00e+03 1.02e+03 1.00e+03 1.00e+03 1.00e+03 1.00e+03 1.00e+03 1.00e+03 1.00e+03
36125.00 8.21e+03 7.93e+03 7.67e+03 7.34e+03 7.01e+03 6.74e+03 6.33e+03 6.19e+03 5.88e+03 5.61e+03 5.40e+03 5.12e+03 4.89e+03 4.64e+03 4.40e+03 3.94e+03 3.73e+03 3.81e+03 3.55e+03 3.35e+03 3.21e+03 2.80e+03 2.88e+03 2.46e+03 2.57e+03 2.34e+03 2.30e+03 2.00e+03 2.06e+03 1.91e+03 1.85e+03 1.75e+03 1.58e+03 1.58e+03 1.50e+03 1.43e+03 1.36e+03 1.23e+03 1.23e+03 1.18e+03 1.08e+03 1.03e+03 1.03e+03 1.00e+03 1.00e+03 1.00e+03 1.00e+03 1.00e+03 1.00e+03 1.00e+03
36375.00 8.56e+03 8.27e+03 8.00e+03 7.67e+03 7.35e+03 7.06e+03 6.66e+03 6.45e+03 6.18e+03 5.90e+03 5.63e+03 5.35e+03 5.09e+03 4.89e+03 4.59e+03 4.25e+03 3.98e+03 3.96e+03 3.75e+03 3.57e+03 3.39e+03 3.07e+03 3.05e+03 2.86e+03 2.66e+03 2.46e+03 2.44e+03 2.13e+03 2.18e+03 2.05e+03 1.95e+03 1.84e+03 1.67e+03 1.66e+03 1.57e+03 1.50e+03 1.42e+03 1.25e+03 1.29e+03 1.23e+03 1.13e+03 1.06e+03 1.06e+03 1.00e+03 1.00e+03 1.00e+03 1.00e+03 1.00e+03 1.00e+03 1.00e+03
36625.00 8.87e+03 8.57e+03 8.29e+03 7.97e+03 7.64e+03 7.34e+03 6.96e+03 6.72e+03 6.44e+03 6.16e+03 5.92e+03 5.59e+03 5.33e+03 5.07e+03 4.82e+03 4.48e+03 4.21e+03 4.16e+03 3.95e+03 3.73e+03 3.55e+03 3.27e+03 3.16e+03 3.00e+03 2.84e+03 2.60e+03 2.56e+03 2.26e+03 2.29e+03 2.15e+03 2.03e+03 1.93e+03 1.76e+03 1.74e+03 1.64e+03 1.57e+03 1.48e+03 1.41e+03 1.27e+03 1.26e+03 1.16e+03 1.10e+03 1.09e+03 1.01e+03 1.03e+03 1.00e+03 1.00e+03 1.00e+03 1.00e+03 1.00e+03
36875.00 9.16e+03 8.85e+03 8.56e+03 8.24e+03 7.91e+03 7.60e+03 7.23e+03 6.98e+03 6.68e+03 6.39e+03 6.15e+03 5.82e+03 5.55e+03 5.29e+03 5.03e+03 4.70e+03 4.43e+03 4.36e+03 4.09e+03 3.88e+03 3.73e+03 3.52e+03 3.24e+03 3.14e+03 2.98e+03 2.82e+03 2.66e+03 2.39e+03 2.41e+03 2.25e+03 2.13e+03 2.02e+03 1.85e+03 1.82e+03 1.72e+03 1.63e+03 1.58e+03 1.47e+03 1.31e+03 1.34e+03 1.21e+03 1.15e+03 1.13e+03 1.05e+03 1.05e+03 1.02e+03 1.00e+03 1.00e+03 1.00e+03 1.00e+03
37125.00 9.89e+03 9.56e+03 9.28e+03 8.95e+03 8.63e+03 8.33e+03 7.92e+03 7.70e+03 7.40e+03 7.11e+03 6.82e+03 6.52e+03 6.25e+03 5.98e+03 5.72e+03 5.36e+03 5.06e+03 5.01e+03 4.75e+03 4.54e+03 4.32e+03 4.11e+03 3.90e+03 3.74e+03 3.53e+03 3.36e+03 3.22e+03 2.92e+03 2.85e+03 2.75e+03 2.61e+03 2.48e+03 2.28e+03 2.22e+03 2.11e+03 2.00e+03 1.90e+03 1.80e+03 1.61e+03 1.64e+03 1.44e+03 1.43e+03 1.41e+03 1.25e+03 1.27e+03 1.15e+03 1.11e+03 1.05e+03 1.00e+03 1.00e+03
37375.00 9.64e+03 9.33e+03 9.02e+03 8.70e+03 8.37e+03 8.05e+03 7.69e+03 7.42e+03 7.10e+03 6.80e+03 6.51e+03 6.25e+03 5.93e+03 5.66e+03 5.39e+03 5.07e+03 4.82e+03 4.65e+03 4.43e+03 4.20e+03 3.99e+03 3.78e+03 3.56e+03 3.41e+03 3.21e+03 3.03e+03 2.87e+03 2.74e+03 2.49e+03 2.44e+03 2.32e+03 2.19e+03 2.02e+03 1.96e+03 1.86e+03 1.76e+03 1.67e+03 1.58e+03 1.43e+03 1.46e+03 1.31e+03 1.31e+03 1.22e+03 1.18e+03 1.08e+03 1.05e+03 1.00e+03 1.00e+03 1.00e+03 1.00e+03
37625.00 9.84e+03 9.53e+03 9.22e+03 8.87e+03 8.56e+03 8.23e+03 7.88e+03 7.60e+03 7.28e+03 6.97e+03 6.67e+03 6.42e+03 6.09e+03 5.82e+03 5.55e+03 5.28e+03 4.94e+03 4.79e+03 4.57e+03 4.33e+03 4.11e+03 3.91e+03 3.69e+03 3.50e+03 3.33e+03 3.15e+03 2.98e+03 2.82e+03 2.59e+03 2.53e+03 2.38e+03 2.25e+03 2.10e+03 2.03e+03 1.93e+03 1.82e+03 1.73e+03 1.64e+03 1.51e+03 1.50e+03 1.36e+03 1.35e+03 1.24e+03 1.20e+03 1.11e+03 1.10e+03 1.02e+03 1.00e+03 1.00e+03 1.00e+03
37875.00 1.03e+04 1.00e+04 9.71e+03 9.41e+03 9.09e+03 8.76e+03 8.34e+03 8.08e+03 7.77e+03 7.46e+03 7.16e+03 6.90e+03 6.57e+03 6.29e+03 6.02e+03 5.76e+03 5.29e+03 5.23e+03 5.01e+03 4.79e+03 4.55e+03 4.35e+03 4.15e+03 3.93e+03 3.76e+03 3.57e+03 3.39e+03 3.22e+03 2.93e+03 2.91e+03 2.75e+03 2.61e+03 2.44e+03 2.36e+03 2.22e+03 2.11e+03 2.00e+03 1.89e+03 1.73e+03 1.74e+03 1.56e+03 1.57e+03 1.45e+03 1.37e+03 1.28e+03 1.23e+03 1.17e+03 1.11e+03 1.05e+03 1.00e+03
38125.00 1.02e+04 9.85e+03 9.53e+03 9.22e+03 8.89e+03 8.56e+03 8.21e+03 7.88e+03 7.57e+03 7.26e+03 6.95e+03 6.68e+03 6.36e+03 6.08e+03 5.81e+03 5.54e+03 5.19e+03 5.03e+03 4.79e+03 4.57e+03 4.34e+03 4.13e+03 3.91e+03 3.71e+03 3.54e+03 3.35e+03 3.17e+03 3.00e+03 2.79e+03 2.68e+03 2.55e+03 2.41e+03 2.25e+03 2.14e+03 2.04e+03 1.93e+03 1.82e+03 1.73e+03 1.62e+03 1.59e+03 1.46e+03 1.40e+03 1.32e+03 1.25e+03 1.19e+03 1.13e+03 1.07e+03 1.02e+03 1.00e+03 1.00e+03
38375.00 1.03e+04 9.99e+03 9.66e+03 9.34e+03 9.01e+03 8.67e+03 8.35e+03 8.01e+03 7.68e+03 7.40e+03 7.06e+03 6.76e+03 6.47e+03 6.19e+03 5.92e+03 5.65e+03 5.31e+03 5.13e+03 4.89e+03 4.66e+03 4.44e+03 4.22e+03 4.00e+03 3.80e+03 3.61e+03 3.43e+03 3.25e+03 3.08e+03 2.87e+03 2.75e+03 2.62e+03 2.48e+03 2.34e+03 2.20e+03 2.10e+03 1.99e+03 1.88e+03 1.78e+03 1.66e+03 1.60e+03 1.52e+03 1.44e+03 1.36e+03 1.29e+03 1.22e+03 1.16e+03 1.12e+03 1.04e+03 1.00e+03 1.00e+03
38625.00 1.06e+04 1.03e+04 1.00e+04 9.67e+03 9.34e+03 9.01e+03 8.68e+03 8.29e+03 8.00e+03 7.73e+03 7.42e+03 7.13e+03 6.84e+03 6.55e+03 6.28e+03 6.01e+03 5.56e+03 5.44e+03 5.20e+03 4.97e+03 4.74e+03 4.52e+03 4.32e+03 4.10e+03 3.91e+03 3.72e+03 3.54e+03 3.37e+03 3.11e+03 3.03e+03 2.89e+03 2.74e+03 2.60e+03 2.43e+03 2.33e+03 2.22e+03 2.10e+03 1.99e+03 1.85e+03 1.78e+03 1.71e+03 1.59e+03 1.52e+03 1.44e+03 1.35e+03 1.30e+03 1.23e+03 1.16e+03 1.10e+03 1.04e+03
38875.00 1.05e+04 1.02e+04 9.87e+03 9.54e+03 9.20e+03 8.86e+03 8.53e+03 8.22e+03 7.88e+03 7.57e+03 7.27e+03 6.97e+03 6.68e+03 6.39e+03 6.12e+03 5.85e+03 5.49e+03 5.30e+03 5.06e+03 4.82e+03 4.60e+03 4.38e+03 4.16e+03 3.95e+03 3.76e+03 3.57e+03 3.39e+03 3.22e+03 3.01e+03 2.89e+03 2.74e+03 2.60e+03 2.46e+03 2.32e+03 2.20e+03 2.09e+03 1.97e+03 1.87e+03 1.75e+03 1.67e+03 1.59e+03 1.51e+03 1.42e+03 1.35e+03 1.29e+03 1.22e+03 1.15e+03 1.09e+03 1.03e+03 1.00e+03
39125.00 1.06e+04 1.03e+04 9.94e+03 9.61e+03 9.27e+03 8.93e+03 8.60e+03 8.28e+03 7.95e+03 7.64e+03 7.33e+03 7.03e+03 6.74e+03 6.46e+03 6.18e+03 5.91e+03 5.58e+03 5.36e+03 5.12e+03 4.91e+03 4.66e+03 4.44e+03 4.23e+03 4.02e+03 3.82e+03 3.63e+03 3.45e+03 3.28e+03 3.07e+03 2.94e+03 2.80e+03 2.65e+03 2.51e+03 2.37e+03 2.25e+03 2.13e+03 2.02e+03 1.91e+03 1.78e+03 1.71e+03 1.62e+03 1.53e+03 1.45e+03 1.38e+03 1.31e+03 1.23e+03 1.17e+03 1.11e+03 1.05e+03 1.01e+03
39375.00 1.09e+04 1.05e+04 1.02e+04 9.82e+03 9.48e+03 9.14e+03 8.81e+03 8.49e+03 8.17e+03 7.85e+03 7.54e+03 7.24e+03 6.96e+03 6.67e+03 6.39e+03 6.12e+03 5.79e+03 5.55e+03 5.32e+03 5.12e+03 4.90e+03 4.68e+03 4.45e+03 4.26e+03 4.06e+03 3.83e+03 3.65e+03 3.47e+03 3.23e+03 3.13e+03 2.98e+03 2.83e+03 2.69e+03 2.53e+03 2.42e+03 2.30e+03 2.18e+03 2.07e+03 1.92e+03 1.85e+03 1.76e+03 1.64e+03 1.58e+03 1.50e+03 1.41e+03 1.34e+03 1.27e+03 1.20e+03 1.14e+03 1.10e+03
39625.00 1.08e+04 1.04e+04 1.01e+04 9.71e+03 9.38e+03 9.04e+03 8.70e+03 8.38e+03 8.06e+03 7.74e+03 7.44e+03 7.14e+03 6.84e+03 6.55e+03 6.27e+03 6.00e+03 5.72e+03 5.48e+03 5.24e+03 5.01e+03 4.78e+03 4.56e+03 4.33e+03 4.14e+03 3.94e+03 3.76e+03 3.57e+03 3.37e+03 3.17e+03 3.04e+03 2.89e+03 2.74e+03 2.59e+03 2.45e+03 2.33e+03 2.21e+03 2.09e+03 1.98e+03 1.88e+03 1.77e+03 1.67e+03 1.58e+03 1.50e+03 1.43e+03 1.36e+03 1.27e+03 1.21e+03 1.15e+03 1.09e+03 1.04e+03
39875.00 1.09e+04 1.06e+04 1.02e+04 9.86e+03 9.53e+03 9.19e+03 8.85e+03 8.53e+03 8.21e+03 7.89e+03 7.59e+03 7.29e+03 6.99e+03 6.70e+03 6.42e+03 6.15e+03 5.85e+03 5.61e+03 5.40e+03 5.17e+03 4.95e+03 4.72e+03 4.50e+03 4.29e+03 4.10e+03 3.91e+03 3.73e+03 3.55e+03 3.30e+03 3.18e+03 3.06e+03 2.91e+03 2.76e+03 2.58e+03 2.46e+03 2.37e+03 2.22e+03 2.13e+03 2.02e+03 1.87e+03 1.79e+03 1.68e+03 1.61e+03 1.54e+03 1.44e+03 1.36e+03 1.31e+03 1.24e+03 1.18e+03 1.11e+03
40125.00 1.08e+04 1.05e+04 1.01e+04 9.77e+03 9.43e+03 9.09e+03 8.75e+03 8.43e+03 8.10e+03 7.79e+03 7.49e+03 7.19e+03 6.89e+03 6.61e+03 6.33e+03 6.07e+03 5.78e+03 5.55e+03 5.30e+03 5.07e+03 4.86e+03 4.63e+03 4.41e+03 4.20e+03 4.01e+03 3.82e+03 3.64e+03 3.46e+03 3.25e+03 3.11e+03 2.97e+03 2.82e+03 2.68e+03 2.52e+03 2.39e+03 2.28e+03 2.17e+03 2.05e+03 1.94e+03 1.82e+03 1.73e+03 1.63e+03 1.55e+03 1.48e+03 1.40e+03 1.33e+03 1.24e+03 1.19e+03 1.13e+03 1.07e+03
40375.00 1.09e+04 1.06e+04 1.02e+04 9.86e+03 9.53e+03 9.19e+03 8.85e+03 8.53e+03 8.21e+03 7.89e+03 7.59e+03 7.29e+03 7.00e+03 6.72e+03 6.44e+03 6.18e+03 5.87e+03 5.64e+03 5.42e+03 5.19e+03 4.97e+03 4.74e+03 4.53e+03 4.32e+03 4.13e+03 3.93e+03 3.76e+03 3.58e+03 3.34e+03 3.22e+03 3.08e+03 2.93e+03 2.79e+03 2.62e+03 2.49e+03 2.39e+03 2.27e+03 2.15e+03 2.04e+03 1.90e+03 1.82e+03 1.71e+03 1.63e+03 1.56e+03 1.48e+03 1.39e+03 1.31e+03 1.26e+03 1.19e+03 1.13e+03
