#NTIMES: 4
#NVEL: 521
#TIMES[d]: 5.0 10.0 15.0 20.0
#vel_mid[km/s] Tgas_t0[K] Tgas_t1[K] ... Tgas_tn[K]
9.025000E+03 1.000000E-99 1.000000E-99 1.000000E-99 5.479777E+03
9.074904E+03 1.000000E-99 1.000000E-99 1.000000E-99 5.488009E+03
9.124808E+03 1.000000E-99 1.000000E-99 1.000000E-99 5.492217E+03
9.174712E+03 1.000000E-99 1.000000E-99 1.000000E-99 5.494765E+03
9.224615E+03 1.000000E-99 1.000000E-99 1.000000E-99 5.499911E+03
9.274519E+03 1.000000E-99 1.000000E-99 1.000000E-99 5.501625E+03
9.324423E+03 1.000000E-99 1.000000E-99 1.000000E-99 5.505223E+03
9.374327E+03 1.000000E-99 1.000000E-99 1.000000E-99 5.506859E+03
9.424231E+03 1.000000E-99 1.000000E-99 1.000000E-99 5.511506E+03
9.474135E+03 1.000000E-99 1.000000E-99 1.000000E-99 5.513665E+03
9.524038E+03 1.000000E-99 1.000000E-99 1.000000E-99 5.516337E+03
9.573942E+03 1.000000E-99 1.000000E-99 1.000000E-99 5.518059E+03
9.623846E+03 1.000000E-99 1.000000E-99 1.000000E-99 5.517631E+03
9.673750E+03 1.000000E-99 1.000000E-99 1.000000E-99 5.521376E+03
9.723654E+03 1.000000E-99 1.000000E-99 1.000000E-99 5.524362E+03
9.773558E+03 1.000000E-99 1.000000E-99 1.000000E-99 5.526162E+03
9.823462E+03 1.000000E-99 1.000000E-99 1.000000E-99 5.527864E+03
9.873365E+03 1.000000E-99 1.000000E-99 1.000000E-99 5.527626E+03
9.923269E+03 1.000000E-99 1.000000E-99 1.000000E-99 5.526272E+03
9.973173E+03 1.000000E-99 1.000000E-99 1.000000E-99 5.527606E+03
1.002308E+04 1.000000E-99 1.000000E-99 1.000000E-99 5.529118E+03
1.007298E+04 1.000000E-99 1.000000E-99 1.000000E-99 5.528528E+03
1.012288E+04 1.000000E-99 1.000000E-99 1.000000E-99 5.534263E+03
1.017279E+04 1.000000E-99 1.000000E-99 1.000000E-99 5.533886E+03
1.022269E+04 1.000000E-99 1.000000E-99 1.000000E-99 5.535672E+03
1.027260E+04 1.000000E-99 1.000000E-99 1.000000E-99 5.539205E+03
1.032250E+04 1.000000E-99 1.000000E-99 1.000000E-99 5.540495E+03
1.037240E+04 1.000000E-99 1.000000E-99 1.000000E-99 5.538321E+03
1.042231E+04 1.000000E-99 1.000000E-99 1.000000E-99 5.539945E+03
1.047221E+04 1.000000E-99 1.000000E-99 1.000000E-99 5.540236E+03
1.052212E+04 1.000000E-99 1.000000E-99 1.000000E-99 5.539921E+03
1.057202E+04 1.000000E-99 1.000000E-99 1.000000E-99 5.539802E+03
1.062192E+04 1.000000E-99 1.000000E-99 1.000000E-99 5.540809E+03
1.067183E+04 1.000000E-99 1.000000E-99 1.000000E-99 5.542559E+03
1.072173E+04 1.000000E-99 1.000000E-99 1.000000E-99 5.545364E+03
1.077163E+04 1.000000E-99 1.000000E-99 1.000000E-99 5.544014E+03
1.082154E+04 1.000000E-99 1.000000E-99 1.000000E-99 5.545319E+03
1.087144E+04 1.000000E-99 1.000000E-99 1.000000E-99 5.543930E+03
1.092135E+04 1.000000E-99 1.000000E-99 1.000000E-99 5.546094E+03
1.097125E+04 1.000000E-99 1.000000E-99 1.000000E-99 5.553063E+03
1.102115E+04 1.000000E-99 1.000000E-99 1.000000E-99 5.554946E+03
1.107106E+04 1.000000E-99 1.000000E-99 5.941051E+03 5.552928E+03
1.112096E+04 1.000000E-99 1.000000E-99 5.943556E+03 5.552987E+03
1.117087E+04 1.000000E-99 1.000000E-99 5.945696E+03 5.557482E+03
1.122077E+04 1.000000E-99 1.000000E-99 5.947964E+03 5.554433E+03
1.127067E+04 1.000000E-99 1.000000E-99 5.950037E+03 5.553857E+03
1.132058E+04 1.000000E-99 1.000000E-99 5.949531E+03 5.552429E+03
1.137048E+04 1.000000E-99 1.000000E-99 5.951385E+03 5.550112E+03
1.142038E+04 1.000000E-99 1.000000E-99 5.949841E+03 5.552986E+03
1.147029E+04 1.000000E-99 1.000000E-99 5.948728E+03 5.554589E+03
1.152019E+04 1.000000E-99 1.000000E-99 5.950343E+03 5.551812E+03
1.157010E+04 1.000000E-99 1.000000E-99 5.955090E+03 5.550609E+03
1.162000E+04 1.000000E-99 1.000000E-99 5.954813E+03 5.551105E+03
1.166990E+04 1.000000E-99 1.000000E-99 5.953880E+03 5.552739E+03
1.171981E+04 1.000000E-99 1.000000E-99 5.958091E+03 5.555054E+03
1.176971E+04 1.000000E-99 1.000000E-99 5.953364E+03 5.553644E+03
1.181962E+04 1.000000E-99 1.000000E-99 5.949922E+03 5.552817E+03
1.186952E+04 1.000000E-99 1.000000E-99 5.948971E+03 5.554531E+03
1.191942E+04 1.000000E-99 1.000000E-99 5.949362E+03 5.553465E+03
1.196933E+04 1.000000E-99 1.000000E-99 5.948073E+03 5.550759E+03
1.201923E+04 1.000000E-99 1.000000E-99 5.949534E+03 5.553527E+03
1.206913E+04 1.000000E-99 1.000000E-99 5.949698E+03 5.554621E+03
1.211904E+04 1.000000E-99 1.000000E-99 5.951550E+03 5.552469E+03
1.216894E+04 1.000000E-99 1.000000E-99 5.949503E+03 5.553762E+03
1.221885E+04 1.000000E-99 1.000000E-99 5.948705E+03 5.553768E+03
1.226875E+04 1.000000E-99 1.000000E-99 5.947805E+03 5.551347E+03
1.231865E+04 1.000000E-99 1.000000E-99 5.948625E+03 5.550653E+03
1.236856E+04 1.000000E-99 1.000000E-99 5.944109E+03 5.552615E+03
1.241846E+04 1.000000E-99 1.000000E-99 5.944896E+03 5.552029E+03
1.246837E+04 1.000000E-99 1.000000E-99 5.944389E+03 5.548165E+03
1.251827E+04 1.000000E-99 1.000000E-99 5.946853E+03 5.549587E+03
1.256817E+04 1.000000E-99 1.000000E-99 5.943826E+03 5.549168E+03
1.261808E+04 1.000000E-99 1.000000E-99 5.942228E+03 5.547135E+03
1.266798E+04 1.000000E-99 1.000000E-99 5.944365E+03 5.546031E+03
1.271788E+04 1.000000E-99 1.000000E-99 5.945066E+03 5.543494E+03
1.276779E+04 1.000000E-99 1.000000E-99 5.942675E+03 5.544328E+03
1.281769E+04 1.000000E-99 1.000000E-99 5.942120E+03 5.543569E+03
1.286760E+04 1.000000E-99 1.000000E-99 5.941326E+03 5.543092E+03
1.291750E+04 1.000000E-99 1.000000E-99 5.939581E+03 5.542424E+03
1.296740E+04 1.000000E-99 1.000000E-99 5.941791E+03 5.544780E+03
1.301731E+04 1.000000E-99 1.000000E-99 5.943269E+03 5.544417E+03
1.306721E+04 1.000000E-99 1.000000E-99 5.940596E+03 5.543034E+03
1.311712E+04 1.000000E-99 1.000000E-99 5.939428E+03 5.542918E+03
1.316702E+04 1.000000E-99 1.000000E-99 5.939792E+03 5.543333E+03
1.321692E+04 1.000000E-99 1.000000E-99 5.941085E+03 5.539527E+03
1.326683E+04 1.000000E-99 1.000000E-99 5.941088E+03 5.538033E+03
1.331673E+04 1.000000E-99 1.000000E-99 5.940691E+03 5.535733E+03
1.336663E+04 1.000000E-99 1.000000E-99 5.937170E+03 5.536563E+03
1.341654E+04 1.000000E-99 1.000000E-99 5.936473E+03 5.536796E+03
1.346644E+04 1.000000E-99 1.000000E-99 5.936766E+03 5.532402E+03
1.351635E+04 1.000000E-99 1.000000E-99 5.935230E+03 5.529571E+03
1.356625E+04 1.000000E-99 1.000000E-99 5.935792E+03 5.527661E+03
1.361615E+04 1.000000E-99 1.000000E-99 5.935968E+03 5.529970E+03
1.366606E+04 1.000000E-99 1.000000E-99 5.931859E+03 5.526076E+03
1.371596E+04 1.000000E-99 1.000000E-99 5.930994E+03 5.524725E+03
1.376587E+04 1.000000E-99 1.000000E-99 5.931851E+03 5.523933E+03
1.381577E+04 1.000000E-99 1.000000E-99 5.934007E+03 5.521634E+03
1.386567E+04 1.000000E-99 1.000000E-99 5.931782E+03 5.521834E+03
1.391558E+04 1.000000E-99 1.000000E-99 5.932422E+03 5.520887E+03
1.396548E+04 1.000000E-99 1.000000E-99 5.929164E+03 5.519177E+03
1.401538E+04 1.000000E-99 1.000000E-99 5.928058E+03 5.516590E+03
1.406529E+04 1.000000E-99 6.038280E+03 5.926745E+03 5.513257E+03
1.411519E+04 1.000000E-99 6.041356E+03 5.921255E+03 5.509835E+03
1.416510E+04 1.000000E-99 6.042945E+03 5.922005E+03 5.508449E+03
1.421500E+04 1.000000E-99 6.043658E+03 5.921829E+03 5.507745E+03
1.426490E+04 1.000000E-99 6.043793E+03 5.923289E+03 5.508421E+03
1.431481E+04 1.000000E-99 6.043309E+03 5.918877E+03 5.506616E+03
1.436471E+04 1.000000E-99 6.044188E+03 5.916014E+03 5.504296E+03
1.441462E+04 1.000000E-99 6.044398E+03 5.913674E+03 5.503029E+03
1.446452E+04 1.000000E-99 6.044055E+03 5.912195E+03 5.502439E+03
1.451442E+04 1.000000E-99 6.040416E+03 5.910720E+03 5.499158E+03
1.456433E+04 1.000000E-99 6.041219E+03 5.909450E+03 5.496943E+03
1.461423E+04 1.000000E-99 6.044168E+03 5.904570E+03 5.494929E+03
1.466413E+04 1.000000E-99 6.041544E+03 5.903674E+03 5.492979E+03
1.471404E+04 1.000000E-99 6.041838E+03 5.899805E+03 5.489779E+03
1.476394E+04 1.000000E-99 6.044911E+03 5.898198E+03 5.488159E+03
1.481385E+04 1.000000E-99 6.042418E+03 5.896017E+03 5.483981E+03
1.486375E+04 1.000000E-99 6.039738E+03 5.893402E+03 5.481404E+03
1.491365E+04 1.000000E-99 6.037333E+03 5.891667E+03 5.482924E+03
1.496356E+04 1.000000E-99 6.036167E+03 5.891169E+03 5.481196E+03
1.501346E+04 1.000000E-99 6.033406E+03 5.891863E+03 5.479094E+03
1.506337E+04 1.000000E-99 6.034413E+03 5.890681E+03 5.479769E+03
1.511327E+04 1.000000E-99 6.036479E+03 5.888882E+03 5.477952E+03
1.516317E+04 1.000000E-99 6.034894E+03 5.884719E+03 5.472785E+03
1.521308E+04 1.000000E-99 6.035299E+03 5.882776E+03 5.470775E+03
1.526298E+04 1.000000E-99 6.033964E+03 5.880744E+03 5.469288E+03
1.531288E+04 1.000000E-99 6.030614E+03 5.880422E+03 5.468314E+03
1.536279E+04 1.000000E-99 6.035863E+03 5.877329E+03 5.464227E+03
1.541269E+04 1.000000E-99 6.033922E+03 5.875912E+03 5.463289E+03
1.546260E+04 1.000000E-99 6.030551E+03 5.872329E+03 5.461672E+03
1.551250E+04 1.000000E-99 6.030801E+03 5.870078E+03 5.460447E+03
1.556240E+04 1.000000E-99 6.030233E+03 5.866946E+03 5.457638E+03
1.561231E+04 1.000000E-99 6.030784E+03 5.866501E+03 5.454683E+03
1.566221E+04 1.000000E-99 6.028943E+03 5.861554E+03 5.452585E+03
1.571212E+04 1.000000E-99 6.028201E+03 5.860562E+03 5.448283E+03
1.576202E+04 1.000000E-99 6.029229E+03 5.858319E+03 5.445840E+03
1.581192E+04 1.000000E-99 6.027138E+03 5.857474E+03 5.446378E+03
1.586183E+04 1.000000E-99 6.024008E+03 5.854204E+03 5.446069E+03
1.591173E+04 1.000000E-99 6.024122E+03 5.852342E+03 5.442869E+03
1.596163E+04 1.000000E-99 6.022648E+03 5.850904E+03 5.442693E+03
1.601154E+04 1.000000E-99 6.020130E+03 5.848143E+03 5.439016E+03
1.606144E+04 1.000000E-99 6.018950E+03 5.847919E+03 5.435148E+03
1.611135E+04 1.000000E-99 6.017560E+03 5.845338E+03 5.434471E+03
1.616125E+04 1.000000E-99 6.014991E+03 5.841841E+03 5.432358E+03
1.621115E+04 1.000000E-99 6.013566E+03 5.839881E+03 5.430915E+03
1.626106E+04 1.000000E-99 6.011044E+03 5.838044E+03 5.429368E+03
1.631096E+04 1.000000E-99 6.010340E+03 5.834557E+03 5.427595E+03
1.636087E+04 1.000000E-99 6.007228E+03 5.831552E+03 5.424841E+03
1.641077E+04 1.000000E-99 6.003063E+03 5.829879E+03 5.421736E+03
1.646067E+04 1.000000E-99 6.004049E+03 5.825677E+03 5.419983E+03
1.651058E+04 1.000000E-99 6.001648E+03 5.822094E+03 5.415302E+03
1.656048E+04 1.000000E-99 5.997557E+03 5.819494E+03 5.411968E+03
1.661038E+04 1.000000E-99 6.000413E+03 5.817445E+03 5.410290E+03
1.666029E+04 1.000000E-99 6.001672E+03 5.816249E+03 5.409851E+03
1.671019E+04 1.000000E-99 5.999790E+03 5.814358E+03 5.408448E+03
1.676010E+04 1.000000E-99 5.995311E+03 5.811649E+03 5.406501E+03
1.681000E+04 1.000000E-99 5.992101E+03 5.808212E+03 5.403691E+03
1.685990E+04 1.000000E-99 5.990909E+03 5.805237E+03 5.400195E+03
1.690981E+04 1.000000E-99 5.989169E+03 5.803440E+03 5.398131E+03
1.695971E+04 1.000000E-99 5.988276E+03 5.800752E+03 5.396915E+03
1.700962E+04 1.000000E-99 5.988000E+03 5.797520E+03 5.396373E+03
1.705952E+04 1.000000E-99 5.985723E+03 5.792993E+03 5.393955E+03
1.710942E+04 1.000000E-99 5.981174E+03 5.790718E+03 5.391354E+03
1.715933E+04 1.000000E-99 5.977798E+03 5.789393E+03 5.389992E+03
1.720923E+04 1.000000E-99 5.975435E+03 5.786396E+03 5.387635E+03
1.725913E+04 1.000000E-99 5.973958E+03 5.785026E+03 5.386244E+03
1.730904E+04 1.000000E-99 5.973144E+03 5.781523E+03 5.384870E+03
1.735894E+04 1.000000E-99 5.970879E+03 5.778547E+03 5.382620E+03
1.740885E+04 1.000000E-99 5.969734E+03 5.776099E+03 5.378707E+03
1.745875E+04 1.000000E-99 5.968473E+03 5.775958E+03 5.376259E+03
1.750865E+04 1.000000E-99 5.967219E+03 5.774088E+03 5.373627E+03
1.755856E+04 1.000000E-99 5.964184E+03 5.771940E+03 5.371264E+03
1.760846E+04 1.000000E-99 5.961262E+03 5.766454E+03 5.367861E+03
1.765837E+04 1.000000E-99 5.959055E+03 5.762179E+03 5.364447E+03
1.770827E+04 1.000000E-99 5.956594E+03 5.758960E+03 5.364053E+03
1.775817E+04 1.000000E-99 5.954165E+03 5.756154E+03 5.361914E+03
1.780808E+04 1.000000E-99 5.951851E+03 5.754049E+03 5.358296E+03
1.785798E+04 1.000000E-99 5.950578E+03 5.752384E+03 5.353552E+03
1.790788E+04 1.000000E-99 5.948974E+03 5.750450E+03 5.351815E+03
1.795779E+04 1.000000E-99 5.946727E+03 5.748947E+03 5.351385E+03
1.800769E+04 1.000000E-99 5.948397E+03 5.746255E+03 5.350576E+03
1.805760E+04 1.000000E-99 5.947344E+03 5.743411E+03 5.347551E+03
1.810750E+04 1.000000E-99 5.942338E+03 5.740393E+03 5.345401E+03
1.815740E+04 1.000000E-99 5.939271E+03 5.736042E+03 5.343751E+03
1.820731E+04 1.000000E-99 5.937290E+03 5.732872E+03 5.343542E+03
1.825721E+04 1.000000E-99 5.933125E+03 5.728985E+03 5.343237E+03
1.830712E+04 1.000000E-99 5.930494E+03 5.725520E+03 5.340340E+03
1.835702E+04 1.000000E-99 5.930272E+03 5.722596E+03 5.337997E+03
1.840692E+04 1.000000E-99 5.927509E+03 5.720713E+03 5.335144E+03
1.845683E+04 1.000000E-99 5.925599E+03 5.719445E+03 5.333287E+03
1.850673E+04 1.000000E-99 5.921317E+03 5.715829E+03 5.332400E+03
1.855663E+04 1.000000E-99 5.917242E+03 5.711566E+03 5.330203E+03
1.860654E+04 1.000000E-99 5.914022E+03 5.708155E+03 5.326560E+03
1.865644E+04 1.000000E-99 5.912293E+03 5.704447E+03 5.324521E+03
1.870635E+04 1.000000E-99 5.911315E+03 5.702999E+03 5.322887E+03
1.875625E+04 1.000000E-99 5.909645E+03 5.699907E+03 5.320193E+03
1.880615E+04 1.000000E-99 5.906703E+03 5.695614E+03 5.320961E+03
1.885606E+04 1.000000E-99 5.903045E+03 5.693110E+03 5.320607E+03
1.890596E+04 1.000000E-99 5.899958E+03 5.692500E+03 5.318591E+03
1.895587E+04 1.000000E-99 5.897335E+03 5.690838E+03 5.316917E+03
1.900577E+04 1.000000E-99 5.894406E+03 5.687177E+03 5.315401E+03
1.905567E+04 4.246962E+03 5.889183E+03 5.685256E+03 5.313043E+03
1.910558E+04 4.250645E+03 5.887075E+03 5.683199E+03 5.311087E+03
1.915548E+04 4.251407E+03 5.884724E+03 5.679254E+03 5.309735E+03
1.920538E+04 4.251354E+03 5.881855E+03 5.676721E+03 5.306903E+03
1.925529E+04 4.252844E+03 5.879648E+03 5.674096E+03 5.305620E+03
1.930519E+04 4.255182E+03 5.877473E+03 5.670744E+03 5.304211E+03
1.935510E+04 4.254302E+03 5.874455E+03 5.668013E+03 5.301361E+03
1.940500E+04 4.254372E+03 5.870380E+03 5.666445E+03 5.298856E+03
1.945490E+04 4.256474E+03 5.866975E+03 5.663571E+03 5.295182E+03
1.950481E+04 4.258789E+03 5.865035E+03 5.661325E+03 5.293837E+03
1.955471E+04 4.259673E+03 5.862182E+03 5.658039E+03 5.292539E+03
1.960462E+04 4.259307E+03 5.859839E+03 5.655759E+03 5.289275E+03
1.965452E+04 4.258966E+03 5.857669E+03 5.651647E+03 5.285446E+03
1.970442E+04 4.259448E+03 5.855652E+03 5.647629E+03 5.283667E+03
1.975433E+04 4.259947E+03 5.854356E+03 5.645722E+03 5.282010E+03
1.980423E+04 4.259467E+03 5.851399E+03 5.644362E+03 5.279608E+03
1.985413E+04 4.258478E+03 5.847506E+03 5.642548E+03 5.277225E+03
1.990404E+04 4.258869E+03 5.842707E+03 5.642544E+03 5.276982E+03
1.995394E+04 4.257684E+03 5.838119E+03 5.640663E+03 5.275384E+03
2.000385E+04 4.257824E+03 5.835915E+03 5.636884E+03 5.272678E+03
2.005375E+04 4.259306E+03 5.832584E+03 5.633297E+03 5.271106E+03
2.010365E+04 4.259301E+03 5.830653E+03 5.629881E+03 5.268828E+03
2.015356E+04 4.258885E+03 5.827524E+03 5.627656E+03 5.267662E+03
2.020346E+04 4.258244E+03 5.824577E+03 5.624569E+03 5.266938E+03
2.025337E+04 4.256543E+03 5.824028E+03 5.621982E+03 5.264493E+03
2.030327E+04 4.255350E+03 5.821360E+03 5.621199E+03 5.260928E+03
2.035317E+04 4.255463E+03 5.818266E+03 5.617760E+03 5.257042E+03
2.040308E+04 4.255913E+03 5.815976E+03 5.614717E+03 5.255171E+03
2.045298E+04 4.257270E+03 5.812527E+03 5.612791E+03 5.254463E+03
2.050288E+04 4.256939E+03 5.808347E+03 5.608779E+03 5.253490E+03
2.055279E+04 4.255310E+03 5.805806E+03 5.606567E+03 5.250992E+03
2.060269E+04 4.253636E+03 5.802281E+03 5.604801E+03 5.250478E+03
2.065260E+04 4.252688E+03 5.798366E+03 5.601758E+03 5.249460E+03
2.070250E+04 4.254361E+03 5.795964E+03 5.599317E+03 5.246324E+03
2.075240E+04 4.255431E+03 5.792814E+03 5.598361E+03 5.244617E+03
2.080231E+04 4.255659E+03 5.789061E+03 5.596745E+03 5.243935E+03
2.085221E+04 4.255305E+03 5.783993E+03 5.594408E+03 5.242153E+03
2.090212E+04 4.253382E+03 5.779320E+03 5.591981E+03 5.240636E+03
2.095202E+04 4.250588E+03 5.775811E+03 5.588717E+03 5.239310E+03
2.100192E+04 4.249806E+03 5.772508E+03 5.586217E+03 5.236587E+03
2.105183E+04 4.248865E+03 5.771425E+03 5.583896E+03 5.234276E+03
2.110173E+04 4.247068E+03 5.769348E+03 5.580974E+03 5.232299E+03
2.115163E+04 4.245993E+03 5.766343E+03 5.578580E+03 5.229595E+03
2.120154E+04 4.244357E+03 5.764884E+03 5.576134E+03 5.228213E+03
2.125144E+04 4.243666E+03 5.762141E+03 5.574062E+03 5.227249E+03
2.130135E+04 4.241455E+03 5.758609E+03 5.572084E+03 5.225191E+03
2.135125E+04 4.240082E+03 5.755725E+03 5.570215E+03 5.223438E+03
2.140115E+04 4.240317E+03 5.753418E+03 5.568956E+03 5.222668E+03
2.145106E+04 4.241176E+03 5.751048E+03 5.566081E+03 5.220356E+03
2.150096E+04 4.241449E+03 5.746616E+03 5.562790E+03 5.215671E+03
2.155087E+04 4.240089E+03 5.742249E+03 5.560665E+03 5.212490E+03
2.160077E+04 4.239116E+03 5.738958E+03 5.558391E+03 5.210624E+03
2.165067E+04 4.238829E+03 5.736018E+03 5.556343E+03 5.208948E+03
2.170058E+04 4.238150E+03 5.734612E+03 5.554553E+03 5.207484E+03
2.175048E+04 4.237537E+03 5.731753E+03 5.552602E+03 5.205562E+03
2.180038E+04 4.235497E+03 5.727868E+03 5.552034E+03 5.203329E+03
2.185029E+04 4.232558E+03 5.726931E+03 5.552104E+03 5.200686E+03
2.190019E+04 4.232436E+03 5.724825E+03 5.550846E+03 5.198000E+03
2.195010E+04 4.232457E+03 5.722270E+03 5.548901E+03 5.195878E+03
2.200000E+04 4.230437E+03 5.721941E+03 5.545581E+03 5.195326E+03
2.204990E+04 4.228942E+03 5.718692E+03 5.541297E+03 5.194674E+03
2.209981E+04 4.227444E+03 5.714222E+03 5.539155E+03 5.191789E+03
2.214971E+04 4.224728E+03 5.712164E+03 5.537889E+03 5.189414E+03
2.219962E+04 4.223805E+03 5.710269E+03 5.535022E+03 5.189752E+03
2.224952E+04 4.223057E+03 5.707910E+03 5.532168E+03 5.188143E+03
2.229942E+04 4.221447E+03 5.705661E+03 5.528646E+03 5.184677E+03
2.234933E+04 4.221434E+03 5.703977E+03 5.525978E+03 5.182631E+03
2.239923E+04 4.220397E+03 5.701238E+03 5.524892E+03 5.181284E+03
2.244913E+04 4.218669E+03 5.697202E+03 5.522688E+03 5.181289E+03
2.249904E+04 4.217619E+03 5.693531E+03 5.520256E+03 5.179777E+03
2.254894E+04 4.216709E+03 5.689957E+03 5.517856E+03 5.176426E+03
2.259885E+04 4.216335E+03 5.687164E+03 5.515888E+03 5.173883E+03
2.264875E+04 4.214815E+03 5.683989E+03 5.514684E+03 5.172055E+03
2.269865E+04 4.212856E+03 5.681789E+03 5.513032E+03 5.170519E+03
2.274856E+04 4.210325E+03 5.679309E+03 5.510851E+03 5.167989E+03
2.279846E+04 4.206913E+03 5.677504E+03 5.508879E+03 5.165749E+03
2.284837E+04 4.205624E+03 5.677708E+03 5.506414E+03 5.164464E+03
2.289827E+04 4.205891E+03 5.674953E+03 5.504352E+03 5.162999E+03
2.294817E+04 4.204244E+03 5.671881E+03 5.502124E+03 5.161229E+03
2.299808E+04 4.202767E+03 5.669319E+03 5.500533E+03 5.158917E+03
2.304798E+04 4.201293E+03 5.665939E+03 5.499956E+03 5.156301E+03
2.309788E+04 4.198885E+03 5.663203E+03 5.497816E+03 5.154566E+03
2.314779E+04 4.197564E+03 5.660617E+03 5.494957E+03 5.153364E+03
2.319769E+04 4.196669E+03 5.656560E+03 5.493418E+03 5.150243E+03
2.324760E+04 4.195754E+03 5.652584E+03 5.492725E+03 5.147645E+03
2.329750E+04 4.193910E+03 5.650116E+03 5.490741E+03 5.146302E+03
2.334740E+04 4.190926E+03 5.647813E+03 5.488790E+03 5.145199E+03
2.339731E+04 4.188181E+03 5.646264E+03 5.487183E+03 5.143743E+03
2.344721E+04 4.186387E+03 5.645841E+03 5.484694E+03 5.140992E+03
2.349712E+04 4.185468E+03 5.643737E+03 5.482287E+03 5.138835E+03
2.354702E+04 4.185176E+03 5.640903E+03 5.480662E+03 5.138438E+03
2.359692E+04 4.184657E+03 5.639170E+03 5.477793E+03 5.137815E+03
2.364683E+04 4.184579E+03 5.637020E+03 5.475289E+03 5.135903E+03
2.369673E+04 4.184760E+03 5.634074E+03 5.474304E+03 5.133459E+03
2.374663E+04 4.183110E+03 5.631661E+03 5.473138E+03 5.131938E+03
2.379654E+04 4.179935E+03 5.628708E+03 5.471883E+03 5.130926E+03
2.384644E+04 4.176882E+03 5.625859E+03 5.469983E+03 5.128895E+03
2.389635E+04 4.175184E+03 5.622682E+03 5.467929E+03 5.127015E+03
2.394625E+04 4.174637E+03 5.620340E+03 5.466137E+03 5.125080E+03
2.399615E+04 4.172756E+03 5.619916E+03 5.462676E+03 5.122310E+03
2.404606E+04 4.171585E+03 5.618108E+03 5.458894E+03 5.119885E+03
2.409596E+04 4.169958E+03 5.613848E+03 5.455774E+03 5.118330E+03
2.414587E+04 4.167923E+03 5.610599E+03 5.454848E+03 5.117184E+03
2.419577E+04 4.166753E+03 5.608643E+03 5.454226E+03 5.114672E+03
2.424567E+04 4.165723E+03 5.607233E+03 5.451983E+03 5.112664E+03
2.429558E+04 4.163310E+03 5.606372E+03 5.450741E+03 5.109997E+03
2.434548E+04 4.160075E+03 5.604708E+03 5.450323E+03 5.107750E+03
2.439538E+04 4.158160E+03 5.603674E+03 5.447891E+03 5.107508E+03
2.444529E+04 4.157416E+03 5.601165E+03 5.445086E+03 5.106186E+03
2.449519E+04 4.156607E+03 5.597611E+03 5.443556E+03 5.103909E+03
2.454510E+04 4.154842E+03 5.596096E+03 5.441338E+03 5.101648E+03
2.459500E+04 4.152779E+03 5.595770E+03 5.438290E+03 5.099297E+03
2.464490E+04 4.151831E+03 5.593571E+03 5.436639E+03 5.097505E+03
2.469481E+04 4.151334E+03 5.589253E+03 5.435460E+03 5.095433E+03
2.474471E+04 4.149195E+03 5.586179E+03 5.432767E+03 5.093988E+03
2.479462E+04 4.146344E+03 5.584991E+03 5.430868E+03 5.092297E+03
2.484452E+04 4.147179E+03 5.584198E+03 5.429620E+03 5.090855E+03
2.489442E+04 4.147555E+03 5.582093E+03 5.427534E+03 5.089104E+03
2.494433E+04 4.144203E+03 5.579519E+03 5.425338E+03 5.087347E+03
2.499423E+04 4.140572E+03 5.576757E+03 5.423301E+03 5.086427E+03
2.504413E+04 4.139286E+03 5.573252E+03 5.420853E+03 5.085811E+03
2.509404E+04 4.138039E+03 5.570988E+03 5.420531E+03 5.084666E+03
2.514394E+04 4.135401E+03 5.570689E+03 5.419793E+03 5.081112E+03
2.519385E+04 4.133487E+03 5.570425E+03 5.418159E+03 5.079380E+03
2.524375E+04 4.132323E+03 5.569034E+03 5.416920E+03 5.078661E+03
2.529365E+04 4.130977E+03 5.566024E+03 5.414925E+03 5.077224E+03
2.534356E+04 4.129685E+03 5.561866E+03 5.414091E+03 5.076072E+03
2.539346E+04 4.128672E+03 5.557532E+03 5.412141E+03 5.075617E+03
2.544337E+04 4.127919E+03 5.555473E+03 5.409673E+03 5.074184E+03
2.549327E+04 4.125210E+03 5.554449E+03 5.407121E+03 5.071902E+03
2.554317E+04 4.122885E+03 5.551838E+03 5.406051E+03 5.070374E+03
2.559308E+04 4.121738E+03 5.549100E+03 5.405005E+03 5.069050E+03
2.564298E+04 4.120420E+03 5.547299E+03 5.402493E+03 5.067822E+03
2.569288E+04 4.119193E+03 5.544735E+03 5.399034E+03 5.065569E+03
2.574279E+04 4.117823E+03 5.542560E+03 5.397656E+03 5.062615E+03
2.579269E+04 4.116148E+03 5.540115E+03 5.396064E+03 5.059761E+03
2.584260E+04 4.114155E+03 5.538943E+03 5.394310E+03 5.058117E+03
2.589250E+04 4.111682E+03 5.535423E+03 5.391890E+03 5.057019E+03
2.594240E+04 4.109821E+03 5.531678E+03 5.390147E+03 5.055025E+03
2.599231E+04 4.108718E+03 5.529917E+03 5.387963E+03 5.053636E+03
2.604221E+04 4.105618E+03 5.528819E+03 5.386077E+03 5.053365E+03
2.609212E+04 4.102933E+03 5.528281E+03 5.384385E+03 5.052216E+03
2.614202E+04 4.101127E+03 5.526533E+03 5.383431E+03 5.051127E+03
2.619192E+04 4.099931E+03 5.524747E+03 5.382945E+03 5.049804E+03
2.624183E+04 4.099456E+03 5.521316E+03 5.380782E+03 5.048664E+03
2.629173E+04 4.098390E+03 5.519133E+03 5.378567E+03 5.046950E+03
2.634163E+04 4.096970E+03 5.518123E+03 5.376309E+03 5.043752E+03
2.639154E+04 4.094045E+03 5.517879E+03 5.374739E+03 5.041589E+03
2.644144E+04 4.091886E+03 5.515408E+03 5.372408E+03 5.040157E+03
2.649135E+04 4.089786E+03 5.512013E+03 5.370203E+03 5.038878E+03
2.654125E+04 4.088267E+03 5.510343E+03 5.368322E+03 5.037352E+03
2.659115E+04 4.087965E+03 5.509229E+03 5.365903E+03 5.036196E+03
2.664106E+04 4.087143E+03 5.506332E+03 5.363924E+03 5.034853E+03
2.669096E+04 4.086829E+03 5.502986E+03 5.363396E+03 5.032466E+03
2.674087E+04 4.083955E+03 5.500341E+03 5.362939E+03 5.032343E+03
2.679077E+04 4.082276E+03 5.499161E+03 5.360830E+03 5.031324E+03
2.684067E+04 4.080595E+03 5.497599E+03 5.358862E+03 5.030218E+03
2.689058E+04 4.079064E+03 5.495245E+03 5.358098E+03 5.028649E+03
2.694048E+04 4.077646E+03 5.493406E+03 5.355235E+03 5.026109E+03
2.699038E+04 4.074210E+03 5.491167E+03 5.352677E+03 5.023904E+03
2.704029E+04 4.071575E+03 5.489589E+03 5.349953E+03 5.022917E+03
2.709019E+04 4.071682E+03 5.487650E+03 5.347810E+03 5.022541E+03
2.714010E+04 4.068832E+03 5.487077E+03 5.346746E+03 5.020585E+03
2.719000E+04 4.066897E+03 5.483799E+03 5.344529E+03 5.018328E+03
2.723990E+04 4.066242E+03 5.482050E+03 5.343147E+03 5.016788E+03
2.728981E+04 4.065838E+03 5.480132E+03 5.341757E+03 5.015270E+03
2.733971E+04 4.064646E+03 5.478741E+03 5.340997E+03 5.013440E+03
2.738962E+04 4.062300E+03 5.477162E+03 5.338819E+03 5.012089E+03
2.743952E+04 4.060011E+03 5.474321E+03 5.337399E+03 5.010055E+03
2.748942E+04 4.058105E+03 5.472842E+03 5.336126E+03 5.008916E+03
2.753933E+04 4.055660E+03 5.469644E+03 5.334996E+03 5.006966E+03
2.758923E+04 4.053460E+03 5.467548E+03 5.334457E+03 5.004730E+03
2.763913E+04 4.051685E+03 5.465892E+03 5.332520E+03 5.005265E+03
2.768904E+04 4.050673E+03 5.464056E+03 5.330439E+03 5.004453E+03
2.773894E+04 4.047833E+03 5.462572E+03 5.328497E+03 5.002280E+03
2.778885E+04 4.046909E+03 5.461011E+03 5.326653E+03 4.998782E+03
2.783875E+04 4.046633E+03 5.458609E+03 5.324939E+03 4.997419E+03
2.788865E+04 4.044021E+03 5.456970E+03 5.322884E+03 4.997073E+03
2.793856E+04 4.043964E+03 5.454840E+03 5.320946E+03 4.996620E+03
2.798846E+04 4.044157E+03 5.452384E+03 5.319641E+03 4.995115E+03
2.803837E+04 4.042805E+03 5.450092E+03 5.318193E+03 4.993326E+03
2.808827E+04 4.039430E+03 5.447884E+03 5.316769E+03 4.991332E+03
2.813817E+04 4.037370E+03 5.446855E+03 5.314641E+03 4.989219E+03
2.818808E+04 4.035992E+03 5.445803E+03 5.313193E+03 4.988388E+03
2.823798E+04 4.033686E+03 5.443102E+03 5.311977E+03 4.987286E+03
2.828788E+04 4.031212E+03 5.441867E+03 5.311096E+03 4.985998E+03
2.833779E+04 4.029696E+03 5.439572E+03 5.308955E+03 4.985327E+03
2.838769E+04 4.028288E+03 5.436389E+03 5.307629E+03 4.984642E+03
2.843760E+04 4.027137E+03 5.434047E+03 5.306914E+03 4.981213E+03
2.848750E+04 4.025801E+03 5.430872E+03 5.305780E+03 4.979350E+03
2.853740E+04 4.023799E+03 5.429105E+03 5.303654E+03 4.978601E+03
2.858731E+04 4.021845E+03 5.427468E+03 5.302833E+03 4.978001E+03
2.863721E+04 4.020683E+03 5.426658E+03 5.301045E+03 4.976536E+03
2.868712E+04 4.019513E+03 5.425739E+03 5.299334E+03 4.976221E+03
2.873702E+04 4.016372E+03 5.425177E+03 5.297359E+03 4.974812E+03
2.878692E+04 4.015913E+03 5.423707E+03 5.295066E+03 4.973312E+03
2.883683E+04 4.015599E+03 5.421885E+03 5.294758E+03 4.972323E+03
2.888673E+04 4.013708E+03 5.420089E+03 5.293026E+03 4.970793E+03
2.893663E+04 4.012484E+03 5.417619E+03 5.290957E+03 4.968943E+03
2.898654E+04 4.010313E+03 5.414455E+03 5.289417E+03 4.968898E+03
2.903644E+04 4.008702E+03 5.412891E+03 5.288581E+03 4.967499E+03
2.908635E+04 4.007833E+03 5.410661E+03 5.287966E+03 4.964918E+03
2.913625E+04 4.006195E+03 5.409948E+03 5.286908E+03 4.962574E+03
2.918615E+04 4.003888E+03 5.408313E+03 5.285258E+03 4.961617E+03
2.923606E+04 4.001189E+03 5.407707E+03 5.283745E+03 4.959897E+03
2.928596E+04 3.999702E+03 5.405955E+03 5.282213E+03 4.958468E+03
2.933587E+04 3.999229E+03 5.403719E+03 5.280590E+03 4.957714E+03
2.938577E+04 3.998226E+03 5.401237E+03 5.280684E+03 4.957032E+03
2.943567E+04 3.996226E+03 5.400177E+03 5.279052E+03 4.955274E+03
2.948558E+04 3.995538E+03 5.397974E+03 5.277722E+03 4.955246E+03
2.953548E+04 3.994067E+03 5.396806E+03 5.276164E+03 4.953016E+03
2.958538E+04 3.992748E+03 5.396744E+03 5.274575E+03 4.951142E+03
2.963529E+04 3.991623E+03 5.394328E+03 5.273855E+03 4.951183E+03
2.968519E+04 3.987965E+03 5.392780E+03 5.271910E+03 4.949836E+03
2.973510E+04 3.985921E+03 5.391290E+03 5.270426E+03 4.948894E+03
2.978500E+04 3.983487E+03 5.389281E+03 5.269451E+03 4.949000E+03
2.983490E+04 3.981478E+03 5.387698E+03 5.268006E+03 4.946728E+03
2.988481E+04 3.980435E+03 5.385206E+03 5.267471E+03 4.945820E+03
2.993471E+04 3.979952E+03 5.383153E+03 5.266476E+03 4.943686E+03
2.998462E+04 3.977712E+03 5.382432E+03 5.265603E+03 4.942013E+03
3.003452E+04 3.977868E+03 5.380707E+03 5.263503E+03 4.940632E+03
3.008442E+04 3.974862E+03 5.379653E+03 5.261605E+03 4.939317E+03
3.013433E+04 3.971943E+03 5.377542E+03 5.259371E+03 4.939008E+03
3.018423E+04 3.969168E+03 5.375200E+03 5.259071E+03 4.937387E+03
3.023413E+04 3.965885E+03 5.374013E+03 5.258373E+03 4.936260E+03
3.028404E+04 3.964545E+03 5.372136E+03 5.257635E+03 4.935354E+03
3.033394E+04 3.962540E+03 5.370487E+03 5.256141E+03 4.933677E+03
3.038385E+04 3.960771E+03 5.369391E+03 5.254681E+03 4.932575E+03
3.043375E+04 3.958412E+03 5.368655E+03 5.252517E+03 4.932320E+03
3.048365E+04 3.956621E+03 5.366449E+03 5.251399E+03 4.930352E+03
3.053356E+04 3.955103E+03 5.363752E+03 5.250966E+03 4.930858E+03
3.058346E+04 3.954099E+03 5.361847E+03 5.249003E+03 4.928904E+03
3.063337E+04 3.953453E+03 5.360914E+03 5.248291E+03 4.927427E+03
3.068327E+04 3.952859E+03 5.359685E+03 5.246707E+03 4.926183E+03
3.073317E+04 3.951822E+03 5.358967E+03 5.245588E+03 4.924043E+03
3.078308E+04 3.950139E+03 5.358154E+03 5.244511E+03 4.922958E+03
3.083298E+04 3.949068E+03 5.355779E+03 5.242540E+03 4.921760E+03
3.088288E+04 3.945100E+03 5.354077E+03 5.241266E+03 4.919635E+03
3.093279E+04 3.940694E+03 5.353728E+03 5.240421E+03 4.918925E+03
3.098269E+04 3.938359E+03 5.353831E+03 5.239286E+03 4.918301E+03
3.103260E+04 3.938541E+03 5.351710E+03 5.238974E+03 4.916928E+03
3.108250E+04 3.937375E+03 5.348960E+03 5.237296E+03 4.915660E+03
3.113240E+04 3.934952E+03 5.347013E+03 5.234967E+03 4.914655E+03
3.118231E+04 3.932118E+03 5.346502E+03 5.234119E+03 4.913268E+03
3.123221E+04 3.928798E+03 5.345213E+03 5.233257E+03 4.911527E+03
3.128212E+04 3.926420E+03 5.342950E+03 5.232231E+03 4.912173E+03
3.133202E+04 3.925198E+03 5.340278E+03 5.230124E+03 4.911180E+03
3.138192E+04 3.922817E+03 5.339323E+03 5.228557E+03 4.909463E+03
3.143183E+04 3.922928E+03 5.337216E+03 5.227388E+03 4.908231E+03
3.148173E+04 3.921274E+03 5.335844E+03 5.226078E+03 4.907562E+03
3.153163E+04 3.918912E+03 5.335377E+03 5.224803E+03 4.905856E+03
3.158154E+04 3.916410E+03 5.334309E+03 5.224307E+03 4.904757E+03
3.163144E+04 3.912667E+03 5.331440E+03 5.223908E+03 4.904404E+03
3.168135E+04 3.911204E+03 5.330164E+03 5.222995E+03 4.902664E+03
3.173125E+04 3.910035E+03 5.328035E+03 5.221527E+03 4.901707E+03
3.178115E+04 3.909145E+03 5.327447E+03 5.219677E+03 4.900109E+03
3.183106E+04 3.907269E+03 5.326165E+03 5.218023E+03 4.898605E+03
3.188096E+04 3.907024E+03 5.325148E+03 5.217306E+03 4.897823E+03
3.193087E+04 3.906251E+03 5.324129E+03 5.216416E+03 4.897145E+03
3.198077E+04 3.903484E+03 5.322471E+03 5.214863E+03 4.896674E+03
3.203067E+04 3.900690E+03 5.321534E+03 5.214800E+03 4.895155E+03
3.208058E+04 3.898940E+03 5.321408E+03 5.213498E+03 4.893469E+03
3.213048E+04 3.896758E+03 5.320626E+03 5.211742E+03 4.893224E+03
3.218038E+04 3.895347E+03 5.317880E+03 5.211343E+03 4.891898E+03
3.223029E+04 3.894007E+03 5.315118E+03 5.211105E+03 4.891005E+03
3.228019E+04 3.891363E+03 5.313852E+03 5.209071E+03 4.890782E+03
3.233010E+04 3.890701E+03 5.311779E+03 5.207359E+03 4.889436E+03
3.238000E+04 3.887701E+03 5.311868E+03 5.205885E+03 4.888013E+03
3.242990E+04 3.886510E+03 5.309669E+03 5.204848E+03 4.886348E+03
3.247981E+04 3.885429E+03 5.308103E+03 5.203630E+03 4.884691E+03
3.252971E+04 3.884175E+03 5.307559E+03 5.202416E+03 4.883972E+03
3.257962E+04 3.881447E+03 5.305228E+03 5.202301E+03 4.882507E+03
3.262952E+04 3.879436E+03 5.303052E+03 5.200298E+03 4.881233E+03
3.267942E+04 3.878237E+03 5.301891E+03 5.198444E+03 4.879861E+03
3.272933E+04 3.876759E+03 5.299613E+03 5.197368E+03 4.878619E+03
3.277923E+04 3.874080E+03 5.298207E+03 5.196784E+03 4.878460E+03
3.282913E+04 3.872414E+03 5.299111E+03 5.196438E+03 4.877351E+03
3.287904E+04 3.870271E+03 5.297799E+03 5.195542E+03 4.876438E+03
3.292894E+04 3.867830E+03 5.296728E+03 5.195009E+03 4.875554E+03
3.297885E+04 3.866157E+03 5.295287E+03 5.192914E+03 4.874127E+03
3.302875E+04 3.863604E+03 5.293061E+03 5.192021E+03 4.872789E+03
3.307865E+04 3.862992E+03 5.290933E+03 5.190759E+03 4.871472E+03
3.312856E+04 3.860809E+03 5.288685E+03 5.189652E+03 4.870328E+03
3.317846E+04 3.858189E+03 5.287649E+03 5.188005E+03 4.868989E+03
3.322837E+04 3.856653E+03 5.286880E+03 5.186594E+03 4.867755E+03
3.327827E+04 3.854612E+03 5.287628E+03 5.185018E+03 4.866446E+03
3.332817E+04 3.853142E+03 5.285661E+03 5.183763E+03 4.865796E+03
3.337808E+04 3.850272E+03 5.284695E+03 5.183006E+03 4.864922E+03
3.342798E+04 3.847551E+03 5.283305E+03 5.181629E+03 4.863393E+03
3.347788E+04 3.845866E+03 5.282966E+03 5.180216E+03 4.862206E+03
3.352779E+04 3.844641E+03 5.280657E+03 5.179526E+03 4.861582E+03
3.357769E+04 3.843384E+03 5.279512E+03 5.178113E+03 4.860930E+03
3.362760E+04 3.840993E+03 5.277642E+03 5.177354E+03 4.860539E+03
3.367750E+04 3.838548E+03 5.276247E+03 5.175989E+03 4.858160E+03
3.372740E+04 3.836496E+03 5.274917E+03 5.174651E+03 4.856902E+03
3.377731E+04 3.833962E+03 5.272672E+03 5.173666E+03 4.856348E+03
3.382721E+04 3.832481E+03 5.271696E+03 5.171945E+03 4.855610E+03
3.387712E+04 3.829631E+03 5.270633E+03 5.170827E+03 4.853911E+03
3.392702E+04 3.826921E+03 5.268899E+03 5.169405E+03 4.853130E+03
3.397692E+04 3.825484E+03 5.268423E+03 5.168281E+03 4.851356E+03
3.402683E+04 3.822473E+03 5.267196E+03 5.167680E+03 4.850603E+03
3.407673E+04 3.820264E+03 5.265009E+03 5.166625E+03 4.849578E+03
3.412663E+04 3.818785E+03 5.263629E+03 5.164766E+03 4.849209E+03
3.417654E+04 3.815238E+03 5.263207E+03 5.163684E+03 4.847459E+03
3.422644E+04 3.814537E+03 5.261200E+03 5.162955E+03 4.846039E+03
3.427635E+04 3.813104E+03 5.260735E+03 5.162299E+03 4.845071E+03
3.432625E+04 3.811066E+03 5.258578E+03 5.161204E+03 4.843445E+03
3.437615E+04 3.808873E+03 5.257129E+03 5.160191E+03 4.841459E+03
3.442606E+04 3.807299E+03 5.255982E+03 5.158130E+03 4.841026E+03
3.447596E+04 3.805307E+03 5.254507E+03 5.156826E+03 4.839233E+03
3.452587E+04 3.802175E+03 5.253347E+03 5.154792E+03 4.838904E+03
3.457577E+04 3.799555E+03 5.252633E+03 5.153888E+03 4.837366E+03
3.462567E+04 3.797486E+03 5.250570E+03 5.152798E+03 4.836145E+03
3.467558E+04 3.796002E+03 5.248866E+03 5.151435E+03 4.834712E+03
3.472548E+04 3.793175E+03 5.247308E+03 5.150202E+03 4.833660E+03
3.477538E+04 3.791342E+03 5.246168E+03 5.148705E+03 4.833099E+03
3.482529E+04 3.788692E+03 5.244466E+03 5.147150E+03 4.831353E+03
3.487519E+04 3.786630E+03 5.243292E+03 5.145642E+03 4.830080E+03
3.492510E+04 3.783442E+03 5.241550E+03 5.144208E+03 4.829130E+03
3.497500E+04 3.781467E+03 5.239938E+03 5.143131E+03 4.827666E+03
