#Magnitudes for spectra_toy01_stella calculated by wsynphot
#with vega calibration file: https://archive.stsci.edu/hlsps/reference-atlases/cdbs/calspec/alpha_lyr_stis_003.fits 
#and with scipy 1D interpolation kind='cubic'.
#U,B,V,R,I are Generic Bessell filters and J, H, K are 2MASS filters, taken from http://svo2.cab.inta-csic.es/theory/fps/index.php 
#The spectra file used was last modified at: 2022-03-19 15:02:01 UTC
#and had md5 hash: 6d8f37630e199710c55147e85f7e3a4f
#
#NTIMES: 642
#NBANDS: 8
#time[d] U B V R I J H K
6.785130e-04 -8.664794 -8.594961 -9.249854 -9.755676 -10.407237 -10.484996 -11.026190 -11.252303
2.166870e-03 -8.611595 -8.545758 -9.207602 -9.718020 -10.375984 -10.464182 -11.009386 -11.239455
3.968230e-03 -8.537215 -8.478377 -9.146365 -9.662876 -10.327231 -10.428371 -10.982580 -11.214452
6.171710e-03 -8.436344 -8.386100 -9.064770 -9.588752 -10.260990 -10.381752 -10.945776 -11.184102
8.961530e-03 -8.300478 -8.261460 -8.954922 -9.488339 -10.174763 -10.318447 -10.897173 -11.144104
1.205860e-02 -8.147947 -8.121132 -8.829398 -9.375738 -10.077306 -10.248530 -10.843575 -11.103405
1.301550e-02 -8.096270 -8.074443 -8.787557 -9.338142 -10.046074 -10.226031 -10.826776 -11.090562
1.492920e-02 -7.995726 -7.981647 -8.707699 -9.265894 -9.983609 -10.183624 -10.794980 -11.065562
1.506680e-02 -8.026390 -7.998355 -8.716287 -9.262331 -9.964807 -10.169260 -10.776392 -11.060216
1.773160e-02 -7.915004 -7.901380 -8.637693 -9.196094 -9.913610 -10.150147 -10.769596 -11.066680
1.970270e-02 -7.806671 -7.803559 -8.551204 -9.120813 -9.852422 -10.106844 -10.738516 -11.043831
2.230600e-02 -7.658169 -7.667291 -8.431999 -9.012228 -9.760030 -10.041933 -10.689938 -11.001332
2.516250e-02 -7.502178 -7.524753 -8.308293 -8.902596 -9.667658 -9.975336 -10.638864 -10.958832
2.874000e-02 -7.328351 -7.367351 -8.170437 -8.781102 -9.566601 -9.905447 -10.586015 -10.915990
2.985420e-02 -7.271702 -7.315807 -8.125964 -8.742085 -9.534188 -9.882950 -10.571014 -10.903144
3.208280e-02 -7.170741 -7.225669 -8.049310 -8.675599 -9.480580 -9.846363 -10.544233 -10.882806
3.319710e-02 -7.119101 -7.181046 -8.012310 -8.643129 -9.454380 -9.830569 -10.532453 -10.872807
3.542570e-02 -7.030825 -7.102258 -7.945851 -8.586173 -9.408289 -9.802280 -10.513174 -10.857808
3.649160e-02 -6.989020 -7.066893 -7.916358 -8.561158 -9.388288 -9.791490 -10.505672 -10.852808
3.702450e-02 -6.968852 -7.048854 -7.901831 -8.548792 -9.378402 -9.783991 -10.501396 -10.850301
3.809040e-02 -6.929721 -7.014864 -7.874221 -8.525229 -9.360902 -9.774914 -10.494620 -10.845306
3.868000e-02 -6.908258 -6.996827 -7.859732 -8.514241 -9.352210 -9.768204 -10.491395 -10.844965
3.985930e-02 -6.868962 -6.962847 -7.832744 -8.491285 -9.333520 -9.759916 -10.484619 -10.839959
4.034760e-02 -6.853794 -6.949760 -7.820902 -8.481815 -9.326020 -9.756630 -10.482845 -10.839959
4.132420e-02 -6.822337 -6.923291 -7.800793 -8.464850 -9.313645 -9.749132 -10.479617 -10.837463
4.181260e-02 -6.807171 -6.910261 -7.791276 -8.457815 -9.307332 -9.746630 -10.477844 -10.837123
4.278920e-02 -6.779338 -6.885518 -7.771794 -8.441904 -9.294960 -9.740848 -10.475345 -10.834620
4.316620e-02 -6.768046 -6.877436 -7.764294 -8.435405 -9.291145 -9.738346 -10.472844 -10.834620
4.392010e-02 -6.748761 -6.860776 -7.751652 -8.424428 -9.282459 -9.735846 -10.471071 -10.834620
4.542810e-02 -6.709643 -6.828016 -7.726998 -8.404061 -9.267592 -9.728348 -10.468571 -10.832122
4.690580e-02 -6.674314 -6.798444 -7.703362 -8.386128 -9.253911 -9.722564 -10.466070 -10.831782
4.838360e-02 -6.641251 -6.771219 -7.681423 -8.369591 -9.241411 -9.716782 -10.463569 -10.831782
4.980270e-02 -6.609639 -6.744791 -7.661952 -8.354167 -9.230231 -9.711784 -10.461068 -10.831782
5.151240e-02 -6.575367 -6.717005 -7.640616 -8.337827 -9.219053 -9.706783 -10.459297 -10.831442
5.299660e-02 -6.546258 -6.692350 -7.622840 -8.323333 -9.207876 -9.703501 -10.456797 -10.831442
5.432900e-02 -6.521994 -6.672641 -7.608340 -8.311451 -9.199201 -9.698504 -10.455026 -10.831442
5.566130e-02 -6.497891 -6.652879 -7.591548 -8.298541 -9.190527 -9.696003 -10.455025 -10.831442
5.743780e-02 -6.467732 -6.627672 -7.574414 -8.285085 -9.179355 -9.691943 -10.452524 -10.831442
5.906460e-02 -6.440976 -6.605476 -7.557455 -8.272110 -9.169354 -9.687726 -10.450756 -10.833602
6.044840e-02 -6.418098 -6.588224 -7.543131 -8.260715 -9.161853 -9.684445 -10.450024 -10.833602
6.250880e-02 -6.388846 -6.562403 -7.523711 -8.246241 -9.150682 -9.679446 -10.448256 -10.833602
6.483780e-02 -6.354756 -6.535851 -7.504049 -8.229926 -9.139513 -9.676170 -10.446487 -10.835767
6.656550e-02 -6.330664 -6.516169 -7.488955 -8.217962 -9.130844 -9.672893 -10.446486 -10.835767
6.883570e-02 -6.302648 -6.492862 -7.471966 -8.203594 -9.119677 -9.668670 -10.444718 -10.838264
7.083740e-02 -6.277337 -6.471816 -7.455053 -8.191636 -9.111012 -9.665394 -10.444717 -10.840428
7.283910e-02 -6.274991 -6.465361 -7.445831 -8.181727 -9.101011 -9.660394 -10.441485 -10.840428
7.521240e-02 -6.249682 -6.443246 -7.430568 -8.169698 -9.091012 -9.657121 -10.442218 -10.842596
7.770790e-02 -6.224018 -6.423516 -7.414438 -8.157834 -9.082349 -9.654619 -10.442216 -10.847255
8.074450e-02 -6.193518 -6.399672 -7.396846 -8.143950 -9.073686 -9.653845 -10.442951 -10.849762
8.396320e-02 -6.164443 -6.376200 -7.380387 -8.132015 -9.063685 -9.651346 -10.445448 -10.854762
8.704170e-02 -6.140219 -6.356541 -7.365949 -8.121158 -9.056364 -9.650573 -10.447948 -10.859423
9.179260e-02 -6.102083 -6.327174 -7.344704 -8.105718 -9.043865 -9.649802 -10.450448 -10.866923
9.718760e-02 -6.062538 -6.295919 -7.322605 -8.088428 -9.032706 -9.647305 -10.453682 -10.874088
1.029890e-01 -6.020513 -6.263300 -7.298706 -8.070573 -9.019048 -9.646535 -10.454418 -10.881259
1.097640e-01 -5.973356 -6.225403 -7.271615 -8.047724 -9.000394 -9.640764 -10.454416 -10.883756
1.170360e-01 -5.921215 -6.182802 -7.238430 -8.022300 -8.977894 -9.632498 -10.450154 -10.885924
1.236690e-01 -5.874238 -6.144086 -7.208850 -7.996959 -8.956740 -9.621731 -10.445153 -10.883090
1.304590e-01 -5.824778 -6.104002 -7.177476 -7.970964 -8.931740 -9.609230 -10.435151 -10.878091
1.381430e-01 -5.768951 -6.057801 -7.141071 -7.939120 -8.903087 -9.591733 -10.420890 -10.869926
1.472900e-01 -5.708148 -6.006613 -7.100423 -7.905627 -8.870588 -9.573464 -10.403390 -10.857426
1.526270e-01 -5.675115 -5.979507 -7.078478 -7.886207 -8.853087 -9.560965 -10.393387 -10.849593
1.586400e-01 -5.639594 -5.949974 -7.056418 -7.867135 -8.833088 -9.550201 -10.381628 -10.839597
1.615960e-01 -5.626285 -5.942097 -7.045229 -7.862410 -8.835786 -9.541394 -10.375151 -10.826764
1.700090e-01 -5.580627 -5.904549 -7.016388 -7.838925 -8.813286 -9.528136 -10.360148 -10.814269
1.776350e-01 -5.543895 -5.876946 -6.995172 -7.822010 -8.798287 -9.518136 -10.350150 -10.804268
1.857790e-01 -5.507045 -5.847432 -6.973122 -7.803605 -8.782139 -9.507381 -10.339412 -10.793940
1.943340e-01 -5.465410 -5.813278 -6.948577 -7.782545 -8.760787 -9.491624 -10.321912 -10.776434
2.032870e-01 -5.416080 -5.773197 -6.915597 -7.754965 -8.731936 -9.466625 -10.294411 -10.751436
2.118590e-01 -5.362918 -5.729573 -6.881019 -7.722464 -8.699436 -9.439120 -10.263675 -10.723608
2.209880e-01 -5.311123 -5.685011 -6.842367 -7.688906 -8.665588 -9.409875 -10.233676 -10.693280
2.416800e-01 -5.187448 -5.581800 -6.759739 -7.615427 -8.593088 -9.349120 -10.168677 -10.633281
2.525850e-01 -5.124374 -5.529397 -6.717566 -7.577535 -8.558088 -9.319120 -10.141173 -10.607953
2.652640e-01 -5.046070 -5.463714 -6.664529 -7.532148 -8.515586 -9.285863 -10.106175 -10.579801
2.652670e-01 -5.046070 -5.463714 -6.664529 -7.532148 -8.515586 -9.285863 -10.106175 -10.579801
2.656070e-01 -5.043570 -5.461217 -6.662074 -7.531175 -8.515586 -9.284118 -10.106175 -10.577627
2.753780e-01 -4.981864 -5.409661 -6.620807 -7.495282 -8.481935 -9.258365 -10.081175 -10.557300
2.777190e-01 -4.966865 -5.398679 -6.610894 -7.489012 -8.480785 -9.251861 -10.072940 -10.544801
2.857650e-01 -4.915175 -5.357068 -6.577237 -7.459607 -8.453285 -9.231109 -10.052941 -10.526976
2.924930e-01 -4.872307 -5.320961 -6.548632 -7.436220 -8.432137 -9.213610 -10.036175 -10.514476
3.059470e-01 -4.789220 -5.252721 -6.494591 -7.388946 -8.389637 -9.181111 -10.006912 -10.493828
3.209260e-01 -4.695914 -5.175074 -6.431703 -7.336740 -8.343490 -9.145364 -9.976910 -10.470681
3.209280e-01 -4.695914 -5.175074 -6.431703 -7.336740 -8.343490 -9.145364 -9.976910 -10.470681
3.474450e-01 -4.513487 -5.024382 -6.312136 -7.232655 -8.247346 -9.071374 -9.913383 -10.422537
3.639710e-01 -4.399016 -4.927774 -6.232509 -7.164545 -8.186202 -9.025626 -9.874122 -10.392217
3.812440e-01 -4.273330 -4.821621 -6.146716 -7.088423 -8.116417 -8.974886 -9.833106 -10.361578
3.975680e-01 -4.132711 -4.704291 -6.049548 -7.005009 -8.042776 -8.920905 -9.788849 -10.328440
3.975990e-01 -4.132711 -4.704291 -6.049548 -7.004480 -8.041639 -8.920164 -9.788849 -10.328440
4.197320e-01 -3.944339 -4.542287 -5.915331 -6.887748 -7.936870 -8.847952 -9.731085 -10.285305
4.320520e-01 -3.825436 -4.443194 -5.832432 -6.816988 -7.877099 -8.803982 -9.696085 -10.257175
4.413710e-01 -3.733811 -4.365023 -5.768713 -6.760935 -7.827340 -8.770755 -9.669333 -10.237174
4.413720e-01 -3.733811 -4.365023 -5.768713 -6.760935 -7.827340 -8.770755 -9.669333 -10.237174
4.620700e-01 -3.518179 -4.181741 -5.615582 -6.629745 -7.713957 -8.696062 -9.610826 -10.193732
4.738150e-01 -3.390495 -4.073335 -5.525880 -6.552511 -7.646712 -8.652836 -9.576581 -10.168106
4.815800e-01 -3.308971 -4.003222 -5.469711 -6.504016 -7.604469 -8.626384 -9.554835 -10.150606
4.932290e-01 -3.182574 -3.896973 -5.381790 -6.428509 -7.541118 -8.584939 -9.523086 -10.125294
5.048770e-01 -3.056124 -3.789692 -5.294710 -6.355354 -7.477505 -8.544220 -9.488841 -10.099983
5.166320e-01 -2.926041 -3.680892 -5.205286 -6.279921 -7.414175 -8.502777 -9.454597 -10.074362
5.292560e-01 -2.790764 -3.567925 -5.113319 -6.202977 -7.348350 -8.459564 -9.417855 -10.046552
5.439710e-01 -2.625882 -3.430191 -5.003642 -6.109814 -7.268647 -8.405633 -9.373612 -10.010936
5.570510e-01 -2.480812 -3.310938 -4.907534 -6.029504 -7.200345 -8.357419 -9.331872 -9.978129
5.758300e-01 -2.276176 -3.142376 -4.772082 -5.915689 -7.102058 -8.288489 -9.272632 -9.929710
6.035720e-01 -1.976825 -2.897026 -4.576630 -5.749987 -6.956284 -8.179571 -9.176657 -9.853796
6.248060e-01 -1.761741 -2.719187 -4.429499 -5.618647 -6.837273 -8.094236 -9.095890 -9.780691
6.561850e-01 -1.454304 -2.460943 -4.216949 -5.419394 -6.637273 -7.941027 -8.949151 -9.663888
6.839510e-01 -1.174975 -2.217262 -4.016401 -5.220518 -6.424439 -7.775314 -8.780117 -9.532109
7.073480e-01 -0.952635 -2.013448 -3.844755 -5.047753 -6.232695 -7.627103 -8.627073 -9.417268
7.202490e-01 -0.836538 -1.900204 -3.749342 -4.952084 -6.125965 -7.546395 -8.543055 -9.353613
7.356580e-01 -0.720683 -1.773817 -3.640510 -4.842605 -6.007058 -7.453892 -8.449045 -9.284681
7.574900e-01 -0.566761 -1.587308 -3.479137 -4.678741 -5.829557 -7.321384 -8.312536 -9.184917
8.066680e-01 -0.430272 -1.194839 -3.109057 -4.300297 -5.427696 -7.026770 -8.018043 -8.963549
8.304490e-01 -0.490924 -1.032321 -2.925451 -4.110610 -5.233694 -6.883571 -7.877298 -8.859157
8.565610e-01 -0.605452 -0.869073 -2.705217 -3.876289 -4.994782 -6.717174 -7.715068 -8.737294
8.829820e-01 -0.821602 -0.792768 -2.499719 -3.660795 -4.779888 -6.560782 -7.565352 -8.620715
8.934590e-01 -0.957978 -0.852374 -2.373563 -3.446832 -4.612124 -6.473985 -7.477724 -8.511136
9.064430e-01 -0.994823 -0.829272 -2.243991 -3.243776 -4.368598 -6.365650 -7.372716 -8.432869
9.292440e-01 -1.177222 -0.856481 -2.035295 -3.015963 -4.168374 -6.192627 -7.200870 -8.292102
9.556240e-01 -1.438736 -0.972020 -1.808456 -2.773556 -3.948375 -5.991452 -7.003349 -8.135591
1.000890e+00 -1.936429 -1.339133 -1.522705 -2.419770 -3.632589 -5.705123 -6.741922 -7.948902
1.069770e+00 -2.681694 -2.083744 -1.499924 -2.049708 -3.240045 -5.379333 -6.481566 -7.760561
1.104600e+00 -3.048194 -2.483743 -1.703116 -1.989669 -3.050884 -5.219870 -6.363407 -7.674391
1.107830e+00 -3.080226 -2.518912 -1.725358 -1.987119 -3.033381 -5.204872 -6.351636 -7.666659
1.127540e+00 -3.282629 -2.739889 -1.889141 -2.010238 -2.931744 -5.111068 -6.281327 -7.616195
1.127720e+00 -3.226497 -2.723741 -1.983071 -2.115813 -2.938599 -5.081342 -6.249559 -7.581659
1.145300e+00 -3.399908 -2.926544 -2.184772 -2.214494 -2.859632 -5.007525 -6.200741 -7.550965
1.173530e+00 -3.681608 -3.241431 -2.514386 -2.399737 -2.742943 -4.877400 -6.101953 -7.477774
1.198050e+00 -3.923868 -3.505314 -2.802922 -2.609953 -2.672462 -4.758593 -6.007442 -7.409361
1.216430e+00 -4.105163 -3.699498 -3.015537 -2.787949 -2.647577 -4.674790 -5.936445 -7.358681
1.236380e+00 -4.297974 -3.905618 -3.246361 -2.995823 -2.649953 -4.589142 -5.863708 -7.310281
1.259470e+00 -4.525425 -4.150512 -3.513988 -3.251177 -2.699104 -4.505341 -5.790221 -7.259387
1.302090e+00 -4.969412 -4.630392 -4.037325 -3.770039 -2.931739 -4.412182 -5.682503 -7.190123
1.309710e+00 -5.045485 -4.709845 -4.122492 -3.855796 -2.980846 -4.399680 -5.662504 -7.179687
1.322800e+00 -5.178280 -4.850919 -4.272815 -4.006950 -3.077209 -4.387170 -5.634242 -7.161537
1.333400e+00 -5.284021 -4.962893 -4.392685 -4.127864 -3.161602 -4.382810 -5.614244 -7.148605
1.354290e+00 -5.493918 -5.182180 -4.628225 -4.367906 -3.348546 -4.398441 -5.585226 -7.132749
1.361760e+00 -5.565010 -5.257918 -4.708906 -4.452544 -3.418492 -4.409734 -5.576970 -7.127534
1.368470e+00 -5.629584 -5.323622 -4.781106 -4.524804 -3.480984 -4.422881 -5.570458 -7.124608
1.377210e+00 -5.711341 -5.410268 -4.873507 -4.620061 -3.564756 -4.445370 -5.564706 -7.124185
1.389870e+00 -5.827010 -5.528839 -5.003907 -4.755503 -3.692332 -4.487319 -5.564202 -7.126053
1.399010e+00 -5.906588 -5.611168 -5.094611 -4.850970 -3.782411 -4.525464 -5.569462 -7.130636
1.409470e+00 -5.975112 -5.692133 -5.176077 -4.965524 -4.012410 -4.589405 -5.588480 -7.136270
1.415960e+00 -6.028167 -5.746625 -5.238501 -5.031174 -4.078684 -4.625032 -5.596989 -7.145861
1.433130e+00 -6.160810 -5.882548 -5.396875 -5.200868 -4.257458 -4.733203 -5.636803 -7.177750
1.464510e+00 -6.362941 -6.094533 -5.662635 -5.494426 -4.599868 -4.993337 -5.775177 -7.284846
1.469680e+00 -6.393514 -6.126875 -5.701688 -5.540221 -4.649867 -5.033982 -5.798745 -7.304643
1.480380e+00 -6.454085 -6.189654 -5.782155 -5.630139 -4.754830 -5.122778 -5.854473 -7.347144
1.484510e+00 -6.476179 -6.212899 -5.812418 -5.664128 -4.794830 -5.155929 -5.876265 -7.364441
1.492220e+00 -6.516756 -6.255309 -5.867652 -5.725868 -4.868564 -5.220924 -5.918448 -7.397143
1.495230e+00 -6.532471 -6.271569 -5.887925 -5.749766 -4.897302 -5.246578 -5.935248 -7.411942
1.501130e+00 -6.560952 -6.301486 -5.930137 -5.795825 -4.953537 -5.295388 -5.971347 -7.439442
1.505980e+00 -6.584170 -6.327244 -5.962916 -5.832455 -4.998540 -5.337885 -5.999951 -7.462143
1.512550e+00 -6.614751 -6.359297 -6.005690 -5.882309 -5.059776 -5.393541 -6.041063 -7.494643
1.517760e+00 -6.636854 -6.384190 -6.039523 -5.923154 -5.107254 -5.439197 -6.076483 -7.522346
1.524090e+00 -6.663559 -6.412495 -6.079803 -5.969943 -5.165996 -5.492356 -6.118296 -7.557346
1.528570e+00 -6.682045 -6.432399 -6.107597 -6.001493 -5.204743 -5.532355 -6.149419 -7.582345
1.533140e+00 -6.701252 -6.452814 -6.135646 -6.034964 -5.245988 -5.570516 -6.181232 -7.607547
1.538080e+00 -6.719874 -6.473609 -6.165690 -6.069738 -5.289736 -5.613676 -6.217361 -7.635251
1.542000e+00 -6.733159 -6.494512 -6.190629 -6.093065 -5.319737 -5.663839 -6.260550 -7.680454
1.549860e+00 -6.762387 -6.526963 -6.236501 -6.148084 -5.388491 -5.732007 -6.319183 -7.730453
1.568950e+00 -6.823117 -6.599706 -6.346641 -6.280985 -5.558545 -5.904015 -6.473281 -7.856271
1.571810e+00 -6.832736 -6.610133 -6.363656 -6.299944 -5.582310 -5.929014 -6.495783 -7.873771
1.574600e+00 -6.842356 -6.620542 -6.378965 -6.318315 -5.606074 -5.954014 -6.515784 -7.891476
1.577070e+00 -6.849855 -6.629704 -6.391781 -6.334173 -5.626075 -5.974687 -6.535106 -7.908977
1.580390e+00 -6.859475 -6.641759 -6.409591 -6.355177 -5.654840 -6.002188 -6.561930 -7.929182
1.593420e+00 -6.897138 -6.689224 -6.481179 -6.441423 -5.764881 -6.115363 -6.666258 -8.019595
1.596750e+00 -6.906761 -6.701289 -6.499004 -6.462443 -5.793652 -6.143540 -6.693084 -8.042094
1.606290e+00 -6.933673 -6.735449 -6.548068 -6.523352 -5.872474 -6.226714 -6.771740 -8.107510
1.626120e+00 -6.988308 -6.807517 -6.654550 -6.648004 -6.035091 -6.398070 -6.940403 -8.251057
1.632110e+00 -7.004094 -6.828791 -6.685239 -6.684954 -6.083875 -6.448751 -6.990402 -8.293767
1.638490e+00 -7.022383 -6.852571 -6.718436 -6.724272 -6.132659 -6.501934 -7.042900 -8.341475
1.639270e+00 -7.027999 -6.853799 -6.725910 -6.730260 -6.135158 -6.514667 -7.054735 -8.359393
1.641000e+00 -7.033174 -6.861711 -6.736501 -6.743803 -6.155159 -6.532165 -7.070403 -8.374398
1.647730e+00 -7.055120 -6.890919 -6.776667 -6.791426 -6.232659 -6.600352 -7.136566 -8.432110
1.651800e+00 -7.066279 -6.905528 -6.797605 -6.817343 -6.262658 -6.633541 -7.171570 -8.462323
1.655760e+00 -7.078603 -6.922245 -6.819654 -6.841397 -6.291443 -6.667854 -7.204069 -8.490031
1.661070e+00 -7.094400 -6.943535 -6.847515 -6.872485 -6.330230 -6.711731 -7.250900 -8.530252
1.667270e+00 -7.113868 -6.968570 -6.880973 -6.911547 -6.374019 -6.764231 -7.303402 -8.578176
1.675020e+00 -7.139515 -7.002795 -6.924412 -6.959388 -6.429101 -6.829234 -7.370900 -8.638393
1.682640e+00 -7.165538 -7.036606 -6.965385 -7.005959 -6.480394 -6.894233 -7.435905 -8.696319
1.688200e+00 -7.183856 -7.060448 -6.997431 -7.039276 -6.517985 -6.939925 -7.484070 -8.739035
1.695830e+00 -7.210858 -7.094700 -7.040301 -7.085206 -6.567984 -7.002425 -7.549068 -8.796970
1.703470e+00 -7.238097 -7.131441 -7.083974 -7.132119 -6.618080 -7.062427 -7.614066 -8.852404
1.708940e+00 -7.257974 -7.157378 -7.116023 -7.165399 -6.653080 -7.105620 -7.657236 -8.892623
1.716340e+00 -7.286198 -7.193705 -7.157214 -7.210418 -6.699379 -7.160618 -7.717234 -8.945565
1.722380e+00 -7.312394 -7.224654 -7.194225 -7.246513 -6.734380 -7.207699 -7.764731 -8.998723
1.734450e+00 -7.361749 -7.286042 -7.264350 -7.318429 -6.809484 -7.293394 -7.854728 -9.079389
1.739340e+00 -7.381662 -7.311545 -7.292219 -7.348426 -6.839484 -7.325895 -7.889730 -9.109832
1.744400e+00 -7.403734 -7.336978 -7.319733 -7.376706 -6.869484 -7.359091 -7.925394 -9.142558
1.749860e+00 -7.426159 -7.365396 -7.350319 -7.408601 -6.903289 -7.394092 -7.963563 -9.175504
1.754490e+00 -7.445746 -7.389196 -7.375692 -7.436102 -6.930788 -7.424093 -7.996065 -9.205731
1.763990e+00 -7.487785 -7.438456 -7.430237 -7.491121 -6.987094 -7.484792 -8.061063 -9.263908
1.769690e+00 -7.512735 -7.468079 -7.461066 -7.523774 -7.022094 -7.520493 -8.099233 -9.296862
1.784370e+00 -7.577622 -7.542754 -7.542046 -7.608793 -7.108402 -7.610494 -8.199902 -9.385275
1.792930e+00 -7.614757 -7.584932 -7.588728 -7.654612 -7.158521 -7.661196 -8.258074 -9.435736
1.796960e+00 -7.633158 -7.604932 -7.609333 -7.677111 -7.181021 -7.685495 -8.283748 -9.458464
1.805650e+00 -7.670642 -7.647112 -7.656607 -7.724765 -7.231021 -7.736198 -8.341247 -9.506658
1.813470e+00 -7.704050 -7.683856 -7.696396 -7.765565 -7.274833 -7.781200 -8.390099 -9.551890
1.820420e+00 -7.733708 -7.716794 -7.731396 -7.800741 -7.313643 -7.819404 -8.435098 -9.589859
1.823030e+00 -7.745875 -7.729347 -7.747800 -7.813716 -7.326145 -7.836515 -8.454418 -9.615326
1.827670e+00 -7.764624 -7.751064 -7.770904 -7.838734 -7.352459 -7.864015 -8.482595 -9.640798
1.830670e+00 -7.777124 -7.764006 -7.785314 -7.852033 -7.368776 -7.879016 -8.502595 -9.656032
1.837060e+00 -7.803043 -7.791947 -7.815918 -7.884689 -7.403776 -7.915812 -8.541450 -9.691269
1.840260e+00 -7.815543 -7.806198 -7.832603 -7.900468 -7.421275 -7.931519 -8.561449 -9.709007
1.844330e+00 -7.832708 -7.824138 -7.852604 -7.920489 -7.442592 -7.954018 -8.586448 -9.729242
1.859200e+00 -7.891133 -7.886779 -7.922394 -7.991604 -7.521409 -8.036520 -8.677807 -9.807699
1.868390e+00 -7.927057 -7.925171 -7.964908 -8.035064 -7.570229 -8.084023 -8.733488 -9.855677
1.879270e+00 -7.968314 -7.969868 -8.014698 -8.085889 -7.625373 -8.141525 -8.796671 -9.911402
1.885790e+00 -7.992984 -7.996624 -8.044489 -8.116695 -7.659202 -8.176527 -8.834856 -9.944386
1.892290e+00 -8.016743 -8.022073 -8.072595 -8.146855 -7.691703 -8.209028 -8.873040 -9.977131
1.898680e+00 -8.040158 -8.046779 -8.102372 -8.177034 -7.725528 -8.243323 -8.910539 -10.009875
1.906390e+00 -8.068589 -8.078960 -8.137387 -8.212843 -7.764354 -8.281530 -8.953725 -10.047865
1.913040e+00 -8.096677 -8.105206 -8.167151 -8.242215 -7.794352 -8.317940 -8.993723 -10.086101
1.918860e+00 -8.116677 -8.127419 -8.194430 -8.269735 -7.823180 -8.347946 -9.026223 -10.113849
1.924130e+00 -8.136352 -8.149151 -8.216944 -8.293023 -7.848182 -8.375443 -9.054411 -10.139095
1.930180e+00 -8.157613 -8.173843 -8.244444 -8.320705 -7.879514 -8.405445 -9.089410 -10.169343
1.934040e+00 -8.172611 -8.188865 -8.261723 -8.338204 -7.897012 -8.422947 -9.109410 -10.187092
1.940790e+00 -8.198550 -8.216824 -8.292330 -8.370726 -7.930846 -8.457948 -9.145789 -10.217590
1.946870e+00 -8.220139 -8.241491 -8.318159 -8.398387 -7.960846 -8.487948 -9.178289 -10.245341
1.953820e+00 -8.246079 -8.269473 -8.350435 -8.430906 -7.994678 -8.521159 -9.215788 -10.278091
1.957890e+00 -8.261081 -8.286214 -8.367950 -8.449199 -8.014680 -8.541164 -9.238288 -10.295842
1.961290e+00 -8.273581 -8.298742 -8.382734 -8.464218 -8.031012 -8.557950 -9.255788 -10.311094
1.966420e+00 -8.293255 -8.320479 -8.405232 -8.486882 -8.056010 -8.582949 -9.281480 -10.333846
1.971380e+00 -8.312024 -8.340938 -8.427728 -8.509378 -8.078512 -8.606164 -9.308978 -10.356599
1.977480e+00 -8.335470 -8.365964 -8.455028 -8.537671 -8.108513 -8.635457 -9.339671 -10.384352
1.981560e+00 -8.352971 -8.382185 -8.473123 -8.556881 -8.126012 -8.656871 -9.361478 -10.407105
1.986950e+00 -8.372970 -8.403926 -8.495621 -8.579542 -8.151013 -8.681871 -9.387171 -10.429860
1.988200e+00 -8.377971 -8.408926 -8.500634 -8.585192 -8.157348 -8.686875 -9.394669 -10.434861
1.991880e+00 -8.391742 -8.423952 -8.517901 -8.602061 -8.174849 -8.704376 -9.412170 -10.450114
1.998920e+00 -8.418922 -8.451912 -8.547918 -8.632856 -8.207348 -8.736875 -9.447863 -10.480626
2.003400e+00 -8.436103 -8.469441 -8.567700 -8.652873 -8.228684 -8.757588 -9.470363 -10.500625
2.008760e+00 -8.457373 -8.491938 -8.590214 -8.676169 -8.253685 -8.782587 -9.496057 -10.523382
2.013490e+00 -8.474873 -8.511182 -8.610212 -8.696328 -8.276185 -8.805087 -9.518562 -10.541396
2.015950e+00 -8.483966 -8.521182 -8.620823 -8.708832 -8.288685 -8.815086 -9.531056 -10.551397
2.018890e+00 -8.496147 -8.532400 -8.633325 -8.721349 -8.302525 -8.829375 -9.546058 -10.563896
2.027610e+00 -8.527743 -8.566671 -8.670605 -8.759013 -8.342525 -8.867586 -9.588554 -10.601655
2.032110e+00 -8.546201 -8.586672 -8.690608 -8.778873 -8.361364 -8.890803 -9.609255 -10.622172
2.034630e+00 -8.555296 -8.596671 -8.700620 -8.789644 -8.372524 -8.900804 -9.621752 -10.632172
2.036840e+00 -8.564018 -8.605914 -8.710619 -8.799665 -8.383863 -8.910801 -9.631750 -10.642172
2.038990e+00 -8.572796 -8.614169 -8.718720 -8.809038 -8.393864 -8.920804 -9.641751 -10.649931
2.043170e+00 -8.587796 -8.630942 -8.737900 -8.827164 -8.411364 -8.939018 -9.661756 -10.667692
2.049900e+00 -8.614392 -8.658877 -8.766231 -8.857191 -8.442706 -8.969016 -9.694252 -10.695191
2.056380e+00 -8.640673 -8.686403 -8.795997 -8.886556 -8.472706 -8.999018 -9.724950 -10.720713
2.061410e+00 -8.660674 -8.708151 -8.818503 -8.909058 -8.495205 -9.021519 -9.747450 -10.740978
2.069800e+00 -8.694773 -8.744430 -8.854130 -8.947211 -8.534050 -9.059018 -9.787450 -10.773738
2.075010e+00 -8.714773 -8.766644 -8.878515 -8.969709 -8.556550 -9.081517 -9.810648 -10.793997
2.076760e+00 -8.722342 -8.774459 -8.886383 -8.978285 -8.564048 -9.089732 -9.819951 -10.804259
2.080710e+00 -8.738944 -8.791959 -8.903881 -8.995787 -8.581548 -9.107947 -9.838145 -10.819530
2.086070e+00 -8.760548 -8.816205 -8.928882 -9.020648 -8.605395 -9.132235 -9.863150 -10.842029
2.091070e+00 -8.780547 -8.836672 -8.951383 -9.043168 -8.629240 -9.154733 -9.885648 -10.859790
2.097580e+00 -8.807154 -8.865921 -8.981381 -9.073167 -8.659240 -9.182950 -9.915650 -10.887293
2.104640e+00 -8.837154 -8.895920 -9.011383 -9.103189 -8.690588 -9.212950 -9.948150 -10.912824
2.111140e+00 -8.863442 -8.923886 -9.041382 -9.133167 -8.719240 -9.241169 -9.976346 -10.938086
2.114340e+00 -8.876264 -8.937670 -9.054499 -9.148169 -8.734241 -9.255453 -9.991346 -10.950858
2.117590e+00 -8.890944 -8.951386 -9.068884 -9.160689 -8.748088 -9.270451 -10.005646 -10.963353
2.120150e+00 -8.900945 -8.962697 -9.081166 -9.173188 -8.760588 -9.280452 -10.016349 -10.973350
2.123600e+00 -8.915050 -8.976412 -9.096167 -9.188189 -8.775588 -9.295454 -10.031349 -10.986123
2.123850e+00 -8.916026 -8.979731 -9.096753 -9.189129 -8.774436 -9.296887 -10.033844 -10.988890
2.126900e+00 -8.927638 -8.992697 -9.111137 -9.201792 -8.789436 -9.311170 -10.048145 -11.001386
2.134090e+00 -8.955134 -9.020663 -9.141151 -9.232443 -8.820786 -9.341889 -10.078848 -11.029159
2.142610e+00 -8.988930 -9.055664 -9.176753 -9.269314 -8.858286 -9.379387 -10.116347 -11.059694
2.146990e+00 -9.005135 -9.072443 -9.195936 -9.287465 -8.877138 -9.396890 -10.136347 -11.077196
2.150920e+00 -9.021114 -9.088631 -9.211151 -9.302628 -8.894638 -9.414387 -10.153845 -11.092196
2.158520e+00 -9.048931 -9.117910 -9.243435 -9.335149 -8.928490 -9.445109 -10.186344 -11.119965
2.165760e+00 -9.076112 -9.145436 -9.272622 -9.363606 -8.960991 -9.477610 -10.217046 -11.145504
2.171110e+00 -9.096113 -9.165877 -9.293450 -9.386103 -8.983490 -9.500109 -10.239548 -11.165509
2.175640e+00 -9.113297 -9.183378 -9.310964 -9.404277 -9.003701 -9.518330 -10.259550 -11.180777
2.179730e+00 -9.127003 -9.197659 -9.328235 -9.421149 -9.021201 -9.535831 -10.277047 -11.196052
2.190130e+00 -9.163297 -9.235628 -9.368250 -9.462108 -9.066201 -9.578331 -10.320248 -11.233823
2.200190e+00 -9.198297 -9.271099 -9.405763 -9.500589 -9.110059 -9.620832 -10.362749 -11.269372
2.212570e+00 -9.240483 -9.314097 -9.453062 -9.548910 -9.161418 -9.671554 -10.412750 -11.312422
2.220090e+00 -9.265838 -9.341181 -9.481964 -9.573627 -9.188003 -9.705500 -10.447049 -11.345194
2.225620e+00 -9.284637 -9.359899 -9.501964 -9.593815 -9.211868 -9.728725 -10.469548 -11.362971
2.230480e+00 -9.299637 -9.375370 -9.519463 -9.611482 -9.231867 -9.748727 -10.489550 -11.380469
2.233810e+00 -9.309636 -9.385370 -9.530091 -9.624777 -9.246867 -9.761225 -10.502049 -11.390745
2.236370e+00 -9.318025 -9.394626 -9.540077 -9.634146 -9.256866 -9.771228 -10.512048 -11.398526
2.243120e+00 -9.339326 -9.415843 -9.562593 -9.657465 -9.283233 -9.798726 -10.539550 -11.421301
2.248550e+00 -9.356826 -9.433371 -9.582378 -9.677632 -9.305733 -9.821226 -10.560251 -11.441300
2.254710e+00 -9.375213 -9.451345 -9.602392 -9.698618 -9.332100 -9.844453 -10.584548 -11.461304
2.259930e+00 -9.390212 -9.467654 -9.619692 -9.716916 -9.352101 -9.864453 -10.604549 -11.476859
2.265130e+00 -9.406203 -9.483873 -9.637193 -9.734610 -9.373469 -9.885181 -10.624549 -11.494359
2.267630e+00 -9.414591 -9.491373 -9.644680 -9.741334 -9.379839 -9.895911 -10.636348 -11.504636
2.273560e+00 -9.432091 -9.509348 -9.664665 -9.760584 -9.400084 -9.920180 -10.659549 -11.524919
2.286430e+00 -9.467982 -9.546132 -9.704481 -9.802394 -9.450335 -9.969139 -10.707051 -11.565481
2.294870e+00 -9.491781 -9.569880 -9.731169 -9.828389 -9.481712 -10.001639 -10.739551 -11.592982
2.300700e+00 -9.507673 -9.585358 -9.748682 -9.846882 -9.505591 -10.024140 -10.762051 -11.610761
2.308020e+00 -9.527672 -9.605357 -9.769296 -9.869578 -9.531971 -10.051639 -10.787752 -11.633546
2.313410e+00 -9.542670 -9.619079 -9.784311 -9.885575 -9.553353 -10.071640 -10.807053 -11.651046
2.320720e+00 -9.562670 -9.639107 -9.805999 -9.906576 -9.579736 -10.097371 -10.834552 -11.673828
2.325110e+00 -9.573563 -9.649585 -9.818514 -9.919908 -9.596120 -10.114871 -10.849553 -11.686609
2.330640e+00 -9.588563 -9.664585 -9.833529 -9.935888 -9.616121 -10.133106 -10.869551 -11.701896
2.335580e+00 -9.601062 -9.677536 -9.846855 -9.951085 -9.635006 -10.152372 -10.887052 -11.717181
2.341640e+00 -9.619456 -9.693309 -9.863499 -9.964841 -9.651393 -10.173838 -10.911352 -11.739680
2.350300e+00 -9.640659 -9.713818 -9.888287 -9.990216 -9.682782 -10.206338 -10.942053 -11.764964
2.357780e+00 -9.660660 -9.733817 -9.907703 -10.009533 -9.709172 -10.232074 -10.967052 -11.785539
2.363660e+00 -9.675659 -9.747544 -9.923316 -10.027083 -9.729457 -10.252074 -10.988851 -11.803036
2.372490e+00 -9.699055 -9.770496 -9.946043 -10.050747 -9.759458 -10.282811 -11.018854 -11.828323
2.381280e+00 -9.720570 -9.792251 -9.968557 -10.074286 -9.789747 -10.312811 -11.048854 -11.853613
2.386390e+00 -9.733070 -9.804780 -9.982746 -10.087628 -9.806142 -10.330311 -11.066353 -11.868610
2.395800e+00 -9.756777 -9.827733 -10.006072 -10.112858 -9.836448 -10.362811 -11.097054 -11.896400
2.404520e+00 -9.779588 -9.848507 -10.027776 -10.134668 -9.863945 -10.391049 -11.126355 -11.919190
2.413500e+00 -9.802089 -9.871006 -10.050276 -10.157554 -9.892846 -10.421049 -11.154555 -11.944478
2.421390e+00 -9.822986 -9.889735 -10.070290 -10.178425 -9.918154 -10.446050 -11.179556 -11.964769
2.429990e+00 -9.843299 -9.909735 -10.090305 -10.199453 -9.944560 -10.474287 -11.206356 -11.989767
2.436230e+00 -9.862598 -9.925482 -10.105889 -10.215494 -9.959559 -10.495026 -11.228155 -12.007850
2.444030e+00 -9.881311 -9.943011 -10.125079 -10.234022 -9.983463 -10.518268 -11.251356 -12.027848
2.451320e+00 -9.898811 -9.960511 -10.142579 -10.251730 -10.004877 -10.540768 -11.273156 -12.048141
2.457210e+00 -9.913811 -9.974213 -10.155304 -10.265235 -10.022371 -10.559010 -11.290656 -12.063140
2.467270e+00 -9.937838 -9.996742 -10.180094 -10.290472 -10.052697 -10.589011 -11.320658 -12.088434
2.471160e+00 -9.947838 -10.006713 -10.187820 -10.298796 -10.062698 -10.601512 -11.333158 -12.098433
2.481660e+00 -9.972837 -10.029991 -10.212623 -10.324831 -10.094109 -10.634011 -11.363158 -12.124019
2.487780e+00 -9.986867 -10.044242 -10.227623 -10.340043 -10.113022 -10.652254 -11.382459 -12.139019
2.501200e+00 -10.020271 -10.075474 -10.260123 -10.372785 -10.150857 -10.692253 -11.420658 -12.172109
2.510110e+00 -10.041804 -10.096742 -10.280137 -10.393796 -10.175856 -10.718000 -11.447459 -12.194608
2.511280e+00 -10.046491 -10.099991 -10.282623 -10.395469 -10.175856 -10.722998 -11.450658 -12.199607
2.517870e+00 -10.063991 -10.116224 -10.300123 -10.412969 -10.193357 -10.741246 -11.469960 -12.215199
2.527680e+00 -10.091119 -10.140770 -10.324912 -10.438024 -10.221192 -10.771246 -11.499960 -12.240200
2.532360e+00 -10.103620 -10.151975 -10.335138 -10.448880 -10.235116 -10.783747 -11.512462 -12.250495
2.541160e+00 -10.124248 -10.173723 -10.357638 -10.471567 -10.260114 -10.809494 -11.537461 -12.272996
2.548380e+00 -10.142657 -10.191224 -10.375138 -10.489095 -10.279040 -10.829489 -11.557461 -12.290495
2.557200e+00 -10.165471 -10.213724 -10.397638 -10.511782 -10.304039 -10.854492 -11.580660 -12.310793
2.571050e+00 -10.200786 -10.248726 -10.433252 -10.549150 -10.341887 -10.894491 -11.619962 -12.341389
2.578780e+00 -10.220787 -10.268724 -10.453252 -10.569179 -10.363313 -10.915239 -11.639963 -12.359189
2.584060e+00 -10.235786 -10.281973 -10.465737 -10.581038 -10.375815 -10.930988 -11.654962 -12.374187
2.595230e+00 -10.264512 -10.311222 -10.495737 -10.611037 -10.405815 -10.961738 -11.684963 -12.399488
2.603440e+00 -10.286104 -10.333696 -10.515963 -10.631735 -10.428674 -10.984239 -11.707463 -12.417286
2.611840e+00 -10.307646 -10.353723 -10.538252 -10.654235 -10.451172 -11.006743 -11.729963 -12.437288
2.625400e+00 -10.342965 -10.390444 -10.573463 -10.689263 -10.487603 -11.044996 -11.764965 -12.467588
2.638000e+00 -10.376692 -10.422976 -10.607638 -10.721819 -10.522972 -11.079995 -11.799267 -12.495390
2.653120e+00 -10.417013 -10.461682 -10.645348 -10.759535 -10.564406 -11.120743 -11.837466 -12.528494
2.660270e+00 -10.434831 -10.480928 -10.664736 -10.777036 -10.581907 -11.139993 -11.856769 -12.543493
2.667160e+00 -10.453561 -10.498428 -10.682236 -10.794724 -10.601907 -11.158246 -11.874270 -12.558797
2.678780e+00 -10.483880 -10.527135 -10.709963 -10.822924 -10.632280 -11.189001 -11.904270 -12.583796
2.682460e+00 -10.493879 -10.536679 -10.719736 -10.832281 -10.642280 -11.198248 -11.911771 -12.591600
2.684190e+00 -10.499832 -10.542430 -10.724706 -10.835784 -10.643343 -11.203999 -11.918574 -12.596601
2.692490e+00 -10.521381 -10.562885 -10.744933 -10.856451 -10.664779 -11.227254 -11.939271 -12.616600
2.702980e+00 -10.548882 -10.589901 -10.769933 -10.881480 -10.691220 -11.253013 -11.966075 -12.639404
2.709120e+00 -10.565115 -10.604901 -10.784933 -10.896509 -10.707663 -11.269753 -11.981075 -12.651904
2.718790e+00 -10.588847 -10.627430 -10.809109 -10.919198 -10.732662 -11.293015 -12.003576 -12.672209
2.728440e+00 -10.614171 -10.651947 -10.831608 -10.941913 -10.759105 -11.318010 -12.028580 -12.690322
2.740510e+00 -10.644492 -10.680655 -10.859339 -10.970088 -10.788048 -11.348771 -12.056078 -12.715321
2.749780e+00 -10.667902 -10.703151 -10.881819 -10.992133 -10.813048 -11.373012 -12.078575 -12.735322
2.760010e+00 -10.691964 -10.726919 -10.904337 -11.015334 -10.838440 -11.398768 -12.103575 -12.755628
2.766020e+00 -10.707288 -10.740651 -10.919336 -11.030332 -10.853439 -11.413770 -12.118577 -12.768435
2.774680e+00 -10.729789 -10.761405 -10.938738 -11.048853 -10.875940 -11.434528 -12.138581 -12.785936
2.783490e+00 -10.751027 -10.783122 -10.959548 -11.070550 -10.897387 -11.457028 -12.160386 -12.803744
2.787740e+00 -10.762287 -10.793906 -10.971195 -11.079084 -10.904887 -11.467789 -12.172883 -12.814052
2.795770e+00 -10.782611 -10.813877 -10.988907 -11.096611 -10.923838 -11.490288 -12.192190 -12.831552
2.805400e+00 -10.806354 -10.836377 -11.011406 -11.119144 -10.947788 -11.513548 -12.214693 -12.851553
2.817150e+00 -10.835092 -10.863875 -11.038909 -11.146831 -10.977789 -11.542788 -12.242191 -12.874672
2.822730e+00 -10.849176 -10.878875 -11.053315 -11.159998 -10.991741 -11.556049 -12.255382 -12.884671
2.832990e+00 -10.874163 -10.901378 -11.075813 -11.182722 -11.018194 -11.581051 -12.279691 -12.904982
2.841940e+00 -10.895747 -10.923878 -11.097701 -11.202747 -11.039650 -11.603548 -12.299690 -12.922794
2.852390e+00 -10.921990 -10.948850 -11.121028 -11.227748 -11.064649 -11.629309 -12.324693 -12.944983
2.863370e+00 -10.948233 -10.973848 -11.145435 -11.251112 -11.091105 -11.655076 -12.349692 -12.965606
2.876540e+00 -10.979807 -11.002586 -11.175418 -11.280500 -11.122563 -11.687573 -12.378999 -12.990605
2.887010e+00 -11.004807 -11.027104 -11.197340 -11.302195 -11.149024 -11.712574 -12.402198 -13.010918
2.891420e+00 -11.016979 -11.037859 -11.207295 -11.309921 -11.155484 -11.723338 -12.414000 -13.021231
2.900920e+00 -11.038227 -11.057859 -11.227891 -11.331785 -11.177985 -11.746607 -12.435814 -13.041231
2.914230e+00 -11.068556 -11.086598 -11.257296 -11.360145 -11.209446 -11.776606 -12.465813 -13.066230
2.929520e+00 -11.102633 -11.119069 -11.287526 -11.391037 -11.244875 -11.814106 -12.498312 -13.094358
2.944790e+00 -11.136384 -11.151115 -11.319219 -11.422093 -11.281340 -11.849104 -12.533310 -13.122174
2.966650e+00 -11.185138 -11.195614 -11.363629 -11.465650 -11.330309 -11.898143 -12.580123 -13.162490
2.982530e+00 -11.219223 -11.228087 -11.394447 -11.498374 -11.366777 -11.933141 -12.612624 -13.192806
2.997360e+00 -11.250478 -11.258086 -11.423843 -11.526129 -11.399719 -11.968140 -12.645123 -13.218123
3.017760e+00 -11.293328 -11.298086 -11.463267 -11.565367 -11.445168 -12.011411 -12.686939 -13.255626
3.023250e+00 -11.305495 -11.308845 -11.473266 -11.575563 -11.457667 -12.023910 -12.697626 -13.265944
3.034280e+00 -11.328327 -11.330062 -11.493481 -11.595759 -11.480168 -12.047182 -12.720127 -13.283755
3.046000e+00 -11.352089 -11.352562 -11.515981 -11.618486 -11.506643 -12.072180 -12.744441 -13.306260
3.056980e+00 -11.373686 -11.372560 -11.535996 -11.639358 -11.530621 -12.095455 -12.766939 -13.324074
3.061280e+00 -11.385515 -11.383322 -11.545954 -11.647009 -11.534144 -12.107952 -12.778748 -13.334079
3.070380e+00 -11.404276 -11.400823 -11.562865 -11.662877 -11.553121 -12.126228 -12.796249 -13.351576
3.079780e+00 -11.424281 -11.417833 -11.580366 -11.680411 -11.572100 -12.147001 -12.815563 -13.366896
3.089920e+00 -11.443377 -11.436616 -11.600149 -11.700607 -11.594599 -12.168726 -12.835567 -13.384393
3.099330e+00 -11.462146 -11.454116 -11.617060 -11.716477 -11.613580 -12.187002 -12.853751 -13.399718
3.107330e+00 -11.479310 -11.469879 -11.632060 -11.731508 -11.630061 -12.204501 -12.868754 -13.414718
3.125360e+00 -11.513414 -11.502833 -11.664791 -11.764916 -11.668029 -12.242002 -12.903754 -13.445040
3.139660e+00 -11.542182 -11.530332 -11.692277 -11.791971 -11.698029 -12.270277 -12.931255 -13.467861
3.143750e+00 -11.549681 -11.537833 -11.699790 -11.800114 -11.705529 -12.280278 -12.940568 -13.475356
3.160030e+00 -11.581290 -11.567833 -11.729791 -11.830345 -11.739515 -12.312778 -12.970569 -13.502858
3.171020e+00 -11.603452 -11.588599 -11.749777 -11.849535 -11.758501 -12.336832 -12.992384 -13.521003
3.185290e+00 -11.631288 -11.614847 -11.777277 -11.877070 -11.787490 -12.364333 -13.019883 -13.546006
3.199270e+00 -11.660060 -11.642347 -11.804775 -11.904602 -11.816480 -12.392612 -13.047384 -13.568824
3.217140e+00 -11.693833 -11.676580 -11.839174 -11.937332 -11.852972 -12.430111 -13.079885 -13.598830
3.229170e+00 -11.716673 -11.699536 -11.861905 -11.960677 -11.877971 -12.453393 -13.102386 -13.616651
3.240890e+00 -11.740449 -11.722036 -11.884406 -11.983208 -11.901964 -12.475892 -13.124202 -13.636653
3.259480e+00 -11.775787 -11.757036 -11.919405 -12.018242 -11.938458 -12.513392 -13.159201 -13.664801
3.274310e+00 -11.804564 -11.785019 -11.948221 -12.044119 -11.967454 -12.541675 -13.184204 -13.689473
3.319820e+00 -11.891186 -11.868743 -12.030938 -12.127086 -12.057949 -12.628242 -13.266021 -13.760127
3.339600e+00 -11.927808 -11.903743 -12.065937 -12.162323 -12.096949 -12.665741 -13.298524 -13.787954
3.356080e+00 -11.957809 -11.933743 -12.095355 -12.190703 -12.128450 -12.695741 -13.327840 -13.813281
3.378060e+00 -11.996590 -11.971728 -12.134773 -12.229083 -12.169952 -12.736526 -13.365342 -13.845783
3.422030e+00 -12.075718 -12.047981 -12.212257 -12.306210 -12.252958 -12.814811 -13.437163 -13.911109
3.438200e+00 -12.104160 -12.075940 -12.239408 -12.332737 -12.281969 -12.843101 -13.464663 -13.933936
3.513260e+00 -12.234579 -12.205203 -12.370505 -12.460954 -12.421495 -12.972973 -13.583988 -14.039926
3.533950e+00 -12.274837 -12.240491 -12.405461 -12.493749 -12.450976 -13.010354 -13.618308 -14.070259
3.574850e+00 -12.343971 -12.308478 -12.474883 -12.562165 -12.523995 -13.078651 -13.682632 -14.128090
3.641920e+00 -12.460609 -12.424429 -12.591418 -12.675148 -12.644522 -13.192749 -13.786958 -14.219088
3.655270e+00 -12.483108 -12.446930 -12.613918 -12.697683 -12.668534 -13.212747 -13.806958 -14.236588
3.676750e+00 -12.519402 -12.481929 -12.648933 -12.733534 -12.706034 -13.248550 -13.839458 -14.266924
3.700390e+00 -12.559495 -12.520384 -12.688562 -12.771275 -12.747552 -13.286851 -13.874461 -14.299424
3.733750e+00 -12.615793 -12.575876 -12.744916 -12.825480 -12.805053 -13.340153 -13.924462 -14.342593
3.753290e+00 -12.648640 -12.608376 -12.777416 -12.858016 -12.839070 -13.372652 -13.953787 -14.370094
3.800170e+00 -12.727789 -12.686341 -12.854563 -12.933941 -12.919608 -13.445959 -14.023789 -14.432932
3.869700e+00 -12.844199 -12.802006 -12.970765 -13.045251 -13.038631 -13.557568 -14.126291 -14.523607
3.892520e+00 -12.882050 -12.839507 -13.007697 -13.081145 -13.077651 -13.592566 -14.158117 -14.551443
3.908990e+00 -12.908355 -12.865003 -13.034617 -13.106182 -13.104178 -13.618374 -14.181292 -14.573605
3.937600e+00 -12.954662 -12.910471 -13.079273 -13.149753 -13.151678 -13.660874 -14.220620 -14.608943
3.966600e+00 -13.001324 -12.955940 -13.124494 -13.194964 -13.199178 -13.704182 -14.260621 -14.644284
3.986110e+00 -13.031680 -12.986417 -13.154152 -13.223361 -13.230703 -13.732498 -14.287448 -14.667123
4.004310e+00 -13.061679 -13.015945 -13.182790 -13.249435 -13.260702 -13.758308 -14.310622 -14.689622
4.026660e+00 -13.096450 -13.048913 -13.215527 -13.282800 -13.295702 -13.790810 -14.340622 -14.717123
4.049790e+00 -13.131803 -13.084385 -13.250174 -13.315550 -13.332230 -13.824122 -14.370624 -14.742806
4.082870e+00 -13.184433 -13.134384 -13.299615 -13.363953 -13.383758 -13.869934 -14.412451 -14.782805
4.113540e+00 -13.238154 -13.180475 -13.345673 -13.403271 -13.422652 -13.915703 -14.453609 -14.818490
4.149320e+00 -13.292941 -13.232975 -13.397606 -13.453524 -13.476677 -13.964025 -14.500441 -14.858834
4.184550e+00 -13.347114 -13.284212 -13.447271 -13.502140 -13.530703 -14.010669 -14.543606 -14.898832
4.222560e+00 -13.404760 -13.339658 -13.499677 -13.553906 -13.587230 -14.061496 -14.590443 -14.941678
4.260980e+00 -13.463589 -13.395899 -13.554336 -13.606843 -13.644729 -14.112318 -14.637941 -14.984521
4.282280e+00 -13.495271 -13.425898 -13.583784 -13.635210 -13.674730 -14.139819 -14.665442 -15.009521
4.310540e+00 -13.536601 -13.466372 -13.623460 -13.673617 -13.716258 -14.178144 -14.700446 -15.042367
4.341920e+00 -13.584262 -13.511344 -13.665638 -13.714708 -13.761258 -14.218976 -14.738615 -15.077712
4.379740e+00 -13.640956 -13.565089 -13.717812 -13.765616 -13.815289 -14.267307 -14.785443 -15.118060
4.419290e+00 -13.698628 -13.619338 -13.771930 -13.816748 -13.871820 -14.318137 -14.833614 -15.163407
4.445520e+00 -13.735325 -13.656518 -13.807400 -13.852621 -13.909319 -14.352304 -14.866114 -15.191255
4.476070e+00 -13.779525 -13.697766 -13.847085 -13.891078 -13.952386 -14.390636 -14.901788 -15.226255
4.500790e+00 -13.814711 -13.730744 -13.879270 -13.922139 -13.985852 -14.421468 -14.931120 -15.251604
4.525510e+00 -13.849711 -13.764493 -13.911456 -13.953057 -14.019886 -14.451467 -14.961122 -15.279104
4.547000e+00 -13.879902 -13.793696 -13.939188 -13.980780 -14.049886 -14.477302 -14.986119 -15.301953
4.600390e+00 -13.952963 -13.862926 -14.006063 -14.045305 -14.121420 -14.540638 -15.046791 -15.355154
4.626800e+00 -13.989677 -13.896679 -14.038272 -14.076889 -14.155458 -14.571475 -15.074292 -15.382654
4.657790e+00 -14.029886 -13.934662 -14.075466 -14.113039 -14.196997 -14.607311 -15.109293 -15.412654
4.688770e+00 -14.070252 -13.973387 -14.110946 -14.149155 -14.236996 -14.642313 -15.141795 -15.440857
4.719660e+00 -14.110464 -14.010887 -14.147358 -14.182771 -14.274496 -14.675650 -15.174293 -15.470858
4.741730e+00 -14.142856 -14.036986 -14.172288 -14.204575 -14.297386 -14.701517 -15.196122 -15.491212
4.762330e+00 -14.169215 -14.061985 -14.196216 -14.226539 -14.323352 -14.724862 -15.217956 -15.511211
4.779650e+00 -14.190942 -14.082443 -14.214734 -14.246577 -14.344886 -14.742362 -15.233626 -15.526564
4.799470e+00 -14.215942 -14.105716 -14.236702 -14.267658 -14.368352 -14.763208 -15.253623 -15.544419
4.845460e+00 -14.272532 -14.157462 -14.286655 -14.317213 -14.424886 -14.811557 -15.301124 -15.586918
4.880870e+00 -14.316397 -14.198237 -14.326121 -14.355839 -14.467386 -14.849056 -15.336126 -15.617629
4.916290e+00 -14.359134 -14.238697 -14.363579 -14.392672 -14.508921 -14.884905 -15.371797 -15.650486
4.954840e+00 -14.405875 -14.280739 -14.403832 -14.433845 -14.555458 -14.925757 -15.409971 -15.685487
5.006840e+00 -14.466491 -14.338697 -14.458793 -14.488190 -14.614498 -14.979108 -15.462470 -15.733700
5.046280e+00 -14.511743 -14.381684 -14.501003 -14.529173 -14.660074 -15.019109 -15.503143 -15.769060
5.084880e+00 -14.555995 -14.424645 -14.540973 -14.568525 -14.704120 -15.057462 -15.540645 -15.804056
5.137620e+00 -14.616631 -14.481404 -14.595945 -14.622885 -14.763164 -15.109964 -15.591321 -15.849775
5.178120e+00 -14.661899 -14.524395 -14.638162 -14.664029 -14.808159 -15.148319 -15.629497 -15.884778
5.218620e+00 -14.706161 -14.566157 -14.678139 -14.703637 -14.854709 -15.185819 -15.666999 -15.917639
5.272620e+00 -14.764318 -14.619901 -14.728656 -14.755708 -14.912208 -15.235032 -15.712676 -15.958362
5.326620e+00 -14.822101 -14.673648 -14.778640 -14.805371 -14.970302 -15.282531 -15.757676 -15.998729
5.367120e+00 -14.862771 -14.711614 -14.813626 -14.840198 -15.012799 -15.315891 -15.790853 -16.028729
5.448120e+00 -14.945567 -14.786927 -14.884151 -14.912580 -15.094347 -15.382611 -15.854034 -16.086590
5.556120e+00 -15.050793 -14.883964 -14.976139 -15.004382 -15.199952 -15.469336 -15.937217 -16.160187
5.637120e+00 -15.127514 -14.955219 -15.043651 -15.072481 -15.276505 -15.530204 -15.999716 -16.215553
5.718120e+00 -15.203219 -15.026474 -15.111166 -15.140594 -15.353060 -15.591068 -16.059717 -16.270916
5.826120e+00 -15.301046 -15.116810 -15.196200 -15.227473 -15.453673 -15.668678 -16.136082 -16.341285
5.934120e+00 -15.395298 -15.203863 -15.279237 -15.312682 -15.550228 -15.742049 -16.208583 -16.406652
6.042120e+00 -15.486674 -15.288421 -15.359278 -15.394308 -15.641790 -15.813797 -16.278584 -16.469522
6.150120e+00 -15.573450 -15.367985 -15.434321 -15.471265 -15.732412 -15.882170 -16.343585 -16.529524
6.258120e+00 -15.664644 -15.444637 -15.499940 -15.542672 -15.810300 -15.946167 -16.401325 -16.580262
6.366120e+00 -15.747504 -15.520057 -15.571704 -15.614631 -15.894351 -16.007063 -16.460640 -16.632764
6.474120e+00 -15.826420 -15.591658 -15.639510 -15.685643 -15.975900 -16.065454 -16.515640 -16.685263
6.582120e+00 -15.902847 -15.659596 -15.704816 -15.754126 -16.053399 -16.119751 -16.568142 -16.732764
6.690120e+00 -15.975727 -15.726207 -15.767625 -15.820129 -16.128398 -16.171547 -16.617458 -16.777765
6.798120e+00 -16.047842 -15.791141 -15.827935 -15.883651 -16.200899 -16.221549 -16.664275 -16.820264
6.906120e+00 -16.116796 -15.852765 -15.886272 -15.946913 -16.270901 -16.268351 -16.708593 -16.862392
7.014120e+00 -16.183243 -15.913215 -15.941847 -16.005471 -16.338401 -16.314258 -16.750412 -16.899894
7.122120e+00 -16.248257 -15.970681 -15.995183 -16.063763 -16.403399 -16.355163 -16.789732 -16.937024
7.230120e+00 -16.310392 -16.025685 -16.047718 -16.119085 -16.466849 -16.396072 -16.828375 -16.969153
7.338120e+00 -16.370418 -16.079835 -16.098028 -16.172354 -16.525301 -16.431979 -16.862698 -17.001285
7.446120e+00 -16.428989 -16.131844 -16.145576 -16.223432 -16.583752 -16.467886 -16.894522 -17.030918
7.554120e+00 -16.483634 -16.181008 -16.191405 -16.273453 -16.638161 -16.500386 -16.925673 -17.056286
7.662120e+00 -16.537212 -16.229040 -16.236705 -16.320743 -16.689119 -16.532886 -16.952502 -17.083052
7.770120e+00 -16.588288 -16.274093 -16.279239 -16.365728 -16.736996 -16.561299 -16.981161 -17.105551
7.878120e+00 -16.636486 -16.318277 -16.319533 -16.408520 -16.784886 -16.588797 -17.005491 -17.128051
7.959120e+00 -16.672567 -16.349991 -16.349552 -16.439799 -16.818352 -16.608795 -17.024824 -17.145184
8.040120e+00 -16.706146 -16.380849 -16.379055 -16.469567 -16.850288 -16.627209 -17.041652 -17.160183
8.148120e+00 -16.749349 -16.420073 -16.416573 -16.508549 -16.890703 -16.651298 -17.064157 -17.179818
8.256120e+00 -16.791522 -16.456800 -16.451605 -16.546027 -16.929608 -16.674709 -17.085324 -17.199452
8.364120e+00 -16.831199 -16.492667 -16.486094 -16.580324 -16.967551 -16.697207 -17.107164 -17.216953
8.472120e+00 -16.868700 -16.528509 -16.518894 -16.615120 -17.004520 -16.717207 -17.126499 -17.234453
8.580120e+00 -16.905504 -16.560271 -16.551129 -16.648126 -17.038995 -16.737208 -17.145835 -17.251588
8.688120e+00 -16.939098 -16.592746 -16.580901 -16.678185 -17.071967 -16.757207 -17.163339 -17.266589
8.796120e+00 -16.972318 -16.622494 -16.610900 -16.708646 -17.102452 -16.775621 -17.180177 -17.281590
8.877120e+00 -16.995915 -16.644489 -16.630916 -16.729955 -17.125949 -16.788120 -17.192016 -17.291588
8.985120e+00 -17.024514 -16.671989 -16.657907 -16.756476 -17.153947 -16.805620 -17.208859 -17.306226
9.093120e+00 -17.053115 -16.697864 -16.682924 -16.783006 -17.181962 -16.821534 -17.223861 -17.321225
9.201120e+00 -17.078842 -16.721743 -16.707417 -16.806826 -17.207970 -16.836537 -17.238207 -17.333726
9.417120e+00 -17.128549 -16.768737 -16.752433 -16.853938 -17.259517 -16.867451 -17.267546 -17.358725
9.633120e+00 -17.175392 -16.812618 -16.796416 -16.896813 -17.306078 -16.897450 -17.296238 -17.385863
9.849120e+00 -17.215112 -16.851263 -16.835642 -16.936182 -17.349144 -16.924288 -17.323083 -17.408362
1.006510e+01 -17.252337 -16.886743 -16.870943 -16.973760 -17.388249 -16.951784 -17.348085 -17.433363
1.038910e+01 -17.301701 -16.934267 -16.919666 -17.021775 -17.442808 -16.989286 -17.384935 -17.468001
1.082110e+01 -17.355060 -16.985279 -16.973678 -17.076163 -17.505911 -17.035205 -17.429285 -17.508363
1.190110e+01 -17.443321 -17.060707 -17.042296 -17.165441 -17.638606 -17.110210 -17.504011 -17.570501
1.244110e+01 -17.472788 -17.091092 -17.078528 -17.201632 -17.682565 -17.156134 -17.554669 -17.618364
1.287310e+01 -17.488634 -17.109458 -17.101823 -17.226451 -17.709445 -17.187715 -17.589671 -17.653363
1.330510e+01 -17.494357 -17.119384 -17.117733 -17.239458 -17.728840 -17.201795 -17.609672 -17.671226
1.362910e+01 -17.494720 -17.121530 -17.122734 -17.244913 -17.739276 -17.206798 -17.617170 -17.678362
1.395310e+01 -17.487584 -17.119442 -17.124694 -17.244616 -17.744719 -17.209299 -17.622169 -17.683362
1.427710e+01 -17.480447 -17.114122 -17.123902 -17.242632 -17.749145 -17.210880 -17.624672 -17.688000
1.460110e+01 -17.472947 -17.109920 -17.122592 -17.238679 -17.751645 -17.211800 -17.627834 -17.693001
1.492510e+01 -17.463311 -17.103222 -17.119304 -17.234438 -17.753122 -17.215222 -17.632833 -17.700139
1.524910e+01 -17.454809 -17.097031 -17.115786 -17.228805 -17.754600 -17.222721 -17.640998 -17.712640
1.557310e+01 -17.446177 -17.092845 -17.114982 -17.225667 -17.755060 -17.231142 -17.651663 -17.727640
1.589710e+01 -17.437675 -17.088290 -17.112254 -17.221830 -17.754042 -17.239568 -17.662999 -17.744778
1.632910e+01 -17.424681 -17.083246 -17.108727 -17.215100 -17.753026 -17.249565 -17.676166 -17.762279
1.665310e+01 -17.412371 -17.078122 -17.125720 -17.216222 -17.762809 -17.260223 -17.686506 -17.782279
1.708510e+01 -17.395871 -17.069252 -17.117234 -17.205258 -17.756779 -17.262724 -17.692829 -17.794778
1.751710e+01 -17.381886 -17.060627 -17.111215 -17.195181 -17.750308 -17.262725 -17.699159 -17.807278
1.794910e+01 -17.365658 -17.053684 -17.107220 -17.185489 -17.741342 -17.262728 -17.707994 -17.819779
1.838110e+01 -17.348711 -17.047923 -17.104938 -17.173206 -17.724873 -17.261810 -17.714336 -17.830140
1.870510e+01 -17.331023 -17.042671 -17.101198 -17.160983 -17.709874 -17.258395 -17.717506 -17.837639
1.902910e+01 -17.310754 -17.034690 -17.092213 -17.144817 -17.690910 -17.252479 -17.718851 -17.840500
1.935310e+01 -17.283785 -17.019220 -17.075771 -17.122811 -17.668840 -17.244979 -17.714526 -17.843001
1.967710e+01 -17.250387 -16.997580 -17.053057 -17.097813 -17.643840 -17.234064 -17.706556 -17.843001
2.000110e+01 -17.213086 -16.971750 -17.025375 -17.070032 -17.618843 -17.220651 -17.697919 -17.840500
2.043310e+01 -17.157282 -16.932618 -16.986146 -17.034007 -17.586339 -17.203825 -17.684966 -17.833363
2.086510e+01 -17.098443 -16.892773 -16.953607 -17.004697 -17.554875 -17.185416 -17.672714 -17.830863
2.129710e+01 -17.038678 -16.856271 -16.928806 -16.980722 -17.527375 -17.172008 -17.665903 -17.828726
2.172910e+01 -16.981266 -16.825213 -16.911237 -16.963159 -17.499872 -17.161789 -17.662286 -17.826590
2.179660e+01 -16.975604 -16.818310 -16.916608 -16.969202 -17.493603 -17.154787 -17.656600 -17.829089
2.228260e+01 -16.913867 -16.787141 -16.903292 -16.955117 -17.473196 -17.145496 -17.657289 -17.829453
2.283610e+01 -16.846181 -16.752205 -16.890502 -16.946008 -17.459892 -17.135318 -17.658675 -17.831954
2.334910e+01 -16.773244 -16.713388 -16.875690 -16.935129 -17.440545 -17.126040 -17.659371 -17.836954
2.378110e+01 -16.704786 -16.677998 -16.864616 -16.921546 -17.416995 -17.116769 -17.660066 -17.837318
2.458740e+01 -16.560796 -16.600406 -16.831264 -16.886184 -17.365939 -17.081480 -17.641865 -17.815185
2.501940e+01 -16.476517 -16.541887 -16.789286 -16.852294 -17.336991 -17.048106 -17.615062 -17.792319
2.531640e+01 -16.419391 -16.493757 -16.756668 -16.830591 -17.310845 -17.022112 -17.593263 -17.774818
2.574840e+01 -16.330710 -16.427837 -16.707718 -16.793278 -17.283342 -16.998742 -17.574663 -17.764454
2.640990e+01 -16.211925 -16.345689 -16.661520 -16.764407 -17.257969 -16.989506 -17.570361 -17.764454
2.735490e+01 -16.065860 -16.258613 -16.628416 -16.750607 -17.240473 -16.996910 -17.588564 -17.781954
2.832690e+01 -15.904009 -16.162212 -16.590172 -16.730492 -17.217281 -16.992689 -17.595359 -17.784818
2.942720e+01 -15.698172 -16.024064 -16.513623 -16.676492 -17.178720 -16.950972 -17.562859 -17.749818
3.007520e+01 -15.579815 -15.942659 -16.469840 -16.651247 -17.150843 -16.936696 -17.552859 -17.742319
3.115520e+01 -15.404679 -15.822213 -16.411053 -16.624971 -17.136221 -16.950846 -17.565358 -17.754818
3.223520e+01 -15.233324 -15.700245 -16.353874 -16.602043 -17.131221 -16.970796 -17.582860 -17.771953
3.331520e+01 -15.045832 -15.569531 -16.290556 -16.572200 -17.111604 -16.981605 -17.592863 -17.779819
3.441370e+01 -14.850336 -15.428628 -16.215828 -16.526497 -17.080940 -16.972422 -17.586068 -17.769819
3.546670e+01 -14.672344 -15.295618 -16.136977 -16.478121 -17.040940 -16.954061 -17.567476 -17.754453
3.654660e+01 -14.514451 -15.175251 -16.062273 -16.431017 -17.016337 -16.954061 -17.565685 -17.756953
3.759960e+01 -14.377672 -15.067733 -15.996761 -16.394106 -16.999241 -16.970723 -17.573891 -17.773725
3.867960e+01 -14.229161 -14.953679 -15.927316 -16.349177 -16.974023 -16.977388 -17.582100 -17.781226
3.970120e+01 -14.086201 -14.843042 -15.855732 -16.301776 -16.933409 -16.964057 -17.569237 -17.771225
4.080720e+01 -13.929943 -14.719606 -15.770627 -16.239283 -16.895308 -16.929891 -17.537452 -17.745501
4.188720e+01 -13.793585 -14.610767 -15.692772 -16.181845 -16.860748 -16.901566 -17.511379 -17.730139
4.296720e+01 -13.673470 -14.516880 -15.625264 -16.132911 -16.832668 -16.886565 -17.497815 -17.729059
4.404720e+01 -13.556811 -14.425641 -15.561981 -16.085718 -16.802099 -16.865741 -17.482476 -17.725843
4.512720e+01 -13.438586 -14.331918 -15.493954 -16.034169 -16.762015 -16.828272 -17.448925 -17.704774
4.620720e+01 -13.313196 -14.232903 -15.421056 -15.977527 -16.723980 -16.766661 -17.396834 -17.664064
4.728720e+01 -13.193722 -14.138105 -15.351560 -15.922851 -16.687490 -16.701717 -17.340793 -17.625154
4.836720e+01 -13.087043 -14.055381 -15.291370 -15.878287 -16.656479 -16.650138 -17.296223 -17.601605
4.944720e+01 -12.987862 -13.980327 -15.240342 -15.839069 -16.625472 -16.608581 -17.260199 -17.584867
5.052720e+01 -12.891909 -13.904847 -15.186902 -15.798464 -16.591451 -16.562047 -17.214926 -17.556333
5.160720e+01 -12.789498 -13.826616 -15.132581 -15.755132 -16.558951 -16.509656 -17.163908 -17.517805
5.268720e+01 -12.691489 -13.751656 -15.076899 -15.712147 -16.525958 -16.461402 -17.112902 -17.479284
5.376720e+01 -12.604444 -13.683807 -15.028598 -15.676251 -16.497971 -16.419911 -17.071148 -17.452594
5.484710e+01 -12.521528 -13.619474 -14.984606 -15.642044 -16.468981 -16.383440 -17.031898 -17.429088
5.592710e+01 -12.446681 -13.558297 -14.939143 -15.607209 -16.435958 -16.341990 -16.985150 -17.400257
5.700710e+01 -12.362401 -13.496235 -14.896891 -15.570243 -16.400471 -16.297164 -16.935902 -17.363937
5.808710e+01 -12.284802 -13.439537 -14.850797 -15.532619 -16.367491 -16.248054 -16.879156 -17.317953
5.916710e+01 -12.213723 -13.386739 -14.808988 -15.497363 -16.334045 -16.204846 -16.826657 -17.276977
6.024710e+01 -12.149489 -13.340588 -14.773864 -15.467637 -16.304599 -16.166644 -16.781657 -17.245681
6.132710e+01 -12.094699 -13.298504 -14.740452 -15.441280 -16.274600 -16.129349 -16.735906 -17.214716
6.240710e+01 -12.029851 -13.254588 -14.707762 -15.410927 -16.241643 -16.089571 -16.690906 -17.180942
6.348710e+01 -11.963157 -13.206067 -14.670796 -15.378867 -16.208247 -16.044567 -16.640905 -17.139991
6.456710e+01 -11.898337 -13.158976 -14.631464 -15.344790 -16.174875 -16.000469 -16.588409 -17.096544
6.564710e+01 -11.834303 -13.114086 -14.593982 -15.313041 -16.144022 -15.960469 -16.542657 -17.058418
6.672710e+01 -11.783993 -13.073987 -14.560588 -15.287140 -16.115063 -15.922291 -16.496909 -17.027483
6.780710e+01 -11.725032 -13.033011 -14.528764 -15.259323 -16.084648 -15.884117 -16.456907 -16.996552
6.888710e+01 -11.666041 -12.992075 -14.496941 -15.231436 -16.052788 -15.844114 -16.413659 -16.960629
6.996710e+01 -11.606385 -12.950142 -14.461888 -15.199906 -16.021993 -15.801612 -16.367912 -16.922515
7.104710e+01 -11.547547 -12.907191 -14.425108 -15.169398 -15.992662 -15.761612 -16.324666 -16.884100
7.212710e+01 -11.496758 -12.867099 -14.389362 -15.141939 -15.964781 -15.724111 -16.280677 -16.850995
7.320710e+01 -11.442992 -12.829187 -14.357588 -15.115981 -15.937971 -15.685945 -16.243178 -16.820390
7.428710e+01 -11.389205 -12.790153 -14.325777 -15.088204 -15.907603 -15.648446 -16.207432 -16.789786
7.536710e+01 -11.335456 -12.751145 -14.293230 -15.058893 -15.879744 -15.608444 -16.166692 -16.756687
7.644710e+01 -11.279301 -12.709555 -14.256591 -15.028858 -15.851538 -15.569362 -16.125949 -16.721091
7.752710e+01 -11.231186 -12.670018 -14.219992 -14.999529 -15.825116 -15.531861 -16.082712 -16.685496
7.849900e+01 -11.183315 -12.634990 -14.189986 -14.974192 -15.802272 -15.499360 -16.051972 -16.659904
7.947100e+01 -11.137915 -12.601244 -14.161556 -14.951937 -15.779439 -15.466864 -16.023734 -16.636812
8.044300e+01 -11.092486 -12.567670 -14.132259 -14.927186 -15.754109 -15.434364 -15.995497 -16.611518
8.141500e+01 -11.046490 -12.533846 -14.100717 -14.900431 -15.728784 -15.401862 -15.962263 -16.583434
8.249500e+01 -10.998568 -12.494446 -14.065756 -14.871177 -15.702373 -15.364361 -15.920797 -16.548141
8.346700e+01 -10.951408 -12.459378 -14.034133 -14.846327 -15.680651 -15.330280 -15.885067 -16.520058
8.443900e+01 -10.907996 -12.424889 -14.003218 -14.822103 -15.657845 -15.298702 -15.855065 -16.494476
8.541100e+01 -10.865249 -12.392726 -13.975723 -14.798862 -15.635044 -15.268703 -15.829336 -16.471687
8.638300e+01 -10.820022 -12.360191 -13.947274 -14.775189 -15.609748 -15.237782 -15.801104 -16.448609
8.735500e+01 -10.776744 -12.327941 -13.917405 -14.749535 -15.585852 -15.206205 -15.771105 -16.423323
8.843500e+01 -10.732046 -12.290981 -13.883292 -14.721822 -15.560564 -15.169627 -15.732150 -16.390251
8.940700e+01 -10.689345 -12.257653 -13.852392 -14.697641 -15.537784 -15.137126 -15.698925 -16.362182
9.037900e+01 -10.646714 -12.225427 -13.823242 -14.673900 -15.516119 -15.107125 -15.670698 -16.336896
9.135100e+01 -10.606047 -12.193480 -13.794137 -14.650720 -15.493354 -15.077125 -15.644976 -16.316330
9.232300e+01 -10.563458 -12.162502 -13.767365 -14.628125 -15.469471 -15.048051 -15.619253 -16.293544
9.340300e+01 -10.521363 -12.128065 -13.735767 -14.602536 -15.445591 -15.014627 -15.587813 -16.267979
9.437500e+01 -10.480774 -12.096132 -13.706620 -14.578395 -15.422836 -14.983053 -15.555314 -16.242420
9.534700e+01 -10.440757 -12.064206 -13.677480 -14.554704 -15.401212 -14.953050 -15.524593 -16.214642
9.631900e+01 -10.398834 -12.033150 -13.648390 -14.531648 -15.379840 -14.921475 -15.496374 -16.189083
9.729100e+01 -10.361353 -12.001598 -13.621580 -14.508969 -15.358231 -14.893976 -15.470659 -16.166300
9.826300e+01 -10.321391 -11.971820 -13.593344 -14.486847 -15.335504 -14.866477 -15.445660 -16.148245
9.934300e+01 -10.278918 -11.939653 -13.564258 -14.462415 -15.309369 -14.833980 -15.418517 -16.123247
1.003150e+02 -10.239033 -11.908986 -13.536732 -14.438317 -15.286642 -14.806477 -15.390306 -16.100194
1.012870e+02 -10.199654 -11.878218 -13.508379 -14.416729 -15.266418 -14.774907 -15.360305 -16.074647
1.022590e+02 -10.161761 -11.846579 -13.479251 -14.393170 -15.246204 -14.745833 -15.332094 -16.049099
1.032310e+02 -10.122446 -11.818065 -13.452625 -14.371078 -15.223491 -14.718333 -15.307094 -16.026593
1.043110e+02 -10.082065 -11.786180 -13.424287 -14.347647 -15.197345 -14.688335 -15.282469 -16.006054
1.052830e+02 -10.044237 -11.757929 -13.397669 -14.325114 -15.173490 -14.660837 -15.259261 -15.985775
1.062550e+02 -10.006413 -11.728553 -13.371005 -14.302023 -15.150785 -14.633337 -15.234262 -15.965235
1.072270e+02 -9.966645 -11.696785 -13.343482 -14.278042 -15.129436 -14.603338 -15.206056 -15.939964
1.081990e+02 -9.928378 -11.667312 -13.315278 -14.255523 -15.105587 -14.575836 -15.177854 -15.916927
1.091710e+02 -9.888683 -11.637705 -13.289408 -14.234492 -15.084242 -14.549265 -15.154648 -15.894153
1.102510e+02 -9.850424 -11.607325 -13.262678 -14.211077 -15.058086 -14.519268 -15.131451 -15.873891
1.112230e+02 -9.813246 -11.580227 -13.237778 -14.189089 -15.036739 -14.493340 -15.110749 -15.856118
1.121950e+02 -9.778586 -11.551118 -13.211918 -14.168064 -15.015394 -14.466771 -15.085749 -15.835590
1.131670e+02 -9.741472 -11.522900 -13.185317 -14.146536 -14.995209 -14.439270 -15.060049 -15.812818
1.141390e+02 -9.706875 -11.493902 -13.160298 -14.124632 -14.975204 -14.412701 -15.034349 -15.790060
1.146790e+02 -9.688799 -11.480820 -13.146269 -14.113160 -14.962707 -14.397700 -15.022961 -15.779792
1.156510e+02 -9.654223 -11.452855 -13.122169 -14.093167 -14.941364 -14.371136 -15.000457 -15.759524
1.166230e+02 -9.622165 -11.425228 -13.097903 -14.072154 -14.920024 -14.346774 -14.979763 -15.741767
1.175950e+02 -9.588592 -11.398290 -13.072180 -14.051208 -14.900026 -14.321774 -14.959070 -15.724000
1.185670e+02 -9.556560 -11.371696 -13.048091 -14.031682 -14.879849 -14.295205 -14.936570 -15.703737
1.195390e+02 -9.525023 -11.345105 -13.023949 -14.011129 -14.859680 -14.270205 -14.912685 -15.683213
1.206190e+02 -9.490971 -11.315911 -12.995037 -13.987785 -14.837176 -14.238638 -14.886993 -15.660191
1.215910e+02 -9.459926 -11.289323 -12.970899 -13.967307 -14.818345 -14.213641 -14.866307 -15.640191
1.225630e+02 -9.428440 -11.262740 -12.947573 -13.948278 -14.797014 -14.188643 -14.846302 -15.622431
1.235350e+02 -9.397406 -11.237388 -12.925061 -13.928774 -14.776859 -14.165211 -14.827433 -15.607172
1.245070e+02 -9.368413 -11.212079 -12.901048 -13.907841 -14.756854 -14.140212 -14.807430 -15.589413
1.255870e+02 -9.334869 -11.183002 -12.874472 -13.886373 -14.736700 -14.111147 -14.783559 -15.566654
1.265590e+02 -9.303854 -11.156320 -12.848780 -13.865907 -14.717876 -14.086145 -14.761058 -15.546396
1.274230e+02 -9.277843 -11.134749 -12.828890 -13.848920 -14.700232 -14.063649 -14.742878 -15.530882
1.282870e+02 -9.251859 -11.110906 -12.807264 -13.830963 -14.683911 -14.042717 -14.726514 -15.515626
1.291510e+02 -9.223815 -11.089004 -12.785815 -13.814056 -14.667593 -14.022717 -14.709691 -15.502871
1.300150e+02 -9.197837 -11.065272 -12.765750 -13.795566 -14.648775 -14.000219 -14.694012 -15.487870
1.310950e+02 -9.166823 -11.038600 -12.739305 -13.774135 -14.628645 -13.972719 -14.673333 -15.469860
1.319590e+02 -9.138806 -11.014540 -12.717683 -13.756653 -14.613520 -13.951155 -14.655152 -15.452360
1.328230e+02 -9.112821 -10.991762 -12.696185 -13.738713 -14.597210 -13.928655 -14.635153 -15.437106
1.336870e+02 -9.086860 -10.969037 -12.674623 -13.721826 -14.580901 -13.907727 -14.619473 -15.421852
1.345510e+02 -9.061330 -10.946265 -12.653128 -13.704363 -14.565789 -13.887727 -14.603800 -15.408846
1.354150e+02 -9.035377 -10.924715 -12.633243 -13.687485 -14.549484 -13.866797 -14.586297 -15.396347
1.364950e+02 -9.004409 -10.896995 -12.606628 -13.665101 -14.530681 -13.840233 -14.568123 -15.378594
1.373590e+02 -8.976830 -10.874012 -12.585194 -13.648233 -14.514380 -13.819300 -14.552452 -15.363594
1.382230e+02 -8.950886 -10.851291 -12.563583 -13.630792 -14.499281 -13.799299 -14.534945 -15.348342
1.390870e+02 -8.925367 -10.828536 -12.541321 -13.612532 -14.485484 -13.776804 -14.516774 -15.333091
1.399510e+02 -8.899851 -10.806994 -12.521438 -13.595680 -14.469188 -13.756803 -14.501106 -15.320090
