#Magnitudes for spectra_toy01_urilight calculated by wsynphot
#with vega calibration file: https://archive.stsci.edu/hlsps/reference-atlases/cdbs/calspec/alpha_lyr_stis_003.fits 
#and with scipy 1D interpolation kind='cubic'.
#U,B,V,R,I are Generic Bessell filters and J, H, K are 2MASS filters, taken from http://svo2.cab.inta-csic.es/theory/fps/index.php 
#
#NTIMES: 108
#NBANDS: 8
#time[d] U B V R I J H K
2.037028e+00 -8.561235 -7.584391 -6.828017 -7.914726 -9.591037 -10.888377 -11.156921 -11.816777
2.112455e+00 -7.556333 -7.739366 -8.730273 -9.261996 -10.064236 -11.444992 -12.277411 -11.976065
2.190675e+00 -8.368412 -7.078829 -8.905092 -9.219497 -9.622765 -11.749284 -12.449649 -13.067992
2.271792e+00 -7.285740 -7.545707 -8.897718 -9.184174 -10.272862 -11.540215 -12.046234 -11.705758
2.355913e+00 -8.160810 -8.385851 -8.995367 -9.271811 -10.433112 -11.669254 -12.622563 -12.767201
2.443148e+00 inf -6.280200 -9.036351 -9.335720 -10.253011 -11.482071 -11.711984 -12.347226
2.533613e+00 -7.925526 -7.481362 -7.329203 -9.290937 -10.690018 -11.457823 -12.472765 -13.551971
2.627428e+00 -6.718315 -7.350849 -8.493814 -9.873146 -10.685151 -12.091796 -12.626077 -11.243462
2.724717e+00 -8.921112 -7.395782 -9.068101 -9.692599 -10.452053 -11.667516 -13.169444 -13.135654
2.825608e+00 -8.689996 -8.285794 -8.744728 -10.048703 -10.993417 -12.183624 -12.546018 -12.979219
2.930235e+00 -6.296259 -7.979544 -8.485784 -10.043977 -10.971869 -12.496695 -12.540450 -13.298387
3.038736e+00 -8.053346 -9.078942 -8.994787 -9.971599 -11.354285 -12.429768 -12.653463 -13.368674
3.151255e+00 -7.541782 -8.855154 -9.609319 -10.401312 -11.418059 -12.890450 -13.127098 -13.845972
3.267940e+00 -8.530714 -8.967250 -9.779649 -10.794183 -11.869875 -13.022515 -13.662136 -13.538896
3.388946e+00 -8.638229 -9.210439 -9.013946 -10.978942 -12.013033 -13.324949 -13.748764 -13.885416
3.514432e+00 -8.395374 -9.349110 -10.092655 -11.292695 -12.330762 -13.361462 -13.835153 -14.002255
3.644565e+00 -8.017787 -9.841295 -10.191898 -11.569668 -12.594575 -13.703131 -14.097952 -14.475041
3.779516e+00 -9.600848 -10.277687 -10.820150 -12.082094 -12.913753 -13.885493 -14.408003 -14.811199
3.919465e+00 -9.770369 -10.768469 -10.954821 -12.185929 -13.178477 -14.204459 -14.509719 -14.754651
4.064595e+00 -10.081828 -11.216970 -11.420860 -12.531335 -13.395006 -14.303701 -14.700436 -15.000002
4.215100e+00 -11.172879 -11.764162 -11.838741 -12.920943 -13.607694 -14.550170 -14.829769 -15.253321
4.371177e+00 -11.618948 -12.115390 -12.391745 -13.346519 -13.866822 -14.843365 -15.151776 -15.375229
4.533034e+00 -12.192581 -12.586478 -12.880559 -13.679657 -14.160845 -14.988308 -15.374916 -15.667641
4.700883e+00 -12.544777 -12.884454 -13.267218 -14.000925 -14.370551 -15.167557 -15.600778 -15.644647
4.874948e+00 -12.832898 -13.251818 -13.610856 -14.225661 -14.522599 -15.358900 -15.670520 -15.953918
5.055458e+00 -13.153284 -13.579717 -13.958509 -14.477442 -14.722556 -15.554162 -15.821354 -15.903760
5.242653e+00 -13.552910 -13.900330 -14.253920 -14.728983 -14.854597 -15.708796 -15.967341 -16.123740
5.436778e+00 -13.870698 -14.167232 -14.597927 -14.952984 -14.998279 -15.834814 -16.102284 -16.187824
5.638092e+00 -14.153314 -14.428677 -14.832245 -15.167825 -15.110633 -16.032144 -16.190924 -16.278304
5.846861e+00 -14.490655 -14.706805 -15.080246 -15.347924 -15.227335 -16.164517 -16.244671 -16.347627
6.063359e+00 -14.714844 -14.922550 -15.293142 -15.517195 -15.363433 -16.252590 -16.307481 -16.507452
6.287873e+00 -14.944274 -15.166522 -15.470916 -15.649959 -15.406485 -16.351173 -16.332777 -16.510301
6.520702e+00 -15.142776 -15.315551 -15.626312 -15.814605 -15.502049 -16.446070 -16.343154 -16.552148
6.762152e+00 -15.359865 -15.502887 -15.780949 -15.929133 -15.608240 -16.507226 -16.426991 -16.630307
7.012541e+00 -15.541862 -15.689039 -15.901515 -16.068017 -15.676513 -16.611193 -16.468224 -16.668664
7.272203e+00 -15.746371 -15.837037 -16.039745 -16.178809 -15.754598 -16.643721 -16.539511 -16.644668
7.541479e+00 -15.952178 -15.985519 -16.153629 -16.305539 -15.852973 -16.709035 -16.528924 -16.722755
7.820726e+00 -16.126442 -16.109421 -16.277967 -16.415510 -15.930784 -16.786063 -16.581466 -16.694721
8.110313e+00 -16.254600 -16.220284 -16.380839 -16.519308 -16.014560 -16.822955 -16.614681 -16.745442
8.410623e+00 -16.401707 -16.316051 -16.475471 -16.641285 -16.119221 -16.879818 -16.678297 -16.839125
8.722052e+00 -16.522044 -16.422909 -16.582246 -16.742603 -16.197055 -16.872177 -16.712528 -16.826335
9.045013e+00 -16.630637 -16.502833 -16.678098 -16.855224 -16.280385 -16.865905 -16.795980 -16.874502
9.379933e+00 -16.734392 -16.604538 -16.765059 -16.936692 -16.353761 -16.921139 -16.825663 -16.878614
9.727255e+00 -16.824582 -16.679774 -16.842619 -17.017157 -16.445340 -16.949251 -16.864036 -16.905398
1.008744e+01 -16.917130 -16.767315 -16.920246 -17.094779 -16.495403 -16.995720 -16.886364 -16.996796
1.046096e+01 -17.001278 -16.831043 -16.995451 -17.173926 -16.567318 -17.016822 -16.977857 -17.036352
1.084831e+01 -17.076175 -16.906879 -17.068735 -17.242327 -16.643558 -17.043456 -16.994333 -17.008853
1.125000e+01 -17.132880 -16.967584 -17.121577 -17.300028 -16.692415 -17.101600 -17.035371 -17.065989
1.166656e+01 -17.215001 -17.032461 -17.188502 -17.359285 -16.743780 -17.124096 -17.093420 -17.064387
1.209856e+01 -17.264303 -17.081598 -17.235272 -17.415669 -16.804665 -17.147820 -17.123847 -17.128138
1.254655e+01 -17.316644 -17.121227 -17.280365 -17.457220 -16.834274 -17.171423 -17.181189 -17.102093
1.301112e+01 -17.364702 -17.165918 -17.321586 -17.498778 -16.889502 -17.191858 -17.199977 -17.144856
1.349289e+01 -17.403707 -17.196265 -17.348470 -17.536102 -16.909254 -17.218593 -17.196162 -17.142927
1.399251e+01 -17.433132 -17.222817 -17.372995 -17.566698 -16.936645 -17.251447 -17.231556 -17.177303
1.451063e+01 -17.465032 -17.246829 -17.400220 -17.591450 -16.970135 -17.277079 -17.231122 -17.171424
1.504793e+01 -17.490444 -17.269272 -17.413737 -17.614796 -16.989089 -17.284246 -17.221978 -17.190396
1.560513e+01 -17.518438 -17.277858 -17.424627 -17.627667 -17.011770 -17.280446 -17.241739 -17.197865
1.618296e+01 -17.530614 -17.284832 -17.428705 -17.642091 -17.009842 -17.303998 -17.220574 -17.195961
1.678218e+01 -17.539905 -17.293945 -17.426612 -17.635114 -17.029997 -17.299801 -17.219600 -17.194015
1.740360e+01 -17.543986 -17.294615 -17.419677 -17.637465 -17.016348 -17.324634 -17.193595 -17.170706
1.804802e+01 -17.540835 -17.289156 -17.403452 -17.628325 -17.009659 -17.315617 -17.183338 -17.125099
1.871630e+01 -17.534019 -17.288838 -17.386053 -17.611347 -17.007552 -17.303728 -17.163153 -17.093870
1.940933e+01 -17.516415 -17.280483 -17.367651 -17.588512 -16.992420 -17.306110 -17.092283 -17.049157
2.012802e+01 -17.486810 -17.273851 -17.341380 -17.558196 -16.963373 -17.277540 -17.032632 -16.975627
2.087333e+01 -17.448838 -17.264921 -17.312294 -17.510281 -16.941992 -17.240076 -17.001343 -16.970573
2.164623e+01 -17.386872 -17.238657 -17.281645 -17.468391 -16.914838 -17.202956 -16.945984 -16.896512
2.244774e+01 -17.322020 -17.214010 -17.251250 -17.418061 -16.873296 -17.169701 -16.886748 -16.859950
2.327894e+01 -17.239326 -17.171385 -17.219283 -17.354504 -16.840790 -17.138446 -16.848364 -16.815337
2.414092e+01 -17.140626 -17.104037 -17.181343 -17.291951 -16.806757 -17.081685 -16.794503 -16.731374
2.503481e+01 -17.010512 -17.020700 -17.145641 -17.219887 -16.791010 -17.055957 -16.810814 -16.729219
2.596181e+01 -16.799904 -16.901135 -17.105920 -17.148379 -16.769164 -17.049012 -16.826758 -16.730193
2.692312e+01 -16.564612 -16.811307 -17.044386 -17.082281 -16.747487 -17.027302 -16.872862 -16.713831
2.792004e+01 -16.334897 -16.724991 -16.994487 -17.027055 -16.728621 -17.089886 -16.918519 -16.689854
2.895387e+01 -16.116962 -16.619758 -16.935489 -16.981658 -16.721206 -17.128452 -16.954942 -16.715569
3.002597e+01 -15.899212 -16.504101 -16.872109 -16.947866 -16.744550 -17.155500 -17.024529 -16.763045
3.113778e+01 -15.722042 -16.376738 -16.803818 -16.921153 -16.755051 -17.157758 -17.098610 -16.773958
3.229075e+01 -15.535457 -16.247783 -16.742748 -16.891465 -16.777733 -17.145559 -17.117349 -16.805531
3.348642e+01 -15.381673 -16.121004 -16.673341 -16.855518 -16.789884 -17.150661 -17.208155 -16.780657
3.472636e+01 -15.230581 -16.019237 -16.598407 -16.819627 -16.790139 -17.129163 -17.242595 -16.824618
3.601222e+01 -15.096446 -15.910911 -16.523644 -16.772118 -16.789144 -17.125297 -17.273792 -16.826931
3.734568e+01 -14.987935 -15.812736 -16.441209 -16.718849 -16.763026 -17.080025 -17.280582 -16.792642
3.872852e+01 -14.871171 -15.720216 -16.363799 -16.668427 -16.748376 -17.048466 -17.287456 -16.800482
4.016256e+01 -14.786570 -15.645971 -16.295855 -16.627986 -16.702164 -17.005089 -17.285720 -16.775338
4.164970e+01 -14.717821 -15.581936 -16.230716 -16.586848 -16.648762 -16.958319 -17.265668 -16.696597
4.319192e+01 -14.643292 -15.517102 -16.158332 -16.528475 -16.588208 -16.899332 -17.247323 -16.647251
4.479123e+01 -14.603050 -15.454627 -16.100128 -16.475249 -16.511385 -16.829408 -17.200185 -16.610836
4.644977e+01 -14.547673 -15.398390 -16.036049 -16.402293 -16.448028 -16.757122 -17.176141 -16.513668
4.816972e+01 -14.495788 -15.349140 -15.965753 -16.322353 -16.350599 -16.664091 -17.138378 -16.421925
4.995336e+01 -14.443203 -15.305039 -15.907044 -16.248238 -16.249351 -16.580939 -17.104057 -16.273981
5.180304e+01 -14.388218 -15.246414 -15.856129 -16.167336 -16.160161 -16.496071 -17.080945 -16.269889
5.372120e+01 -14.329561 -15.207008 -15.799897 -16.089051 -16.054774 -16.420488 -17.036684 -16.131195
5.571040e+01 -14.275502 -15.153759 -15.738012 -16.007809 -15.970676 -16.345027 -16.995131 -16.041136
5.777325e+01 -14.186274 -15.101797 -15.684824 -15.914059 -15.851274 -16.257335 -16.960436 -16.034012
5.991249e+01 -14.134911 -15.047257 -15.625531 -15.824258 -15.754145 -16.195282 -16.925230 -15.928893
6.213094e+01 -14.052324 -14.991041 -15.566018 -15.725375 -15.661794 -16.094152 -16.881381 -15.787739
6.443153e+01 -13.970768 -14.936412 -15.513683 -15.634240 -15.552927 -16.035977 -16.838050 -15.736305
6.681731e+01 -13.857901 -14.865296 -15.445490 -15.531213 -15.458170 -15.981317 -16.815481 -15.598498
6.929144e+01 -13.761275 -14.802084 -15.381927 -15.436100 -15.357040 -15.897872 -16.744564 -15.511662
7.185717e+01 -13.643695 -14.717087 -15.320336 -15.340313 -15.254987 -15.819323 -16.709760 -15.367544
7.451791e+01 -13.520871 -14.628347 -15.249591 -15.239149 -15.159604 -15.758109 -16.667056 -15.198588
7.727716e+01 -13.349772 -14.539070 -15.195037 -15.152209 -15.080077 -15.711184 -16.604978 -15.033892
8.013859e+01 -13.219659 -14.439945 -15.118454 -15.063214 -14.979334 -15.654288 -16.575853 -14.767641
8.310597e+01 -12.992551 -14.314796 -15.038458 -14.985905 -14.914482 -15.617983 -16.497279 -14.550800
8.618323e+01 -12.716088 -14.163303 -14.923825 -14.916454 -14.845645 -15.607634 -16.455551 -14.392237
8.937444e+01 -12.373312 -13.981658 -14.794025 -14.862598 -14.832844 -15.598695 -16.407660 -14.113590
9.268381e+01 -12.001431 -13.732813 -14.633048 -14.828505 -14.845903 -15.624564 -16.427562 -13.888977
9.611572e+01 -11.529455 -13.383113 -14.392671 -14.795931 -14.906168 -15.670876 -16.393296 -13.640462
9.967470e+01 -10.972082 -12.954111 -14.102218 -14.750374 -14.975900 -15.706839 -16.373880 -13.297982
