#Magnitudes for spectra_toy01_supernu calculated by wsynphot
#with vega calibration file: https://archive.stsci.edu/hlsps/reference-atlases/cdbs/calspec/alpha_lyr_stis_003.fits 
#and with scipy 1D interpolation kind='cubic'.
#U,B,V,R,I are Generic Bessell filters and J, H, K are 2MASS filters, taken from http://svo2.cab.inta-csic.es/theory/fps/index.php 
#
#NTIMES: 191
#NBANDS: 8
#time[d] U B V R I J H K
2.018616e+00 -12.748223 -13.507941 -14.358537 -14.839139 -15.019050 -15.870700 -16.148685 -16.304785
2.056193e+00 -12.343736 -13.289534 -14.187331 -14.675226 -14.860348 -15.739221 -16.043227 -16.177547
2.094470e+00 -11.861298 -12.944720 -13.886948 -14.398090 -14.606106 -15.537914 -15.873713 -16.037627
2.133460e+00 -11.399322 -12.432858 -13.409124 -13.978018 -14.316584 -15.199714 -15.529417 -15.706068
2.173176e+00 -10.912406 -11.753257 -12.549355 -13.274211 -13.993671 -14.710356 -14.992234 -15.247760
2.213630e+00 -10.300081 -11.048342 -11.680311 -12.596674 -13.696759 -14.374266 -14.575753 -14.811692
2.254838e+00 -9.785274 -10.645411 -11.250620 -12.279596 -13.463828 -14.245197 -14.433324 -14.720854
2.296813e+00 -9.137303 -10.070707 -10.759564 -11.948565 -13.220274 -14.128145 -14.323243 -14.624668
2.339570e+00 -8.308041 -9.549900 -10.218830 -11.589296 -12.988573 -13.987867 -14.175444 -14.529268
2.383122e+00 -7.662496 -8.862490 -9.672707 -11.245316 -12.741511 -13.838451 -13.997689 -14.470757
2.427485e+00 -6.930365 -8.256561 -9.105134 -10.877469 -12.513250 -13.679742 -13.803940 -14.289742
2.472674e+00 -6.468163 -7.639181 -8.486394 -10.571804 -12.258603 -13.459071 -13.584441 -14.151414
2.518704e+00 -5.311462 -6.881236 -7.902354 -10.311710 -12.068690 -13.216828 -13.413822 -14.069135
2.565592e+00 -2.817246 -6.002411 -7.626526 -10.102619 -11.860983 -13.012840 -13.219932 -14.007331
2.613351e+00 -1.128074 -5.599551 -7.348189 -9.931657 -11.650172 -12.805327 -13.087338 -14.015825
2.662000e+00 1.733874 -4.863436 -6.781569 -9.639113 -11.421158 -12.614919 -13.016628 -13.900491
2.711555e+00 2.754173 -4.748219 -6.746819 -9.442572 -11.237501 -12.448237 -12.924132 -13.879486
2.762032e+00 2.468489 -4.575750 -6.319363 -9.251286 -11.046607 -12.275030 -12.788987 -13.803761
2.813449e+00 3.358573 -3.940557 -6.085595 -9.021324 -10.850354 -12.090308 -12.699887 -13.739511
2.865823e+00 3.651444 -3.751316 -5.902585 -8.772469 -10.657369 -11.943686 -12.509221 -13.665048
2.919172e+00 1.474301 -3.871910 -5.461058 -8.532567 -10.465637 -11.746019 -12.409516 -13.557287
2.973513e+00 5.362731 -2.825953 -4.969306 -8.288032 -10.256646 -11.601211 -12.241374 -13.424189
3.028867e+00 5.063281 -2.523430 -5.040082 -8.055770 -10.043566 -11.418397 -12.042168 -13.242691
3.085251e+00 3.692103 -2.220418 -4.610441 -7.878656 -9.901057 -11.224016 -11.951033 -13.097668
3.142685e+00 1.181004 -2.314878 -4.611017 -7.696787 -9.728720 -11.123392 -11.764711 -12.965628
3.201188e+00 3.513731 -2.088120 -4.348136 -7.526439 -9.569942 -10.922766 -11.605253 -12.740919
3.260779e+00 4.252269 -2.158860 -4.400154 -7.490678 -9.516442 -10.815275 -11.524372 -12.580510
3.321481e+00 2.754041 -2.763834 -4.665635 -7.419414 -9.433938 -10.799507 -11.404736 -12.474897
3.383312e+00 1.676558 -3.049875 -4.828836 -7.215595 -9.322809 -10.720753 -11.400389 -12.374193
3.446294e+00 0.907047 -2.545866 -5.030248 -7.717667 -9.666485 -10.691762 -11.540607 -12.355912
3.510449e+00 0.941492 -3.488101 -5.771268 -7.822048 -9.498200 -11.095654 -11.448479 -12.648674
3.575797e+00 0.198067 -2.963231 -6.183377 -8.152381 -9.891912 -10.970075 -11.642394 -12.416129
3.642363e+00 0.398985 -5.889723 -7.433030 -7.985519 -9.888417 -11.416994 -11.686706 -12.534776
3.710167e+00 -1.702637 -2.638573 -6.314694 -8.049193 -9.963760 -11.189197 -11.750647 -12.814746
3.779234e+00 -3.188691 -3.791212 -5.971892 -7.877491 -9.858036 -11.649666 -11.748801 -12.667777
3.849587e+00 -3.028929 -3.588808 -6.654616 -8.480671 -10.309724 -11.350281 -11.915029 -12.832114
3.921249e+00 -3.726036 -6.166657 -6.252987 -8.396930 -10.003533 -11.591498 -12.302683 -13.037283
3.994245e+00 -4.421041 -4.623029 -5.087051 -8.725499 -10.157275 -11.690781 -12.334349 -12.929968
4.068600e+00 -2.670768 -3.179913 -5.092434 -8.663885 -10.471270 -12.011078 -12.553615 -13.368424
4.144339e+00 -4.445269 -3.739298 -5.821541 -9.320936 -10.909472 -12.123866 -12.724251 -13.141636
4.221489e+00 -1.490053 -3.540159 -5.723562 -9.369025 -11.063907 -12.219318 -12.595519 -13.555272
4.300074e+00 -3.848155 -3.081709 -6.637310 -9.494784 -11.186426 -12.450625 -12.796711 -13.464193
4.380122e+00 -3.459077 -4.293620 -6.857153 -9.682743 -11.244398 -12.661735 -13.196400 -13.725892
4.461660e+00 -3.869132 -4.024946 -7.538242 -9.788134 -11.213750 -12.596639 -13.108597 -13.662595
4.544717e+00 -2.597203 -4.706860 -7.050309 -9.728988 -11.241257 -12.675762 -13.275958 -14.029907
4.629319e+00 -3.387822 -4.658377 -7.565606 -9.707020 -11.531084 -12.996221 -13.454863 -14.184781
4.715496e+00 -3.128040 -5.537560 -7.232580 -10.001023 -11.581778 -13.011754 -13.500187 -14.228525
4.803278e+00 -1.980228 -5.279225 -6.980989 -9.970351 -11.643640 -13.139168 -13.627356 -14.199812
4.892694e+00 -4.213535 -5.066692 -7.472934 -10.170850 -11.967850 -13.239321 -13.780315 -14.284348
4.983774e+00 -4.513159 -5.197331 -7.677626 -10.371972 -12.044659 -13.381471 -13.923725 -14.535388
5.076549e+00 -4.979455 -5.422529 -7.244343 -10.550118 -12.206614 -13.533161 -14.074134 -14.631971
5.171052e+00 -5.669760 -5.651314 -7.717380 -10.701793 -12.435114 -13.687660 -14.239483 -14.882909
5.267314e+00 -5.511310 -5.775257 -7.745494 -10.836233 -12.621243 -13.942373 -14.367790 -14.963367
5.365368e+00 -6.816838 -6.710241 -8.048896 -11.188499 -12.774099 -13.944589 -14.403485 -15.137387
5.465247e+00 -5.699472 -6.835357 -8.069695 -11.168210 -12.786286 -14.138426 -14.503680 -15.114395
5.566986e+00 -4.834202 -7.297291 -8.514939 -11.336505 -13.012598 -14.287791 -14.669290 -15.362298
5.670618e+00 -5.338021 -7.371870 -8.633842 -11.630995 -13.144686 -14.393570 -14.817345 -15.341061
5.776180e+00 -6.248845 -8.314775 -8.699513 -11.663971 -13.244425 -14.564102 -14.865836 -15.508168
5.883707e+00 -5.596486 -8.396676 -9.232443 -11.788716 -13.322242 -14.667074 -15.007090 -15.686336
5.993235e+00 -6.903301 -8.653797 -9.247390 -11.928019 -13.475680 -14.782088 -15.097917 -15.760847
6.104802e+00 -6.335602 -9.430025 -9.542604 -12.086165 -13.629203 -14.902012 -15.227793 -15.780495
6.218447e+00 -6.548396 -9.725763 -10.031929 -12.297433 -13.795430 -14.991503 -15.279835 -15.883961
6.334206e+00 -7.402725 -10.107729 -10.231258 -12.488043 -13.939937 -15.161611 -15.372472 -15.984842
6.452121e+00 -6.945380 -10.669545 -10.373861 -12.717303 -14.067627 -15.227970 -15.465901 -16.041835
6.572231e+00 -7.717075 -11.001686 -10.783706 -12.947821 -14.238998 -15.326674 -15.584325 -16.162241
6.694577e+00 -8.035641 -11.426648 -11.105036 -13.163012 -14.347490 -15.452912 -15.717886 -16.241882
6.819200e+00 -9.018976 -11.703880 -11.282401 -13.367379 -14.460944 -15.548407 -15.767240 -16.348945
6.946143e+00 -9.179684 -11.977420 -11.675660 -13.596829 -14.575208 -15.660180 -15.884262 -16.428732
7.075449e+00 -9.976869 -12.234261 -11.911978 -13.768167 -14.674094 -15.760442 -15.986761 -16.564071
7.207162e+00 -10.828256 -12.525760 -12.251984 -13.974519 -14.764766 -15.871282 -16.067172 -16.594742
7.341328e+00 -11.476760 -12.739009 -12.553259 -14.148761 -14.901627 -16.000032 -16.208694 -16.711382
7.477991e+00 -12.020083 -13.006157 -12.891074 -14.331217 -15.025130 -16.084613 -16.276065 -16.784183
7.617197e+00 -12.429448 -13.209565 -13.274608 -14.531962 -15.121730 -16.182635 -16.416205 -16.895417
7.758996e+00 -12.758321 -13.440891 -13.624870 -14.711146 -15.220830 -16.264921 -16.518240 -16.962824
7.903434e+00 -13.001218 -13.635639 -13.939911 -14.892285 -15.330098 -16.353841 -16.608486 -17.015758
8.050560e+00 -13.300012 -13.808723 -14.186667 -15.039970 -15.416991 -16.456612 -16.697659 -17.141696
8.200426e+00 -13.450857 -13.985730 -14.430386 -15.201786 -15.508850 -16.535472 -16.808551 -17.185631
8.353081e+00 -13.637704 -14.125713 -14.621742 -15.337004 -15.613306 -16.631165 -16.877884 -17.236616
8.508579e+00 -13.759703 -14.263806 -14.810061 -15.471241 -15.698349 -16.689240 -16.933978 -17.326477
8.666970e+00 -13.917952 -14.400927 -14.987960 -15.591940 -15.786021 -16.773553 -17.026976 -17.339848
8.828311e+00 -14.035909 -14.531727 -15.142904 -15.706328 -15.880066 -16.844932 -17.058404 -17.412824
8.992655e+00 -14.143648 -14.656638 -15.309134 -15.826846 -15.974095 -16.920374 -17.114499 -17.416799
9.160058e+00 -14.230449 -14.772456 -15.450670 -15.918508 -16.044748 -16.997163 -17.179412 -17.446806
9.330577e+00 -14.339458 -14.880636 -15.589971 -16.026770 -16.127931 -17.059592 -17.238408 -17.519290
9.504271e+00 -14.430968 -14.999406 -15.714154 -16.120516 -16.211329 -17.124770 -17.274769 -17.483121
9.681198e+00 -14.520394 -15.120652 -15.837382 -16.217207 -16.273212 -17.176079 -17.335678 -17.539408
9.861419e+00 -14.600747 -15.219028 -15.949284 -16.294549 -16.338987 -17.226718 -17.378145 -17.579591
1.004499e+01 -14.682856 -15.321840 -16.041758 -16.376360 -16.430508 -17.288679 -17.420934 -17.611838
1.023199e+01 -14.742469 -15.417872 -16.136158 -16.449318 -16.492536 -17.345060 -17.461046 -17.631283
1.042246e+01 -14.811646 -15.519405 -16.219502 -16.516597 -16.570279 -17.398877 -17.487591 -17.655297
1.061648e+01 -14.892064 -15.606033 -16.295709 -16.577820 -16.634865 -17.430695 -17.524305 -17.679414
1.081411e+01 -14.959852 -15.686491 -16.365417 -16.634849 -16.710331 -17.476020 -17.557433 -17.729698
1.101542e+01 -15.017746 -15.764624 -16.429198 -16.688948 -16.780679 -17.523788 -17.581913 -17.753708
1.122048e+01 -15.082303 -15.851414 -16.489598 -16.745879 -16.847400 -17.552800 -17.611920 -17.783984
1.142936e+01 -15.136061 -15.920454 -16.539561 -16.782964 -16.914667 -17.589928 -17.642137 -17.805903
1.164212e+01 -15.195424 -15.987432 -16.590357 -16.829075 -16.969702 -17.617565 -17.654893 -17.820623
1.185885e+01 -15.252036 -16.055272 -16.640159 -16.873610 -17.037595 -17.647215 -17.708744 -17.853431
1.207960e+01 -15.307787 -16.117243 -16.684175 -16.912893 -17.094211 -17.684938 -17.715869 -17.879595
1.230447e+01 -15.364426 -16.177510 -16.734867 -16.952743 -17.144879 -17.715365 -17.748062 -17.902209
1.253353e+01 -15.422357 -16.231010 -16.777875 -16.992538 -17.199033 -17.745951 -17.763463 -17.943867
1.276685e+01 -15.481020 -16.283535 -16.808126 -17.025626 -17.244597 -17.778858 -17.772141 -17.931889
1.300451e+01 -15.545022 -16.332179 -16.841105 -17.061741 -17.303930 -17.813047 -17.798234 -17.974391
1.324659e+01 -15.583812 -16.384021 -16.881509 -17.095057 -17.349419 -17.855269 -17.827015 -17.981387
1.349319e+01 -15.649327 -16.425974 -16.919681 -17.130902 -17.386576 -17.882438 -17.834689 -18.012801
1.374437e+01 -15.708399 -16.473692 -16.946304 -17.159368 -17.434975 -17.917934 -17.852437 -18.018536
1.400023e+01 -15.765610 -16.510629 -16.973669 -17.187541 -17.481681 -17.939605 -17.869979 -18.046650
1.426085e+01 -15.814371 -16.550555 -17.000896 -17.213783 -17.512401 -17.965942 -17.884600 -18.062773
1.452632e+01 -15.861551 -16.583252 -17.027610 -17.246912 -17.555889 -17.995908 -17.898885 -18.073946
1.479674e+01 -15.906650 -16.617881 -17.052441 -17.271137 -17.587282 -18.019490 -17.908527 -18.097947
1.507219e+01 -15.951016 -16.651776 -17.076914 -17.293490 -17.628132 -18.046839 -17.916308 -18.104966
1.535277e+01 -15.985978 -16.674586 -17.095909 -17.319184 -17.660435 -18.071025 -17.930003 -18.119459
1.563857e+01 -16.024643 -16.701059 -17.114329 -17.341073 -17.694519 -18.096804 -17.956380 -18.134641
1.592969e+01 -16.064085 -16.725723 -17.132368 -17.359246 -17.722732 -18.117574 -17.952193 -18.136160
1.622623e+01 -16.090577 -16.743121 -17.148744 -17.380226 -17.746431 -18.133740 -17.967295 -18.148542
1.652829e+01 -16.121413 -16.760234 -17.162466 -17.396089 -17.770940 -18.151665 -17.977790 -18.156101
1.683597e+01 -16.134253 -16.779344 -17.169991 -17.412863 -17.796281 -18.173908 -17.990028 -18.163826
1.714938e+01 -16.154056 -16.794703 -17.189474 -17.429668 -17.811295 -18.185677 -17.993650 -18.174896
1.746862e+01 -16.167767 -16.806947 -17.198474 -17.444284 -17.833629 -18.196435 -17.996606 -18.187674
1.779381e+01 -16.178269 -16.818667 -17.205002 -17.455072 -17.852579 -18.210553 -17.999670 -18.194327
1.812505e+01 -16.175734 -16.824310 -17.215087 -17.466773 -17.866882 -18.217135 -18.018033 -18.200063
1.846246e+01 -16.180405 -16.828764 -17.218854 -17.471749 -17.875452 -18.224433 -18.025204 -18.190284
1.880615e+01 -16.166227 -16.831740 -17.223913 -17.477268 -17.885475 -18.232985 -18.022661 -18.212565
1.915624e+01 -16.157838 -16.837040 -17.226173 -17.478820 -17.888999 -18.235264 -18.022764 -18.199000
1.951284e+01 -16.134853 -16.840878 -17.228446 -17.486175 -17.895972 -18.239799 -18.029205 -18.205678
1.987608e+01 -16.112061 -16.841617 -17.229144 -17.481989 -17.896155 -18.244670 -18.036764 -18.222227
2.024609e+01 -16.064633 -16.840936 -17.234131 -17.486841 -17.894737 -18.236839 -18.030997 -18.215195
2.062298e+01 -16.013073 -16.830198 -17.230267 -17.475332 -17.884455 -18.229359 -18.025596 -18.216793
2.100689e+01 -15.962812 -16.818194 -17.226543 -17.473841 -17.876942 -18.220846 -18.025871 -18.226321
2.139794e+01 -15.893842 -16.802671 -17.222861 -17.465817 -17.863320 -18.211995 -18.034635 -18.216353
2.179628e+01 -15.827852 -16.785035 -17.220464 -17.454472 -17.846005 -18.192482 -18.029551 -18.211273
2.220203e+01 -15.758523 -16.759301 -17.216207 -17.443038 -17.826476 -18.177713 -18.023973 -18.212610
2.261533e+01 -15.683366 -16.729300 -17.209639 -17.428522 -17.803682 -18.162155 -18.023762 -18.197240
2.303633e+01 -15.578526 -16.697704 -17.197464 -17.417463 -17.778909 -18.143091 -18.025729 -18.215022
2.346516e+01 -15.444671 -16.657617 -17.188870 -17.403030 -17.754268 -18.118222 -18.019816 -18.223143
2.390198e+01 -15.352783 -16.609919 -17.177405 -17.382778 -17.713522 -18.100948 -18.013848 -18.202726
2.434692e+01 -15.251972 -16.551720 -17.156572 -17.363717 -17.681044 -18.081113 -18.005136 -18.193535
2.480016e+01 -15.127112 -16.483419 -17.136794 -17.338850 -17.640445 -18.061172 -18.004380 -18.198032
2.526182e+01 -14.973432 -16.405683 -17.112612 -17.311130 -17.590050 -18.035774 -17.988551 -18.180623
2.573209e+01 -14.829692 -16.320088 -17.082718 -17.283471 -17.546358 -18.019793 -17.991326 -18.184496
2.621110e+01 -14.670852 -16.230240 -17.049482 -17.249882 -17.494810 -17.999510 -17.995565 -18.175919
2.669904e+01 -14.518477 -16.129887 -17.003739 -17.215183 -17.441051 -17.986034 -17.989282 -18.174704
2.719605e+01 -14.364829 -16.024072 -16.960533 -17.177801 -17.389186 -17.966504 -17.987788 -18.198688
2.770232e+01 -14.231139 -15.923552 -16.909857 -17.133138 -17.336482 -17.949299 -18.000149 -18.201668
2.821802e+01 -14.067148 -15.827702 -16.853984 -17.094422 -17.301919 -17.935830 -17.988980 -18.194945
2.874331e+01 -13.873466 -15.726319 -16.800887 -17.052626 -17.255909 -17.902885 -17.990300 -18.206044
2.927838e+01 -13.730965 -15.630638 -16.734364 -17.005619 -17.225704 -17.872951 -17.983594 -18.207741
2.982342e+01 -13.587631 -15.523102 -16.666690 -16.964885 -17.198357 -17.850268 -17.965243 -18.218635
3.037860e+01 -13.459293 -15.426281 -16.598706 -16.918485 -17.175425 -17.814923 -17.953934 -18.218800
3.094411e+01 -13.260509 -15.329433 -16.522861 -16.871486 -17.152665 -17.782281 -17.947897 -18.231134
3.152015e+01 -13.128108 -15.228674 -16.449864 -16.819110 -17.136843 -17.754734 -17.934087 -18.228868
3.210692e+01 -12.983785 -15.136660 -16.370402 -16.771546 -17.123492 -17.727918 -17.924912 -18.252053
3.270460e+01 -12.878202 -15.057822 -16.296724 -16.726771 -17.109814 -17.693964 -17.917215 -18.250534
3.331342e+01 -12.774777 -14.971827 -16.216168 -16.675677 -17.099933 -17.674697 -17.893840 -18.255471
3.393357e+01 -12.656843 -14.900923 -16.141174 -16.620617 -17.095104 -17.653155 -17.891651 -18.281000
3.456526e+01 -12.543090 -14.836259 -16.056328 -16.568531 -17.082419 -17.624048 -17.873666 -18.296720
3.520871e+01 -12.422267 -14.773021 -15.967017 -16.517793 -17.081966 -17.603795 -17.857819 -18.308316
3.586414e+01 -12.304481 -14.709064 -15.896165 -16.465552 -17.069034 -17.579703 -17.842633 -18.335882
3.653177e+01 -12.180191 -14.661630 -15.830058 -16.423141 -17.066791 -17.559180 -17.834095 -18.354320
3.721183e+01 -12.081663 -14.603669 -15.765584 -16.381099 -17.056472 -17.539845 -17.811433 -18.366466
3.790455e+01 -12.013188 -14.556064 -15.704978 -16.334144 -17.045601 -17.523838 -17.799790 -18.394712
3.861016e+01 -11.963149 -14.507970 -15.651938 -16.295908 -17.035596 -17.501964 -17.787914 -18.404232
3.932891e+01 -11.911898 -14.464912 -15.610939 -16.262887 -17.019839 -17.479201 -17.769772 -18.435265
4.006104e+01 -11.863336 -14.421857 -15.564870 -16.218119 -17.002277 -17.457096 -17.751016 -18.451899
4.080680e+01 -11.798856 -14.379732 -15.525478 -16.177292 -16.989350 -17.437978 -17.725873 -18.461119
4.156644e+01 -11.701708 -14.333128 -15.481880 -16.130307 -16.969951 -17.409335 -17.702618 -18.471919
4.234022e+01 -11.651804 -14.297762 -15.441129 -16.089488 -16.949416 -17.384349 -17.682027 -18.466586
4.312841e+01 -11.601422 -14.254173 -15.397314 -16.039554 -16.922302 -17.353573 -17.647043 -18.472878
4.393126e+01 -11.528229 -14.215344 -15.359082 -15.995277 -16.894940 -17.329711 -17.623895 -18.450946
4.474907e+01 -11.425376 -14.171425 -15.319794 -15.945078 -16.863858 -17.284887 -17.594104 -18.435105
4.558210e+01 -11.317099 -14.133326 -15.281376 -15.900542 -16.835207 -17.254206 -17.559947 -18.409204
4.643063e+01 -11.170104 -14.092294 -15.239174 -15.855787 -16.806585 -17.211082 -17.529802 -18.389516
4.729496e+01 -11.118536 -14.057143 -15.192636 -15.811603 -16.774465 -17.168949 -17.491633 -18.364436
4.817539e+01 -11.018806 -14.017001 -15.164180 -15.766610 -16.748408 -17.129376 -17.457127 -18.341788
4.907220e+01 -10.920623 -13.987846 -15.127373 -15.724390 -16.717592 -17.085663 -17.416736 -18.312208
4.998570e+01 -10.814241 -13.950578 -15.094250 -15.681650 -16.684194 -17.043758 -17.378801 -18.285915
5.091621e+01 -10.713668 -13.922557 -15.058800 -15.643723 -16.659498 -17.007961 -17.339276 -18.248371
5.186405e+01 -10.677680 -13.875499 -15.021044 -15.610937 -16.634380 -16.963562 -17.289838 -18.224420
5.282952e+01 -10.569597 -13.843646 -14.983122 -15.573236 -16.611581 -16.934435 -17.246809 -18.191821
5.381298e+01 -10.498301 -13.807168 -14.945137 -15.530253 -16.578112 -16.893933 -17.204535 -18.163298
5.481473e+01 -10.348116 -13.778534 -14.915146 -15.505296 -16.553574 -16.859717 -17.166483 -18.129646
5.583514e+01 -10.301216 -13.743051 -14.877086 -15.470172 -16.527900 -16.822379 -17.111767 -18.098980
5.687454e+01 -10.198292 -13.709795 -14.840737 -15.433623 -16.502619 -16.789674 -17.061531 -18.064559
5.793329e+01 -10.102030 -13.677191 -14.798219 -15.402335 -16.471347 -16.759143 -17.008726 -18.035553
5.901175e+01 -10.040334 -13.644731 -14.765768 -15.366607 -16.444306 -16.709181 -16.954201 -17.996762
6.011029e+01 -9.940743 -13.600652 -14.718235 -15.334373 -16.416335 -16.679141 -16.889373 -17.965797
6.122927e+01 -9.771533 -13.558243 -14.673617 -15.301042 -16.385708 -16.640908 -16.819842 -17.935407
6.236909e+01 -9.646179 -13.510825 -14.620851 -15.270421 -16.357161 -16.602695 -16.763447 -17.898908
6.353012e+01 -9.478257 -13.460361 -14.572524 -15.240816 -16.327389 -16.564003 -16.686203 -17.869326
6.471277e+01 -9.406669 -13.402709 -14.517231 -15.211356 -16.295371 -16.525015 -16.617052 -17.830995
6.591744e+01 -9.185392 -13.344314 -14.463988 -15.181617 -16.268960 -16.488554 -16.545173 -17.798606
6.714452e+01 -9.067841 -13.282442 -14.404678 -15.154893 -16.236385 -16.449322 -16.471319 -17.760824
