#NTIMES: 50
#NVEL 78
#TIMES[d]: 199.16 202.03 204.93 207.87 210.86 213.89 216.97 220.09 223.25 226.46 229.71 233.01 236.36 239.76 243.21 246.70 250.25 253.85 257.50 261.20 264.95 268.76 272.62 276.54 280.51 284.55 288.64 292.79 296.99 301.26 305.59 309.99 314.44 318.96 323.55 328.19 332.91 337.70 342.55 347.48 352.47 357.54 362.68 367.89 373.18 378.54 383.98 389.50 395.10 400.78
#vel_mid[km/s] ne_t0[/cm^3] ne_t1[/cm^3] … ne_tn[/cm^3]
440.10 6.17e+06 5.92e+06 5.72e+06 5.39e+06 5.18e+06 4.88e+06 4.69e+06 4.39e+06 4.25e+06 4.02e+06 3.79e+06 3.67e+06 3.48e+06 3.34e+06 3.21e+06 3.01e+06 2.89e+06 2.95e+06 2.59e+06 2.51e+06 2.40e+06 2.23e+06 2.16e+06 2.03e+06 2.06e+06 1.86e+06 1.78e+06 1.72e+06 1.64e+06 1.67e+06 1.44e+06 1.39e+06 1.30e+06 1.30e+06 1.19e+06 1.13e+06 1.11e+06 1.02e+06 9.95e+05 9.46e+05 8.65e+05 7.97e+05 7.70e+05 7.06e+05 6.82e+05 6.29e+05 6.12e+05 5.62e+05 5.24e+05 4.86e+05
886.22 5.82e+06 6.10e+06 5.58e+06 5.22e+06 5.05e+06 4.93e+06 4.60e+06 4.45e+06 4.17e+06 3.75e+06 3.69e+06 3.60e+06 3.38e+06 3.18e+06 3.08e+06 3.86e+06 2.97e+06 2.73e+06 2.63e+06 2.43e+06 3.72e+06 2.35e+06 2.12e+06 2.04e+06 1.89e+06 2.30e+06 1.74e+06 1.62e+06 1.58e+06 1.54e+06 1.71e+06 1.35e+06 1.22e+06 1.21e+06 1.20e+06 1.06e+06 1.11e+06 1.08e+06 9.28e+05 7.44e+05 7.57e+05 8.52e+05 8.25e+05 6.21e+05 6.03e+05 5.15e+05 4.77e+05 5.34e+05 4.27e+05 4.04e+05
906.14 6.15e+06 5.75e+06 5.27e+06 5.18e+06 4.83e+06 4.66e+06 4.54e+06 4.38e+06 4.24e+06 4.11e+06 3.84e+06 3.72e+06 3.32e+06 3.27e+06 3.15e+06 3.05e+06 2.88e+06 3.53e+06 2.60e+06 2.49e+06 2.24e+06 2.19e+06 2.23e+06 2.08e+06 2.07e+06 1.79e+06 1.79e+06 1.54e+06 1.63e+06 1.47e+06 1.36e+06 1.33e+06 1.23e+06 1.04e+06 1.03e+06 1.07e+06 1.00e+06 9.67e+05 9.55e+05 8.60e+05 8.69e+05 8.56e+05 7.54e+05 6.81e+05 7.01e+05 7.54e+05 5.48e+05 5.86e+05 5.27e+05 4.78e+05
944.43 6.08e+06 5.77e+06 5.63e+06 5.44e+06 5.22e+06 4.92e+06 4.62e+06 4.48e+06 4.21e+06 3.95e+06 3.85e+06 3.62e+06 3.43e+06 3.35e+06 3.14e+06 3.01e+06 2.84e+06 3.16e+06 2.64e+06 2.47e+06 2.37e+06 2.23e+06 2.20e+06 2.41e+06 1.96e+06 1.83e+06 1.78e+06 1.68e+06 1.79e+06 1.51e+06 1.37e+06 1.33e+06 1.23e+06 1.24e+06 1.13e+06 1.10e+06 9.80e+05 9.59e+05 9.10e+05 8.61e+05 8.20e+05 8.02e+05 7.89e+05 7.09e+05 5.69e+05 6.19e+05 5.42e+05 4.58e+05 5.39e+05 4.51e+05
999.11 5.94e+06 5.77e+06 5.59e+06 5.27e+06 5.01e+06 4.83e+06 4.65e+06 4.39e+06 4.26e+06 3.93e+06 3.81e+06 3.58e+06 3.47e+06 3.34e+06 3.16e+06 2.99e+06 3.35e+06 2.74e+06 2.63e+06 2.52e+06 2.34e+06 2.27e+06 2.12e+06 2.21e+06 1.92e+06 1.86e+06 1.74e+06 1.67e+06 1.74e+06 1.53e+06 1.46e+06 1.37e+06 1.33e+06 1.26e+06 1.21e+06 1.15e+06 1.06e+06 1.03e+06 1.00e+06 9.40e+05 8.88e+05 8.31e+05 7.62e+05 7.43e+05 7.13e+05 6.15e+05 5.88e+05 5.67e+05 4.96e+05 4.85e+05
1060.83 6.04e+06 5.85e+06 5.64e+06 5.34e+06 5.14e+06 4.82e+06 4.65e+06 4.38e+06 4.23e+06 4.00e+06 3.89e+06 3.67e+06 3.46e+06 3.36e+06 3.17e+06 3.07e+06 2.88e+06 3.28e+06 2.63e+06 2.52e+06 2.35e+06 2.28e+06 2.21e+06 2.06e+06 2.24e+06 1.83e+06 1.76e+06 1.70e+06 1.65e+06 1.64e+06 1.54e+06 1.39e+06 1.28e+06 1.26e+06 1.25e+06 1.08e+06 1.04e+06 1.01e+06 9.75e+05 9.37e+05 8.99e+05 8.33e+05 8.65e+05 7.61e+05 6.55e+05 6.38e+05 5.89e+05 5.87e+05 5.14e+05 4.15e+05
1125.62 6.24e+06 5.99e+06 5.64e+06 5.27e+06 5.01e+06 4.84e+06 4.66e+06 4.49e+06 4.22e+06 4.11e+06 3.84e+06 3.70e+06 3.58e+06 3.29e+06 3.18e+06 2.99e+06 2.89e+06 2.78e+06 3.26e+06 2.45e+06 2.37e+06 2.31e+06 2.16e+06 2.08e+06 1.95e+06 2.06e+06 1.75e+06 1.70e+06 1.58e+06 1.59e+06 1.42e+06 1.38e+06 1.33e+06 1.26e+06 1.22e+06 1.17e+06 1.14e+06 1.01e+06 9.15e+05 8.90e+05 8.55e+05 7.96e+05 7.81e+05 7.05e+05 6.79e+05 6.35e+05 6.13e+05 5.80e+05 5.33e+05 5.18e+05
1194.38 6.07e+06 5.75e+06 5.52e+06 5.38e+06 5.07e+06 4.88e+06 4.69e+06 4.35e+06 4.20e+06 4.05e+06 3.80e+06 3.66e+06 3.47e+06 3.34e+06 3.21e+06 3.00e+06 2.91e+06 2.79e+06 2.86e+06 2.49e+06 2.39e+06 2.32e+06 2.15e+06 2.09e+06 1.97e+06 1.98e+06 1.76e+06 1.73e+06 1.60e+06 1.62e+06 1.44e+06 1.39e+06 1.35e+06 1.31e+06 1.16e+06 1.09e+06 1.07e+06 1.06e+06 9.77e+05 9.18e+05 8.89e+05 8.60e+05 7.87e+05 7.71e+05 5.73e+05 6.12e+05 6.00e+05 5.67e+05 5.49e+05 4.91e+05
1267.34 6.24e+06 5.90e+06 5.55e+06 5.28e+06 5.12e+06 4.93e+06 4.75e+06 4.47e+06 4.33e+06 4.08e+06 3.93e+06 3.69e+06 3.49e+06 3.38e+06 3.25e+06 3.11e+06 3.52e+06 2.85e+06 2.65e+06 2.54e+06 2.44e+06 2.29e+06 2.20e+06 2.23e+06 2.00e+06 1.87e+06 1.81e+06 1.73e+06 1.71e+06 1.58e+06 1.50e+06 1.40e+06 1.36e+06 1.22e+06 1.19e+06 1.16e+06 1.09e+06 1.03e+06 9.88e+05 8.98e+05 8.81e+05 7.88e+05 7.71e+05 7.49e+05 7.03e+05 6.53e+05 5.88e+05 5.96e+05 5.44e+05 4.81e+05
1344.75 6.31e+06 6.13e+06 5.91e+06 5.44e+06 5.28e+06 5.08e+06 4.77e+06 4.63e+06 4.34e+06 4.17e+06 4.04e+06 3.78e+06 3.63e+06 3.49e+06 3.35e+06 3.21e+06 3.35e+06 2.84e+06 2.74e+06 2.62e+06 2.50e+06 2.40e+06 2.20e+06 2.28e+06 1.97e+06 1.92e+06 1.85e+06 1.74e+06 1.80e+06 1.59e+06 1.54e+06 1.43e+06 1.40e+06 1.33e+06 1.26e+06 1.17e+06 1.13e+06 1.04e+06 1.01e+06 9.35e+05 8.50e+05 8.05e+05 7.75e+05 7.50e+05 7.31e+05 6.99e+05 6.57e+05 6.00e+05 5.65e+05 4.96e+05
1426.89 6.79e+06 6.35e+06 6.11e+06 5.79e+06 5.61e+06 5.29e+06 5.01e+06 4.89e+06 4.69e+06 4.30e+06 4.17e+06 4.03e+06 3.77e+06 3.66e+06 3.51e+06 3.31e+06 3.52e+06 2.99e+06 2.80e+06 2.70e+06 2.61e+06 2.52e+06 2.42e+06 2.60e+06 2.15e+06 2.08e+06 1.95e+06 1.86e+06 1.84e+06 1.70e+06 1.62e+06 1.54e+06 1.46e+06 1.38e+06 1.29e+06 1.25e+06 1.20e+06 1.14e+06 1.04e+06 9.77e+05 9.29e+05 8.82e+05 8.16e+05 8.25e+05 7.66e+05 7.40e+05 6.95e+05 6.34e+05 5.89e+05 5.21e+05
1514.05 6.95e+06 6.70e+06 6.33e+06 6.01e+06 5.82e+06 5.52e+06 5.36e+06 5.16e+06 4.81e+06 4.65e+06 4.46e+06 4.17e+06 4.01e+06 3.84e+06 3.62e+06 3.75e+06 3.25e+06 3.16e+06 3.04e+06 2.82e+06 2.71e+06 2.61e+06 2.51e+06 2.54e+06 2.23e+06 2.15e+06 2.08e+06 1.98e+06 1.98e+06 1.74e+06 1.68e+06 1.62e+06 1.54e+06 1.51e+06 1.38e+06 1.31e+06 1.24e+06 1.19e+06 1.12e+06 1.06e+06 9.97e+05 9.69e+05 9.05e+05 8.30e+05 7.81e+05 7.58e+05 6.97e+05 6.73e+05 6.23e+05 5.72e+05
1606.54 7.17e+06 6.76e+06 6.54e+06 6.31e+06 5.93e+06 5.72e+06 5.39e+06 5.11e+06 4.95e+06 4.66e+06 4.50e+06 4.35e+06 4.16e+06 3.91e+06 3.77e+06 3.87e+06 3.31e+06 3.22e+06 3.08e+06 2.95e+06 2.76e+06 2.65e+06 2.89e+06 2.42e+06 2.33e+06 2.18e+06 2.10e+06 1.95e+06 2.03e+06 1.80e+06 1.74e+06 1.61e+06 1.55e+06 1.50e+06 1.43e+06 1.36e+06 1.30e+06 1.23e+06 1.18e+06 1.08e+06 1.06e+06 9.41e+05 9.17e+05 8.35e+05 8.26e+05 7.53e+05 7.17e+05 6.77e+05 6.60e+05 6.01e+05
1704.67 7.37e+06 6.90e+06 6.67e+06 6.32e+06 6.10e+06 5.88e+06 5.53e+06 5.34e+06 5.04e+06 4.75e+06 4.59e+06 4.42e+06 4.25e+06 3.98e+06 4.22e+06 3.53e+06 3.42e+06 3.28e+06 3.14e+06 3.01e+06 2.83e+06 2.91e+06 2.60e+06 2.49e+06 2.39e+06 2.28e+06 2.11e+06 2.18e+06 1.93e+06 1.85e+06 1.73e+06 1.70e+06 1.63e+06 1.51e+06 1.46e+06 1.39e+06 1.28e+06 1.25e+06 1.16e+06 1.13e+06 1.05e+06 9.77e+05 9.46e+05 8.84e+05 8.13e+05 7.71e+05 7.16e+05 6.96e+05 6.62e+05 6.11e+05
1808.80 7.62e+06 7.20e+06 6.81e+06 6.55e+06 6.28e+06 5.95e+06 5.63e+06 5.45e+06 5.23e+06 4.94e+06 4.76e+06 4.48e+06 4.33e+06 4.15e+06 4.28e+06 3.67e+06 3.56e+06 3.41e+06 3.25e+06 3.12e+06 2.92e+06 2.82e+06 2.83e+06 2.51e+06 2.43e+06 2.33e+06 2.18e+06 2.18e+06 1.99e+06 1.92e+06 1.82e+06 1.75e+06 1.73e+06 1.58e+06 1.47e+06 1.46e+06 1.35e+06 1.26e+06 1.18e+06 1.16e+06 1.10e+06 1.07e+06 9.59e+05 9.29e+05 8.77e+05 8.23e+05 7.82e+05 7.11e+05 6.59e+05 6.22e+05
1919.29 7.67e+06 7.27e+06 7.02e+06 6.75e+06 6.32e+06 6.12e+06 5.89e+06 5.54e+06 5.37e+06 5.05e+06 4.79e+06 4.64e+06 4.37e+06 4.23e+06 4.46e+06 3.75e+06 3.64e+06 3.49e+06 3.34e+06 3.14e+06 3.03e+06 3.08e+06 2.70e+06 2.61e+06 2.51e+06 2.39e+06 2.29e+06 2.29e+06 2.02e+06 1.95e+06 1.89e+06 1.87e+06 1.69e+06 1.62e+06 1.54e+06 1.52e+06 1.40e+06 1.34e+06 1.27e+06 1.20e+06 1.13e+06 1.08e+06 9.78e+05 9.53e+05 9.24e+05 8.54e+05 8.10e+05 7.37e+05 6.80e+05 6.65e+05
2036.53 7.84e+06 7.56e+06 7.12e+06 6.75e+06 6.51e+06 6.26e+06 6.02e+06 5.78e+06 5.45e+06 5.25e+06 4.92e+06 4.75e+06 4.48e+06 4.33e+06 4.54e+06 3.87e+06 3.74e+06 3.58e+06 3.43e+06 3.22e+06 3.12e+06 3.18e+06 2.76e+06 2.68e+06 2.52e+06 2.44e+06 2.45e+06 2.19e+06 2.13e+06 1.99e+06 2.00e+06 1.82e+06 1.75e+06 1.67e+06 1.63e+06 1.50e+06 1.43e+06 1.38e+06 1.28e+06 1.25e+06 1.16e+06 1.12e+06 1.03e+06 1.00e+06 9.45e+05 8.94e+05 8.46e+05 7.96e+05 7.75e+05 7.33e+05
2160.92 7.90e+06 7.62e+06 7.22e+06 6.95e+06 6.57e+06 6.24e+06 6.06e+06 5.82e+06 5.48e+06 5.29e+06 5.07e+06 4.77e+06 4.59e+06 4.33e+06 4.19e+06 4.34e+06 3.72e+06 3.62e+06 3.48e+06 3.27e+06 3.15e+06 2.94e+06 3.10e+06 2.66e+06 2.57e+06 2.49e+06 2.34e+06 2.47e+06 2.13e+06 2.05e+06 1.92e+06 1.92e+06 1.75e+06 1.68e+06 1.61e+06 1.61e+06 1.44e+06 1.39e+06 1.35e+06 1.26e+06 1.21e+06 1.13e+06 1.08e+06 1.03e+06 9.97e+05 9.10e+05 8.68e+05 8.30e+05 7.73e+05 7.54e+05
2292.92 7.82e+06 7.53e+06 7.12e+06 6.86e+06 6.48e+06 6.25e+06 5.91e+06 5.71e+06 5.41e+06 5.24e+06 4.92e+06 4.74e+06 4.49e+06 4.35e+06 4.09e+06 3.96e+06 3.73e+06 3.90e+06 3.34e+06 3.22e+06 3.11e+06 2.93e+06 2.84e+06 2.91e+06 2.52e+06 2.44e+06 2.35e+06 2.25e+06 2.31e+06 2.00e+06 1.94e+06 1.82e+06 1.88e+06 1.64e+06 1.59e+06 1.59e+06 1.42e+06 1.37e+06 1.35e+06 1.24e+06 1.19e+06 1.18e+06 1.07e+06 1.05e+06 9.60e+05 9.25e+05 8.68e+05 8.41e+05 7.99e+05 7.63e+05
2432.98 7.69e+06 7.43e+06 7.04e+06 6.79e+06 6.41e+06 6.18e+06 5.82e+06 5.62e+06 5.44e+06 5.11e+06 4.95e+06 4.66e+06 4.51e+06 4.33e+06 4.06e+06 3.92e+06 3.76e+06 3.54e+06 3.40e+06 3.22e+06 3.41e+06 2.86e+06 2.76e+06 2.69e+06 2.53e+06 2.44e+06 2.49e+06 2.18e+06 2.11e+06 2.03e+06 1.91e+06 1.95e+06 1.71e+06 1.66e+06 1.60e+06 1.62e+06 1.41e+06 1.37e+06 1.40e+06 1.22e+06 1.18e+06 1.18e+06 1.06e+06 1.08e+06 9.67e+05 9.57e+05 8.67e+05 8.59e+05 7.85e+05 7.72e+05
2581.60 7.68e+06 7.42e+06 7.03e+06 6.79e+06 6.41e+06 6.19e+06 5.85e+06 5.64e+06 5.43e+06 5.14e+06 4.97e+06 4.69e+06 4.52e+06 4.27e+06 4.12e+06 3.90e+06 3.75e+06 3.55e+06 3.42e+06 3.24e+06 3.12e+06 2.95e+06 2.85e+06 2.70e+06 2.56e+06 2.47e+06 2.54e+06 2.18e+06 2.12e+06 2.04e+06 1.96e+06 1.84e+06 1.92e+06 1.65e+06 1.59e+06 1.53e+06 1.57e+06 1.36e+06 1.31e+06 1.34e+06 1.19e+06 1.15e+06 1.15e+06 1.02e+06 1.03e+06 9.30e+05 9.40e+05 8.35e+05 8.35e+05 7.56e+05
2739.29 7.74e+06 7.47e+06 7.17e+06 6.87e+06 6.57e+06 6.21e+06 5.99e+06 5.73e+06 5.42e+06 5.22e+06 5.00e+06 4.72e+06 4.56e+06 4.37e+06 4.20e+06 3.95e+06 3.80e+06 3.64e+06 3.49e+06 3.29e+06 3.17e+06 2.99e+06 2.87e+06 2.71e+06 2.63e+06 2.49e+06 2.40e+06 2.26e+06 2.14e+06 2.07e+06 1.99e+06 1.88e+06 1.81e+06 1.85e+06 1.60e+06 1.55e+06 1.49e+06 1.41e+06 1.45e+06 1.26e+06 1.22e+06 1.15e+06 1.18e+06 1.03e+06 9.99e+05 1.01e+06 9.00e+05 8.95e+05 8.16e+05 8.31e+05
2906.62 7.78e+06 7.44e+06 7.11e+06 6.82e+06 6.52e+06 6.25e+06 5.95e+06 5.71e+06 5.46e+06 5.24e+06 5.00e+06 4.77e+06 4.57e+06 4.37e+06 4.18e+06 4.00e+06 3.77e+06 3.63e+06 3.47e+06 3.33e+06 3.19e+06 3.05e+06 2.88e+06 2.77e+06 2.61e+06 2.51e+06 2.41e+06 2.31e+06 2.17e+06 2.09e+06 2.00e+06 1.89e+06 1.82e+06 1.71e+06 1.65e+06 1.56e+06 1.50e+06 1.41e+06 1.36e+06 1.28e+06 1.31e+06 1.15e+06 1.12e+06 1.07e+06 1.01e+06 1.03e+06 9.06e+05 8.77e+05 8.43e+05 8.80e+05
3084.17 7.45e+06 7.14e+06 6.85e+06 6.55e+06 6.26e+06 6.00e+06 5.72e+06 5.48e+06 5.24e+06 5.01e+06 4.79e+06 4.59e+06 4.40e+06 4.20e+06 4.02e+06 3.84e+06 3.67e+06 3.51e+06 3.36e+06 3.21e+06 3.08e+06 2.94e+06 2.80e+06 2.68e+06 2.57e+06 2.46e+06 2.34e+06 2.24e+06 2.13e+06 2.04e+06 1.95e+06 1.86e+06 1.77e+06 1.70e+06 1.62e+06 1.54e+06 1.45e+06 1.39e+06 1.33e+06 1.26e+06 1.21e+06 1.14e+06 1.10e+06 1.05e+06 1.01e+06 9.60e+05 8.98e+05 8.68e+05 8.15e+05 8.13e+05
3272.56 6.94e+06 6.66e+06 6.37e+06 6.09e+06 5.83e+06 5.58e+06 5.34e+06 5.11e+06 4.88e+06 4.68e+06 4.46e+06 4.27e+06 4.09e+06 3.92e+06 3.75e+06 3.60e+06 3.43e+06 3.28e+06 3.14e+06 3.00e+06 2.87e+06 2.75e+06 2.62e+06 2.50e+06 2.39e+06 2.29e+06 2.19e+06 2.09e+06 2.00e+06 1.91e+06 1.82e+06 1.74e+06 1.67e+06 1.59e+06 1.51e+06 1.45e+06 1.38e+06 1.32e+06 1.26e+06 1.20e+06 1.14e+06 1.09e+06 1.04e+06 9.96e+05 9.52e+05 9.06e+05 8.63e+05 8.22e+05 7.87e+05 7.48e+05
3472.46 6.27e+06 6.00e+06 5.75e+06 5.52e+06 5.28e+06 5.06e+06 4.84e+06 4.63e+06 4.44e+06 4.24e+06 4.07e+06 3.89e+06 3.72e+06 3.55e+06 3.41e+06 3.26e+06 3.11e+06 2.98e+06 2.86e+06 2.73e+06 2.61e+06 2.50e+06 2.39e+06 2.28e+06 2.18e+06 2.08e+06 2.00e+06 1.91e+06 1.83e+06 1.75e+06 1.67e+06 1.59e+06 1.52e+06 1.45e+06 1.39e+06 1.32e+06 1.26e+06 1.21e+06 1.15e+06 1.10e+06 1.05e+06 1.01e+06 9.55e+05 9.10e+05 8.66e+05 8.29e+05 7.93e+05 7.57e+05 7.21e+05 6.82e+05
3684.57 5.46e+06 5.22e+06 4.99e+06 4.78e+06 4.58e+06 4.39e+06 4.20e+06 4.02e+06 3.85e+06 3.69e+06 3.52e+06 3.37e+06 3.24e+06 3.09e+06 2.96e+06 2.83e+06 2.71e+06 2.59e+06 2.48e+06 2.37e+06 2.27e+06 2.17e+06 2.08e+06 1.99e+06 1.90e+06 1.82e+06 1.74e+06 1.66e+06 1.59e+06 1.52e+06 1.45e+06 1.39e+06 1.33e+06 1.27e+06 1.22e+06 1.16e+06 1.11e+06 1.06e+06 1.01e+06 9.60e+05 9.15e+05 8.73e+05 8.33e+05 7.97e+05 7.59e+05 7.26e+05 6.91e+05 6.57e+05 6.27e+05 5.97e+05
3909.64 4.44e+06 4.25e+06 4.07e+06 3.90e+06 3.74e+06 3.57e+06 3.42e+06 3.28e+06 3.14e+06 3.00e+06 2.88e+06 2.76e+06 2.64e+06 2.52e+06 2.41e+06 2.31e+06 2.21e+06 2.11e+06 2.02e+06 1.93e+06 1.85e+06 1.77e+06 1.70e+06 1.62e+06 1.54e+06 1.48e+06 1.42e+06 1.35e+06 1.29e+06 1.23e+06 1.18e+06 1.13e+06 1.08e+06 1.04e+06 9.87e+05 9.42e+05 9.03e+05 8.62e+05 8.23e+05 7.85e+05 7.51e+05 7.18e+05 6.85e+05 6.54e+05 6.23e+05 5.94e+05 5.64e+05 5.35e+05 5.11e+05 4.89e+05
4148.46 3.82e+06 3.66e+06 3.51e+06 3.35e+06 3.21e+06 3.08e+06 2.95e+06 2.83e+06 2.70e+06 2.59e+06 2.48e+06 2.36e+06 2.26e+06 2.17e+06 2.07e+06 1.98e+06 1.89e+06 1.81e+06 1.74e+06 1.66e+06 1.59e+06 1.52e+06 1.46e+06 1.40e+06 1.33e+06 1.27e+06 1.21e+06 1.16e+06 1.11e+06 1.06e+06 1.02e+06 9.72e+05 9.28e+05 8.84e+05 8.48e+05 8.11e+05 7.74e+05 7.40e+05 7.04e+05 6.73e+05 6.41e+05 6.14e+05 5.85e+05 5.57e+05 5.33e+05 5.09e+05 4.87e+05 4.64e+05 4.45e+05 4.23e+05
4401.86 3.70e+06 3.54e+06 3.38e+06 3.24e+06 3.11e+06 2.97e+06 2.85e+06 2.71e+06 2.60e+06 2.49e+06 2.39e+06 2.28e+06 2.18e+06 2.09e+06 2.00e+06 1.91e+06 1.83e+06 1.74e+06 1.67e+06 1.60e+06 1.53e+06 1.47e+06 1.40e+06 1.34e+06 1.28e+06 1.23e+06 1.18e+06 1.12e+06 1.07e+06 1.03e+06 9.81e+05 9.37e+05 8.97e+05 8.59e+05 8.18e+05 7.82e+05 7.46e+05 7.15e+05 6.80e+05 6.49e+05 6.23e+05 5.94e+05 5.66e+05 5.42e+05 5.17e+05 4.93e+05 4.72e+05 4.50e+05 4.28e+05 4.08e+05
4670.75 3.64e+06 3.49e+06 3.33e+06 3.19e+06 3.06e+06 2.92e+06 2.79e+06 2.66e+06 2.55e+06 2.45e+06 2.34e+06 2.25e+06 2.14e+06 2.06e+06 1.97e+06 1.89e+06 1.81e+06 1.73e+06 1.65e+06 1.58e+06 1.51e+06 1.45e+06 1.38e+06 1.32e+06 1.26e+06 1.21e+06 1.16e+06 1.11e+06 1.06e+06 1.01e+06 9.64e+05 9.23e+05 8.82e+05 8.45e+05 8.10e+05 7.70e+05 7.37e+05 7.07e+05 6.71e+05 6.40e+05 6.09e+05 5.84e+05 5.57e+05 5.33e+05 5.07e+05 4.85e+05 4.63e+05 4.43e+05 4.20e+05 4.02e+05
4956.05 3.40e+06 3.25e+06 3.12e+06 2.99e+06 2.86e+06 2.74e+06 2.63e+06 2.52e+06 2.41e+06 2.31e+06 2.21e+06 2.11e+06 2.03e+06 1.94e+06 1.85e+06 1.77e+06 1.70e+06 1.63e+06 1.55e+06 1.49e+06 1.43e+06 1.36e+06 1.31e+06 1.25e+06 1.19e+06 1.14e+06 1.09e+06 1.04e+06 1.00e+06 9.59e+05 9.14e+05 8.74e+05 8.37e+05 7.99e+05 7.64e+05 7.32e+05 6.97e+05 6.68e+05 6.37e+05 6.08e+05 5.80e+05 5.56e+05 5.29e+05 5.06e+05 4.83e+05 4.61e+05 4.39e+05 4.21e+05 4.00e+05 3.81e+05
5258.79 3.19e+06 3.06e+06 2.93e+06 2.80e+06 2.69e+06 2.58e+06 2.46e+06 2.37e+06 2.27e+06 2.17e+06 2.08e+06 1.99e+06 1.91e+06 1.83e+06 1.75e+06 1.67e+06 1.60e+06 1.54e+06 1.47e+06 1.41e+06 1.34e+06 1.29e+06 1.23e+06 1.18e+06 1.13e+06 1.08e+06 1.03e+06 9.89e+05 9.47e+05 9.07e+05 8.68e+05 8.28e+05 7.92e+05 7.58e+05 7.23e+05 6.93e+05 6.62e+05 6.33e+05 6.04e+05 5.77e+05 5.50e+05 5.26e+05 5.01e+05 4.80e+05 4.58e+05 4.40e+05 4.20e+05 4.00e+05 3.83e+05 3.65e+05
5580.02 3.08e+06 2.94e+06 2.82e+06 2.70e+06 2.59e+06 2.48e+06 2.38e+06 2.28e+06 2.18e+06 2.09e+06 2.01e+06 1.92e+06 1.84e+06 1.76e+06 1.69e+06 1.62e+06 1.54e+06 1.48e+06 1.42e+06 1.36e+06 1.30e+06 1.24e+06 1.19e+06 1.14e+06 1.09e+06 1.05e+06 1.00e+06 9.59e+05 9.16e+05 8.77e+05 8.40e+05 8.04e+05 7.67e+05 7.35e+05 7.04e+05 6.73e+05 6.42e+05 6.14e+05 5.88e+05 5.63e+05 5.38e+05 5.13e+05 4.90e+05 4.69e+05 4.47e+05 4.28e+05 4.10e+05 3.92e+05 3.74e+05 3.57e+05
5920.87 2.90e+06 2.78e+06 2.66e+06 2.56e+06 2.45e+06 2.34e+06 2.25e+06 2.15e+06 2.06e+06 1.98e+06 1.89e+06 1.81e+06 1.74e+06 1.67e+06 1.60e+06 1.53e+06 1.46e+06 1.40e+06 1.34e+06 1.29e+06 1.23e+06 1.18e+06 1.13e+06 1.08e+06 1.03e+06 9.90e+05 9.47e+05 9.05e+05 8.69e+05 8.33e+05 7.95e+05 7.61e+05 7.28e+05 6.96e+05 6.67e+05 6.39e+05 6.10e+05 5.84e+05 5.58e+05 5.34e+05 5.11e+05 4.88e+05 4.68e+05 4.47e+05 4.27e+05 4.09e+05 3.90e+05 3.73e+05 3.56e+05 3.40e+05
6282.54 2.69e+06 2.58e+06 2.47e+06 2.37e+06 2.27e+06 2.18e+06 2.09e+06 2.00e+06 1.92e+06 1.83e+06 1.76e+06 1.68e+06 1.62e+06 1.55e+06 1.48e+06 1.42e+06 1.36e+06 1.30e+06 1.25e+06 1.19e+06 1.15e+06 1.10e+06 1.05e+06 1.01e+06 9.61e+05 9.21e+05 8.82e+05 8.46e+05 8.09e+05 7.75e+05 7.40e+05 7.09e+05 6.79e+05 6.49e+05 6.23e+05 5.95e+05 5.71e+05 5.44e+05 5.20e+05 4.99e+05 4.77e+05 4.57e+05 4.37e+05 4.17e+05 3.98e+05 3.81e+05 3.63e+05 3.48e+05 3.32e+05 3.18e+05
6666.30 2.54e+06 2.43e+06 2.32e+06 2.23e+06 2.14e+06 2.05e+06 1.96e+06 1.88e+06 1.80e+06 1.73e+06 1.65e+06 1.59e+06 1.52e+06 1.46e+06 1.40e+06 1.34e+06 1.28e+06 1.23e+06 1.18e+06 1.13e+06 1.08e+06 1.03e+06 9.90e+05 9.49e+05 9.08e+05 8.70e+05 8.33e+05 7.97e+05 7.64e+05 7.30e+05 6.98e+05 6.68e+05 6.40e+05 6.12e+05 5.87e+05 5.62e+05 5.37e+05 5.13e+05 4.92e+05 4.71e+05 4.50e+05 4.30e+05 4.12e+05 3.94e+05 3.76e+05 3.60e+05 3.44e+05 3.29e+05 3.14e+05 3.00e+05
7073.50 2.36e+06 2.26e+06 2.17e+06 2.07e+06 1.99e+06 1.91e+06 1.83e+06 1.75e+06 1.68e+06 1.61e+06 1.54e+06 1.48e+06 1.42e+06 1.36e+06 1.30e+06 1.25e+06 1.19e+06 1.15e+06 1.10e+06 1.05e+06 1.01e+06 9.63e+05 9.20e+05 8.83e+05 8.45e+05 8.10e+05 7.77e+05 7.43e+05 7.11e+05 6.81e+05 6.52e+05 6.24e+05 5.97e+05 5.71e+05 5.47e+05 5.24e+05 5.01e+05 4.79e+05 4.58e+05 4.39e+05 4.20e+05 4.01e+05 3.84e+05 3.67e+05 3.50e+05 3.36e+05 3.21e+05 3.07e+05 2.93e+05 2.81e+05
7505.58 2.09e+06 2.01e+06 1.92e+06 1.84e+06 1.77e+06 1.69e+06 1.62e+06 1.56e+06 1.49e+06 1.43e+06 1.37e+06 1.31e+06 1.26e+06 1.21e+06 1.16e+06 1.11e+06 1.06e+06 1.01e+06 9.73e+05 9.32e+05 8.93e+05 8.56e+05 8.18e+05 7.84e+05 7.52e+05 7.19e+05 6.90e+05 6.60e+05 6.33e+05 6.05e+05 5.79e+05 5.54e+05 5.31e+05 5.09e+05 4.87e+05 4.66e+05 4.45e+05 4.27e+05 4.08e+05 3.90e+05 3.73e+05 3.57e+05 3.42e+05 3.27e+05 3.13e+05 2.99e+05 2.86e+05 2.72e+05 2.61e+05 2.49e+05
7964.05 1.85e+06 1.77e+06 1.70e+06 1.63e+06 1.56e+06 1.50e+06 1.44e+06 1.38e+06 1.32e+06 1.27e+06 1.21e+06 1.16e+06 1.11e+06 1.07e+06 1.02e+06 9.79e+05 9.39e+05 9.00e+05 8.62e+05 8.24e+05 7.92e+05 7.59e+05 7.27e+05 6.95e+05 6.66e+05 6.38e+05 6.11e+05 5.87e+05 5.60e+05 5.37e+05 5.13e+05 4.91e+05 4.70e+05 4.50e+05 4.31e+05 4.13e+05 3.96e+05 3.77e+05 3.61e+05 3.46e+05 3.30e+05 3.16e+05 3.03e+05 2.89e+05 2.76e+05 2.65e+05 2.52e+05 2.42e+05 2.31e+05 2.21e+05
8450.53 1.68e+06 1.61e+06 1.55e+06 1.48e+06 1.42e+06 1.36e+06 1.31e+06 1.25e+06 1.20e+06 1.15e+06 1.10e+06 1.06e+06 1.01e+06 9.69e+05 9.29e+05 8.90e+05 8.52e+05 8.17e+05 7.82e+05 7.49e+05 7.18e+05 6.86e+05 6.59e+05 6.30e+05 6.04e+05 5.79e+05 5.54e+05 5.29e+05 5.07e+05 4.86e+05 4.66e+05 4.46e+05 4.26e+05 4.09e+05 3.90e+05 3.73e+05 3.58e+05 3.43e+05 3.28e+05 3.13e+05 3.00e+05 2.86e+05 2.74e+05 2.62e+05 2.50e+05 2.39e+05 2.29e+05 2.18e+05 2.09e+05 2.00e+05
8966.72 1.48e+06 1.42e+06 1.36e+06 1.30e+06 1.25e+06 1.19e+06 1.14e+06 1.10e+06 1.05e+06 1.01e+06 9.67e+05 9.27e+05 8.89e+05 8.50e+05 8.15e+05 7.82e+05 7.49e+05 7.18e+05 6.86e+05 6.58e+05 6.30e+05 6.04e+05 5.79e+05 5.55e+05 5.30e+05 5.08e+05 4.87e+05 4.66e+05 4.46e+05 4.26e+05 4.08e+05 3.91e+05 3.74e+05 3.58e+05 3.42e+05 3.27e+05 3.13e+05 2.99e+05 2.86e+05 2.74e+05 2.63e+05 2.51e+05 2.40e+05 2.29e+05 2.19e+05 2.10e+05 2.00e+05 1.91e+05 1.83e+05 1.74e+05
9514.44 1.24e+06 1.19e+06 1.14e+06 1.10e+06 1.05e+06 1.01e+06 9.66e+05 9.25e+05 8.87e+05 8.49e+05 8.13e+05 7.79e+05 7.45e+05 7.15e+05 6.85e+05 6.55e+05 6.28e+05 6.04e+05 5.79e+05 5.55e+05 5.31e+05 5.07e+05 4.86e+05 4.64e+05 4.45e+05 4.26e+05 4.08e+05 3.90e+05 3.73e+05 3.58e+05 3.42e+05 3.27e+05 3.14e+05 3.00e+05 2.86e+05 2.74e+05 2.62e+05 2.51e+05 2.41e+05 2.30e+05 2.20e+05 2.10e+05 2.01e+05 1.92e+05 1.83e+05 1.75e+05 1.67e+05 1.60e+05 1.53e+05 1.46e+05
10095.62 1.04e+06 9.90e+05 9.52e+05 9.10e+05 8.73e+05 8.37e+05 8.03e+05 7.69e+05 7.37e+05 7.06e+05 6.76e+05 6.47e+05 6.20e+05 5.94e+05 5.69e+05 5.45e+05 5.22e+05 5.01e+05 4.80e+05 4.59e+05 4.39e+05 4.20e+05 4.02e+05 3.87e+05 3.69e+05 3.54e+05 3.38e+05 3.24e+05 3.10e+05 2.96e+05 2.83e+05 2.71e+05 2.59e+05 2.48e+05 2.38e+05 2.28e+05 2.18e+05 2.08e+05 1.99e+05 1.90e+05 1.81e+05 1.74e+05 1.67e+05 1.59e+05 1.52e+05 1.45e+05 1.38e+05 1.32e+05 1.26e+05 1.20e+05
10712.30 8.28e+05 7.94e+05 7.61e+05 7.27e+05 6.97e+05 6.66e+05 6.38e+05 6.14e+05 5.87e+05 5.62e+05 5.37e+05 5.14e+05 4.92e+05 4.72e+05 4.52e+05 4.34e+05 4.15e+05 3.97e+05 3.80e+05 3.64e+05 3.47e+05 3.33e+05 3.19e+05 3.06e+05 2.92e+05 2.80e+05 2.68e+05 2.56e+05 2.44e+05 2.34e+05 2.25e+05 2.15e+05 2.05e+05 1.96e+05 1.88e+05 1.79e+05 1.72e+05 1.65e+05 1.58e+05 1.51e+05 1.44e+05 1.37e+05 1.31e+05 1.25e+05 1.20e+05 1.14e+05 1.09e+05 1.04e+05 9.96e+04 9.42e+04
11366.65 6.19e+05 5.95e+05 5.70e+05 5.46e+05 5.23e+05 5.00e+05 4.78e+05 4.58e+05 4.38e+05 4.21e+05 4.03e+05 3.85e+05 3.69e+05 3.54e+05 3.38e+05 3.23e+05 3.09e+05 2.96e+05 2.83e+05 2.70e+05 2.59e+05 2.48e+05 2.36e+05 2.27e+05 2.17e+05 2.08e+05 1.98e+05 1.91e+05 1.82e+05 1.74e+05 1.66e+05 1.59e+05 1.52e+05 1.45e+05 1.39e+05 1.33e+05 1.27e+05 1.22e+05 1.16e+05 1.11e+05 1.06e+05 1.02e+05 9.59e+04 9.23e+04 8.82e+04 8.39e+04 8.01e+04 7.69e+04 7.35e+04 6.93e+04
12061.10 4.41e+05 4.22e+05 4.04e+05 3.87e+05 3.72e+05 3.54e+05 3.40e+05 3.25e+05 3.11e+05 2.97e+05 2.85e+05 2.72e+05 2.60e+05 2.49e+05 2.38e+05 2.28e+05 2.18e+05 2.09e+05 1.99e+05 1.92e+05 1.83e+05 1.75e+05 1.67e+05 1.60e+05 1.52e+05 1.45e+05 1.40e+05 1.33e+05 1.28e+05 1.22e+05 1.16e+05 1.12e+05 1.07e+05 1.02e+05 9.72e+04 9.29e+04 8.90e+04 8.43e+04 8.11e+04 7.70e+04 7.40e+04 6.99e+04 6.73e+04 6.40e+04 6.09e+04 5.86e+04 5.57e+04 5.36e+04 5.15e+04 4.89e+04
12793.43 3.26e+05 3.11e+05 2.98e+05 2.86e+05 2.73e+05 2.61e+05 2.51e+05 2.40e+05 2.30e+05 2.19e+05 2.09e+05 2.00e+05 1.91e+05 1.82e+05 1.75e+05 1.67e+05 1.59e+05 1.53e+05 1.46e+05 1.40e+05 1.33e+05 1.28e+05 1.22e+05 1.16e+05 1.11e+05 1.06e+05 1.02e+05 9.71e+04 9.18e+04 8.79e+04 8.44e+04 8.06e+04 7.71e+04 7.30e+04 7.00e+04 6.73e+04 6.38e+04 6.04e+04 5.84e+04 5.54e+04 5.26e+04 5.07e+04 4.83e+04 4.62e+04 4.42e+04 4.26e+04 4.06e+04 3.86e+04 3.70e+04 3.49e+04
13528.61 2.49e+05 2.39e+05 2.29e+05 2.18e+05 2.09e+05 2.00e+05 1.92e+05 1.82e+05 1.75e+05 1.67e+05 1.59e+05 1.52e+05 1.46e+05 1.40e+05 1.33e+05 1.27e+05 1.22e+05 1.16e+05 1.11e+05 1.06e+05 1.02e+05 9.69e+04 9.28e+04 8.89e+04 8.37e+04 8.02e+04 7.70e+04 7.34e+04 6.98e+04 6.73e+04 6.29e+04 6.06e+04 5.79e+04 5.53e+04 5.30e+04 5.04e+04 4.81e+04 4.65e+04 4.33e+04 4.15e+04 3.97e+04 3.77e+04 3.64e+04 3.82e+04 3.47e+04 3.24e+04 3.02e+04 2.95e+04 2.74e+04 2.67e+04
14194.74 1.92e+05 1.85e+05 1.77e+05 1.68e+05 1.61e+05 1.55e+05 1.48e+05 1.42e+05 1.36e+05 1.29e+05 1.24e+05 1.18e+05 1.12e+05 1.07e+05 1.02e+05 9.76e+04 9.38e+04 8.98e+04 8.62e+04 8.02e+04 7.78e+04 7.39e+04 7.00e+04 6.74e+04 6.41e+04 6.19e+04 5.83e+04 5.63e+04 5.37e+04 5.14e+04 4.93e+04 4.67e+04 4.47e+04 4.22e+04 4.08e+04 3.82e+04 3.67e+04 3.50e+04 3.34e+04 3.29e+04 3.08e+04 2.88e+04 2.80e+04 2.72e+04 2.57e+04 2.45e+04 2.39e+04 2.23e+04 2.16e+04 2.02e+04
14757.77 1.57e+05 1.50e+05 1.43e+05 1.37e+05 1.31e+05 1.25e+05 1.19e+05 1.15e+05 1.09e+05 1.02e+05 9.80e+04 9.36e+04 8.92e+04 8.61e+04 8.26e+04 7.90e+04 7.55e+04 7.12e+04 6.84e+04 6.50e+04 6.19e+04 5.91e+04 5.73e+04 5.49e+04 5.16e+04 4.90e+04 4.69e+04 4.50e+04 4.31e+04 4.10e+04 3.90e+04 3.78e+04 3.50e+04 3.37e+04 3.24e+04 3.13e+04 2.89e+04 3.03e+04 2.78e+04 2.54e+04 2.55e+04 2.39e+04 2.32e+04 2.20e+04 2.16e+04 2.00e+04 1.84e+04 1.75e+04 1.72e+04 1.61e+04
15240.48 1.57e+05 1.49e+05 1.43e+05 1.36e+05 1.31e+05 1.26e+05 1.19e+05 1.15e+05 1.09e+05 1.05e+05 1.00e+05 9.47e+04 9.06e+04 8.66e+04 8.30e+04 7.86e+04 7.43e+04 7.18e+04 6.86e+04 6.46e+04 6.25e+04 5.97e+04 5.77e+04 5.42e+04 5.17e+04 4.98e+04 4.71e+04 4.47e+04 4.32e+04 4.07e+04 3.87e+04 3.74e+04 3.64e+04 3.40e+04 3.17e+04 3.03e+04 3.36e+04 2.95e+04 2.72e+04 2.65e+04 2.40e+04 2.45e+04 2.28e+04 2.15e+04 1.98e+04 2.08e+04 1.88e+04 1.83e+04 1.71e+04 1.56e+04
15646.99 1.92e+05 1.84e+05 1.75e+05 1.69e+05 1.61e+05 1.54e+05 1.46e+05 1.40e+05 1.34e+05 1.28e+05 1.22e+05 1.16e+05 1.11e+05 1.06e+05 1.01e+05 9.59e+04 9.28e+04 8.91e+04 8.38e+04 7.91e+04 7.70e+04 7.26e+04 7.00e+04 6.59e+04 6.36e+04 6.12e+04 5.80e+04 5.53e+04 5.21e+04 4.98e+04 4.81e+04 4.58e+04 4.33e+04 4.09e+04 3.96e+04 3.77e+04 3.53e+04 3.40e+04 3.87e+04 3.25e+04 3.00e+04 3.21e+04 2.87e+04 2.60e+04 2.71e+04 2.38e+04 2.24e+04 2.35e+04 2.09e+04 2.19e+04
15960.30 2.69e+05 2.58e+05 2.44e+05 2.32e+05 2.23e+05 2.15e+05 2.04e+05 1.95e+05 1.87e+05 1.78e+05 1.70e+05 1.64e+05 1.56e+05 1.48e+05 1.41e+05 1.35e+05 1.30e+05 1.24e+05 1.18e+05 1.13e+05 1.08e+05 1.03e+05 9.74e+04 9.31e+04 8.95e+04 8.54e+04 8.13e+04 7.68e+04 7.41e+04 6.97e+04 6.65e+04 6.35e+04 6.11e+04 5.85e+04 5.59e+04 5.28e+04 5.06e+04 4.90e+04 4.57e+04 4.35e+04 4.15e+04 3.98e+04 4.28e+04 3.69e+04 3.44e+04 3.71e+04 3.26e+04 3.04e+04 3.09e+04 2.76e+04
16187.41 3.00e+05 2.89e+05 2.76e+05 2.63e+05 2.51e+05 2.39e+05 2.31e+05 2.21e+05 2.10e+05 2.01e+05 1.91e+05 1.83e+05 1.74e+05 1.65e+05 1.59e+05 1.53e+05 1.46e+05 1.38e+05 1.33e+05 1.27e+05 1.22e+05 1.16e+05 1.09e+05 1.04e+05 1.00e+05 9.60e+04 9.18e+04 8.81e+04 8.21e+04 7.92e+04 7.49e+04 7.20e+04 6.90e+04 6.51e+04 6.24e+04 5.94e+04 5.74e+04 5.43e+04 5.13e+04 4.95e+04 4.76e+04 4.55e+04 4.36e+04 4.14e+04 3.98e+04 3.75e+04 3.61e+04 3.19e+04 3.08e+04 2.94e+04
16354.17 3.03e+05 2.90e+05 2.77e+05 2.66e+05 2.53e+05 2.40e+05 2.30e+05 2.20e+05 2.12e+05 1.99e+05 1.93e+05 1.82e+05 1.76e+05 1.67e+05 1.58e+05 1.52e+05 1.45e+05 1.38e+05 1.33e+05 1.28e+05 1.21e+05 1.16e+05 1.11e+05 1.06e+05 9.97e+04 9.54e+04 9.17e+04 8.75e+04 8.44e+04 8.11e+04 7.72e+04 7.42e+04 6.97e+04 6.60e+04 6.29e+04 6.04e+04 5.67e+04 5.30e+04 5.18e+04 5.03e+04 4.82e+04 4.54e+04 4.34e+04 4.16e+04 3.97e+04 3.70e+04 3.50e+04 3.25e+04 3.23e+04 3.02e+04
16484.18 2.72e+05 2.63e+05 2.51e+05 2.40e+05 2.31e+05 2.21e+05 2.09e+05 2.01e+05 1.91e+05 1.82e+05 1.73e+05 1.65e+05 1.57e+05 1.52e+05 1.46e+05 1.36e+05 1.32e+05 1.26e+05 1.19e+05 1.14e+05 1.08e+05 1.06e+05 9.99e+04 9.62e+04 9.27e+04 8.75e+04 8.41e+04 7.79e+04 7.48e+04 7.19e+04 6.86e+04 6.53e+04 6.23e+04 6.00e+04 5.75e+04 5.46e+04 5.16e+04 5.02e+04 4.77e+04 4.51e+04 4.29e+04 4.01e+04 3.92e+04 3.71e+04 3.48e+04 3.37e+04 3.24e+04 3.08e+04 2.85e+04 2.75e+04
16593.12 2.38e+05 2.28e+05 2.15e+05 2.05e+05 1.96e+05 1.88e+05 1.80e+05 1.68e+05 1.63e+05 1.57e+05 1.49e+05 1.42e+05 1.37e+05 1.31e+05 1.26e+05 1.21e+05 1.12e+05 1.09e+05 1.04e+05 9.92e+04 9.41e+04 9.06e+04 8.60e+04 8.21e+04 7.80e+04 7.53e+04 7.26e+04 6.92e+04 6.45e+04 6.17e+04 5.95e+04 5.73e+04 5.34e+04 5.13e+04 4.98e+04 4.71e+04 4.54e+04 4.22e+04 4.08e+04 3.91e+04 3.61e+04 3.59e+04 3.39e+04 3.18e+04 3.06e+04 2.93e+04 2.82e+04 2.54e+04 2.45e+04 2.35e+04
16691.99 2.10e+05 2.02e+05 1.91e+05 1.82e+05 1.74e+05 1.68e+05 1.58e+05 1.48e+05 1.43e+05 1.37e+05 1.32e+05 1.27e+05 1.22e+05 1.16e+05 1.09e+05 1.05e+05 1.01e+05 9.73e+04 9.29e+04 8.87e+04 8.43e+04 8.10e+04 7.74e+04 7.10e+04 6.83e+04 6.80e+04 6.26e+04 6.03e+04 5.75e+04 5.51e+04 5.20e+04 5.00e+04 4.63e+04 4.46e+04 4.31e+04 4.03e+04 3.94e+04 3.82e+04 3.68e+04 3.38e+04 3.12e+04 3.02e+04 2.93e+04 2.72e+04 2.62e+04 2.56e+04 2.46e+04 2.26e+04 2.12e+04 2.07e+04
16788.59 1.89e+05 1.83e+05 1.76e+05 1.70e+05 1.60e+05 1.50e+05 1.45e+05 1.39e+05 1.30e+05 1.26e+05 1.20e+05 1.16e+05 1.09e+05 1.04e+05 1.00e+05 9.51e+04 9.22e+04 8.76e+04 8.43e+04 7.99e+04 7.70e+04 7.25e+04 7.04e+04 6.63e+04 6.31e+04 6.13e+04 5.72e+04 5.57e+04 5.39e+04 5.11e+04 4.81e+04 4.59e+04 4.31e+04 4.12e+04 3.96e+04 3.82e+04 3.53e+04 3.37e+04 3.23e+04 3.01e+04 3.01e+04 2.85e+04 2.74e+04 2.53e+04 2.41e+04 2.32e+04 2.17e+04 2.07e+04 2.07e+04 1.95e+04
16888.37 1.74e+05 1.68e+05 1.62e+05 1.54e+05 1.45e+05 1.40e+05 1.35e+05 1.28e+05 1.22e+05 1.17e+05 1.12e+05 1.07e+05 1.00e+05 9.68e+04 9.37e+04 8.88e+04 8.45e+04 8.06e+04 7.70e+04 7.41e+04 7.15e+04 6.60e+04 6.32e+04 6.08e+04 5.82e+04 5.62e+04 5.23e+04 5.16e+04 4.84e+04 4.61e+04 4.46e+04 4.20e+04 4.03e+04 3.91e+04 3.72e+04 3.40e+04 3.28e+04 3.14e+04 2.96e+04 2.83e+04 2.71e+04 2.64e+04 2.54e+04 2.41e+04 2.27e+04 2.12e+04 2.05e+04 2.01e+04 1.81e+04 1.74e+04
16998.79 1.62e+05 1.57e+05 1.49e+05 1.40e+05 1.36e+05 1.30e+05 1.22e+05 1.17e+05 1.12e+05 1.08e+05 1.02e+05 9.73e+04 9.37e+04 8.91e+04 8.55e+04 8.15e+04 7.78e+04 7.22e+04 7.04e+04 6.79e+04 6.41e+04 6.17e+04 5.82e+04 5.70e+04 5.48e+04 5.18e+04 4.93e+04 4.75e+04 4.52e+04 4.24e+04 4.10e+04 3.93e+04 3.69e+04 3.53e+04 3.35e+04 3.14e+04 3.12e+04 2.94e+04 2.80e+04 2.65e+04 2.47e+04 2.38e+04 2.23e+04 2.15e+04 2.09e+04 2.02e+04 1.91e+04 1.77e+04 1.73e+04 1.64e+04
17146.37 1.48e+05 1.40e+05 1.35e+05 1.29e+05 1.20e+05 1.16e+05 1.10e+05 1.06e+05 1.01e+05 9.81e+04 9.33e+04 9.02e+04 8.46e+04 8.15e+04 7.79e+04 7.53e+04 7.03e+04 6.68e+04 6.42e+04 6.20e+04 5.83e+04 5.52e+04 5.31e+04 5.10e+04 4.90e+04 4.73e+04 4.51e+04 4.15e+04 4.02e+04 3.87e+04 3.73e+04 3.52e+04 3.28e+04 3.14e+04 2.98e+04 2.87e+04 2.76e+04 2.65e+04 2.47e+04 2.32e+04 2.24e+04 2.18e+04 2.09e+04 1.97e+04 1.89e+04 1.84e+04 1.73e+04 1.57e+04 1.58e+04 1.44e+04
17415.23 1.26e+05 1.21e+05 1.15e+05 1.10e+05 1.05e+05 9.94e+04 9.37e+04 9.05e+04 8.63e+04 8.33e+04 7.97e+04 7.62e+04 7.28e+04 6.88e+04 6.54e+04 6.30e+04 6.07e+04 5.80e+04 5.50e+04 5.28e+04 4.91e+04 4.72e+04 4.51e+04 4.30e+04 4.15e+04 3.93e+04 3.77e+04 3.54e+04 3.41e+04 3.29e+04 3.15e+04 3.00e+04 2.81e+04 2.64e+04 2.55e+04 2.42e+04 2.34e+04 2.23e+04 2.15e+04 2.07e+04 1.93e+04 1.86e+04 1.75e+04 1.70e+04 1.64e+04 1.57e+04 1.44e+04 1.36e+04 1.30e+04 1.23e+04
17888.12 9.55e+04 9.11e+04 8.72e+04 8.33e+04 7.84e+04 7.54e+04 7.23e+04 6.87e+04 6.58e+04 6.29e+04 5.93e+04 5.71e+04 5.44e+04 5.16e+04 5.00e+04 4.80e+04 4.55e+04 4.32e+04 4.16e+04 3.99e+04 3.80e+04 3.64e+04 3.41e+04 3.28e+04 3.11e+04 2.96e+04 2.84e+04 2.73e+04 2.59e+04 2.48e+04 2.30e+04 2.22e+04 2.17e+04 2.07e+04 1.93e+04 1.83e+04 1.74e+04 1.68e+04 1.61e+04 1.53e+04 1.43e+04 1.39e+04 1.29e+04 1.25e+04 1.17e+04 1.13e+04 1.09e+04 1.03e+04 9.95e+03 9.15e+03
18532.37 7.50e+04 7.15e+04 6.81e+04 6.50e+04 6.21e+04 5.97e+04 5.73e+04 5.49e+04 5.20e+04 4.98e+04 4.74e+04 4.51e+04 4.32e+04 4.10e+04 3.96e+04 3.66e+04 3.54e+04 3.39e+04 3.23e+04 3.09e+04 2.95e+04 2.84e+04 2.67e+04 2.53e+04 2.45e+04 2.37e+04 2.21e+04 2.14e+04 2.05e+04 1.91e+04 1.85e+04 1.79e+04 1.66e+04 1.57e+04 1.51e+04 1.46e+04 1.37e+04 1.29e+04 1.26e+04 1.18e+04 1.13e+04 1.07e+04 1.01e+04 9.69e+03 9.22e+03 8.92e+03 8.43e+03 8.09e+03 7.57e+03 7.20e+03
19260.76 5.66e+04 5.46e+04 5.24e+04 4.98e+04 4.82e+04 4.60e+04 4.35e+04 4.16e+04 4.04e+04 3.85e+04 3.65e+04 3.51e+04 3.32e+04 3.15e+04 3.02e+04 2.86e+04 2.75e+04 2.64e+04 2.47e+04 2.40e+04 2.28e+04 2.21e+04 2.05e+04 1.98e+04 1.90e+04 1.81e+04 1.75e+04 1.62e+04 1.56e+04 1.47e+04 1.43e+04 1.34e+04 1.28e+04 1.20e+04 1.16e+04 1.12e+04 1.06e+04 9.98e+03 9.59e+03 9.17e+03 8.54e+03 8.26e+03 7.86e+03 7.36e+03 7.01e+03 6.65e+03 6.35e+03 6.10e+03 5.91e+03 5.71e+03
20034.10 4.21e+04 3.95e+04 3.78e+04 3.63e+04 3.46e+04 3.36e+04 3.20e+04 3.05e+04 2.94e+04 2.79e+04 2.57e+04 2.48e+04 2.41e+04 2.32e+04 2.25e+04 2.10e+04 2.02e+04 1.84e+04 1.82e+04 1.76e+04 1.63e+04 1.57e+04 1.52e+04 1.47e+04 1.36e+04 1.31e+04 1.27e+04 1.21e+04 1.16e+04 1.09e+04 1.03e+04 9.82e+03 9.28e+03 8.73e+03 8.45e+03 7.93e+03 7.23e+03 7.22e+03 6.70e+03 6.41e+03 6.24e+03 5.85e+03 5.85e+03 5.27e+03 5.21e+03 4.74e+03 4.58e+03 4.28e+03 4.05e+03 4.38e+03
20838.00 3.12e+04 3.00e+04 2.85e+04 2.66e+04 2.57e+04 2.48e+04 2.38e+04 2.30e+04 2.20e+04 2.04e+04 1.97e+04 1.89e+04 1.71e+04 1.65e+04 1.61e+04 1.52e+04 1.43e+04 1.38e+04 1.37e+04 1.31e+04 1.22e+04 1.19e+04 1.11e+04 1.07e+04 1.02e+04 9.42e+03 9.16e+03 8.61e+03 8.19e+03 8.17e+03 7.59e+03 7.29e+03 7.02e+03 6.38e+03 6.27e+03 5.97e+03 5.84e+03 5.56e+03 5.42e+03 4.74e+03 4.68e+03 4.41e+03 4.25e+03 4.03e+03 3.72e+03 3.65e+03 3.48e+03 3.18e+03 2.99e+03 2.89e+03
21647.97 2.38e+04 2.31e+04 2.23e+04 2.13e+04 2.05e+04 1.92e+04 1.93e+04 1.83e+04 1.64e+04 1.59e+04 1.54e+04 1.53e+04 1.47e+04 1.42e+04 1.29e+04 1.22e+04 1.18e+04 1.11e+04 1.07e+04 9.95e+03 9.25e+03 9.38e+03 9.37e+03 8.75e+03 8.08e+03 7.80e+03 7.69e+03 6.91e+03 6.91e+03 6.35e+03 6.28e+03 5.72e+03 5.80e+03 5.16e+03 4.74e+03 4.52e+03 4.53e+03 4.53e+03 4.15e+03 3.75e+03 3.84e+03 3.59e+03 3.53e+03 3.09e+03 2.92e+03 3.13e+03 2.58e+03 3.73e+03 2.91e+03 2.25e+03
22447.94 1.73e+04 1.73e+04 1.67e+04 1.62e+04 1.47e+04 1.43e+04 1.39e+04 1.34e+04 1.27e+04 1.19e+04 1.16e+04 1.10e+04 1.06e+04 1.01e+04 9.61e+03 9.19e+03 8.55e+03 8.68e+03 8.11e+03 7.38e+03 7.36e+03 6.98e+03 6.93e+03 6.57e+03 6.16e+03 5.72e+03 5.51e+03 5.45e+03 5.10e+03 4.99e+03 4.61e+03 4.38e+03 3.92e+03 3.88e+03 3.79e+03 3.59e+03 3.28e+03 3.14e+03 2.99e+03 2.99e+03 2.70e+03 2.59e+03 2.43e+03 2.36e+03 2.32e+03 2.25e+03 2.15e+03 1.97e+03 1.83e+03 1.83e+03
23245.88 1.37e+04 1.29e+04 1.26e+04 1.16e+04 1.13e+04 1.07e+04 1.01e+04 9.53e+03 9.13e+03 8.85e+03 8.51e+03 8.22e+03 7.60e+03 7.37e+03 7.20e+03 6.43e+03 6.28e+03 6.21e+03 5.97e+03 5.67e+03 5.81e+03 5.30e+03 4.71e+03 4.67e+03 4.32e+03 4.43e+03 4.23e+03 3.72e+03 3.94e+03 3.35e+03 3.34e+03 3.36e+03 2.96e+03 2.81e+03 2.79e+03 2.61e+03 2.44e+03 2.34e+03 2.40e+03 2.31e+03 1.98e+03 1.90e+03 1.85e+03 1.82e+03 1.75e+03 1.63e+03 1.50e+03 1.43e+03 1.36e+03 1.30e+03
24052.47 1.01e+04 9.70e+03 9.34e+03 8.78e+03 8.45e+03 8.13e+03 7.85e+03 7.44e+03 7.13e+03 6.92e+03 6.61e+03 6.24e+03 5.99e+03 5.75e+03 5.40e+03 5.23e+03 5.15e+03 4.97e+03 4.50e+03 4.26e+03 4.20e+03 4.04e+03 3.84e+03 3.75e+03 3.22e+03 3.28e+03 3.14e+03 3.01e+03 2.77e+03 2.68e+03 2.46e+03 2.56e+03 2.26e+03 2.25e+03 2.22e+03 1.96e+03 1.94e+03 1.78e+03 1.76e+03 1.67e+03 1.54e+03 1.47e+03 1.39e+03 1.36e+03 1.26e+03 1.21e+03 1.21e+03 1.18e+03 1.09e+03 9.87e+02
24867.72 8.59e+03 7.96e+03 7.05e+03 6.82e+03 6.59e+03 6.41e+03 6.14e+03 5.83e+03 5.62e+03 5.44e+03 5.22e+03 5.00e+03 4.85e+03 4.74e+03 4.34e+03 4.51e+03 3.98e+03 3.53e+03 3.39e+03 3.27e+03 3.14e+03 3.02e+03 3.05e+03 2.79e+03 2.67e+03 2.56e+03 2.48e+03 2.39e+03 2.15e+03 2.19e+03 2.01e+03 1.87e+03 1.79e+03 1.74e+03 1.79e+03 1.56e+03 1.58e+03 1.56e+03 1.36e+03 1.30e+03 1.23e+03 1.22e+03 1.12e+03 1.07e+03 1.02e+03 9.69e+02 1.00e+03 9.80e+02 9.72e+02 8.00e+02
25698.86 6.54e+03 6.14e+03 5.95e+03 5.63e+03 5.45e+03 5.30e+03 5.07e+03 4.86e+03 4.67e+03 4.51e+03 4.16e+03 4.08e+03 3.98e+03 3.91e+03 3.48e+03 3.22e+03 3.10e+03 2.88e+03 2.88e+03 2.67e+03 2.57e+03 2.59e+03 2.52e+03 2.24e+03 2.34e+03 2.05e+03 2.02e+03 1.83e+03 1.76e+03 1.72e+03 1.59e+03 1.59e+03 1.57e+03 1.38e+03 1.54e+03 1.43e+03 1.31e+03 1.17e+03 1.13e+03 1.04e+03 1.01e+03 1.07e+03 9.14e+02 8.63e+02 8.26e+02 7.77e+02 7.52e+02 8.58e+02 7.67e+02 6.53e+02
26587.16 5.30e+03 4.94e+03 4.72e+03 4.52e+03 4.34e+03 4.01e+03 3.89e+03 3.68e+03 3.55e+03 3.31e+03 3.18e+03 3.35e+03 3.04e+03 2.93e+03 2.79e+03 2.66e+03 2.37e+03 2.53e+03 2.26e+03 2.17e+03 1.98e+03 1.93e+03 1.99e+03 1.87e+03 1.79e+03 1.67e+03 1.61e+03 1.54e+03 1.46e+03 1.30e+03 1.28e+03 1.22e+03 1.18e+03 1.12e+03 1.07e+03 1.00e+03 9.62e+02 9.35e+02 8.75e+02 8.44e+02 8.38e+02 8.71e+02 7.34e+02 6.92e+02 6.45e+02 6.34e+02 5.80e+02 6.22e+02 5.27e+02 5.26e+02
27637.54 3.85e+03 3.76e+03 3.53e+03 3.39e+03 3.29e+03 3.11e+03 2.93e+03 2.80e+03 2.62e+03 2.54e+03 2.43e+03 2.40e+03 2.42e+03 2.20e+03 2.07e+03 1.98e+03 1.95e+03 1.86e+03 1.74e+03 1.63e+03 1.57e+03 1.52e+03 1.41e+03 1.32e+03 1.34e+03 1.32e+03 1.15e+03 1.11e+03 1.09e+03 1.05e+03 9.98e+02 1.00e+03 9.51e+02 8.32e+02 8.18e+02 8.47e+02 7.53e+02 7.18e+02 6.86e+02 6.57e+02 6.71e+02 5.89e+02 6.04e+02 6.33e+02 5.66e+02 5.24e+02 5.00e+02 4.25e+02 4.06e+02 4.06e+02
28986.97 2.79e+03 2.68e+03 2.82e+03 2.71e+03 2.42e+03 2.32e+03 2.20e+03 2.11e+03 1.97e+03 1.85e+03 1.79e+03 1.81e+03 1.80e+03 1.59e+03 1.54e+03 1.40e+03 1.35e+03 1.34e+03 1.29e+03 1.18e+03 1.14e+03 1.11e+03 1.06e+03 1.01e+03 9.63e+02 9.06e+02 9.03e+02 8.46e+02 7.73e+02 7.65e+02 7.43e+02 6.90e+02 6.41e+02 6.56e+02 6.09e+02 5.57e+02 5.71e+02 5.25e+02 5.37e+02 4.88e+02 4.98e+02 4.14e+02 4.28e+02 4.00e+02 4.04e+02 3.41e+02 3.46e+02 3.38e+02 2.95e+02 2.85e+02
