#NTIMES:  59
#NVEL:   115
#TIMES[d]: 9.76000e-01 1.07400e+00 1.18100e+00 1.30000e+00 1.43000e+00 1.57300e+00 1.73000e+00 1.90000e+00 2.09000e+00 2.30000e+00 2.53000e+00 2.78300e+00 3.06100e+00 3.36700e+00 3.70400e+00 4.07400e+00 4.48100e+00 4.92900e+00 5.42200e+00 5.96400e+00 6.56000e+00 7.21600e+00 7.93800e+00 8.73200e+00 9.60000e+00 1.05600e+01 1.16200e+01 1.27800e+01 1.40600e+01 1.54700e+01 1.70200e+01 1.87200e+01 2.05900e+01 2.26500e+01 2.49100e+01 2.74000e+01 3.01400e+01 3.31500e+01 3.64600e+01 4.01100e+01 4.41200e+01 4.85300e+01 5.33800e+01 5.87200e+01 6.45900e+01 7.10500e+01 7.82000e+01 8.60000e+01 9.46000e+01 1.04100e+02 1.14500e+02 1.26000e+02 1.38600e+02 1.52500e+02 1.67800e+02 1.84600e+02 2.03100e+02 2.23400e+02 2.45700e+02
#vel_mid[km/s] Edep_t0[erg/s/cm^3] Edep_t1[erg/s/cm^3] ... Edep_tn[erg/s/cm^3]
8.77213e+02 4.89316e+00 1.00000e-99 2.57252e+00 1.85884e+00 1.34476e+00 1.00000e-99 1.00000e-99 1.00000e-99 1.00000e-99 1.00000e-99 1.00000e-99 1.00000e-99 1.00000e-99 1.00000e-99 1.00000e-99 1.00000e-99 1.00000e-99 1.00000e-99 1.00000e-99 1.00000e-99 1.00000e-99 1.00000e-99 1.00000e-99 1.00000e-99 1.00000e-99 1.00000e-99 1.00000e-99 1.00000e-99 1.00000e-99 1.00000e-99 1.00000e-99 1.00000e-99 1.31288e-04 1.18797e-04 7.11925e-05 9.25068e-05 8.01194e-05 7.50847e-05 5.73686e-05 5.02886e-05 4.00916e-05 2.87840e-05 2.00692e-05 1.53798e-05 1.00791e-05 6.64975e-06 4.10611e-06 2.64217e-06 1.41102e-06 9.46155e-07 3.82356e-07 2.20835e-07 1.86730e-07 1.03954e-07 5.18050e-08 2.63299e-08 2.19216e-08 1.33981e-08 2.64939e-09
8.83179e+02 4.89316e+00 3.54582e+00 2.57252e+00 1.85884e+00 1.34476e+00 9.72334e-01 7.03030e-01 5.10361e-01 3.68561e-01 2.65569e-01 1.91505e-01 1.38027e-01 9.94447e-02 7.15735e-02 5.14438e-02 3.69529e-02 2.65082e-02 1.89814e-02 1.35651e-02 9.67577e-03 6.88612e-03 4.88705e-03 3.45773e-03 2.43903e-03 1.71803e-03 1.20412e-03 8.39858e-04 5.84684e-04 4.05277e-04 2.80063e-04 3.32921e-04 1.33124e-04 1.31288e-04 1.18797e-04 7.11925e-05 9.25068e-05 8.01194e-05 7.50847e-05 5.73686e-05 5.02886e-05 4.00916e-05 2.87840e-05 2.00692e-05 1.53798e-05 1.00791e-05 6.64975e-06 4.10611e-06 2.64217e-06 1.41102e-06 9.46155e-07 4.31367e-07 2.40149e-07 1.83255e-07 1.03832e-07 5.31394e-08 2.73411e-08 2.06760e-08 1.11412e-08 3.13493e-09
9.01324e+02 4.89316e+00 3.54582e+00 2.57252e+00 1.85884e+00 1.34476e+00 9.72334e-01 7.03030e-01 5.10361e-01 3.68561e-01 2.65569e-01 1.91505e-01 1.38027e-01 9.94447e-02 7.15735e-02 5.14438e-02 3.69529e-02 2.65082e-02 1.89814e-02 1.35651e-02 9.67578e-03 6.88614e-03 4.88706e-03 3.45774e-03 2.43906e-03 1.71806e-03 1.20414e-03 8.39871e-04 5.84698e-04 4.05293e-04 2.80075e-04 3.32921e-04 1.33136e-04 1.31288e-04 1.18797e-04 7.11925e-05 9.25068e-05 8.01194e-05 7.50847e-05 5.73686e-05 5.02886e-05 4.00916e-05 2.87840e-05 2.00692e-05 1.53798e-05 1.00791e-05 6.64975e-06 4.10611e-06 2.64217e-06 1.41102e-06 9.46155e-07 5.61930e-07 2.87927e-07 1.73643e-07 1.03245e-07 5.70506e-08 2.99304e-08 1.80528e-08 7.48734e-09 4.23934e-09
9.38739e+02 4.89316e+00 3.54582e+00 2.57252e+00 1.85884e+00 1.34476e+00 9.72335e-01 7.03030e-01 5.10361e-01 3.68561e-01 2.65569e-01 1.91505e-01 1.38027e-01 9.94448e-02 7.15736e-02 5.14439e-02 3.69530e-02 2.65084e-02 1.89817e-02 1.35654e-02 9.67629e-03 6.88662e-03 4.88746e-03 3.45807e-03 2.43949e-03 1.71842e-03 1.20441e-03 8.40061e-04 5.84872e-04 4.05462e-04 2.80195e-04 3.32921e-04 1.33226e-04 1.31288e-04 1.18797e-04 7.12489e-05 9.25068e-05 8.01566e-05 7.50847e-05 5.73686e-05 5.02886e-05 4.00916e-05 2.87840e-05 2.00692e-05 1.53798e-05 1.00791e-05 6.64975e-06 4.10611e-06 2.64217e-06 1.41102e-06 9.46155e-07 5.43406e-07 3.24105e-07 1.78490e-07 9.81333e-08 5.71195e-08 3.12741e-08 1.61446e-08 7.89935e-09 4.73100e-09
9.98902e+02 4.89317e+00 3.54585e+00 2.57255e+00 1.85885e+00 1.34478e+00 9.72347e-01 7.03036e-01 5.10368e-01 3.68567e-01 2.65571e-01 1.91509e-01 1.38029e-01 9.94503e-02 7.15798e-02 5.14491e-02 3.69567e-02 2.65135e-02 1.89877e-02 1.35707e-02 9.68222e-03 6.89165e-03 4.89140e-03 3.46121e-03 2.44276e-03 1.72098e-03 1.20624e-03 8.41349e-04 5.85982e-04 4.06397e-04 2.80874e-04 3.32921e-04 1.33617e-04 1.31288e-04 1.18797e-04 7.54653e-05 9.25068e-05 8.06714e-05 7.50847e-05 5.73686e-05 5.02886e-05 4.00916e-05 2.91416e-05 2.00873e-05 1.53798e-05 1.00483e-05 6.64975e-06 4.10611e-06 2.64217e-06 1.50229e-06 9.46155e-07 5.69288e-07 3.17677e-07 1.87573e-07 9.05456e-08 5.08674e-08 3.03060e-08 1.48572e-08 8.35328e-09 4.78611e-09
1.05989e+03 4.89344e+00 3.54619e+00 2.57282e+00 1.85898e+00 1.34490e+00 9.72454e-01 7.03089e-01 5.10417e-01 3.68608e-01 2.65604e-01 1.91584e-01 1.38080e-01 9.95289e-02 7.16549e-02 5.15099e-02 3.70003e-02 2.65595e-02 1.90307e-02 1.36056e-02 9.71493e-03 6.91749e-03 4.91089e-03 3.47683e-03 2.45615e-03 1.73104e-03 1.21339e-03 8.46374e-04 5.90073e-04 4.09540e-04 2.83245e-04 3.32921e-04 1.34773e-04 1.31288e-04 1.18797e-04 8.05174e-05 9.25068e-05 8.23256e-05 7.50847e-05 5.73686e-05 5.02886e-05 4.00916e-05 2.98292e-05 2.04022e-05 1.53798e-05 1.00171e-05 6.64975e-06 4.10611e-06 2.64217e-06 1.52185e-06 9.48308e-07 5.59498e-07 3.14697e-07 1.84392e-07 1.02832e-07 5.39109e-08 3.07070e-08 1.52696e-08 8.16924e-09 4.97007e-09
1.12463e+03 4.89585e+00 3.54847e+00 2.57456e+00 1.85989e+00 1.34568e+00 9.73049e-01 7.03435e-01 5.11003e-01 3.69290e-01 2.66165e-01 1.92327e-01 1.38638e-01 1.00090e-01 7.21301e-02 5.18780e-02 3.72729e-02 2.67988e-02 1.92294e-02 1.37584e-02 9.84285e-03 7.01419e-03 4.98199e-03 3.53202e-03 2.49948e-03 1.76266e-03 1.23572e-03 8.62004e-04 6.02211e-04 4.18440e-04 2.89878e-04 3.32921e-04 1.38054e-04 1.31288e-04 1.18797e-04 8.70027e-05 9.34019e-05 8.61193e-05 7.50847e-05 5.73686e-05 5.02886e-05 4.00916e-05 3.02196e-05 2.13816e-05 1.53798e-05 1.00717e-05 6.68661e-06 4.10611e-06 2.64217e-06 1.55427e-06 9.55868e-07 5.46777e-07 3.27441e-07 1.82645e-07 9.77552e-08 5.61252e-08 3.01195e-08 1.49888e-08 8.23033e-09 4.68196e-09
1.19333e+03 4.90796e+00 3.55753e+00 2.58096e+00 1.86459e+00 1.35237e+00 9.80008e-01 7.08499e-01 5.16521e-01 3.74554e-01 2.70205e-01 1.96238e-01 1.41544e-01 1.02556e-01 7.40671e-02 5.33269e-02 3.83518e-02 2.76555e-02 1.98916e-02 1.42466e-02 1.02270e-02 7.29586e-03 5.18480e-03 3.68523e-03 2.61389e-03 1.84420e-03 1.29298e-03 9.01972e-04 6.32387e-04 4.40078e-04 3.05652e-04 3.32921e-04 1.48973e-04 1.31288e-04 1.19023e-04 9.47682e-05 9.84670e-05 8.94406e-05 7.54714e-05 5.76768e-05 5.02886e-05 4.04424e-05 3.06179e-05 2.20917e-05 1.54006e-05 1.02156e-05 6.73253e-06 4.11755e-06 2.65815e-06 1.57777e-06 9.66057e-07 5.57556e-07 3.21276e-07 1.82107e-07 1.02837e-07 5.60050e-08 2.84303e-08 1.53926e-08 8.17255e-09 4.53597e-09
1.26622e+03 4.94148e+00 3.62816e+00 2.65323e+00 1.91718e+00 1.40180e+00 1.02390e+00 7.40242e-01 5.43629e-01 3.97073e-01 2.86625e-01 2.09833e-01 1.51411e-01 1.10181e-01 7.98361e-02 5.75844e-02 4.14567e-02 2.99742e-02 2.16239e-02 1.55126e-02 1.11608e-02 7.97426e-03 5.67208e-03 4.03863e-03 2.87080e-03 2.02739e-03 1.42167e-03 9.91807e-04 6.96888e-04 4.91013e-04 3.37764e-04 3.32921e-04 1.81302e-04 1.38922e-04 1.35667e-04 1.12178e-04 1.05023e-04 9.25057e-05 7.97847e-05 5.96028e-05 5.09164e-05 4.21242e-05 3.11968e-05 2.27282e-05 1.56068e-05 1.04687e-05 6.79461e-06 4.21038e-06 2.75647e-06 1.62255e-06 9.76841e-07 5.51699e-07 3.26612e-07 1.88344e-07 1.09164e-07 5.56572e-08 2.96600e-08 1.61167e-08 8.79857e-09 5.08595e-09
1.34357e+03 5.40537e+00 4.03105e+00 2.98390e+00 2.15860e+00 1.58572e+00 1.16531e+00 8.43978e-01 6.21596e-01 4.55604e-01 3.29208e-01 2.41288e-01 1.74401e-01 1.26908e-01 9.20395e-02 6.64671e-02 4.79355e-02 3.46394e-02 2.49989e-02 1.79613e-02 1.29091e-02 9.22888e-03 6.57046e-03 4.67910e-03 3.32509e-03 2.35022e-03 1.64861e-03 1.15038e-03 8.07735e-04 5.66176e-04 4.04568e-04 3.32921e-04 2.45778e-04 1.67544e-04 1.74815e-04 1.34356e-04 1.10463e-04 1.00519e-04 8.79231e-05 6.37636e-05 5.34214e-05 4.39341e-05 3.21267e-05 2.31373e-05 1.60077e-05 1.07951e-05 7.07895e-06 4.36321e-06 2.79192e-06 1.71905e-06 9.88919e-07 5.71195e-07 3.38132e-07 1.94082e-07 1.12822e-07 5.30630e-08 3.00245e-08 1.68378e-08 8.93845e-09 4.49511e-09
1.42564e+03 6.86890e+00 5.04756e+00 3.70930e+00 2.68976e+00 1.96196e+00 1.43199e+00 1.03921e+00 7.61038e-01 5.54216e-01 4.00815e-01 2.91778e-01 2.11140e-01 1.53134e-01 1.10779e-01 7.98954e-02 5.77058e-02 4.16128e-02 2.99516e-02 2.14829e-02 1.54400e-02 1.10226e-02 7.84077e-03 5.59019e-03 3.96301e-03 2.79836e-03 1.96285e-03 1.36967e-03 9.62122e-04 7.37820e-04 5.32113e-04 3.57962e-04 3.07027e-04 2.00157e-04 2.11536e-04 1.52614e-04 1.16429e-04 1.08832e-04 9.50198e-05 6.99834e-05 5.65832e-05 4.50303e-05 3.32214e-05 2.36601e-05 1.62146e-05 1.11260e-05 7.43068e-06 4.53832e-06 2.81237e-06 1.74274e-06 1.00456e-06 5.78193e-07 3.44667e-07 1.94388e-07 1.04272e-07 5.83285e-08 3.17104e-08 1.66724e-08 8.51819e-09 4.57241e-09
1.51272e+03 8.92589e+00 6.44447e+00 4.67788e+00 3.39266e+00 2.45571e+00 1.77943e+00 1.29107e+00 9.39674e-01 6.81294e-01 4.92559e-01 3.57147e-01 2.58310e-01 1.86866e-01 1.34980e-01 9.72672e-02 7.01788e-02 5.05285e-02 3.63310e-02 2.60436e-02 1.87013e-02 1.33447e-02 9.48775e-03 6.75989e-03 4.78991e-03 3.38040e-03 2.37031e-03 1.65362e-03 1.16170e-03 9.45593e-04 6.89029e-04 4.51243e-04 3.49416e-04 2.50975e-04 2.42911e-04 1.76753e-04 1.32625e-04 1.20023e-04 9.94531e-05 7.61518e-05 5.98592e-05 4.73475e-05 3.45682e-05 2.45885e-05 1.70973e-05 1.14295e-05 7.38913e-06 4.69265e-06 2.85302e-06 1.73628e-06 1.02727e-06 5.78751e-07 3.49222e-07 1.96687e-07 1.07532e-07 6.39385e-08 3.33891e-08 1.74768e-08 8.93845e-09 4.79557e-09
1.60513e+03 1.08053e+01 7.84654e+00 5.69636e+00 4.12446e+00 2.99129e+00 2.16843e+00 1.57094e+00 1.14545e+00 8.30187e-01 6.00379e-01 4.35197e-01 3.14959e-01 2.27787e-01 1.64408e-01 1.18384e-01 8.55251e-02 6.15662e-02 4.42367e-02 3.16858e-02 2.27794e-02 1.62448e-02 1.15450e-02 8.23947e-03 5.83346e-03 4.11528e-03 2.88545e-03 2.01411e-03 1.41599e-03 1.09962e-03 8.36522e-04 5.52657e-04 4.08662e-04 3.05094e-04 2.77618e-04 2.03190e-04 1.50010e-04 1.33718e-04 1.06331e-04 8.25739e-05 6.32437e-05 5.01099e-05 3.60239e-05 2.50770e-05 1.72444e-05 1.16406e-05 7.37323e-06 4.73467e-06 2.88437e-06 1.75052e-06 1.04411e-06 6.03436e-07 3.52398e-07 1.97124e-07 1.13648e-07 6.27609e-08 3.45320e-08 1.80302e-08 9.55880e-09 5.13913e-09
1.70317e+03 1.28635e+01 9.39626e+00 6.85692e+00 4.96630e+00 3.61140e+00 2.62534e+00 1.90135e+00 1.38985e+00 1.00939e+00 7.30229e-01 5.30365e-01 3.84055e-01 2.78097e-01 2.00845e-01 1.44639e-01 1.04647e-01 7.53860e-02 5.41891e-02 3.88003e-02 2.79488e-02 1.99309e-02 1.41609e-02 1.01299e-02 7.17119e-03 5.05655e-03 3.54970e-03 2.47971e-03 1.74414e-03 1.26614e-03 9.75569e-04 6.81258e-04 4.78654e-04 3.64722e-04 3.16198e-04 2.28227e-04 1.72268e-04 1.45804e-04 1.18037e-04 8.73595e-05 6.68966e-05 5.18618e-05 3.71424e-05 2.58828e-05 1.76355e-05 1.18411e-05 7.51168e-06 4.78982e-06 2.94755e-06 1.82255e-06 1.05773e-06 6.36437e-07 3.51317e-07 2.00158e-07 1.16862e-07 6.26451e-08 3.49026e-08 1.78120e-08 1.00155e-08 5.37339e-09
1.80721e+03 1.56677e+01 1.14515e+01 8.36706e+00 6.06700e+00 4.41718e+00 3.21549e+00 2.33157e+00 1.70710e+00 1.24158e+00 8.99381e-01 6.54253e-01 4.74416e-01 3.43899e-01 2.48558e-01 1.79075e-01 1.29826e-01 9.35958e-02 6.73220e-02 4.82071e-02 3.47946e-02 2.48185e-02 1.76339e-02 1.26440e-02 8.95222e-03 6.31744e-03 4.44148e-03 3.10303e-03 2.18212e-03 1.63148e-03 1.17558e-03 8.33509e-04 5.87146e-04 4.51538e-04 3.49625e-04 2.67966e-04 1.92550e-04 1.61193e-04 1.30745e-04 9.33979e-05 7.20899e-05 5.43599e-05 3.87521e-05 2.70527e-05 1.80717e-05 1.21568e-05 7.69091e-06 4.86789e-06 3.01300e-06 1.84891e-06 1.07007e-06 6.31399e-07 3.59455e-07 2.05148e-07 1.18390e-07 6.25179e-08 3.59663e-08 1.92138e-08 1.06012e-08 5.37496e-09
1.91760e+03 1.93620e+01 1.41883e+01 1.03858e+01 7.53694e+00 5.49465e+00 4.00661e+00 2.90848e+00 2.13253e+00 1.55345e+00 1.12650e+00 8.20701e-01 5.95848e-01 4.32292e-01 3.12702e-01 2.25429e-01 1.63688e-01 1.18077e-01 8.49915e-02 6.08953e-02 4.39949e-02 3.13949e-02 2.23148e-02 1.60175e-02 1.13455e-02 8.02494e-03 5.64103e-03 3.94087e-03 2.76884e-03 2.10968e-03 1.46638e-03 1.01276e-03 7.73091e-04 5.68133e-04 4.04742e-04 3.23463e-04 2.31360e-04 1.84005e-04 1.45054e-04 1.05701e-04 7.82169e-05 5.78899e-05 4.04795e-05 2.83311e-05 1.87502e-05 1.24995e-05 7.91336e-06 4.95540e-06 3.03315e-06 1.84339e-06 1.08724e-06 6.50774e-07 3.60954e-07 2.13002e-07 1.20704e-07 6.54816e-08 3.72090e-08 1.97537e-08 1.06207e-08 5.39957e-09
2.03474e+03 2.44078e+01 1.78866e+01 1.31088e+01 9.52697e+00 6.94478e+00 5.06665e+00 3.68507e+00 2.70070e+00 1.96828e+00 1.42850e+00 1.04099e+00 7.56315e-01 5.48748e-01 3.97178e-01 2.86575e-01 2.08098e-01 1.50113e-01 1.08113e-01 7.76106e-02 5.59761e-02 3.99726e-02 2.84653e-02 2.03800e-02 1.44465e-02 1.02318e-02 7.18876e-03 5.02090e-03 3.52304e-03 2.60567e-03 1.83359e-03 1.27472e-03 9.79059e-04 6.98771e-04 4.83018e-04 3.84840e-04 2.69012e-04 2.09304e-04 1.57990e-04 1.17724e-04 8.43599e-05 6.05777e-05 4.18946e-05 2.91875e-05 1.93799e-05 1.28082e-05 8.05913e-06 5.05231e-06 3.06450e-06 1.86446e-06 1.12117e-06 6.46206e-07 3.74288e-07 2.16251e-07 1.22326e-07 6.75422e-08 3.78745e-08 2.07685e-08 1.12303e-08 5.68583e-09
2.15903e+03 3.10096e+01 2.26652e+01 1.65801e+01 1.20804e+01 8.79584e+00 6.40960e+00 4.67127e+00 3.41841e+00 2.48898e+00 1.80779e+00 1.31592e+00 9.56417e-01 6.93436e-01 5.01842e-01 3.62222e-01 2.62870e-01 1.89529e-01 1.36477e-01 9.80986e-02 7.05942e-02 5.04218e-02 3.59362e-02 2.56649e-02 1.81938e-02 1.28861e-02 9.04951e-03 6.31901e-03 4.42790e-03 3.18603e-03 2.33089e-03 1.55724e-03 1.16395e-03 8.34331e-04 5.89131e-04 4.56181e-04 3.17077e-04 2.37261e-04 1.73448e-04 1.27957e-04 8.93846e-05 6.32778e-05 4.35074e-05 2.98290e-05 1.97429e-05 1.28471e-05 8.17064e-06 5.13870e-06 3.08482e-06 1.88816e-06 1.12226e-06 6.44898e-07 3.78592e-07 2.17026e-07 1.22856e-07 6.77221e-08 3.83880e-08 2.12519e-08 1.10667e-08 6.10773e-09
2.29091e+03 3.88033e+01 2.84127e+01 2.07939e+01 1.51360e+01 1.10192e+01 8.02579e+00 5.84470e+00 4.27453e+00 3.10945e+00 2.25718e+00 1.64103e+00 1.19219e+00 8.63807e-01 6.24803e-01 4.50866e-01 3.27024e-01 2.35664e-01 1.69575e-01 1.21887e-01 8.75657e-02 6.25183e-02 4.45664e-02 3.17705e-02 2.25043e-02 1.59342e-02 1.11872e-02 7.81063e-03 5.46283e-03 3.98100e-03 2.92593e-03 1.90931e-03 1.35209e-03 9.95947e-04 7.16639e-04 5.21012e-04 3.56949e-04 2.61720e-04 1.90648e-04 1.35930e-04 9.29710e-05 6.60442e-05 4.46614e-05 3.04071e-05 2.00605e-05 1.27982e-05 8.14747e-06 5.12065e-06 3.07764e-06 1.83657e-06 1.11265e-06 6.47436e-07 3.74450e-07 2.16444e-07 1.23014e-07 6.87487e-08 3.77053e-08 2.10287e-08 1.13022e-08 6.33164e-09
2.43085e+03 4.86044e+01 3.54758e+01 2.59174e+01 1.88081e+01 1.36770e+01 9.95067e+00 7.22922e+00 5.28188e+00 3.83919e+00 2.78156e+00 2.02032e+00 1.46530e+00 1.06155e+00 7.67699e-01 5.53922e-01 4.01204e-01 2.89098e-01 2.07922e-01 1.49356e-01 1.07120e-01 7.64448e-02 5.44857e-02 3.87711e-02 2.74444e-02 1.94113e-02 1.36259e-02 9.51267e-03 6.64046e-03 4.79669e-03 3.50445e-03 2.31857e-03 1.58242e-03 1.15853e-03 8.13141e-04 5.69164e-04 4.00776e-04 2.89800e-04 2.06946e-04 1.42249e-04 9.75784e-05 6.84905e-05 4.53337e-05 3.06178e-05 2.01524e-05 1.28055e-05 8.09418e-06 5.03693e-06 3.07584e-06 1.80371e-06 1.11833e-06 6.47995e-07 3.69722e-07 2.14921e-07 1.21782e-07 6.89549e-08 3.75935e-08 2.12325e-08 1.18530e-08 6.45614e-09
2.57933e+03 6.02777e+01 4.37345e+01 3.18362e+01 2.30727e+01 1.67416e+01 1.21593e+01 8.82435e+00 6.43452e+00 4.67375e+00 3.37984e+00 2.45339e+00 1.77536e+00 1.28643e+00 9.31014e-01 6.72397e-01 4.85238e-01 3.49781e-01 2.51704e-01 1.80553e-01 1.29330e-01 9.23199e-02 6.56770e-02 4.66522e-02 3.29904e-02 2.32848e-02 1.63400e-02 1.14063e-02 7.95975e-03 5.61326e-03 4.02601e-03 2.73186e-03 1.87250e-03 1.29705e-03 9.37267e-04 6.44948e-04 4.47210e-04 3.21490e-04 2.19380e-04 1.49570e-04 1.01617e-04 7.02240e-05 4.64083e-05 3.08868e-05 2.01322e-05 1.27258e-05 8.02048e-06 4.99188e-06 3.05454e-06 1.81632e-06 1.09904e-06 6.37966e-07 3.70960e-07 2.12184e-07 1.21540e-07 6.80693e-08 3.84639e-08 2.16977e-08 1.20742e-08 6.64903e-09
2.73689e+03 7.19576e+01 5.19940e+01 3.77534e+01 2.73953e+01 1.98348e+01 1.43814e+01 1.04492e+01 7.60012e+00 5.51649e+00 3.98631e+00 2.89261e+00 2.08935e+00 1.51426e+00 1.09744e+00 7.94231e-01 5.70007e-01 4.11085e-01 2.96270e-01 2.11974e-01 1.51876e-01 1.08305e-01 7.68635e-02 5.45590e-02 3.84980e-02 2.71030e-02 1.90110e-02 1.32685e-02 9.25930e-03 6.41854e-03 4.51664e-03 3.08285e-03 2.13572e-03 1.42523e-03 1.03109e-03 7.18870e-04 4.84370e-04 3.39652e-04 2.30368e-04 1.54634e-04 1.04647e-04 7.10997e-05 4.68440e-05 3.09264e-05 1.98662e-05 1.25426e-05 7.82696e-06 4.86837e-06 2.98097e-06 1.76908e-06 1.07863e-06 6.17562e-07 3.65060e-07 2.08373e-07 1.20498e-07 6.75874e-08 3.85291e-08 2.18900e-08 1.20640e-08 6.65501e-09
2.90407e+03 8.08516e+01 5.82229e+01 4.21595e+01 3.06652e+01 2.21681e+01 1.60446e+01 1.16829e+01 8.48171e+00 6.15001e+00 4.44813e+00 3.22587e+00 2.32962e+00 1.68833e+00 1.22492e+00 8.88241e-01 6.34892e-01 4.57984e-01 3.30508e-01 2.35862e-01 1.69251e-01 1.20415e-01 8.53432e-02 6.06113e-02 4.26463e-02 2.99779e-02 2.10209e-02 1.46694e-02 1.02299e-02 6.97491e-03 4.83809e-03 3.33561e-03 2.26271e-03 1.55242e-03 1.08141e-03 7.58607e-04 5.00571e-04 3.47382e-04 2.36041e-04 1.57431e-04 1.04627e-04 7.06866e-05 4.58473e-05 3.01982e-05 1.90901e-05 1.20993e-05 7.58376e-06 4.64756e-06 2.84961e-06 1.68739e-06 1.02989e-06 5.95647e-07 3.50884e-07 2.01420e-07 1.15721e-07 6.60859e-08 3.76568e-08 2.13791e-08 1.18560e-08 6.50704e-09
3.08146e+03 8.35495e+01 6.02140e+01 4.35778e+01 3.17119e+01 2.29416e+01 1.66029e+01 1.20985e+01 8.78958e+00 6.37250e+00 4.61530e+00 3.34705e+00 2.41958e+00 1.75409e+00 1.27331e+00 9.23850e-01 6.60244e-01 4.76445e-01 3.44052e-01 2.45153e-01 1.76184e-01 1.25079e-01 8.86550e-02 6.30428e-02 4.42368e-02 3.10917e-02 2.18027e-02 1.52159e-02 1.05941e-02 7.14153e-03 4.94644e-03 3.41532e-03 2.29308e-03 1.58028e-03 1.08390e-03 7.49280e-04 4.91350e-04 3.44062e-04 2.31841e-04 1.52282e-04 1.00522e-04 6.73260e-05 4.33659e-05 2.83446e-05 1.77604e-05 1.12616e-05 7.04886e-06 4.29282e-06 2.60996e-06 1.54515e-06 9.39719e-07 5.56706e-07 3.21434e-07 1.87981e-07 1.06972e-07 6.22406e-08 3.56684e-08 2.01616e-08 1.12574e-08 6.15617e-09
3.26969e+03 7.97242e+01 5.76513e+01 4.18183e+01 3.03896e+01 2.20286e+01 1.59720e+01 1.16251e+01 8.46165e+00 6.14394e+00 4.44753e+00 3.22946e+00 2.33357e+00 1.69369e+00 1.23071e+00 8.92186e-01 6.37986e-01 4.60813e-01 3.33116e-01 2.36808e-01 1.70049e-01 1.20743e-01 8.55868e-02 6.09539e-02 4.26328e-02 2.99595e-02 2.10105e-02 1.46643e-02 1.01938e-02 6.81898e-03 4.70112e-03 3.25217e-03 2.20062e-03 1.50661e-03 1.02057e-03 7.00780e-04 4.65528e-04 3.22119e-04 2.12796e-04 1.39940e-04 9.25281e-05 6.12198e-05 3.88551e-05 2.52292e-05 1.58126e-05 1.00186e-05 6.21647e-06 3.78026e-06 2.28148e-06 1.36654e-06 8.23754e-07 4.88787e-07 2.83570e-07 1.66771e-07 9.59921e-08 5.49267e-08 3.17050e-08 1.77275e-08 1.01715e-08 5.60451e-09
3.46941e+03 7.15027e+01 5.16968e+01 3.74964e+01 2.72036e+01 1.97052e+01 1.42746e+01 1.03761e+01 7.54407e+00 5.47169e+00 3.95903e+00 2.87142e+00 2.07410e+00 1.50485e+00 1.09354e+00 7.92034e-01 5.66098e-01 4.08710e-01 2.94827e-01 2.09819e-01 1.50427e-01 1.06923e-01 7.57786e-02 5.37808e-02 3.76966e-02 2.64693e-02 1.85546e-02 1.29468e-02 9.00266e-03 5.99105e-03 4.11876e-03 2.84728e-03 1.96717e-03 1.34436e-03 9.03431e-04 6.28626e-04 4.12760e-04 2.79996e-04 1.83953e-04 1.21422e-04 7.96998e-05 5.22790e-05 3.30596e-05 2.12610e-05 1.33929e-05 8.44516e-06 5.20715e-06 3.16470e-06 1.91821e-06 1.15249e-06 6.92349e-07 4.09077e-07 2.36568e-07 1.39845e-07 8.16086e-08 4.62999e-08 2.69256e-08 1.50999e-08 8.57403e-09 4.83558e-09
3.68134e+03 5.93087e+01 4.27495e+01 3.07877e+01 2.22567e+01 1.60879e+01 1.15924e+01 8.41687e+00 6.11295e+00 4.40853e+00 3.20533e+00 2.30944e+00 1.68022e+00 1.21448e+00 8.77799e-01 6.35794e-01 4.58207e-01 3.29534e-01 2.36856e-01 1.70094e-01 1.21562e-01 8.68045e-02 6.16523e-02 4.35369e-02 3.07563e-02 2.16087e-02 1.51386e-02 1.05585e-02 7.36270e-03 4.96329e-03 3.44291e-03 2.38002e-03 1.64754e-03 1.13001e-03 7.61600e-04 5.29692e-04 3.44427e-04 2.30423e-04 1.53623e-04 1.00507e-04 6.48204e-05 4.26878e-05 2.69331e-05 1.72838e-05 1.08852e-05 6.81258e-06 4.17744e-06 2.55538e-06 1.56148e-06 9.26614e-07 5.58655e-07 3.29935e-07 1.91965e-07 1.13522e-07 6.51712e-08 3.73846e-08 2.18040e-08 1.23690e-08 6.94170e-09 4.03585e-09
3.90621e+03 4.42998e+01 3.22817e+01 2.33295e+01 1.66961e+01 1.21214e+01 8.75945e+00 6.33259e+00 4.63045e+00 3.34246e+00 2.44275e+00 1.75717e+00 1.29211e+00 9.32770e-01 6.69897e-01 4.87696e-01 3.56713e-01 2.55940e-01 1.84257e-01 1.33835e-01 9.55039e-02 6.86016e-02 4.89416e-02 3.45131e-02 2.45857e-02 1.73256e-02 1.21430e-02 8.47027e-03 5.92409e-03 4.11868e-03 2.89678e-03 1.98806e-03 1.35989e-03 9.48808e-04 6.36243e-04 4.37268e-04 2.88879e-04 1.89482e-04 1.28151e-04 8.28405e-05 5.31878e-05 3.46105e-05 2.18786e-05 1.41555e-05 8.87781e-06 5.50976e-06 3.38227e-06 2.06899e-06 1.26158e-06 7.54309e-07 4.53813e-07 2.64074e-07 1.55307e-07 9.11862e-08 5.28228e-08 3.03859e-08 1.78237e-08 1.01227e-08 5.68050e-09 3.25427e-09
4.14482e+03 3.50375e+01 2.55361e+01 1.86178e+01 1.32773e+01 9.64662e+00 7.02661e+00 5.05636e+00 3.71937e+00 2.71198e+00 1.97415e+00 1.43296e+00 1.05323e+00 7.64825e-01 5.51247e-01 4.03454e-01 2.95782e-01 2.13042e-01 1.54276e-01 1.12366e-01 8.03494e-02 5.78553e-02 4.14022e-02 2.92844e-02 2.09050e-02 1.47790e-02 1.03723e-02 7.24108e-03 5.06693e-03 3.60729e-03 2.52525e-03 1.73879e-03 1.19052e-03 8.28515e-04 5.50966e-04 3.79431e-04 2.51676e-04 1.65482e-04 1.11713e-04 7.13101e-05 4.62738e-05 2.97941e-05 1.88291e-05 1.21100e-05 7.53418e-06 4.68541e-06 2.87750e-06 1.77462e-06 1.05593e-06 6.35798e-07 3.84345e-07 2.24041e-07 1.31018e-07 7.82327e-08 4.55876e-08 2.58955e-08 1.53558e-08 8.77630e-09 4.91627e-09 2.76735e-09
4.39800e+03 3.30593e+01 2.39026e+01 1.72913e+01 1.23423e+01 8.91275e+00 6.45781e+00 4.65661e+00 3.40802e+00 2.48232e+00 1.80333e+00 1.31392e+00 9.61039e-01 7.00743e-01 5.09059e-01 3.71963e-01 2.71708e-01 1.96711e-01 1.42713e-01 1.03541e-01 7.43182e-02 5.34416e-02 3.82512e-02 2.71657e-02 1.93391e-02 1.36917e-02 9.62035e-03 6.72141e-03 4.69726e-03 3.33389e-03 2.31079e-03 1.60210e-03 1.11081e-03 7.69548e-04 5.13983e-04 3.52143e-04 2.33020e-04 1.53079e-04 1.02237e-04 6.55579e-05 4.20897e-05 2.71166e-05 1.71072e-05 1.08588e-05 6.72755e-06 4.22197e-06 2.58514e-06 1.58545e-06 9.45642e-07 5.60831e-07 3.43129e-07 2.01694e-07 1.19427e-07 6.98657e-08 4.10981e-08 2.35753e-08 1.37552e-08 8.00921e-09 4.50126e-09 2.50852e-09
4.66664e+03 3.42857e+01 2.43282e+01 1.73871e+01 1.24118e+01 8.88329e+00 6.38839e+00 4.60307e+00 3.34645e+00 2.42934e+00 1.76136e+00 1.28355e+00 9.35821e-01 6.82601e-01 4.97403e-01 3.62281e-01 2.63970e-01 1.91509e-01 1.38776e-01 1.00316e-01 7.21905e-02 5.18045e-02 3.70305e-02 2.63700e-02 1.87185e-02 1.32471e-02 9.31009e-03 6.50607e-03 4.54443e-03 3.22360e-03 2.20703e-03 1.53654e-03 1.06569e-03 7.39022e-04 4.88053e-04 3.33561e-04 2.20951e-04 1.45359e-04 9.59685e-05 6.17531e-05 3.98582e-05 2.51986e-05 1.58962e-05 9.98123e-06 6.20224e-06 3.86923e-06 2.35723e-06 1.43630e-06 8.65476e-07 5.21648e-07 3.16327e-07 1.84838e-07 1.10790e-07 6.47494e-08 3.78659e-08 2.21713e-08 1.27320e-08 7.43356e-09 4.21683e-09 2.36274e-09
4.95170e+03 3.51235e+01 2.49017e+01 1.77022e+01 1.26005e+01 8.98267e+00 6.42493e+00 4.62245e+00 3.34596e+00 2.41837e+00 1.75180e+00 1.27237e+00 9.26806e-01 6.74629e-01 4.91171e-01 3.57421e-01 2.59992e-01 1.88472e-01 1.36518e-01 9.85723e-02 7.09184e-02 5.08450e-02 3.63081e-02 2.58536e-02 1.83299e-02 1.29583e-02 9.10398e-03 6.36090e-03 4.44253e-03 3.14304e-03 2.14545e-03 1.48430e-03 1.00968e-03 7.04973e-04 4.65550e-04 3.15636e-04 2.07287e-04 1.36331e-04 8.93684e-05 5.76758e-05 3.69014e-05 2.33337e-05 1.46411e-05 9.15848e-06 5.71227e-06 3.54141e-06 2.15844e-06 1.31230e-06 7.90081e-07 4.82058e-07 2.90484e-07 1.69443e-07 1.02064e-07 5.98618e-08 3.50731e-08 2.06285e-08 1.18599e-08 6.85881e-09 3.94872e-09 2.21634e-09
5.25417e+03 3.55971e+01 2.52378e+01 1.79643e+01 1.27261e+01 9.07731e+00 6.49616e+00 4.65316e+00 3.36809e+00 2.43330e+00 1.75726e+00 1.27452e+00 9.25945e-01 6.73397e-01 4.89626e-01 3.55851e-01 2.58389e-01 1.87176e-01 1.35344e-01 9.76161e-02 7.01099e-02 5.02386e-02 3.58594e-02 2.54793e-02 1.80497e-02 1.27521e-02 8.95712e-03 6.25751e-03 4.36312e-03 3.06499e-03 2.10550e-03 1.43337e-03 9.67610e-04 6.70749e-04 4.42822e-04 2.97184e-04 1.93879e-04 1.26118e-04 8.23829e-05 5.31494e-05 3.37616e-05 2.14179e-05 1.33646e-05 8.34470e-06 5.23204e-06 3.23739e-06 1.97419e-06 1.20062e-06 7.17502e-07 4.34574e-07 2.63339e-07 1.55340e-07 9.37384e-08 5.48598e-08 3.26614e-08 1.89357e-08 1.08998e-08 6.32034e-09 3.67448e-09 2.08490e-09
5.57512e+03 3.62528e+01 2.55751e+01 1.81410e+01 1.28754e+01 9.16614e+00 6.54812e+00 4.69003e+00 3.38777e+00 2.44654e+00 1.76348e+00 1.27992e+00 9.26761e-01 6.74373e-01 4.89587e-01 3.55033e-01 2.57540e-01 1.86416e-01 1.34419e-01 9.67424e-02 6.94246e-02 4.96990e-02 3.54545e-02 2.51507e-02 1.77960e-02 1.25698e-02 8.82901e-03 6.16762e-03 4.29127e-03 2.99096e-03 2.02104e-03 1.38710e-03 9.35765e-04 6.35929e-04 4.20243e-04 2.77460e-04 1.80528e-04 1.16332e-04 7.61113e-05 4.87063e-05 3.08011e-05 1.93337e-05 1.21047e-05 7.60444e-06 4.75299e-06 2.93969e-06 1.78578e-06 1.08660e-06 6.56468e-07 3.97023e-07 2.38547e-07 1.41510e-07 8.44273e-08 5.01808e-08 3.00885e-08 1.73492e-08 1.02065e-08 5.86724e-09 3.37225e-09 1.96947e-09
5.91567e+03 3.52872e+01 2.49636e+01 1.77081e+01 1.26046e+01 8.97520e+00 6.40560e+00 4.60067e+00 3.32028e+00 2.39483e+00 1.72901e+00 1.25448e+00 9.08766e-01 6.61172e-01 4.79821e-01 3.47829e-01 2.52305e-01 1.82516e-01 1.31544e-01 9.45979e-02 6.78898e-02 4.85736e-02 3.46371e-02 2.45652e-02 1.73722e-02 1.22695e-02 8.61563e-03 6.01669e-03 4.18493e-03 2.86876e-03 1.93071e-03 1.33231e-03 8.89683e-04 5.96919e-04 3.95209e-04 2.57327e-04 1.67522e-04 1.07999e-04 6.98801e-05 4.44217e-05 2.81065e-05 1.76011e-05 1.10039e-05 6.89736e-06 4.28791e-06 2.65053e-06 1.61487e-06 9.77913e-07 5.93933e-07 3.61279e-07 2.15606e-07 1.28846e-07 7.61909e-08 4.59646e-08 2.71973e-08 1.59713e-08 9.43689e-09 5.46090e-09 3.12351e-09 1.82706e-09
6.27702e+03 3.30287e+01 2.35029e+01 1.67551e+01 1.19149e+01 8.50866e+00 6.08967e+00 4.37301e+00 3.16339e+00 2.28402e+00 1.65030e+00 1.19715e+00 8.68503e-01 6.31776e-01 4.58703e-01 3.32834e-01 2.41562e-01 1.74716e-01 1.26018e-01 9.07009e-02 6.50685e-02 4.65743e-02 3.32250e-02 2.35477e-02 1.66626e-02 1.17720e-02 8.26131e-03 5.76885e-03 4.01374e-03 2.71618e-03 1.83064e-03 1.24875e-03 8.31407e-04 5.55283e-04 3.65169e-04 2.38045e-04 1.53374e-04 9.82903e-05 6.31440e-05 4.02252e-05 2.53709e-05 1.58949e-05 9.93389e-06 6.14968e-06 3.82762e-06 2.37055e-06 1.45531e-06 8.79907e-07 5.36552e-07 3.23683e-07 1.93958e-07 1.17296e-07 6.93177e-08 4.14700e-08 2.45854e-08 1.45475e-08 8.59358e-09 5.01129e-09 2.89887e-09 1.66546e-09
6.66044e+03 3.09958e+01 2.19993e+01 1.56819e+01 1.11415e+01 7.95419e+00 5.69756e+00 4.08482e+00 2.95628e+00 2.13787e+00 1.54217e+00 1.12076e+00 8.11735e-01 5.91060e-01 4.28548e-01 3.10794e-01 2.25794e-01 1.63160e-01 1.17598e-01 8.46356e-02 6.07015e-02 4.34553e-02 3.10135e-02 2.19590e-02 1.55458e-02 1.09773e-02 7.70254e-03 5.37821e-03 3.74408e-03 2.49428e-03 1.69614e-03 1.14618e-03 7.63612e-04 5.03108e-04 3.28768e-04 2.14527e-04 1.37434e-04 8.75245e-05 5.58652e-05 3.56211e-05 2.23793e-05 1.39895e-05 8.72996e-06 5.39004e-06 3.35006e-06 2.08366e-06 1.27693e-06 7.73453e-07 4.73815e-07 2.83589e-07 1.71406e-07 1.03805e-07 6.16850e-08 3.70592e-08 2.18253e-08 1.30034e-08 7.68588e-09 4.49455e-09 2.58012e-09 1.51179e-09
7.06729e+03 2.84552e+01 2.00984e+01 1.42465e+01 1.01336e+01 7.21153e+00 5.14552e+00 3.69301e+00 2.66468e+00 1.92230e+00 1.38721e+00 1.00691e+00 7.29363e-01 5.30599e-01 3.84734e-01 2.78844e-01 2.02382e-01 1.46292e-01 1.05402e-01 7.57634e-02 5.43862e-02 3.89021e-02 2.77406e-02 1.96657e-02 1.39073e-02 9.81257e-03 6.88707e-03 4.80933e-03 3.34863e-03 2.22272e-03 1.49311e-03 1.00920e-03 6.70524e-04 4.38375e-04 2.85733e-04 1.85829e-04 1.18984e-04 7.54200e-05 4.75749e-05 3.05741e-05 1.91308e-05 1.19247e-05 7.45041e-06 4.61709e-06 2.86335e-06 1.77922e-06 1.09554e-06 6.64252e-07 4.04654e-07 2.43818e-07 1.47719e-07 8.83943e-08 5.30918e-08 3.23395e-08 1.90499e-08 1.13113e-08 6.61017e-09 3.93637e-09 2.26660e-09 1.31953e-09
7.49899e+03 2.44687e+01 1.73625e+01 1.23235e+01 8.74146e+00 6.22154e+00 4.43384e+00 3.18035e+00 2.29316e+00 1.64873e+00 1.19168e+00 8.61330e-01 6.25258e-01 4.54032e-01 3.30045e-01 2.39491e-01 1.73370e-01 1.25554e-01 9.06049e-02 6.51105e-02 4.67711e-02 3.34341e-02 2.38098e-02 1.69160e-02 1.19406e-02 8.42913e-03 5.91891e-03 4.13425e-03 2.87478e-03 1.90844e-03 1.26934e-03 8.55841e-04 5.65432e-04 3.66773e-04 2.39910e-04 1.53821e-04 9.90374e-05 6.26389e-05 3.94683e-05 2.53747e-05 1.58455e-05 9.88121e-06 6.17819e-06 3.84594e-06 2.38562e-06 1.47442e-06 9.06569e-07 5.55855e-07 3.36874e-07 2.02886e-07 1.24000e-07 7.41099e-08 4.46532e-08 2.68799e-08 1.61042e-08 9.53575e-09 5.65748e-09 3.32470e-09 1.94368e-09 1.12656e-09
7.95706e+03 2.07073e+01 1.46900e+01 1.04425e+01 7.36724e+00 5.24318e+00 3.73990e+00 2.67020e+00 1.92673e+00 1.38514e+00 9.99171e-01 7.20836e-01 5.22899e-01 3.79448e-01 2.75904e-01 2.00323e-01 1.44822e-01 1.04919e-01 7.57703e-02 5.44754e-02 3.91096e-02 2.79618e-02 1.99064e-02 1.41415e-02 9.97419e-03 7.04522e-03 4.94776e-03 3.45619e-03 2.40203e-03 1.56743e-03 1.04214e-03 6.98788e-04 4.61020e-04 2.99523e-04 1.95670e-04 1.24399e-04 7.97828e-05 5.08036e-05 3.18334e-05 2.04226e-05 1.27585e-05 7.98802e-06 5.00511e-06 3.10479e-06 1.92862e-06 1.19764e-06 7.34163e-07 4.50720e-07 2.72539e-07 1.65447e-07 1.01382e-07 6.11117e-08 3.65737e-08 2.18289e-08 1.32341e-08 7.86064e-09 4.63869e-09 2.71732e-09 1.62863e-09 9.34446e-10
8.44310e+03 1.76493e+01 1.23984e+01 8.74571e+00 6.15734e+00 4.36021e+00 3.09675e+00 2.20476e+00 1.58555e+00 1.13836e+00 8.18867e-01 5.90531e-01 4.27450e-01 3.09981e-01 2.24934e-01 1.63100e-01 1.17925e-01 8.53373e-02 6.15515e-02 4.42158e-02 3.17371e-02 2.26840e-02 1.61464e-02 1.14642e-02 8.08855e-03 5.71098e-03 4.01019e-03 2.80105e-03 1.94680e-03 1.24059e-03 8.27554e-04 5.52435e-04 3.66842e-04 2.38070e-04 1.53963e-04 9.80418e-05 6.29310e-05 4.01843e-05 2.51443e-05 1.61165e-05 1.00378e-05 6.30412e-06 3.95911e-06 2.46329e-06 1.52713e-06 9.55836e-07 5.82555e-07 3.56146e-07 2.16269e-07 1.31263e-07 8.08948e-08 4.90652e-08 2.91428e-08 1.75212e-08 1.05690e-08 6.33199e-09 3.70229e-09 2.18321e-09 1.31346e-09 7.50270e-10
8.95884e+03 1.41034e+01 9.88865e+00 6.94116e+00 4.87661e+00 3.43968e+00 2.43009e+00 1.72926e+00 1.23837e+00 8.84767e-01 6.36564e-01 4.58245e-01 3.31188e-01 2.40290e-01 1.74395e-01 1.26370e-01 9.13306e-02 6.61057e-02 4.76527e-02 3.41673e-02 2.45525e-02 1.75257e-02 1.24742e-02 8.86591e-03 6.25712e-03 4.42248e-03 3.10575e-03 2.16937e-03 1.50761e-03 9.45471e-04 6.30467e-04 4.23661e-04 2.78073e-04 1.80530e-04 1.17040e-04 7.46765e-05 4.79352e-05 3.06212e-05 1.92221e-05 1.23610e-05 7.69539e-06 4.85885e-06 3.05419e-06 1.89768e-06 1.18508e-06 7.39443e-07 4.53152e-07 2.75597e-07 1.67751e-07 1.02488e-07 6.27296e-08 3.80729e-08 2.28287e-08 1.35985e-08 8.25265e-09 4.93878e-09 2.90334e-09 1.72910e-09 1.02519e-09 5.84206e-10
9.50608e+03 1.03187e+01 7.25945e+00 5.10604e+00 3.56899e+00 2.51666e+00 1.77664e+00 1.26085e+00 9.02227e-01 6.42325e-01 4.62268e-01 3.32157e-01 2.39473e-01 1.74218e-01 1.26688e-01 9.18714e-02 6.63490e-02 4.80974e-02 3.47050e-02 2.48514e-02 1.78844e-02 1.27497e-02 9.09046e-03 6.46416e-03 4.57111e-03 3.23655e-03 2.27372e-03 1.58847e-03 1.10396e-03 6.85493e-04 4.56784e-04 3.08553e-04 2.00401e-04 1.30982e-04 8.52640e-05 5.46153e-05 3.50897e-05 2.24878e-05 1.42360e-05 9.10485e-06 5.73636e-06 3.60914e-06 2.27167e-06 1.41986e-06 8.92310e-07 5.54297e-07 3.40950e-07 2.07487e-07 1.26672e-07 7.80368e-08 4.71523e-08 2.86220e-08 1.73168e-08 1.04265e-08 6.16966e-09 3.73715e-09 2.17862e-09 1.29425e-09 7.61716e-10 4.39185e-10
1.00868e+04 7.01601e+00 4.93491e+00 3.46645e+00 2.41635e+00 1.70172e+00 1.19935e+00 8.49966e-01 6.07496e-01 4.31223e-01 3.10396e-01 2.23109e-01 1.60239e-01 1.17132e-01 8.53374e-02 6.19311e-02 4.47452e-02 3.24847e-02 2.34537e-02 1.67646e-02 1.20875e-02 8.60452e-03 6.16177e-03 4.37323e-03 3.10457e-03 2.20177e-03 1.54829e-03 1.08212e-03 7.52314e-04 4.67669e-04 3.12663e-04 2.07766e-04 1.36476e-04 9.03151e-05 5.86118e-05 3.81908e-05 2.46090e-05 1.56527e-05 9.93539e-06 6.43512e-06 4.04142e-06 2.54631e-06 1.63003e-06 1.01266e-06 6.40488e-07 3.98902e-07 2.45989e-07 1.50453e-07 9.24905e-08 5.63470e-08 3.42247e-08 2.06396e-08 1.23768e-08 7.34717e-09 4.40277e-09 2.66357e-09 1.55272e-09 9.13931e-10 5.41163e-10 3.09875e-10
1.07029e+04 4.17052e+00 2.96829e+00 2.09594e+00 1.45755e+00 1.02801e+00 7.23605e-01 5.13534e-01 3.66374e-01 2.58138e-01 1.86442e-01 1.34333e-01 9.60877e-02 7.07708e-02 5.17446e-02 3.75574e-02 2.71877e-02 1.97868e-02 1.42743e-02 1.01255e-02 7.32390e-03 5.19941e-03 3.75363e-03 2.64839e-03 1.90199e-03 1.34796e-03 9.47549e-04 6.61795e-04 4.61113e-04 2.90304e-04 1.97301e-04 1.28399e-04 8.57573e-05 5.77130e-05 3.76704e-05 2.46134e-05 1.60477e-05 1.02569e-05 6.66874e-06 4.24393e-06 2.69221e-06 1.69232e-06 1.08988e-06 6.84794e-07 4.33994e-07 2.65754e-07 1.66917e-07 1.01991e-07 6.34606e-08 3.79067e-08 2.29165e-08 1.38746e-08 8.23606e-09 4.88405e-09 2.96369e-09 1.74615e-09 1.03363e-09 5.86394e-10 3.47730e-10 2.01471e-10
1.13567e+04 2.08754e+00 1.52086e+00 1.08955e+00 7.54456e-01 5.35716e-01 3.77654e-01 2.68927e-01 1.91800e-01 1.32968e-01 9.69524e-02 7.00991e-02 4.98321e-02 3.72089e-02 2.74289e-02 1.99372e-02 1.44014e-02 1.04727e-02 7.51331e-03 5.33518e-03 3.82132e-03 2.78960e-03 2.00825e-03 1.43088e-03 1.02048e-03 7.18847e-04 5.04503e-04 3.51794e-04 2.47070e-04 1.60622e-04 1.09673e-04 7.47657e-05 5.00801e-05 3.36412e-05 2.22747e-05 1.49236e-05 9.75131e-06 6.23971e-06 4.12844e-06 2.63646e-06 1.70063e-06 1.08763e-06 6.94702e-07 4.36206e-07 2.75464e-07 1.68398e-07 1.04366e-07 6.48832e-08 4.03905e-08 2.41383e-08 1.47143e-08 8.65477e-09 5.22948e-09 3.06779e-09 1.87193e-09 1.05652e-09 6.26439e-10 3.66534e-10 2.12804e-10 1.21068e-10
1.20504e+04 9.05800e-01 6.76883e-01 4.96572e-01 3.41566e-01 2.45318e-01 1.74760e-01 1.24134e-01 8.90431e-02 6.10241e-02 4.48048e-02 3.23460e-02 2.29956e-02 1.71626e-02 1.26333e-02 9.10532e-03 6.63836e-03 4.77407e-03 3.41597e-03 2.54477e-03 1.83304e-03 1.32045e-03 9.34702e-04 6.81312e-04 4.76156e-04 3.29831e-04 2.31778e-04 1.61891e-04 1.18024e-04 8.58965e-05 6.17397e-05 4.06100e-05 2.84779e-05 1.90542e-05 1.26760e-05 8.55391e-06 5.76432e-06 3.75444e-06 2.45355e-06 1.55825e-06 1.02749e-06 6.63968e-07 4.21615e-07 2.66959e-07 1.70324e-07 1.06431e-07 6.59178e-08 4.03569e-08 2.47306e-08 1.46219e-08 8.83116e-09 5.28166e-09 3.18714e-09 1.90232e-09 1.07756e-09 6.34260e-10 3.67960e-10 2.11645e-10 1.22353e-10 6.90234e-11
1.27870e+04 4.02210e-01 2.99059e-01 2.20180e-01 1.50342e-01 1.07554e-01 7.67056e-02 5.38390e-02 3.83002e-02 2.62227e-02 1.84902e-02 1.40262e-02 1.00058e-02 7.29362e-03 5.17394e-03 3.82204e-03 2.72910e-03 2.05379e-03 1.52566e-03 1.09592e-03 7.93138e-04 5.59514e-04 4.08535e-04 2.91128e-04 2.11257e-04 1.52761e-04 1.07308e-04 7.43859e-05 5.27530e-05 4.67827e-05 3.45526e-05 2.25237e-05 1.56296e-05 1.08140e-05 7.39335e-06 4.94940e-06 3.35785e-06 2.20764e-06 1.43402e-06 9.40064e-07 6.13921e-07 3.92655e-07 2.49227e-07 1.58790e-07 1.02635e-07 6.37661e-08 3.95411e-08 2.39295e-08 1.47495e-08 8.98618e-09 5.34045e-09 3.15949e-09 1.83457e-09 1.07453e-09 6.31041e-10 3.71291e-10 2.08260e-10 1.18060e-10 6.73408e-11 3.65449e-11
1.35494e+04 1.89804e-01 1.36692e-01 9.77892e-02 6.66593e-02 4.68639e-02 3.21225e-02 2.24325e-02 1.57683e-02 1.14067e-02 8.04784e-03 5.59773e-03 4.00371e-03 2.97186e-03 2.19196e-03 1.59488e-03 1.16310e-03 8.46926e-04 5.99958e-04 4.42921e-04 3.16697e-04 2.33545e-04 1.71443e-04 1.19381e-04 8.85126e-05 6.30492e-05 4.39522e-05 3.01725e-05 2.11055e-05 2.53391e-05 1.90656e-05 1.24319e-05 8.59553e-06 6.09390e-06 4.15678e-06 2.81903e-06 1.91388e-06 1.25730e-06 8.35836e-07 5.37165e-07 3.51172e-07 2.35357e-07 1.51053e-07 9.68875e-08 6.14644e-08 3.72891e-08 2.26981e-08 1.39186e-08 8.78016e-09 5.37958e-09 3.08726e-09 1.77581e-09 1.02637e-09 6.07202e-10 3.63539e-10 2.11096e-10 1.15147e-10 6.45390e-11 3.39630e-11 1.96091e-11
1.42287e+04 9.01229e-02 6.39776e-02 4.38548e-02 2.99712e-02 1.99217e-02 1.41435e-02 9.80480e-03 6.94600e-03 4.69876e-03 3.32225e-03 2.44752e-03 1.73677e-03 1.28033e-03 9.21882e-04 6.47100e-04 4.97725e-04 3.54325e-04 2.36625e-04 1.78453e-04 1.26194e-04 9.38534e-05 6.94711e-05 4.72561e-05 3.56731e-05 2.54030e-05 1.76636e-05 1.24096e-05 9.86869e-06 1.53078e-05 1.21087e-05 8.00283e-06 5.57014e-06 3.93952e-06 2.75414e-06 1.87606e-06 1.28170e-06 8.54447e-07 5.56898e-07 3.65266e-07 2.44108e-07 1.62950e-07 1.05628e-07 6.62511e-08 4.24838e-08 2.55743e-08 1.58636e-08 9.75135e-09 6.14023e-09 3.77743e-09 2.15099e-09 1.23212e-09 7.19615e-10 4.14732e-10 2.39416e-10 1.39267e-10 7.59082e-11 4.19195e-11 2.16053e-11 1.22769e-11
1.47721e+04 4.23652e-02 3.09020e-02 2.13969e-02 1.46989e-02 9.77760e-03 7.05488e-03 4.86714e-03 3.51104e-03 2.43044e-03 1.72631e-03 1.22334e-03 8.67140e-04 6.43216e-04 4.75165e-04 3.49201e-04 2.54799e-04 1.89774e-04 1.41360e-04 1.02997e-04 7.66819e-05 5.47382e-05 3.85198e-05 2.99424e-05 2.14085e-05 1.50975e-05 1.09847e-05 7.86679e-06 5.60720e-06 1.22331e-05 9.06453e-06 6.42912e-06 4.45557e-06 3.18205e-06 2.24174e-06 1.52468e-06 1.05684e-06 7.12773e-07 4.67717e-07 3.04598e-07 2.01640e-07 1.34598e-07 8.76644e-08 5.48365e-08 3.60645e-08 2.17233e-08 1.35443e-08 8.47367e-09 5.12125e-09 3.15105e-09 1.83368e-09 1.03690e-09 6.03777e-10 3.55842e-10 2.01214e-10 1.16398e-10 6.19335e-11 3.52798e-11 1.76406e-11 9.58048e-12
1.52581e+04 2.17734e-02 1.60935e-02 1.12838e-02 7.76966e-03 5.33653e-03 3.88672e-03 2.67949e-03 1.94048e-03 1.38057e-03 9.75029e-04 6.84083e-04 4.99630e-04 3.60058e-04 2.68846e-04 1.99446e-04 1.44790e-04 1.09215e-04 8.33553e-05 6.42002e-05 4.60380e-05 3.40607e-05 2.49252e-05 1.79288e-05 1.34724e-05 9.58933e-06 6.74817e-06 4.71035e-06 3.27214e-06 1.02845e-05 7.80728e-06 5.65102e-06 4.12578e-06 2.88999e-06 2.05592e-06 1.39939e-06 9.64348e-07 6.51928e-07 4.25962e-07 2.96993e-07 1.96153e-07 1.24893e-07 8.19796e-08 5.16577e-08 3.39917e-08 2.07155e-08 1.27833e-08 7.82251e-09 4.69601e-09 3.00455e-09 1.71750e-09 9.74442e-10 5.63850e-10 3.38721e-10 1.88756e-10 1.05860e-10 5.63403e-11 3.08930e-11 1.62243e-11 8.74118e-12
1.56736e+04 1.17439e-02 8.70381e-03 6.38689e-03 4.38735e-03 3.07243e-03 2.19576e-03 1.52212e-03 1.10732e-03 8.24007e-04 5.74942e-04 4.35741e-04 3.10602e-04 2.30149e-04 1.68562e-04 1.22646e-04 9.21232e-05 6.94407e-05 5.20134e-05 3.88726e-05 2.83859e-05 2.07172e-05 1.51313e-05 1.14251e-05 8.35025e-06 5.89579e-06 4.26814e-06 3.05591e-06 2.17416e-06 9.53783e-06 7.27248e-06 5.32175e-06 4.11506e-06 2.84492e-06 2.00395e-06 1.36530e-06 9.67685e-07 6.35818e-07 4.33326e-07 2.97407e-07 1.93354e-07 1.24930e-07 8.17897e-08 5.13164e-08 3.30708e-08 2.06929e-08 1.26845e-08 7.62018e-09 4.62196e-09 2.87471e-09 1.68744e-09 9.58532e-10 5.34878e-10 3.23939e-10 1.82232e-10 9.91560e-11 5.33902e-11 2.83130e-11 1.50877e-11 8.73407e-12
1.59827e+04 7.07328e-03 5.08261e-03 3.66755e-03 2.52202e-03 1.82535e-03 1.32680e-03 9.25840e-04 6.77112e-04 4.90319e-04 3.50102e-04 2.57509e-04 1.88127e-04 1.37576e-04 1.00203e-04 7.28706e-05 5.63654e-05 4.20626e-05 3.17414e-05 2.40659e-05 1.77235e-05 1.29657e-05 9.45935e-06 7.22366e-06 5.35570e-06 3.78763e-06 2.73910e-06 1.96113e-06 1.38882e-06 8.85601e-06 6.84238e-06 5.16059e-06 3.91945e-06 2.81564e-06 2.00162e-06 1.35474e-06 9.79122e-07 6.30236e-07 4.41474e-07 3.00034e-07 1.87827e-07 1.24053e-07 8.08058e-08 5.26121e-08 3.15457e-08 2.05811e-08 1.26927e-08 7.59078e-09 4.53478e-09 2.74688e-09 1.63923e-09 9.28075e-10 5.18147e-10 3.06378e-10 1.74134e-10 9.35372e-11 4.99965e-11 2.86515e-11 1.48181e-11 8.64923e-12
1.62022e+04 3.49089e-03 2.61092e-03 1.87940e-03 1.32069e-03 9.33222e-04 6.53096e-04 4.82128e-04 3.42323e-04 2.44764e-04 1.83059e-04 1.38585e-04 1.02442e-04 7.39012e-05 5.33889e-05 3.88568e-05 3.29724e-05 2.42982e-05 1.80717e-05 1.40890e-05 1.03060e-05 7.47074e-06 5.65669e-06 4.47625e-06 3.25796e-06 2.31083e-06 1.74021e-06 1.29610e-06 9.49923e-07 8.28282e-06 6.39366e-06 4.97851e-06 3.65198e-06 2.71218e-06 1.91491e-06 1.32435e-06 9.31195e-07 6.20113e-07 4.22857e-07 2.89355e-07 1.80905e-07 1.21590e-07 7.97924e-08 5.01944e-08 2.96881e-08 1.97280e-08 1.26078e-08 7.38302e-09 4.42906e-09 2.60198e-09 1.56640e-09 9.06198e-10 5.32654e-10 2.88874e-10 1.67375e-10 8.83490e-11 4.72605e-11 2.78241e-11 1.43312e-11 8.38609e-12
1.63625e+04 1.66041e-03 1.24331e-03 9.07721e-04 6.41073e-04 4.60991e-04 3.30984e-04 2.44607e-04 1.78713e-04 1.33377e-04 9.99001e-05 7.80910e-05 5.98645e-05 4.43541e-05 3.29301e-05 2.44280e-05 1.77870e-05 1.38362e-05 1.13797e-05 9.42233e-06 7.01533e-06 5.20225e-06 3.89968e-06 2.81103e-06 2.21290e-06 1.57036e-06 1.11056e-06 8.10331e-07 6.29326e-07 7.86413e-06 5.94284e-06 4.59699e-06 3.39757e-06 2.53170e-06 1.79340e-06 1.24944e-06 8.79555e-07 5.96411e-07 3.95608e-07 2.79229e-07 1.70832e-07 1.14103e-07 7.47766e-08 4.78670e-08 2.82639e-08 1.91048e-08 1.24700e-08 7.12742e-09 4.13699e-09 2.47375e-09 1.46515e-09 8.82597e-10 5.06039e-10 2.69333e-10 1.58956e-10 8.36435e-11 4.42597e-11 2.62316e-11 1.36600e-11 7.97704e-12
1.64894e+04 8.14681e-04 6.14522e-04 4.50346e-04 3.16159e-04 2.25341e-04 1.62797e-04 1.11436e-04 7.88666e-05 6.07103e-05 4.63288e-05 3.50887e-05 3.12913e-05 2.31026e-05 1.72452e-05 1.30139e-05 1.20709e-05 9.29152e-06 7.39873e-06 5.73071e-06 4.64114e-06 3.40771e-06 2.50976e-06 2.05235e-06 1.57553e-06 1.13203e-06 8.33320e-07 5.96537e-07 4.17378e-07 7.12148e-06 5.42201e-06 4.27199e-06 3.13368e-06 2.32420e-06 1.64766e-06 1.18369e-06 8.10358e-07 5.72646e-07 3.65055e-07 2.57698e-07 1.62863e-07 1.08180e-07 7.08088e-08 4.45361e-08 2.69031e-08 1.77930e-08 1.13261e-08 6.66564e-09 3.90594e-09 2.31535e-09 1.38081e-09 8.43070e-10 4.72797e-10 2.52668e-10 1.48979e-10 7.92802e-11 4.17395e-11 2.41253e-11 1.26147e-11 7.43895e-12
1.65954e+04 4.88915e-04 3.51813e-04 2.51194e-04 1.70007e-04 1.16178e-04 8.13590e-05 6.91449e-05 5.01739e-05 3.73191e-05 2.82450e-05 2.33026e-05 1.68029e-05 1.19677e-05 8.52312e-06 6.05607e-06 7.29185e-06 5.49185e-06 4.07032e-06 2.64426e-06 2.65616e-06 1.90736e-06 1.34769e-06 1.41805e-06 1.04264e-06 7.65554e-07 6.01530e-07 4.52616e-07 3.28027e-07 6.40811e-06 4.98656e-06 3.89469e-06 2.89016e-06 2.10429e-06 1.51679e-06 1.08278e-06 7.52505e-07 5.21704e-07 3.35292e-07 2.39394e-07 1.51024e-07 1.00644e-07 6.66815e-08 4.14469e-08 2.57269e-08 1.66926e-08 1.03698e-08 6.27956e-09 3.65953e-09 2.18292e-09 1.28222e-09 8.10023e-10 4.40102e-10 2.37773e-10 1.40063e-10 7.50985e-11 3.86246e-11 2.23063e-11 1.17417e-11 6.66143e-12
1.66923e+04 3.51601e-04 2.44868e-04 1.69484e-04 1.19060e-04 8.35586e-05 5.83958e-05 4.03208e-05 2.78335e-05 1.93344e-05 1.69997e-05 1.25411e-05 1.14076e-05 8.45239e-06 6.23193e-06 4.56099e-06 2.92830e-06 2.16600e-06 2.00530e-06 2.10582e-06 1.45570e-06 1.09380e-06 8.68254e-07 8.38889e-07 5.56078e-07 4.30940e-07 3.89893e-07 3.21208e-07 2.46444e-07 5.75675e-06 4.57964e-06 3.55019e-06 2.62409e-06 1.90429e-06 1.37881e-06 9.78842e-07 6.90976e-07 4.75192e-07 3.08117e-07 2.21258e-07 1.40006e-07 9.26067e-08 6.08779e-08 3.86263e-08 2.46529e-08 1.56878e-08 9.48311e-09 5.84807e-09 3.38352e-09 2.06089e-09 1.19220e-09 7.45780e-10 4.08215e-10 2.23484e-10 1.30787e-10 7.12132e-11 3.57806e-11 2.05299e-11 1.09714e-11 5.95151e-12
1.67880e+04 2.67900e-04 1.84829e-04 1.26999e-04 8.82544e-05 6.07037e-05 4.16131e-05 2.96008e-05 2.10624e-05 1.48189e-05 1.02728e-05 7.62209e-06 6.07094e-06 4.97531e-06 3.96568e-06 3.08219e-06 2.31886e-06 1.73701e-06 1.57565e-06 1.58049e-06 1.15589e-06 8.65943e-07 6.81488e-07 4.44525e-07 4.05767e-07 2.84151e-07 1.90062e-07 1.91231e-07 1.65749e-07 5.11249e-06 4.16084e-06 3.18612e-06 2.36092e-06 1.71384e-06 1.24234e-06 8.76034e-07 6.21754e-07 4.29267e-07 2.81354e-07 1.97275e-07 1.29107e-07 8.46571e-08 5.51375e-08 3.48148e-08 2.27328e-08 1.41902e-08 8.45104e-09 5.28421e-09 3.11051e-09 1.90051e-09 1.09926e-09 6.73485e-10 3.76561e-10 2.04202e-10 1.21613e-10 6.49205e-11 3.23992e-11 1.87729e-11 1.02095e-11 5.27583e-12
1.68860e+04 2.02327e-04 1.39308e-04 9.57903e-05 6.63015e-05 4.53447e-05 3.11578e-05 2.18840e-05 1.51132e-05 1.04005e-05 7.81141e-06 5.71243e-06 4.08496e-06 2.86166e-06 1.99004e-06 1.56874e-06 1.72467e-06 1.29796e-06 1.13593e-06 1.04284e-06 8.49043e-07 6.32743e-07 4.90346e-07 3.59697e-07 3.19518e-07 2.26519e-07 1.56620e-07 1.04702e-07 8.31637e-08 4.54424e-06 3.73224e-06 2.79225e-06 2.08991e-06 1.51892e-06 1.10143e-06 7.75419e-07 5.50909e-07 3.82532e-07 2.53991e-07 1.72729e-07 1.16208e-07 7.66423e-08 4.92626e-08 3.06463e-08 2.04845e-08 1.25815e-08 7.39478e-09 4.70714e-09 2.83251e-09 1.73637e-09 9.99329e-10 5.99496e-10 3.43509e-10 1.84467e-10 1.11810e-10 5.84804e-11 2.85831e-11 1.68979e-11 9.28559e-12 4.59490e-12
1.69934e+04 1.44600e-04 9.94465e-05 6.91327e-05 4.80973e-05 3.27016e-05 2.30824e-05 1.57202e-05 1.12821e-05 7.99017e-06 5.50627e-06 3.83908e-06 3.04319e-06 2.22300e-06 1.60089e-06 1.13661e-06 1.07402e-06 8.17198e-07 6.54434e-07 4.54107e-07 5.13042e-07 3.77384e-07 2.81041e-07 2.66809e-07 2.25072e-07 1.63410e-07 1.20000e-07 8.35895e-08 5.66345e-08 4.05836e-06 3.26291e-06 2.38238e-06 1.79302e-06 1.33912e-06 9.46108e-07 6.65265e-07 4.85941e-07 3.31357e-07 2.24029e-07 1.47853e-07 1.01683e-07 6.82133e-08 4.38747e-08 2.60817e-08 1.80226e-08 1.08200e-08 6.23814e-09 4.10885e-09 2.54882e-09 1.55663e-09 8.89905e-10 5.28595e-10 3.07315e-10 1.63878e-10 1.00889e-10 5.17378e-11 2.51382e-11 1.48022e-11 7.93528e-12 3.86876e-12
1.71224e+04 9.54174e-05 6.62908e-05 4.67927e-05 3.26868e-05 2.25451e-05 1.59809e-05 1.10617e-05 7.90921e-06 5.48519e-06 3.99765e-06 2.86378e-06 1.98076e-06 1.45544e-06 1.13318e-06 8.50381e-07 5.85967e-07 4.15809e-07 3.15729e-07 2.89602e-07 1.95744e-07 1.41418e-07 1.09745e-07 1.55172e-07 1.11564e-07 8.75641e-08 7.59882e-08 5.82161e-08 4.19498e-08 3.47442e-06 2.79341e-06 2.07528e-06 1.51000e-06 1.16603e-06 7.66982e-07 5.56367e-07 4.18158e-07 2.83185e-07 1.94693e-07 1.29891e-07 8.45074e-08 5.80829e-08 3.76852e-08 2.24614e-08 1.55775e-08 9.22659e-09 5.56435e-09 3.56643e-09 2.20788e-09 1.36677e-09 7.78699e-10 4.43579e-10 2.66237e-10 1.39879e-10 8.73552e-11 4.40586e-11 2.41098e-11 1.26618e-11 6.32841e-12 3.30481e-12
1.73474e+04 5.14563e-05 3.62209e-05 2.54995e-05 1.85486e-05 1.25274e-05 8.85226e-06 6.00989e-06 4.40799e-06 3.06056e-06 2.24932e-06 1.60463e-06 1.15846e-06 8.79134e-07 6.37347e-07 4.46590e-07 3.76276e-07 2.78246e-07 2.10273e-07 1.78011e-07 1.33111e-07 9.58767e-08 7.32486e-08 4.97682e-08 4.73268e-08 3.30642e-08 2.23015e-08 1.48009e-08 1.63362e-08 2.51670e-06 1.97780e-06 1.62972e-06 1.12122e-06 9.25359e-07 6.26108e-07 4.44468e-07 3.22352e-07 2.24659e-07 1.46589e-07 1.01786e-07 6.87549e-08 4.52671e-08 2.87396e-08 1.70154e-08 1.17570e-08 6.80658e-09 4.46869e-09 2.69487e-09 1.73906e-09 1.06183e-09 6.06213e-10 3.49288e-10 2.03236e-10 1.14458e-10 6.26239e-11 3.48782e-11 1.97848e-11 1.02388e-11 5.17369e-12 2.51338e-12
1.78438e+04 1.59839e-05 1.09971e-05 7.70931e-06 6.60702e-06 4.57488e-06 3.13058e-06 2.06172e-06 1.52737e-06 1.05431e-06 7.57384e-07 5.20228e-07 3.90038e-07 2.81661e-07 2.19583e-07 1.55835e-07 1.28807e-07 9.57646e-08 6.95850e-08 5.25840e-08 3.72404e-08 2.66722e-08 1.92827e-08 1.29842e-08 1.04082e-08 7.25934e-09 6.27263e-09 5.34509e-09 4.17707e-09 1.65242e-06 1.31192e-06 1.04653e-06 7.63557e-07 6.05063e-07 4.18525e-07 2.97939e-07 2.09208e-07 1.50287e-07 9.58695e-08 6.68123e-08 4.39425e-08 2.92936e-08 1.84536e-08 1.18085e-08 7.59222e-09 4.59522e-09 2.99543e-09 1.83698e-09 1.12316e-09 6.72578e-10 3.85348e-10 2.20304e-10 1.26356e-10 8.39224e-11 4.06718e-11 2.25406e-11 1.06112e-11 6.10144e-12 3.39170e-12 1.64458e-12
1.85175e+04 3.85288e-06 2.75436e-06 1.99537e-06 1.72367e-06 1.20602e-06 8.30711e-07 6.09482e-07 4.16174e-07 2.82762e-07 2.14205e-07 1.48260e-07 1.07697e-07 8.01441e-08 5.60359e-08 4.51222e-08 3.26350e-08 2.62808e-08 1.95685e-08 1.42936e-08 1.02394e-08 7.29710e-09 5.18608e-09 3.85061e-09 2.66013e-09 1.90115e-09 1.60065e-09 1.23545e-09 9.16088e-10 1.05533e-06 8.48551e-07 6.32638e-07 5.12793e-07 3.86213e-07 2.75279e-07 1.93954e-07 1.39838e-07 9.62744e-08 6.09466e-08 4.35607e-08 2.90686e-08 1.92617e-08 1.21893e-08 7.99237e-09 5.13621e-09 3.16329e-09 1.92474e-09 1.23100e-09 7.48803e-10 4.45677e-10 2.60280e-10 1.38350e-10 7.95409e-11 5.39909e-11 2.61978e-11 1.38430e-11 6.77069e-12 3.74623e-12 2.26999e-12 1.04025e-12
1.92507e+04 6.54972e-07 4.81496e-07 3.67564e-07 3.61031e-07 2.53437e-07 1.73274e-07 1.40585e-07 9.71942e-08 6.67282e-08 4.47552e-08 3.30718e-08 2.51060e-08 1.90255e-08 1.37300e-08 1.01417e-08 7.84224e-09 5.74172e-09 4.84410e-09 3.63962e-09 2.69593e-09 1.92987e-09 1.37278e-09 1.00349e-09 7.00500e-10 4.98739e-10 4.08051e-10 3.11385e-10 2.30299e-10 7.25059e-07 5.90200e-07 4.40367e-07 3.15236e-07 2.53785e-07 1.77302e-07 1.31974e-07 9.00124e-08 6.33125e-08 4.24518e-08 2.92983e-08 2.10485e-08 1.27437e-08 8.35309e-09 5.55390e-09 3.36548e-09 2.08155e-09 1.28574e-09 8.70965e-10 4.97436e-10 3.14263e-10 1.71215e-10 8.68033e-11 5.01114e-11 3.38271e-11 1.64415e-11 9.04097e-12 4.25776e-12 2.34782e-12 1.42214e-12 6.52653e-13
2.00242e+04 9.02704e-08 6.86149e-08 5.49341e-08 5.86752e-08 4.10726e-08 2.82441e-08 2.47937e-08 1.72371e-08 1.19742e-08 8.66423e-09 6.01810e-09 4.71256e-09 3.74087e-09 2.82522e-09 1.97509e-09 1.43227e-09 1.21680e-09 8.50924e-10 7.56283e-10 6.17159e-10 4.48776e-10 3.21445e-10 2.14552e-10 1.67118e-10 1.17556e-10 9.02025e-11 7.13771e-11 5.41624e-11 4.38052e-07 3.91043e-07 3.11900e-07 2.13571e-07 1.61603e-07 1.27380e-07 8.61833e-08 6.07222e-08 4.12187e-08 3.00733e-08 1.85928e-08 1.27539e-08 8.86109e-09 5.47675e-09 3.81147e-09 2.32438e-09 1.50638e-09 8.64503e-10 5.46441e-10 3.24987e-10 2.05170e-10 1.06453e-10 5.38841e-11 3.13344e-11 2.10667e-11 1.02494e-11 5.86226e-12 2.65966e-12 1.46166e-12 8.85696e-13 4.06567e-13
2.08373e+04 2.62149e-08 1.88571e-08 1.41109e-08 1.24829e-08 8.77602e-09 6.20215e-09 5.29557e-09 3.78724e-09 2.77560e-09 2.10920e-09 1.55896e-09 1.11926e-09 8.64617e-10 7.04352e-10 5.28610e-10 3.88294e-10 2.76974e-10 2.32744e-10 1.66327e-10 1.49239e-10 1.13434e-10 8.30641e-11 5.87829e-11 4.48692e-11 3.19774e-11 2.24786e-11 1.65550e-11 1.29705e-11 2.42354e-07 2.14550e-07 1.83932e-07 1.53546e-07 8.91230e-08 8.08202e-08 5.36703e-08 3.97731e-08 2.81678e-08 1.62407e-08 1.02774e-08 8.95220e-09 5.67456e-09 3.68228e-09 2.19119e-09 1.56464e-09 1.03365e-09 5.64566e-10 3.29761e-10 1.79168e-10 1.39769e-10 8.02985e-11 3.33392e-11 1.94455e-11 1.30587e-11 6.35948e-12 3.78411e-12 1.65272e-12 9.05849e-13 5.49121e-13 2.52071e-13
2.16532e+04 2.54016e-08 1.70058e-08 1.17454e-08 8.50883e-09 5.98528e-09 4.27717e-09 3.20893e-09 2.34570e-09 1.72416e-09 1.28429e-09 9.58014e-10 7.12148e-10 5.25341e-10 3.97241e-10 3.03185e-10 2.22771e-10 1.66116e-10 1.22695e-10 9.42277e-11 7.01144e-11 5.42239e-11 4.02865e-11 2.97402e-11 2.20271e-11 1.59607e-11 1.15169e-11 8.26451e-12 5.91797e-12 1.37339e-07 1.37178e-07 1.15850e-07 9.38657e-08 5.00914e-08 4.52145e-08 3.89348e-08 2.53681e-08 1.92589e-08 9.41453e-09 5.80115e-09 5.99712e-09 3.95041e-09 2.40092e-09 1.54049e-09 1.05562e-09 6.42258e-10 3.86164e-10 2.27526e-10 1.02462e-10 9.38956e-11 5.48815e-11 2.11487e-11 1.22377e-11 8.25312e-12 4.00982e-12 2.48465e-12 1.04236e-12 5.70476e-13 3.47233e-13 1.58684e-13
2.24482e+04 2.84501e-08 1.87506e-08 1.27452e-08 8.88992e-09 6.25811e-09 4.46949e-09 3.22922e-09 2.35567e-09 1.72202e-09 1.26458e-09 9.32155e-10 6.90398e-10 5.10350e-10 3.78911e-10 2.81804e-10 2.08647e-10 1.54269e-10 1.13813e-10 8.41327e-11 6.20661e-11 4.58495e-11 3.37491e-11 2.47997e-11 1.80992e-11 1.31717e-11 9.55678e-12 6.89959e-12 4.97037e-12 8.02016e-08 1.01766e-07 7.97815e-08 5.44477e-08 2.88651e-08 2.67135e-08 2.34890e-08 1.53631e-08 1.16581e-08 5.49788e-09 3.35423e-09 3.50637e-09 2.46882e-09 1.67305e-09 1.12269e-09 6.40894e-10 4.45919e-10 2.56111e-10 1.33408e-10 5.91893e-11 5.97884e-11 3.23970e-11 1.37382e-11 7.89615e-12 5.37593e-12 2.59524e-12 1.67613e-12 6.74124e-13 3.68734e-13 2.26301e-13 1.02355e-13
2.32422e+04 2.93441e-08 1.90798e-08 1.28912e-08 8.91527e-09 6.28092e-09 4.48509e-09 3.23137e-09 2.35421e-09 1.71640e-09 1.25653e-09 9.21511e-10 6.79072e-10 4.99589e-10 3.68116e-10 2.71311e-10 1.99858e-10 1.47271e-10 1.08106e-10 7.92481e-11 5.80520e-11 4.25138e-11 3.10572e-11 2.25942e-11 1.64140e-11 1.19129e-11 8.60790e-12 6.19212e-12 4.44500e-12 4.76928e-08 6.60886e-08 4.86115e-08 3.26634e-08 1.72795e-08 1.56564e-08 1.39656e-08 9.10593e-09 6.92216e-09 3.28487e-09 2.00308e-09 2.09703e-09 1.45164e-09 1.17234e-09 7.34175e-10 4.08247e-10 2.80702e-10 1.94334e-10 7.83293e-11 3.50937e-11 4.24460e-11 1.91942e-11 8.99331e-12 5.23592e-12 3.54542e-12 1.70652e-12 1.14415e-12 4.45856e-13 2.43067e-13 1.49260e-13 6.79501e-14
2.40510e+04 2.93887e-08 1.87081e-08 1.25519e-08 8.68211e-09 6.10194e-09 4.35087e-09 3.18558e-09 2.31219e-09 1.67817e-09 1.23407e-09 8.99057e-10 6.61138e-10 4.82546e-10 3.52767e-10 2.57700e-10 1.88262e-10 1.37426e-10 1.00084e-10 7.28271e-11 5.29878e-11 3.84415e-11 2.78474e-11 2.01129e-11 1.45370e-11 1.04906e-11 7.53092e-12 5.38570e-12 3.84504e-12 2.85504e-08 4.68746e-08 2.91429e-08 1.94639e-08 1.03442e-08 9.39703e-09 8.33167e-09 5.51549e-09 4.18159e-09 1.96147e-09 1.19297e-09 1.25546e-09 8.63717e-10 8.57564e-10 4.61073e-10 2.46952e-10 2.02232e-10 1.25404e-10 4.70044e-11 2.12056e-11 2.74954e-11 1.14805e-11 5.94323e-12 3.47501e-12 2.33658e-12 1.13867e-12 7.81293e-13 2.96692e-13 1.61837e-13 9.83689e-14 4.50749e-14
2.48658e+04 3.18355e-08 2.02571e-08 1.36553e-08 9.44354e-09 6.60319e-09 4.70113e-09 3.46164e-09 2.47588e-09 1.76865e-09 1.29716e-09 9.27847e-10 6.74913e-10 4.82286e-10 3.46204e-10 2.48710e-10 1.78615e-10 1.28412e-10 9.20430e-11 6.59316e-11 4.72793e-11 3.38950e-11 2.42431e-11 1.73514e-11 1.24246e-11 8.89062e-12 6.33329e-12 4.49941e-12 3.19358e-12 1.72621e-08 3.67665e-08 1.76480e-08 1.19706e-08 6.22411e-09 5.73986e-09 5.02681e-09 3.32091e-09 2.52544e-09 1.20055e-09 7.33488e-10 7.61798e-10 5.25771e-10 5.50491e-10 2.84968e-10 1.48911e-10 1.33332e-10 7.56434e-11 2.87626e-11 1.28353e-11 1.68843e-11 7.01803e-12 4.02717e-12 2.32030e-12 1.57596e-12 7.60829e-13 5.44568e-13 1.97816e-13 1.07814e-13 6.64445e-14 3.00897e-14
2.56884e+04 4.24503e-08 2.78854e-08 1.90596e-08 1.32358e-08 9.13727e-09 6.37756e-09 4.53912e-09 3.15920e-09 2.20827e-09 1.55534e-09 1.07617e-09 7.54308e-10 5.18406e-10 3.58245e-10 2.48390e-10 1.72830e-10 1.20284e-10 8.37053e-11 5.82884e-11 4.07682e-11 2.86143e-11 2.00700e-11 1.41369e-11 9.99653e-12 7.07449e-12 4.99508e-12 3.52239e-12 2.48397e-12 1.05328e-08 2.64164e-08 1.06706e-08 7.26665e-09 3.86555e-09 3.49738e-09 3.12852e-09 2.06196e-09 1.55647e-09 7.31577e-10 4.43042e-10 4.62550e-10 3.23315e-10 3.39710e-10 1.75009e-10 9.02959e-11 8.16939e-11 5.13555e-11 1.76089e-11 7.76997e-12 1.33038e-11 4.35028e-12 2.71063e-12 1.57662e-12 1.06268e-12 5.14975e-13 3.79828e-13 1.34395e-13 7.33088e-14 4.47867e-14 2.04624e-14
2.65529e+04 6.48390e-08 4.35254e-08 2.98226e-08 2.04918e-08 1.39739e-08 9.53606e-09 6.55483e-09 4.44738e-09 2.99346e-09 2.01239e-09 1.33817e-09 8.91662e-10 5.86788e-10 3.86254e-10 2.54076e-10 1.67676e-10 1.11230e-10 7.38194e-11 4.93435e-11 3.32249e-11 2.25472e-11 1.53671e-11 1.05934e-11 7.34637e-12 5.11261e-12 3.56504e-12 2.49485e-12 1.74723e-12 6.36675e-09 1.60030e-08 6.53123e-09 4.47519e-09 2.35028e-09 2.14911e-09 1.89952e-09 1.24286e-09 9.25279e-10 4.42920e-10 2.71666e-10 2.85855e-10 1.95052e-10 2.03647e-10 1.05541e-10 5.55397e-11 5.06571e-11 3.09798e-11 1.05546e-11 4.73645e-12 1.04907e-11 2.62393e-12 1.82205e-12 1.05186e-12 7.13367e-13 3.46636e-13 2.63377e-13 9.11388e-14 4.96709e-14 3.01038e-14 1.36890e-14
2.75544e+04 9.24252e-08 6.04062e-08 4.07739e-08 2.75043e-08 1.85754e-08 1.24762e-08 8.30256e-09 5.51738e-09 3.62131e-09 2.34861e-09 1.51095e-09 9.66522e-10 6.16243e-10 3.90762e-10 2.46420e-10 1.54285e-10 9.63646e-11 6.07842e-11 3.86051e-11 2.48028e-11 1.61291e-11 1.05751e-11 7.05590e-12 4.77488e-12 3.26023e-12 2.22527e-12 1.51677e-12 1.05278e-12 3.58663e-09 8.96041e-09 3.71586e-09 2.54008e-09 1.33899e-09 1.23227e-09 1.09797e-09 7.13970e-10 5.42845e-10 2.57015e-10 1.54650e-10 1.61962e-10 1.13345e-10 1.17867e-10 6.05412e-11 3.14123e-11 2.88554e-11 1.79303e-11 6.15524e-12 2.72839e-12 6.19203e-12 1.51246e-12 1.16978e-12 6.75209e-13 4.58153e-13 2.21944e-13 1.75532e-13 5.83856e-14 3.18311e-14 1.93228e-14 8.75777e-15
2.88884e+04 9.65618e-08 6.01678e-08 3.93236e-08 2.64420e-08 1.76197e-08 1.16935e-08 7.63238e-09 5.01186e-09 3.24191e-09 2.05823e-09 1.29904e-09 8.09033e-10 5.04931e-10 3.12762e-10 1.91865e-10 1.15394e-10 6.95204e-11 4.14891e-11 2.50367e-11 1.52829e-11 9.45429e-12 5.89340e-12 3.78335e-12 2.44807e-12 1.60080e-12 1.08471e-12 7.35875e-13 4.99357e-13 1.79642e-09 4.54887e-09 1.84847e-09 1.26270e-09 6.52586e-10 6.03531e-10 5.39774e-10 3.51244e-10 2.68990e-10 1.27015e-10 7.64424e-11 7.92988e-11 5.52584e-11 5.80883e-11 2.97704e-11 1.53425e-11 1.40937e-11 8.86248e-12 3.02445e-12 1.33909e-12 3.04133e-12 7.42574e-13 6.61139e-13 3.85287e-13 2.66001e-13 1.27059e-13 1.07217e-13 3.38500e-14 1.84571e-14 1.11032e-14 5.01918e-15
3.06167e+04 5.27879e-08 3.52768e-08 2.29312e-08 1.54628e-08 1.01000e-08 6.55018e-09 4.32069e-09 2.78695e-09 1.76876e-09 1.13352e-09 7.01801e-10 4.39682e-10 2.69347e-10 1.63915e-10 9.87182e-11 5.87516e-11 3.46790e-11 2.00174e-11 1.13673e-11 6.50188e-12 3.80594e-12 2.29204e-12 1.38333e-12 8.70276e-13 5.53775e-13 3.52956e-13 2.33878e-13 1.56713e-13 7.40671e-10 1.86993e-09 7.64419e-10 5.30066e-10 2.76220e-10 2.49660e-10 2.25772e-10 1.49420e-10 1.12152e-10 5.22342e-11 3.26245e-11 3.34318e-11 2.30694e-11 2.42273e-11 1.24583e-11 6.46020e-12 5.96040e-12 3.70284e-12 1.25164e-12 5.56300e-13 1.26936e-12 3.10730e-13 3.31085e-13 1.99058e-13 1.35610e-13 6.53565e-14 5.66433e-14 1.87955e-14 1.00960e-14 5.97119e-15 2.62298e-15
3.24869e+04 1.26331e-08 1.04917e-08 7.52627e-09 5.06159e-09 3.39667e-09 2.22103e-09 1.48277e-09 9.60943e-10 6.06959e-10 3.94711e-10 2.43371e-10 1.54202e-10 9.39641e-11 5.66823e-11 3.37609e-11 2.01203e-11 1.17384e-11 6.76969e-12 3.87234e-12 2.13894e-12 1.14688e-12 6.26239e-13 3.89167e-13 2.31580e-13 1.38931e-13 8.87979e-14 5.75168e-14 3.71404e-14 3.03414e-10 7.71201e-10 3.19097e-10 2.14261e-10 1.13233e-10 1.04400e-10 9.38692e-11 6.21200e-11 4.67036e-11 2.14570e-11 1.36564e-11 1.40007e-11 9.61045e-12 1.00658e-11 5.23009e-12 2.66581e-12 2.47103e-12 1.49975e-12 5.12957e-13 2.27312e-13 5.18308e-13 1.25454e-13 1.69520e-13 1.00473e-13 6.95250e-14 3.24371e-14 3.03184e-14 9.46935e-15 5.04076e-15 3.02219e-15 1.32606e-15
3.44717e+04 1.32287e-09 1.63248e-09 1.41879e-09 9.55432e-10 6.88788e-10 4.71933e-10 3.18149e-10 2.12553e-10 1.36639e-10 9.04577e-11 5.66513e-11 3.65045e-11 2.23684e-11 1.34596e-11 7.97173e-12 4.82319e-12 2.80440e-12 1.60478e-12 9.05911e-13 5.03518e-13 2.77123e-13 1.52984e-13 7.80341e-14 4.41586e-14 2.83786e-14 1.90063e-14 1.23124e-14 7.89459e-15 1.28560e-10 3.22691e-10 1.30891e-10 8.83605e-11 4.75809e-11 4.30750e-11 3.86091e-11 2.50703e-11 2.01076e-11 9.73191e-12 5.90137e-12 5.90725e-12 3.97467e-12 4.20528e-12 2.18385e-12 1.10490e-12 1.04018e-12 6.31554e-13 2.11482e-13 9.37238e-14 2.13241e-13 5.50819e-14 8.46041e-14 5.00695e-14 3.45351e-14 1.64406e-14 1.59680e-14 4.40228e-15 2.51425e-15 1.46599e-15 6.46300e-16
3.64065e+04 6.16945e-11 1.24924e-10 1.59858e-10 1.07922e-10 9.19461e-11 7.19832e-11 4.86005e-11 3.53321e-11 2.43631e-11 1.59481e-11 1.07020e-11 6.86264e-12 4.36300e-12 2.64959e-12 1.57369e-12 9.34048e-13 5.49403e-13 3.16061e-13 1.77926e-13 9.61752e-14 5.19911e-14 2.81988e-14 1.43515e-14 8.01470e-15 4.51280e-15 3.21018e-15 2.27523e-15 1.54128e-15 5.81629e-11 1.44137e-10 5.69602e-11 4.07431e-11 2.07584e-11 1.92252e-11 1.66676e-11 1.14706e-11 9.03388e-12 4.45681e-12 2.75504e-12 2.60429e-12 1.73172e-12 1.85188e-12 9.85309e-13 4.83355e-13 4.46933e-13 2.78034e-13 9.36339e-14 4.12375e-14 9.42218e-14 2.44117e-14 4.30861e-14 2.64437e-14 1.79052e-14 8.66198e-15 8.80250e-15 2.36870e-15 1.29924e-15 7.48851e-16 3.31988e-16
3.81996e+04 4.20977e-12 6.41518e-12 1.01634e-11 6.78558e-12 7.84706e-12 7.12319e-12 4.73291e-12 4.00312e-12 3.13116e-12 2.02137e-12 1.49345e-12 9.35210e-13 6.14329e-13 3.83092e-13 2.30609e-13 1.34081e-13 8.15372e-14 4.80018e-14 2.72868e-14 1.45372e-14 7.87008e-15 4.24160e-15 2.16904e-15 1.20311e-15 6.75520e-16 5.24182e-16 3.78098e-16 2.62072e-16 2.82698e-11 7.20418e-11 2.86675e-11 2.05208e-11 1.01101e-11 9.82160e-12 8.27448e-12 5.61235e-12 4.43333e-12 2.03728e-12 1.24958e-12 1.30284e-12 8.92178e-13 9.15724e-13 4.83109e-13 2.36373e-13 2.24201e-13 1.39077e-13 4.51858e-14 2.00417e-14 4.57211e-14 1.12167e-14 2.33190e-14 1.44142e-14 9.68114e-15 4.70306e-15 5.05446e-15 1.31853e-15 6.90058e-16 4.03511e-16 1.80803e-16
3.97968e+04 1.23413e-12 9.53905e-13 8.82150e-13 5.76671e-13 5.90244e-13 5.85597e-13 3.79847e-13 3.44676e-13 3.03847e-13 1.91758e-13 1.68766e-13 1.04071e-13 7.36650e-14 4.70059e-14 2.85762e-14 1.63977e-14 1.00657e-14 6.10691e-15 3.54310e-15 1.87332e-15 1.01031e-15 5.45175e-16 3.26304e-16 1.81386e-16 1.19933e-16 8.82361e-17 6.15117e-17 4.19223e-17 1.50958e-11 3.74620e-11 1.58778e-11 1.14297e-11 5.64996e-12 5.38665e-12 4.53939e-12 3.13447e-12 2.36228e-12 1.09262e-12 6.67744e-13 6.97458e-13 4.81737e-13 5.03436e-13 2.59849e-13 1.24724e-13 1.23418e-13 7.62908e-14 2.42050e-14 1.07097e-14 2.44158e-14 5.89002e-15 1.41777e-14 8.25471e-15 5.57249e-15 2.69165e-15 3.07554e-15 7.03561e-16 3.87563e-16 2.34793e-16 1.06780e-16
4.12054e+04 4.80063e-13 3.47186e-13 2.47880e-13 1.60975e-13 1.13653e-13 8.39753e-14 5.26643e-14 4.00031e-14 3.20680e-14 1.94748e-14 1.68978e-14 1.00444e-14 7.28933e-15 4.71609e-15 2.86808e-15 1.58933e-15 9.96294e-16 6.24472e-16 3.74830e-16 1.96712e-16 1.08107e-16 6.03385e-17 5.46713e-17 3.15590e-17 2.05269e-17 1.45328e-17 1.00434e-17 6.87544e-18 8.84975e-12 2.20317e-11 9.30741e-12 6.62759e-12 3.59252e-12 3.38463e-12 2.84984e-12 1.95709e-12 1.50276e-12 1.00000e-99 1.00000e-99 1.00000e-99 1.00000e-99 1.00000e-99 1.00000e-99 1.00000e-99 1.00000e-99 1.00000e-99 1.00000e-99 1.00000e-99 1.00000e-99 1.00000e-99 1.00000e-99 1.00000e-99 1.00000e-99 1.00000e-99 1.00000e-99 1.00000e-99 1.00000e-99 1.00000e-99 1.00000e-99
4.24865e+04 2.42736e-13 1.67833e-13 1.14827e-13 7.45179e-14 4.93435e-14 3.22690e-14 2.01157e-14 1.29361e-14 8.32817e-15 4.93511e-15 3.20317e-15 1.83369e-15 1.14444e-15 6.79554e-16 3.89876e-16 2.09593e-16 1.24649e-16 7.53925e-17 4.53176e-17 2.50989e-17 1.57328e-17 1.01328e-17 9.41313e-18 6.01061e-18 4.09693e-18 2.93325e-18 2.09244e-18 1.49544e-18 5.54324e-12 1.39665e-11 6.01809e-12 4.28711e-12 2.12444e-12 1.98511e-12 1.71449e-12 1.15117e-12 8.87286e-13 1.00000e-99 1.00000e-99 1.00000e-99 1.00000e-99 1.00000e-99 1.00000e-99 1.00000e-99 1.00000e-99 1.00000e-99 1.00000e-99 1.00000e-99 1.00000e-99 1.00000e-99 1.00000e-99 1.00000e-99 1.00000e-99 1.00000e-99 1.00000e-99 1.00000e-99 1.00000e-99 1.00000e-99 1.00000e-99
4.36908e+04 1.49220e-13 1.00686e-13 6.73261e-14 4.36240e-14 2.83833e-14 1.82134e-14 1.13357e-14 7.10302e-15 4.36624e-15 2.57956e-15 1.53462e-15 8.73510e-16 4.99377e-16 2.79058e-16 1.53339e-16 8.21424e-17 4.53670e-17 2.56062e-17 1.48771e-17 9.67428e-18 6.11464e-18 4.03640e-18 2.97297e-18 2.07055e-18 1.48791e-18 1.08722e-18 7.94501e-19 5.80467e-19 3.62370e-12 9.16607e-12 3.90689e-12 2.85058e-12 1.49314e-12 1.39257e-12 1.21674e-12 8.11581e-13 6.19828e-13 1.00000e-99 1.00000e-99 1.00000e-99 1.00000e-99 1.00000e-99 1.00000e-99 1.00000e-99 1.00000e-99 1.00000e-99 1.00000e-99 1.00000e-99 1.00000e-99 1.00000e-99 1.00000e-99 1.00000e-99 1.00000e-99 1.00000e-99 1.00000e-99 1.00000e-99 1.00000e-99 1.00000e-99 1.00000e-99
4.48835e+04 9.63723e-14 6.47013e-14 4.30252e-14 2.78539e-14 1.80403e-14 1.15225e-14 7.16794e-15 4.47017e-15 2.72939e-15 1.61179e-15 9.48004e-16 5.39340e-16 3.04919e-16 1.69125e-16 9.24441e-17 5.01494e-17 2.72824e-17 1.50901e-17 8.68497e-18 5.38886e-18 3.42651e-18 2.28917e-18 1.61489e-18 1.14966e-18 8.34709e-19 6.10790e-19 4.47078e-19 3.27258e-19 2.41181e-12 6.09915e-12 2.58034e-12 1.86210e-12 9.20401e-13 8.55138e-13 7.54921e-13 4.97013e-13 3.82350e-13 1.00000e-99 1.00000e-99 1.00000e-99 1.00000e-99 1.00000e-99 1.00000e-99 1.00000e-99 1.00000e-99 1.00000e-99 1.00000e-99 1.00000e-99 1.00000e-99 1.00000e-99 1.00000e-99 1.00000e-99 1.00000e-99 1.00000e-99 1.00000e-99 1.00000e-99 1.00000e-99 1.00000e-99 1.00000e-99
4.60810e+04 6.44341e-14 4.31560e-14 2.86440e-14 1.85521e-14 1.19965e-14 7.65197e-15 4.76359e-15 2.96597e-15 1.80777e-15 1.06821e-15 6.26747e-16 3.56882e-16 2.01440e-16 1.11618e-16 6.09744e-17 3.32635e-17 1.81129e-17 1.00367e-17 5.75559e-18 3.51215e-18 2.23425e-18 1.49365e-18 1.04398e-18 7.44577e-19 5.40467e-19 3.94732e-19 2.88532e-19 2.11028e-19 1.62139e-12 4.09928e-12 1.77298e-12 1.29110e-12 6.64639e-13 6.16059e-13 5.45710e-13 3.58966e-13 2.74667e-13 1.00000e-99 1.00000e-99 1.00000e-99 1.00000e-99 1.00000e-99 1.00000e-99 1.00000e-99 1.00000e-99 1.00000e-99 1.00000e-99 1.00000e-99 1.00000e-99 1.00000e-99 1.00000e-99 1.00000e-99 1.00000e-99 1.00000e-99 1.00000e-99 1.00000e-99 1.00000e-99 1.00000e-99 1.00000e-99
4.72917e+04 4.36761e-14 2.92158e-14 1.93754e-14 1.25535e-14 8.11283e-15 5.17203e-15 3.22501e-15 2.00495e-15 1.22135e-15 7.22684e-16 4.23332e-16 2.42546e-16 1.36161e-16 7.53732e-17 4.11695e-17 2.25450e-17 1.22823e-17 6.80897e-18 3.90612e-18 2.37298e-18 1.50933e-18 1.00891e-18 7.03597e-19 5.01777e-19 3.64167e-19 2.65892e-19 1.94345e-19 1.42164e-19 1.09697e-12 2.77248e-12 1.17166e-12 8.44767e-13 4.07061e-13 3.75182e-13 3.34211e-13 2.19409e-13 1.67088e-13 1.00000e-99 1.00000e-99 1.00000e-99 1.00000e-99 1.00000e-99 1.00000e-99 1.00000e-99 1.00000e-99 1.00000e-99 1.00000e-99 1.00000e-99 1.00000e-99 1.00000e-99 1.00000e-99 1.00000e-99 1.00000e-99 1.00000e-99 1.00000e-99 1.00000e-99 1.00000e-99 1.00000e-99 1.00000e-99
4.85124e+04 2.98037e-14 1.99211e-14 1.32056e-14 8.55684e-15 5.52788e-15 3.52317e-15 2.20514e-15 1.36556e-15 8.31666e-16 4.94407e-16 2.88216e-16 1.65894e-16 9.31750e-17 5.15215e-17 2.81197e-17 1.54036e-17 8.39270e-18 4.65373e-18 2.67020e-18 1.61961e-18 1.03007e-18 6.88505e-19 4.79817e-19 3.42207e-19 2.48339e-19 1.81304e-19 1.32522e-19 9.69632e-20 7.47473e-13 1.88775e-12 7.83538e-13 5.42760e-13 2.92839e-13 2.53358e-13 2.25481e-13 1.47877e-13 1.12236e-13 1.00000e-99 1.00000e-99 1.00000e-99 1.00000e-99 1.00000e-99 1.00000e-99 1.00000e-99 1.00000e-99 1.00000e-99 1.00000e-99 1.00000e-99 1.00000e-99 1.00000e-99 1.00000e-99 1.00000e-99 1.00000e-99 1.00000e-99 1.00000e-99 1.00000e-99 1.00000e-99 1.00000e-99 1.00000e-99
4.97498e+04 2.04269e-14 1.36451e-14 9.04202e-15 5.87043e-15 3.78427e-15 2.41130e-15 1.51336e-15 9.37337e-16 5.69103e-16 3.39363e-16 1.97372e-16 1.13844e-16 6.39640e-17 3.53752e-17 1.93090e-17 1.05637e-17 5.75679e-18 3.19265e-18 1.83209e-18 1.11012e-18 7.06035e-19 4.71896e-19 3.28690e-19 2.34415e-19 1.70107e-19 1.24181e-19 9.07688e-20 6.64150e-20 5.11722e-13 1.29104e-12 5.30789e-13 3.81051e-13 1.92510e-13 1.69879e-13 1.51109e-13 9.90413e-14 7.51671e-14 1.00000e-99 1.00000e-99 1.00000e-99 1.00000e-99 1.00000e-99 1.00000e-99 1.00000e-99 1.00000e-99 1.00000e-99 1.00000e-99 1.00000e-99 1.00000e-99 1.00000e-99 1.00000e-99 1.00000e-99 1.00000e-99 1.00000e-99 1.00000e-99 1.00000e-99 1.00000e-99 1.00000e-99 1.00000e-99
5.10070e+04 1.40488e-14 9.38073e-15 6.21431e-15 4.04005e-15 2.60059e-15 1.65673e-15 1.04160e-15 6.45397e-16 3.90943e-16 2.33618e-16 1.35956e-16 7.83611e-17 4.40401e-17 2.43597e-17 1.32972e-17 7.26750e-18 3.96068e-18 2.19680e-18 1.26074e-18 7.63338e-19 4.85450e-19 3.24452e-19 2.25918e-19 1.61119e-19 1.16916e-19 8.53511e-20 6.23914e-20 4.56613e-20 3.51681e-13 8.85514e-13 1.00000e-99 1.00000e-99 1.00000e-99 1.00000e-99 1.00000e-99 1.00000e-99 1.00000e-99 1.00000e-99 1.00000e-99 1.00000e-99 1.00000e-99 1.00000e-99 1.00000e-99 1.00000e-99 1.00000e-99 1.00000e-99 1.00000e-99 1.00000e-99 1.00000e-99 1.00000e-99 1.00000e-99 1.00000e-99 1.00000e-99 1.00000e-99 1.00000e-99 1.00000e-99 1.00000e-99 1.00000e-99 1.00000e-99
5.22868e+04 9.68715e-15 6.46624e-15 4.28252e-15 2.78697e-15 1.79271e-15 1.14145e-15 7.18572e-16 4.45348e-16 2.69840e-16 1.61171e-16 9.38332e-17 5.40511e-17 3.03827e-17 1.68070e-17 9.17478e-18 5.01077e-18 2.73099e-18 1.51487e-18 8.69434e-19 5.26151e-19 3.34615e-19 2.23636e-19 1.55699e-19 1.11043e-19 8.05785e-20 5.88269e-20 4.30076e-20 3.14823e-20 2.42364e-13 6.10414e-13 1.00000e-99 1.00000e-99 1.00000e-99 1.00000e-99 1.00000e-99 1.00000e-99 1.00000e-99 1.00000e-99 1.00000e-99 1.00000e-99 1.00000e-99 1.00000e-99 1.00000e-99 1.00000e-99 1.00000e-99 1.00000e-99 1.00000e-99 1.00000e-99 1.00000e-99 1.00000e-99 1.00000e-99 1.00000e-99 1.00000e-99 1.00000e-99 1.00000e-99 1.00000e-99 1.00000e-99 1.00000e-99 1.00000e-99
5.35901e+04 6.69555e-15 4.46830e-15 2.95868e-15 1.92668e-15 1.23967e-15 7.88526e-16 4.96732e-16 3.07922e-16 1.86624e-16 1.11417e-16 6.48906e-17 3.73620e-17 2.10052e-17 1.16203e-17 6.34357e-18 3.46259e-18 1.88731e-18 1.04695e-18 6.00905e-19 3.63510e-19 2.31173e-19 1.54500e-19 1.07558e-19 7.67076e-20 5.56640e-20 4.06414e-20 2.97166e-20 2.17577e-20 1.67438e-13 4.23682e-13 1.00000e-99 1.00000e-99 1.00000e-99 1.00000e-99 1.00000e-99 1.00000e-99 1.00000e-99 1.00000e-99 1.00000e-99 1.00000e-99 1.00000e-99 1.00000e-99 1.00000e-99 1.00000e-99 1.00000e-99 1.00000e-99 1.00000e-99 1.00000e-99 1.00000e-99 1.00000e-99 1.00000e-99 1.00000e-99 1.00000e-99 1.00000e-99 1.00000e-99 1.00000e-99 1.00000e-99 1.00000e-99 1.00000e-99
5.49157e+04 4.64099e-15 3.09652e-15 2.04999e-15 1.33561e-15 8.59582e-16 5.46325e-16 3.44317e-16 2.13480e-16 1.29415e-16 7.72293e-17 4.49917e-17 2.58940e-17 1.45592e-17 8.05483e-18 4.39723e-18 2.39901e-18 1.30762e-18 7.25406e-19 4.16370e-19 2.51801e-19 1.60130e-19 1.07019e-19 7.45024e-20 5.31345e-20 3.85586e-20 2.81548e-20 2.05895e-20 1.50791e-20 1.15998e-13 2.94424e-13 1.00000e-99 1.00000e-99 1.00000e-99 1.00000e-99 1.00000e-99 1.00000e-99 1.00000e-99 1.00000e-99 1.00000e-99 1.00000e-99 1.00000e-99 1.00000e-99 1.00000e-99 1.00000e-99 1.00000e-99 1.00000e-99 1.00000e-99 1.00000e-99 1.00000e-99 1.00000e-99 1.00000e-99 1.00000e-99 1.00000e-99 1.00000e-99 1.00000e-99 1.00000e-99 1.00000e-99 1.00000e-99 1.00000e-99
5.62620e+04 3.22730e-15 2.15296e-15 1.42510e-15 9.28718e-16 5.97818e-16 3.79820e-16 2.39379e-16 1.48435e-16 9.00016e-17 5.36882e-17 3.12856e-17 1.79992e-17 1.01215e-17 5.59993e-18 3.05710e-18 1.66718e-18 9.08770e-19 5.04164e-19 2.89391e-19 1.74966e-19 1.11270e-19 7.43634e-20 5.17691e-20 3.69216e-20 2.67939e-20 1.95661e-20 1.43107e-20 1.04829e-20 8.06071e-14 2.03935e-13 1.00000e-99 1.00000e-99 1.00000e-99 1.00000e-99 1.00000e-99 1.00000e-99 1.00000e-99 1.00000e-99 1.00000e-99 1.00000e-99 1.00000e-99 1.00000e-99 1.00000e-99 1.00000e-99 1.00000e-99 1.00000e-99 1.00000e-99 1.00000e-99 1.00000e-99 1.00000e-99 1.00000e-99 1.00000e-99 1.00000e-99 1.00000e-99 1.00000e-99 1.00000e-99 1.00000e-99 1.00000e-99 1.00000e-99
5.76208e+04 2.25624e-15 1.50491e-15 9.95992e-16 6.49214e-16 4.17987e-16 2.65579e-16 1.67307e-16 1.03762e-16 6.29267e-17 3.75227e-17 2.18718e-17 1.25784e-17 7.07381e-18 3.91391e-18 2.13669e-18 1.16472e-18 6.34876e-19 3.52228e-19 2.02187e-19 1.22208e-19 7.77151e-20 5.19379e-20 3.61560e-20 2.57860e-20 1.87131e-20 1.36662e-20 9.99665e-21 7.32433e-21 5.62991e-14 1.42809e-13 1.00000e-99 1.00000e-99 1.00000e-99 1.00000e-99 1.00000e-99 1.00000e-99 1.00000e-99 1.00000e-99 1.00000e-99 1.00000e-99 1.00000e-99 1.00000e-99 1.00000e-99 1.00000e-99 1.00000e-99 1.00000e-99 1.00000e-99 1.00000e-99 1.00000e-99 1.00000e-99 1.00000e-99 1.00000e-99 1.00000e-99 1.00000e-99 1.00000e-99 1.00000e-99 1.00000e-99 1.00000e-99 1.00000e-99
5.89874e+04 1.58743e-15 1.05869e-15 7.00574e-16 4.56674e-16 2.94059e-16 1.86866e-16 1.17655e-16 7.29738e-17 4.42632e-17 2.63834e-17 1.53819e-17 8.84286e-18 4.97357e-18 2.75195e-18 1.50236e-18 8.18600e-19 4.46233e-19 2.47579e-19 1.42120e-19 8.58793e-20 5.46137e-20 3.64986e-20 2.54071e-20 1.81206e-20 1.31504e-20 9.60419e-21 7.02608e-21 5.14885e-21 3.95621e-14 1.02621e-13 1.00000e-99 1.00000e-99 1.00000e-99 1.00000e-99 1.00000e-99 1.00000e-99 1.00000e-99 1.00000e-99 1.00000e-99 1.00000e-99 1.00000e-99 1.00000e-99 1.00000e-99 1.00000e-99 1.00000e-99 1.00000e-99 1.00000e-99 1.00000e-99 1.00000e-99 1.00000e-99 1.00000e-99 1.00000e-99 1.00000e-99 1.00000e-99 1.00000e-99 1.00000e-99 1.00000e-99 1.00000e-99 1.00000e-99
6.03450e+04 1.12831e-15 7.52396e-16 4.97824e-16 3.24520e-16 2.09001e-16 1.32832e-16 8.35866e-17 5.18516e-17 3.14571e-17 1.87428e-17 1.09304e-17 6.28131e-18 3.53331e-18 1.95510e-18 1.06735e-18 5.81303e-19 3.16896e-19 1.75828e-19 1.00936e-19 6.09723e-20 3.87727e-20 2.59116e-20 1.80350e-20 1.28622e-20 9.33432e-21 6.81736e-21 4.98761e-21 3.65534e-21 2.80774e-14 7.26137e-14 1.00000e-99 1.00000e-99 1.00000e-99 1.00000e-99 1.00000e-99 1.00000e-99 1.00000e-99 1.00000e-99 1.00000e-99 1.00000e-99 1.00000e-99 1.00000e-99 1.00000e-99 1.00000e-99 1.00000e-99 1.00000e-99 1.00000e-99 1.00000e-99 1.00000e-99 1.00000e-99 1.00000e-99 1.00000e-99 1.00000e-99 1.00000e-99 1.00000e-99 1.00000e-99 1.00000e-99 1.00000e-99 1.00000e-99
6.16860e+04 8.11453e-16 5.41031e-16 3.57929e-16 2.33331e-16 1.50289e-16 9.55303e-17 6.00789e-17 3.72713e-17 2.26157e-17 1.34693e-17 7.85648e-18 4.51303e-18 2.53890e-18 1.40491e-18 7.66993e-19 4.17523e-19 2.27619e-19 1.26298e-19 7.25057e-20 4.37829e-20 2.78418e-20 1.86062e-20 1.29483e-20 9.23466e-21 6.70166e-21 4.89452e-21 3.58094e-21 2.62471e-21 2.01548e-14 5.35998e-14 1.00000e-99 1.00000e-99 1.00000e-99 1.00000e-99 1.00000e-99 1.00000e-99 1.00000e-99 1.00000e-99 1.00000e-99 1.00000e-99 1.00000e-99 1.00000e-99 1.00000e-99 1.00000e-99 1.00000e-99 1.00000e-99 1.00000e-99 1.00000e-99 1.00000e-99 1.00000e-99 1.00000e-99 1.00000e-99 1.00000e-99 1.00000e-99 1.00000e-99 1.00000e-99 1.00000e-99 1.00000e-99 1.00000e-99
6.29884e+04 5.93139e-16 3.95433e-16 2.61577e-16 1.70503e-16 1.09837e-16 6.98262e-17 4.38884e-17 2.72309e-17 1.65263e-17 9.83870e-18 5.74024e-18 3.29609e-18 1.85450e-18 1.02624e-18 5.60267e-19 3.04840e-19 1.66195e-19 9.22209e-20 5.29445e-20 3.19584e-20 2.03224e-20 1.35809e-20 9.44894e-21 6.73902e-21 4.89040e-21 3.57149e-21 2.61292e-21 1.91524e-21 1.47026e-14 3.80761e-14 1.00000e-99 1.00000e-99 1.00000e-99 1.00000e-99 1.00000e-99 1.00000e-99 1.00000e-99 1.00000e-99 1.00000e-99 1.00000e-99 1.00000e-99 1.00000e-99 1.00000e-99 1.00000e-99 1.00000e-99 1.00000e-99 1.00000e-99 1.00000e-99 1.00000e-99 1.00000e-99 1.00000e-99 1.00000e-99 1.00000e-99 1.00000e-99 1.00000e-99 1.00000e-99 1.00000e-99 1.00000e-99 1.00000e-99
6.42373e+04 4.41836e-16 2.94535e-16 1.94813e-16 1.26974e-16 8.18071e-17 5.20132e-17 3.26746e-17 2.02766e-17 1.23079e-17 7.32445e-18 4.27423e-18 2.45333e-18 1.38047e-18 7.63949e-19 4.17078e-19 2.26821e-19 1.23662e-19 6.86226e-20 3.93981e-20 2.37719e-20 1.51161e-20 1.01015e-20 7.02623e-21 5.01106e-21 3.63632e-21 2.65545e-21 1.94265e-21 1.42388e-21 1.09279e-14 3.00870e-14 1.00000e-99 1.00000e-99 1.00000e-99 1.00000e-99 1.00000e-99 1.00000e-99 1.00000e-99 1.00000e-99 1.00000e-99 1.00000e-99 1.00000e-99 1.00000e-99 1.00000e-99 1.00000e-99 1.00000e-99 1.00000e-99 1.00000e-99 1.00000e-99 1.00000e-99 1.00000e-99 1.00000e-99 1.00000e-99 1.00000e-99 1.00000e-99 1.00000e-99 1.00000e-99 1.00000e-99 1.00000e-99 1.00000e-99
6.54120e+04 3.36681e-16 2.24425e-16 1.48426e-16 9.67260e-17 6.23241e-17 3.96300e-17 2.48831e-17 1.54428e-17 9.37532e-18 5.57728e-18 3.25526e-18 1.86778e-18 1.05108e-18 5.81687e-19 3.17577e-19 1.72630e-19 9.41188e-20 5.22310e-20 2.99882e-20 1.80872e-20 1.15010e-20 7.68549e-21 5.34425e-21 3.81157e-21 2.76578e-21 2.01954e-21 1.47733e-21 1.08278e-21 8.30848e-15 2.25728e-14 1.00000e-99 1.00000e-99 1.00000e-99 1.00000e-99 1.00000e-99 1.00000e-99 1.00000e-99 1.00000e-99 1.00000e-99 1.00000e-99 1.00000e-99 1.00000e-99 1.00000e-99 1.00000e-99 1.00000e-99 1.00000e-99 1.00000e-99 1.00000e-99 1.00000e-99 1.00000e-99 1.00000e-99 1.00000e-99 1.00000e-99 1.00000e-99 1.00000e-99 1.00000e-99 1.00000e-99 1.00000e-99 1.00000e-99
6.64883e+04 2.63570e-16 1.75678e-16 1.16178e-16 7.57055e-17 4.87851e-17 3.10238e-17 1.94713e-17 1.20856e-17 7.33825e-18 4.36417e-18 2.54772e-18 1.46136e-18 8.22469e-19 4.55183e-19 2.48515e-19 1.35035e-19 7.36260e-20 4.08606e-20 2.34605e-20 1.41449e-20 8.99401e-21 6.01010e-21 4.17803e-21 2.97974e-21 2.16208e-21 1.57857e-21 1.15464e-21 8.46175e-22 6.49212e-15 1.65415e-14 1.00000e-99 1.00000e-99 1.00000e-99 1.00000e-99 1.00000e-99 1.00000e-99 1.00000e-99 1.00000e-99 1.00000e-99 1.00000e-99 1.00000e-99 1.00000e-99 1.00000e-99 1.00000e-99 1.00000e-99 1.00000e-99 1.00000e-99 1.00000e-99 1.00000e-99 1.00000e-99 1.00000e-99 1.00000e-99 1.00000e-99 1.00000e-99 1.00000e-99 1.00000e-99 1.00000e-99 1.00000e-99 1.00000e-99
6.74553e+04 2.12231e-16 1.41454e-16 9.35398e-17 6.09464e-17 3.92759e-17 2.49784e-17 1.56718e-17 9.72777e-18 5.90729e-18 3.51232e-18 2.05065e-18 1.17595e-18 6.61869e-19 3.66311e-19 1.99997e-19 1.08637e-19 5.92323e-20 3.28736e-20 1.88752e-20 1.13769e-20 7.23378e-21 4.83378e-21 3.35945e-21 2.39590e-21 1.73838e-21 1.26911e-21 9.28203e-22 6.80162e-22 5.21824e-15 1.34688e-14 1.00000e-99 1.00000e-99 1.00000e-99 1.00000e-99 1.00000e-99 1.00000e-99 1.00000e-99 1.00000e-99 1.00000e-99 1.00000e-99 1.00000e-99 1.00000e-99 1.00000e-99 1.00000e-99 1.00000e-99 1.00000e-99 1.00000e-99 1.00000e-99 1.00000e-99 1.00000e-99 1.00000e-99 1.00000e-99 1.00000e-99 1.00000e-99 1.00000e-99 1.00000e-99 1.00000e-99 1.00000e-99 1.00000e-99
6.82887e+04 1.76534e-16 1.17658e-16 7.78004e-17 5.06888e-17 3.26672e-17 2.07765e-17 1.30324e-17 8.08992e-18 4.91315e-18 2.92073e-18 1.70543e-18 9.77798e-19 5.50378e-19 3.04612e-19 1.66314e-19 9.03183e-20 4.92454e-20 2.73319e-20 1.56934e-20 9.45697e-21 6.01301e-21 4.01800e-21 2.79191e-21 1.99115e-21 1.44465e-21 1.05458e-21 7.71240e-22 5.65094e-22 4.33522e-15 1.09544e-14 1.00000e-99 1.00000e-99 1.00000e-99 1.00000e-99 1.00000e-99 1.00000e-99 1.00000e-99 1.00000e-99 1.00000e-99 1.00000e-99 1.00000e-99 1.00000e-99 1.00000e-99 1.00000e-99 1.00000e-99 1.00000e-99 1.00000e-99 1.00000e-99 1.00000e-99 1.00000e-99 1.00000e-99 1.00000e-99 1.00000e-99 1.00000e-99 1.00000e-99 1.00000e-99 1.00000e-99 1.00000e-99 1.00000e-99
6.89946e+04 1.51300e-16 1.00838e-16 6.66769e-17 4.34394e-17 2.79957e-17 1.78060e-17 1.11674e-17 6.93241e-18 4.21042e-18 2.50271e-18 1.46142e-18 8.37793e-19 4.71588e-19 2.61008e-19 1.42508e-19 7.73783e-20 4.21900e-20 2.34165e-20 1.34454e-20 8.10105e-21 5.15082e-21 3.44185e-21 2.39122e-21 1.70537e-21 1.23728e-21 9.03151e-22 6.60458e-22 4.83885e-22 3.71208e-15 9.37374e-15 1.00000e-99 1.00000e-99 1.00000e-99 1.00000e-99 1.00000e-99 1.00000e-99 1.00000e-99 1.00000e-99 1.00000e-99 1.00000e-99 1.00000e-99 1.00000e-99 1.00000e-99 1.00000e-99 1.00000e-99 1.00000e-99 1.00000e-99 1.00000e-99 1.00000e-99 1.00000e-99 1.00000e-99 1.00000e-99 1.00000e-99 1.00000e-99 1.00000e-99 1.00000e-99 1.00000e-99 1.00000e-99 1.00000e-99
6.95598e+04 1.33871e-16 8.92212e-17 5.89941e-17 3.84334e-17 2.47696e-17 1.57545e-17 9.87987e-18 6.13326e-18 3.72520e-18 2.21416e-18 1.29296e-18 7.41170e-19 4.17208e-19 2.30913e-19 1.26077e-19 6.84507e-20 3.73222e-20 2.07150e-20 1.18944e-20 7.16586e-21 4.55619e-21 3.04450e-21 2.11498e-21 1.50836e-21 1.09433e-21 7.98773e-22 5.84107e-22 4.27926e-22 3.28274e-15 8.26575e-15 1.00000e-99 1.00000e-99 1.00000e-99 1.00000e-99 1.00000e-99 1.00000e-99 1.00000e-99 1.00000e-99 1.00000e-99 1.00000e-99 1.00000e-99 1.00000e-99 1.00000e-99 1.00000e-99 1.00000e-99 1.00000e-99 1.00000e-99 1.00000e-99 1.00000e-99 1.00000e-99 1.00000e-99 1.00000e-99 1.00000e-99 1.00000e-99 1.00000e-99 1.00000e-99 1.00000e-99 1.00000e-99 1.00000e-99
6.97867e+04 1.27491e-16 8.49691e-17 5.61824e-17 3.66012e-17 2.35889e-17 1.50036e-17 9.40870e-18 5.84082e-18 3.54764e-18 2.10857e-18 1.23132e-18 7.05816e-19 3.97311e-19 2.19901e-19 1.20065e-19 6.51845e-20 3.55414e-20 1.97267e-20 1.13269e-20 6.82375e-21 4.33866e-21 2.89914e-21 2.01393e-21 1.43628e-21 1.04203e-21 7.60589e-22 5.56177e-22 4.07454e-22 3.12568e-15 7.86730e-15 1.00000e-99 1.00000e-99 1.00000e-99 1.00000e-99 1.00000e-99 1.00000e-99 1.00000e-99 1.00000e-99 1.00000e-99 1.00000e-99 1.00000e-99 1.00000e-99 1.00000e-99 1.00000e-99 1.00000e-99 1.00000e-99 1.00000e-99 1.00000e-99 1.00000e-99 1.00000e-99 1.00000e-99 1.00000e-99 1.00000e-99 1.00000e-99 1.00000e-99 1.00000e-99 1.00000e-99 1.00000e-99 1.00000e-99
6.99003e+04 1.24416e-16 8.29197e-17 5.48273e-17 3.57183e-17 2.30200e-17 1.46418e-17 9.18171e-18 5.69992e-18 3.46207e-18 2.05771e-18 1.20162e-18 6.88787e-19 3.87726e-19 2.14596e-19 1.17169e-19 6.36116e-20 3.46838e-20 1.92508e-20 1.10536e-20 6.65906e-21 4.23395e-21 2.82917e-21 1.96531e-21 1.40161e-21 1.01687e-21 7.42224e-22 5.42746e-22 3.97613e-22 3.05018e-15 7.67478e-15 1.00000e-99 1.00000e-99 1.00000e-99 1.00000e-99 1.00000e-99 1.00000e-99 1.00000e-99 1.00000e-99 1.00000e-99 1.00000e-99 1.00000e-99 1.00000e-99 1.00000e-99 1.00000e-99 1.00000e-99 1.00000e-99 1.00000e-99 1.00000e-99 1.00000e-99 1.00000e-99 1.00000e-99 1.00000e-99 1.00000e-99 1.00000e-99 1.00000e-99 1.00000e-99 1.00000e-99 1.00000e-99 1.00000e-99
6.99573e+04 1.22906e-16 8.19135e-17 5.41620e-17 3.52849e-17 2.27406e-17 1.44641e-17 9.07029e-18 5.63075e-18 3.42006e-18 2.03274e-18 1.18704e-18 6.80428e-19 3.83021e-19 2.11992e-19 1.15747e-19 6.28396e-20 3.42628e-20 1.90171e-20 1.09195e-20 6.57824e-21 4.18257e-21 2.79483e-21 1.94145e-21 1.38460e-21 1.00453e-21 7.33214e-22 5.36157e-22 3.92785e-22 3.01315e-15 7.58157e-15 1.00000e-99 1.00000e-99 1.00000e-99 1.00000e-99 1.00000e-99 1.00000e-99 1.00000e-99 1.00000e-99 1.00000e-99 1.00000e-99 1.00000e-99 1.00000e-99 1.00000e-99 1.00000e-99 1.00000e-99 1.00000e-99 1.00000e-99 1.00000e-99 1.00000e-99 1.00000e-99 1.00000e-99 1.00000e-99 1.00000e-99 1.00000e-99 1.00000e-99 1.00000e-99 1.00000e-99 1.00000e-99 1.00000e-99
6.99857e+04 1.22158e-16 8.14150e-17 5.38324e-17 3.50702e-17 2.26022e-17 1.43761e-17 9.01509e-18 5.59648e-18 3.39925e-18 2.02037e-18 1.17981e-18 6.76287e-19 3.80690e-19 2.10702e-19 1.15043e-19 6.24572e-20 3.40543e-20 1.89014e-20 1.08530e-20 6.53820e-21 4.15711e-21 2.77782e-21 1.92963e-21 1.37617e-21 9.98414e-22 7.28750e-22 5.32893e-22 3.90394e-22 2.99481e-15 7.53494e-15 1.00000e-99 1.00000e-99 1.00000e-99 1.00000e-99 1.00000e-99 1.00000e-99 1.00000e-99 1.00000e-99 1.00000e-99 1.00000e-99 1.00000e-99 1.00000e-99 1.00000e-99 1.00000e-99 1.00000e-99 1.00000e-99 1.00000e-99 1.00000e-99 1.00000e-99 1.00000e-99 1.00000e-99 1.00000e-99 1.00000e-99 1.00000e-99 1.00000e-99 1.00000e-99 1.00000e-99 1.00000e-99 1.00000e-99
6.99993e+04 1.21805e-16 8.11794e-17 5.36766e-17 3.49687e-17 2.25368e-17 1.43345e-17 8.98899e-18 5.58028e-18 3.38940e-18 2.01452e-18 1.17640e-18 6.74329e-19 3.79587e-19 2.10092e-19 1.14710e-19 6.22764e-20 3.39558e-20 1.88467e-20 1.08216e-20 6.51928e-21 4.14508e-21 2.76978e-21 1.92405e-21 1.37218e-21 9.95525e-22 7.26642e-22 5.31351e-22 3.89265e-22 2.98613e-15 7.51390e-15 1.00000e-99 1.00000e-99 1.00000e-99 1.00000e-99 1.00000e-99 1.00000e-99 1.00000e-99 1.00000e-99 1.00000e-99 1.00000e-99 1.00000e-99 1.00000e-99 1.00000e-99 1.00000e-99 1.00000e-99 1.00000e-99 1.00000e-99 1.00000e-99 1.00000e-99 1.00000e-99 1.00000e-99 1.00000e-99 1.00000e-99 1.00000e-99 1.00000e-99 1.00000e-99 1.00000e-99 1.00000e-99 1.00000e-99
7.00000e+04 1.21786e-16 8.11670e-17 5.36684e-17 3.49633e-17 2.25334e-17 1.43323e-17 8.98762e-18 5.57943e-18 3.38889e-18 2.01421e-18 1.17622e-18 6.74228e-19 3.79530e-19 2.10060e-19 1.14693e-19 6.22671e-20 3.39507e-20 1.88439e-20 1.08200e-20 6.51831e-21 4.14446e-21 2.76937e-21 1.92376e-21 1.37198e-21 9.95377e-22 7.26534e-22 5.31272e-22 3.89207e-22 2.98600e-15 7.51287e-15 1.00000e-99 1.00000e-99 1.00000e-99 1.00000e-99 1.00000e-99 1.00000e-99 1.00000e-99 1.00000e-99 1.00000e-99 1.00000e-99 1.00000e-99 1.00000e-99 1.00000e-99 1.00000e-99 1.00000e-99 1.00000e-99 1.00000e-99 1.00000e-99 1.00000e-99 1.00000e-99 1.00000e-99 1.00000e-99 1.00000e-99 1.00000e-99 1.00000e-99 1.00000e-99 1.00000e-99 1.00000e-99 1.00000e-99
