#NTIMES: 50
#NVEL: 78
#TIMES[d]: 199.16 202.03 204.93 207.87 210.86 213.89 216.97 220.09 223.25 226.46 229.71 233.01 236.36 239.76 243.21 246.70 250.25 253.85 257.50 261.20 264.95 268.76 272.62 276.54 280.51 284.55 288.64 292.79 296.99 301.26 305.59 309.99 314.44 318.96 323.55 328.19 332.91 337.70 342.55 347.48 352.47 357.54 362.68 367.89 373.18 378.54 383.98 389.50 395.10 400.78
#vel_mid[km/s] Edep_t0[erg/s/cm^3] Edep_t1[erg/s/cm^3] ... Edep_tn[erg/s/cm^3]
440.10 1.305e-08 1.184e-08 1.082e-08 9.795e-09 8.898e-09 8.123e-09 7.328e-09 6.650e-09 6.067e-09 5.493e-09 4.988e-09 4.514e-09 4.094e-09 3.708e-09 3.359e-09 3.040e-09 2.759e-09 2.506e-09 2.262e-09 2.036e-09 1.838e-09 1.669e-09 1.507e-09 1.352e-09 1.220e-09 1.101e-09 9.902e-10 8.870e-10 8.060e-10 7.290e-10 6.511e-10 5.856e-10 5.229e-10 4.719e-10 4.247e-10 3.804e-10 3.425e-10 3.044e-10 2.743e-10 2.436e-10 2.195e-10 1.949e-10 1.747e-10 1.556e-10 1.391e-10 1.244e-10 1.104e-10 9.935e-11 8.810e-11 7.859e-11
886.22 1.307e-08 1.192e-08 1.090e-08 9.831e-09 8.959e-09 8.167e-09 7.399e-09 6.732e-09 6.084e-09 5.527e-09 5.036e-09 4.548e-09 4.129e-09 3.719e-09 3.374e-09 3.064e-09 2.771e-09 2.506e-09 2.279e-09 2.056e-09 1.851e-09 1.678e-09 1.512e-09 1.362e-09 1.222e-09 1.108e-09 1.004e-09 8.977e-10 8.066e-10 7.335e-10 6.559e-10 5.888e-10 5.246e-10 4.740e-10 4.253e-10 3.825e-10 3.452e-10 3.072e-10 2.767e-10 2.453e-10 2.210e-10 1.961e-10 1.751e-10 1.572e-10 1.396e-10 1.254e-10 1.109e-10 1.002e-10 8.883e-11 7.941e-11
906.14 1.306e-08 1.195e-08 1.089e-08 9.853e-09 8.972e-09 8.161e-09 7.367e-09 6.743e-09 6.122e-09 5.532e-09 5.029e-09 4.550e-09 4.120e-09 3.724e-09 3.379e-09 3.056e-09 2.784e-09 2.509e-09 2.276e-09 2.051e-09 1.853e-09 1.679e-09 1.515e-09 1.369e-09 1.226e-09 1.109e-09 1.001e-09 8.957e-10 8.084e-10 7.327e-10 6.563e-10 5.891e-10 5.269e-10 4.732e-10 4.249e-10 3.809e-10 3.457e-10 3.065e-10 2.764e-10 2.463e-10 2.211e-10 1.960e-10 1.752e-10 1.572e-10 1.399e-10 1.259e-10 1.114e-10 1.001e-10 8.880e-11 7.912e-11
944.43 1.309e-08 1.193e-08 1.089e-08 9.872e-09 8.993e-09 8.158e-09 7.406e-09 6.769e-09 6.142e-09 5.556e-09 5.053e-09 4.569e-09 4.125e-09 3.747e-09 3.381e-09 3.055e-09 2.800e-09 2.526e-09 2.272e-09 2.048e-09 1.855e-09 1.682e-09 1.517e-09 1.365e-09 1.228e-09 1.113e-09 1.002e-09 8.949e-10 8.128e-10 7.321e-10 6.553e-10 5.898e-10 5.290e-10 4.744e-10 4.260e-10 3.828e-10 3.458e-10 3.080e-10 2.765e-10 2.468e-10 2.206e-10 1.972e-10 1.759e-10 1.579e-10 1.399e-10 1.256e-10 1.110e-10 9.984e-11 8.893e-11 7.900e-11
999.11 1.319e-08 1.198e-08 1.091e-08 9.917e-09 8.997e-09 8.203e-09 7.423e-09 6.773e-09 6.168e-09 5.569e-09 5.059e-09 4.577e-09 4.149e-09 3.772e-09 3.390e-09 3.073e-09 2.800e-09 2.531e-09 2.286e-09 2.053e-09 1.867e-09 1.683e-09 1.520e-09 1.375e-09 1.234e-09 1.116e-09 1.002e-09 8.970e-10 8.106e-10 7.359e-10 6.590e-10 5.928e-10 5.286e-10 4.771e-10 4.284e-10 3.840e-10 3.456e-10 3.076e-10 2.770e-10 2.476e-10 2.206e-10 1.974e-10 1.767e-10 1.577e-10 1.407e-10 1.258e-10 1.117e-10 1.001e-10 8.885e-11 7.939e-11
1060.83 1.323e-08 1.203e-08 1.096e-08 9.943e-09 9.024e-09 8.210e-09 7.463e-09 6.799e-09 6.172e-09 5.579e-09 5.071e-09 4.593e-09 4.160e-09 3.786e-09 3.407e-09 3.080e-09 2.798e-09 2.537e-09 2.286e-09 2.064e-09 1.870e-09 1.692e-09 1.519e-09 1.374e-09 1.241e-09 1.119e-09 1.008e-09 9.041e-10 8.123e-10 7.373e-10 6.574e-10 5.936e-10 5.316e-10 4.783e-10 4.278e-10 3.851e-10 3.466e-10 3.087e-10 2.783e-10 2.483e-10 2.210e-10 1.984e-10 1.773e-10 1.578e-10 1.414e-10 1.259e-10 1.119e-10 1.002e-10 8.931e-11 8.004e-11
1125.62 1.325e-08 1.205e-08 1.104e-08 1.000e-08 9.062e-09 8.262e-09 7.478e-09 6.827e-09 6.198e-09 5.604e-09 5.094e-09 4.608e-09 4.168e-09 3.795e-09 3.421e-09 3.089e-09 2.816e-09 2.547e-09 2.306e-09 2.072e-09 1.881e-09 1.696e-09 1.526e-09 1.378e-09 1.245e-09 1.125e-09 1.012e-09 9.077e-10 8.132e-10 7.406e-10 6.628e-10 5.960e-10 5.332e-10 4.810e-10 4.305e-10 3.857e-10 3.472e-10 3.102e-10 2.784e-10 2.492e-10 2.222e-10 1.989e-10 1.773e-10 1.587e-10 1.416e-10 1.263e-10 1.125e-10 1.006e-10 8.942e-11 8.039e-11
1194.38 1.334e-08 1.214e-08 1.109e-08 1.007e-08 9.131e-09 8.302e-09 7.524e-09 6.851e-09 6.245e-09 5.646e-09 5.125e-09 4.649e-09 4.196e-09 3.809e-09 3.443e-09 3.116e-09 2.824e-09 2.556e-09 2.320e-09 2.090e-09 1.889e-09 1.705e-09 1.537e-09 1.393e-09 1.252e-09 1.130e-09 1.016e-09 9.137e-10 8.222e-10 7.413e-10 6.647e-10 5.992e-10 5.355e-10 4.822e-10 4.332e-10 3.882e-10 3.496e-10 3.125e-10 2.806e-10 2.504e-10 2.232e-10 1.999e-10 1.785e-10 1.595e-10 1.425e-10 1.274e-10 1.128e-10 1.012e-10 8.986e-11 8.070e-11
1267.34 1.348e-08 1.227e-08 1.120e-08 1.018e-08 9.236e-09 8.398e-09 7.624e-09 6.938e-09 6.301e-09 5.705e-09 5.158e-09 4.693e-09 4.247e-09 3.856e-09 3.472e-09 3.148e-09 2.853e-09 2.583e-09 2.338e-09 2.113e-09 1.914e-09 1.728e-09 1.557e-09 1.409e-09 1.263e-09 1.141e-09 1.028e-09 9.246e-10 8.317e-10 7.476e-10 6.739e-10 6.058e-10 5.416e-10 4.877e-10 4.383e-10 3.928e-10 3.531e-10 3.159e-10 2.832e-10 2.533e-10 2.262e-10 2.022e-10 1.807e-10 1.609e-10 1.438e-10 1.287e-10 1.140e-10 1.020e-10 9.099e-11 8.166e-11
1344.75 1.397e-08 1.276e-08 1.159e-08 1.056e-08 9.586e-09 8.703e-09 7.892e-09 7.197e-09 6.528e-09 5.909e-09 5.352e-09 4.866e-09 4.412e-09 4.002e-09 3.617e-09 3.267e-09 2.968e-09 2.680e-09 2.425e-09 2.192e-09 1.983e-09 1.794e-09 1.615e-09 1.461e-09 1.312e-09 1.186e-09 1.069e-09 9.592e-10 8.639e-10 7.784e-10 6.990e-10 6.292e-10 5.652e-10 5.080e-10 4.554e-10 4.078e-10 3.662e-10 3.291e-10 2.944e-10 2.642e-10 2.361e-10 2.108e-10 1.884e-10 1.680e-10 1.500e-10 1.339e-10 1.194e-10 1.069e-10 9.462e-11 8.455e-11
1426.89 1.507e-08 1.374e-08 1.248e-08 1.139e-08 1.034e-08 9.388e-09 8.526e-09 7.767e-09 7.066e-09 6.376e-09 5.784e-09 5.251e-09 4.766e-09 4.329e-09 3.908e-09 3.536e-09 3.208e-09 2.896e-09 2.626e-09 2.372e-09 2.148e-09 1.940e-09 1.751e-09 1.581e-09 1.422e-09 1.287e-09 1.156e-09 1.043e-09 9.373e-10 8.460e-10 7.598e-10 6.839e-10 6.143e-10 5.524e-10 4.960e-10 4.443e-10 3.994e-10 3.575e-10 3.202e-10 2.873e-10 2.567e-10 2.298e-10 2.053e-10 1.832e-10 1.633e-10 1.464e-10 1.306e-10 1.166e-10 1.036e-10 9.254e-11
1514.05 1.614e-08 1.476e-08 1.341e-08 1.221e-08 1.107e-08 1.006e-08 9.153e-09 8.314e-09 7.568e-09 6.859e-09 6.212e-09 5.650e-09 5.126e-09 4.652e-09 4.203e-09 3.809e-09 3.447e-09 3.115e-09 2.829e-09 2.556e-09 2.312e-09 2.096e-09 1.889e-09 1.706e-09 1.536e-09 1.391e-09 1.252e-09 1.127e-09 1.015e-09 9.168e-10 8.254e-10 7.407e-10 6.663e-10 5.976e-10 5.386e-10 4.824e-10 4.336e-10 3.892e-10 3.486e-10 3.118e-10 2.795e-10 2.501e-10 2.231e-10 2.001e-10 1.786e-10 1.598e-10 1.426e-10 1.274e-10 1.131e-10 1.011e-10
1606.54 1.678e-08 1.531e-08 1.393e-08 1.269e-08 1.153e-08 1.047e-08 9.519e-09 8.658e-09 7.869e-09 7.140e-09 6.467e-09 5.874e-09 5.340e-09 4.851e-09 4.376e-09 3.967e-09 3.594e-09 3.259e-09 2.951e-09 2.671e-09 2.419e-09 2.188e-09 1.974e-09 1.786e-09 1.609e-09 1.454e-09 1.310e-09 1.178e-09 1.062e-09 9.585e-10 8.649e-10 7.772e-10 7.007e-10 6.261e-10 5.645e-10 5.066e-10 4.555e-10 4.101e-10 3.670e-10 3.286e-10 2.936e-10 2.629e-10 2.347e-10 2.108e-10 1.886e-10 1.680e-10 1.506e-10 1.347e-10 1.201e-10 1.073e-10
1704.67 1.750e-08 1.597e-08 1.455e-08 1.322e-08 1.201e-08 1.093e-08 9.955e-09 9.038e-09 8.226e-09 7.462e-09 6.759e-09 6.145e-09 5.586e-09 5.065e-09 4.592e-09 4.147e-09 3.757e-09 3.413e-09 3.088e-09 2.799e-09 2.537e-09 2.290e-09 2.071e-09 1.868e-09 1.688e-09 1.528e-09 1.376e-09 1.237e-09 1.117e-09 1.009e-09 9.079e-10 8.191e-10 7.366e-10 6.603e-10 5.932e-10 5.342e-10 4.800e-10 4.319e-10 3.872e-10 3.471e-10 3.103e-10 2.782e-10 2.485e-10 2.226e-10 1.996e-10 1.782e-10 1.596e-10 1.428e-10 1.275e-10 1.138e-10
1808.80 1.845e-08 1.679e-08 1.530e-08 1.392e-08 1.265e-08 1.151e-08 1.047e-08 9.530e-09 8.672e-09 7.877e-09 7.133e-09 6.484e-09 5.895e-09 5.348e-09 4.843e-09 4.389e-09 3.974e-09 3.607e-09 3.272e-09 2.965e-09 2.682e-09 2.425e-09 2.194e-09 1.983e-09 1.791e-09 1.620e-09 1.459e-09 1.316e-09 1.190e-09 1.072e-09 9.654e-10 8.726e-10 7.841e-10 7.043e-10 6.327e-10 5.692e-10 5.139e-10 4.613e-10 4.142e-10 3.717e-10 3.324e-10 2.976e-10 2.663e-10 2.392e-10 2.144e-10 1.914e-10 1.716e-10 1.532e-10 1.369e-10 1.224e-10
1919.29 1.933e-08 1.761e-08 1.605e-08 1.461e-08 1.329e-08 1.210e-08 1.101e-08 1.001e-08 9.117e-09 8.295e-09 7.520e-09 6.828e-09 6.210e-09 5.632e-09 5.114e-09 4.636e-09 4.200e-09 3.813e-09 3.457e-09 3.131e-09 2.840e-09 2.567e-09 2.323e-09 2.104e-09 1.898e-09 1.714e-09 1.553e-09 1.397e-09 1.265e-09 1.140e-09 1.028e-09 9.286e-10 8.348e-10 7.519e-10 6.760e-10 6.075e-10 5.480e-10 4.928e-10 4.431e-10 3.981e-10 3.568e-10 3.195e-10 2.865e-10 2.569e-10 2.302e-10 2.061e-10 1.849e-10 1.652e-10 1.477e-10 1.321e-10
2036.53 2.032e-08 1.852e-08 1.690e-08 1.536e-08 1.403e-08 1.277e-08 1.163e-08 1.057e-08 9.631e-09 8.764e-09 7.953e-09 7.222e-09 6.568e-09 5.970e-09 5.425e-09 4.915e-09 4.459e-09 4.054e-09 3.674e-09 3.328e-09 3.024e-09 2.736e-09 2.472e-09 2.241e-09 2.029e-09 1.833e-09 1.657e-09 1.494e-09 1.350e-09 1.221e-09 1.100e-09 9.944e-10 8.955e-10 8.084e-10 7.269e-10 6.557e-10 5.904e-10 5.321e-10 4.775e-10 4.286e-10 3.850e-10 3.459e-10 3.108e-10 2.791e-10 2.501e-10 2.241e-10 2.009e-10 1.804e-10 1.613e-10 1.442e-10
2160.92 2.115e-08 1.928e-08 1.760e-08 1.605e-08 1.461e-08 1.333e-08 1.215e-08 1.107e-08 1.008e-08 9.192e-09 8.341e-09 7.579e-09 6.901e-09 6.279e-09 5.702e-09 5.176e-09 4.700e-09 4.266e-09 3.880e-09 3.513e-09 3.190e-09 2.891e-09 2.619e-09 2.375e-09 2.152e-09 1.947e-09 1.760e-09 1.591e-09 1.437e-09 1.303e-09 1.177e-09 1.062e-09 9.578e-10 8.649e-10 7.799e-10 7.035e-10 6.340e-10 5.713e-10 5.138e-10 4.625e-10 4.155e-10 3.737e-10 3.361e-10 3.022e-10 2.716e-10 2.435e-10 2.184e-10 1.964e-10 1.755e-10 1.573e-10
2292.92 2.144e-08 1.959e-08 1.788e-08 1.630e-08 1.489e-08 1.357e-08 1.237e-08 1.130e-08 1.029e-08 9.382e-09 8.538e-09 7.767e-09 7.081e-09 6.447e-09 5.847e-09 5.328e-09 4.841e-09 4.401e-09 4.004e-09 3.632e-09 3.297e-09 2.991e-09 2.715e-09 2.466e-09 2.234e-09 2.025e-09 1.835e-09 1.660e-09 1.502e-09 1.362e-09 1.231e-09 1.114e-09 1.006e-09 9.095e-10 8.207e-10 7.408e-10 6.695e-10 6.032e-10 5.444e-10 4.908e-10 4.413e-10 3.972e-10 3.580e-10 3.224e-10 2.902e-10 2.606e-10 2.341e-10 2.102e-10 1.887e-10 1.694e-10
2432.98 2.184e-08 1.994e-08 1.825e-08 1.665e-08 1.520e-08 1.389e-08 1.268e-08 1.157e-08 1.057e-08 9.646e-09 8.792e-09 8.007e-09 7.305e-09 6.654e-09 6.057e-09 5.515e-09 5.022e-09 4.575e-09 4.161e-09 3.780e-09 3.436e-09 3.126e-09 2.839e-09 2.578e-09 2.341e-09 2.129e-09 1.932e-09 1.749e-09 1.586e-09 1.438e-09 1.303e-09 1.180e-09 1.069e-09 9.675e-10 8.748e-10 7.912e-10 7.156e-10 6.462e-10 5.843e-10 5.274e-10 4.756e-10 4.286e-10 3.868e-10 3.485e-10 3.141e-10 2.828e-10 2.544e-10 2.290e-10 2.057e-10 1.848e-10
2581.60 2.264e-08 2.073e-08 1.899e-08 1.734e-08 1.588e-08 1.451e-08 1.327e-08 1.211e-08 1.109e-08 1.013e-08 9.244e-09 8.429e-09 7.694e-09 7.020e-09 6.404e-09 5.839e-09 5.321e-09 4.853e-09 4.422e-09 4.024e-09 3.666e-09 3.338e-09 3.038e-09 2.759e-09 2.511e-09 2.288e-09 2.078e-09 1.885e-09 1.713e-09 1.554e-09 1.410e-09 1.280e-09 1.161e-09 1.052e-09 9.544e-10 8.635e-10 7.817e-10 7.080e-10 6.403e-10 5.788e-10 5.232e-10 4.724e-10 4.268e-10 3.854e-10 3.480e-10 3.139e-10 2.829e-10 2.553e-10 2.296e-10 2.064e-10
2739.29 2.365e-08 2.168e-08 1.985e-08 1.817e-08 1.666e-08 1.524e-08 1.394e-08 1.277e-08 1.168e-08 1.068e-08 9.758e-09 8.917e-09 8.154e-09 7.449e-09 6.800e-09 6.207e-09 5.667e-09 5.173e-09 4.718e-09 4.305e-09 3.922e-09 3.577e-09 3.259e-09 2.968e-09 2.706e-09 2.464e-09 2.242e-09 2.039e-09 1.855e-09 1.684e-09 1.533e-09 1.391e-09 1.263e-09 1.147e-09 1.041e-09 9.442e-10 8.566e-10 7.763e-10 7.032e-10 6.371e-10 5.769e-10 5.212e-10 4.715e-10 4.270e-10 3.858e-10 3.484e-10 3.146e-10 2.837e-10 2.560e-10 2.304e-10
2906.62 2.411e-08 2.211e-08 2.027e-08 1.858e-08 1.703e-08 1.560e-08 1.429e-08 1.309e-08 1.199e-08 1.098e-08 1.005e-08 9.191e-09 8.410e-09 7.692e-09 7.034e-09 6.427e-09 5.878e-09 5.372e-09 4.908e-09 4.478e-09 4.087e-09 3.734e-09 3.402e-09 3.103e-09 2.831e-09 2.583e-09 2.352e-09 2.142e-09 1.950e-09 1.775e-09 1.616e-09 1.471e-09 1.337e-09 1.216e-09 1.104e-09 1.003e-09 9.101e-10 8.265e-10 7.494e-10 6.793e-10 6.152e-10 5.572e-10 5.052e-10 4.578e-10 4.141e-10 3.743e-10 3.384e-10 3.059e-10 2.759e-10 2.489e-10
3084.17 2.321e-08 2.130e-08 1.953e-08 1.791e-08 1.646e-08 1.510e-08 1.383e-08 1.268e-08 1.164e-08 1.066e-08 9.763e-09 8.937e-09 8.190e-09 7.496e-09 6.861e-09 6.279e-09 5.746e-09 5.252e-09 4.808e-09 4.394e-09 4.014e-09 3.666e-09 3.349e-09 3.056e-09 2.791e-09 2.547e-09 2.323e-09 2.117e-09 1.930e-09 1.758e-09 1.602e-09 1.459e-09 1.328e-09 1.208e-09 1.099e-09 9.998e-10 9.089e-10 8.247e-10 7.496e-10 6.802e-10 6.171e-10 5.595e-10 5.077e-10 4.599e-10 4.163e-10 3.767e-10 3.408e-10 3.086e-10 2.785e-10 2.516e-10
3272.56 2.109e-08 1.935e-08 1.777e-08 1.633e-08 1.500e-08 1.376e-08 1.264e-08 1.159e-08 1.063e-08 9.755e-09 8.943e-09 8.188e-09 7.508e-09 6.882e-09 6.306e-09 5.773e-09 5.286e-09 4.840e-09 4.425e-09 4.048e-09 3.704e-09 3.389e-09 3.097e-09 2.830e-09 2.584e-09 2.360e-09 2.156e-09 1.966e-09 1.794e-09 1.635e-09 1.492e-09 1.359e-09 1.238e-09 1.128e-09 1.026e-09 9.338e-10 8.498e-10 7.720e-10 7.010e-10 6.367e-10 5.785e-10 5.250e-10 4.766e-10 4.322e-10 3.918e-10 3.549e-10 3.212e-10 2.908e-10 2.627e-10 2.376e-10
3472.46 1.828e-08 1.680e-08 1.542e-08 1.417e-08 1.303e-08 1.197e-08 1.098e-08 1.009e-08 9.255e-09 8.498e-09 7.790e-09 7.147e-09 6.556e-09 6.011e-09 5.509e-09 5.046e-09 4.624e-09 4.233e-09 3.878e-09 3.545e-09 3.248e-09 2.972e-09 2.716e-09 2.485e-09 2.271e-09 2.073e-09 1.894e-09 1.731e-09 1.580e-09 1.441e-09 1.315e-09 1.198e-09 1.093e-09 9.955e-10 9.060e-10 8.248e-10 7.503e-10 6.833e-10 6.207e-10 5.645e-10 5.128e-10 4.654e-10 4.224e-10 3.835e-10 3.475e-10 3.150e-10 2.852e-10 2.582e-10 2.338e-10 2.113e-10
3684.57 1.476e-08 1.358e-08 1.247e-08 1.146e-08 1.053e-08 9.684e-09 8.883e-09 8.157e-09 7.493e-09 6.880e-09 6.308e-09 5.791e-09 5.311e-09 4.869e-09 4.461e-09 4.092e-09 3.749e-09 3.431e-09 3.144e-09 2.878e-09 2.636e-09 2.413e-09 2.207e-09 2.016e-09 1.843e-09 1.686e-09 1.540e-09 1.406e-09 1.285e-09 1.172e-09 1.069e-09 9.752e-10 8.891e-10 8.108e-10 7.377e-10 6.717e-10 6.114e-10 5.565e-10 5.062e-10 4.600e-10 4.182e-10 3.795e-10 3.448e-10 3.129e-10 2.839e-10 2.572e-10 2.328e-10 2.108e-10 1.908e-10 1.725e-10
3909.64 1.083e-08 9.965e-09 9.150e-09 8.408e-09 7.724e-09 7.100e-09 6.517e-09 5.983e-09 5.491e-09 5.038e-09 4.621e-09 4.241e-09 3.887e-09 3.565e-09 3.266e-09 2.994e-09 2.742e-09 2.513e-09 2.300e-09 2.105e-09 1.926e-09 1.763e-09 1.614e-09 1.475e-09 1.348e-09 1.232e-09 1.125e-09 1.029e-09 9.384e-10 8.555e-10 7.814e-10 7.122e-10 6.498e-10 5.916e-10 5.386e-10 4.905e-10 4.463e-10 4.058e-10 3.693e-10 3.356e-10 3.049e-10 2.767e-10 2.513e-10 2.279e-10 2.068e-10 1.875e-10 1.698e-10 1.537e-10 1.392e-10 1.258e-10
4148.46 8.502e-09 7.814e-09 7.171e-09 6.581e-09 6.046e-09 5.556e-09 5.096e-09 4.678e-09 4.290e-09 3.940e-09 3.612e-09 3.311e-09 3.035e-09 2.782e-09 2.546e-09 2.332e-09 2.136e-09 1.957e-09 1.790e-09 1.639e-09 1.498e-09 1.371e-09 1.253e-09 1.145e-09 1.047e-09 9.547e-10 8.716e-10 7.966e-10 7.269e-10 6.626e-10 6.037e-10 5.508e-10 5.016e-10 4.570e-10 4.161e-10 3.785e-10 3.441e-10 3.132e-10 2.847e-10 2.586e-10 2.347e-10 2.131e-10 1.934e-10 1.753e-10 1.590e-10 1.439e-10 1.303e-10 1.179e-10 1.067e-10 9.646e-11
4401.86 7.841e-09 7.202e-09 6.614e-09 6.067e-09 5.575e-09 5.118e-09 4.692e-09 4.308e-09 3.951e-09 3.624e-09 3.321e-09 3.043e-09 2.790e-09 2.554e-09 2.339e-09 2.141e-09 1.960e-09 1.794e-09 1.642e-09 1.502e-09 1.373e-09 1.255e-09 1.148e-09 1.049e-09 9.573e-10 8.749e-10 7.983e-10 7.281e-10 6.642e-10 6.055e-10 5.521e-10 5.029e-10 4.582e-10 4.172e-10 3.796e-10 3.454e-10 3.141e-10 2.856e-10 2.594e-10 2.356e-10 2.139e-10 1.942e-10 1.760e-10 1.596e-10 1.446e-10 1.310e-10 1.185e-10 1.073e-10 9.705e-11 8.763e-11
4670.75 7.612e-09 6.991e-09 6.417e-09 5.897e-09 5.415e-09 4.977e-09 4.565e-09 4.190e-09 3.846e-09 3.528e-09 3.235e-09 2.965e-09 2.720e-09 2.491e-09 2.283e-09 2.092e-09 1.916e-09 1.753e-09 1.605e-09 1.470e-09 1.344e-09 1.229e-09 1.125e-09 1.028e-09 9.387e-10 8.578e-10 7.839e-10 7.150e-10 6.523e-10 5.950e-10 5.428e-10 4.949e-10 4.512e-10 4.106e-10 3.741e-10 3.402e-10 3.095e-10 2.815e-10 2.560e-10 2.326e-10 2.113e-10 1.917e-10 1.740e-10 1.577e-10 1.430e-10 1.297e-10 1.174e-10 1.062e-10 9.611e-11 8.690e-11
4956.05 7.118e-09 6.553e-09 6.024e-09 5.539e-09 5.091e-09 4.680e-09 4.298e-09 3.947e-09 3.627e-09 3.332e-09 3.059e-09 2.810e-09 2.578e-09 2.364e-09 2.169e-09 1.988e-09 1.823e-09 1.670e-09 1.531e-09 1.403e-09 1.285e-09 1.177e-09 1.077e-09 9.847e-10 9.017e-10 8.242e-10 7.536e-10 6.888e-10 6.291e-10 5.744e-10 5.241e-10 4.786e-10 4.367e-10 3.977e-10 3.628e-10 3.303e-10 3.007e-10 2.738e-10 2.491e-10 2.265e-10 2.060e-10 1.873e-10 1.700e-10 1.543e-10 1.400e-10 1.271e-10 1.151e-10 1.043e-10 9.445e-11 8.544e-11
5258.79 6.692e-09 6.162e-09 5.672e-09 5.223e-09 4.808e-09 4.423e-09 4.068e-09 3.741e-09 3.441e-09 3.162e-09 2.906e-09 2.671e-09 2.455e-09 2.255e-09 2.070e-09 1.899e-09 1.743e-09 1.601e-09 1.468e-09 1.346e-09 1.235e-09 1.132e-09 1.036e-09 9.491e-10 8.693e-10 7.959e-10 7.286e-10 6.659e-10 6.092e-10 5.568e-10 5.087e-10 4.646e-10 4.242e-10 3.873e-10 3.533e-10 3.222e-10 2.936e-10 2.677e-10 2.439e-10 2.219e-10 2.020e-10 1.836e-10 1.669e-10 1.516e-10 1.377e-10 1.249e-10 1.133e-10 1.028e-10 9.321e-11 8.438e-11
5580.02 6.480e-09 5.973e-09 5.503e-09 5.068e-09 4.673e-09 4.302e-09 3.956e-09 3.643e-09 3.353e-09 3.086e-09 2.839e-09 2.612e-09 2.401e-09 2.206e-09 2.027e-09 1.862e-09 1.711e-09 1.571e-09 1.442e-09 1.325e-09 1.215e-09 1.115e-09 1.022e-09 9.375e-10 8.587e-10 7.864e-10 7.203e-10 6.596e-10 6.037e-10 5.518e-10 5.048e-10 4.614e-10 4.215e-10 3.852e-10 3.515e-10 3.210e-10 2.925e-10 2.670e-10 2.432e-10 2.216e-10 2.016e-10 1.835e-10 1.670e-10 1.518e-10 1.380e-10 1.253e-10 1.137e-10 1.031e-10 9.351e-11 8.478e-11
5920.87 6.094e-09 5.616e-09 5.176e-09 4.772e-09 4.397e-09 4.053e-09 3.733e-09 3.438e-09 3.167e-09 2.916e-09 2.685e-09 2.470e-09 2.272e-09 2.090e-09 1.921e-09 1.768e-09 1.623e-09 1.492e-09 1.371e-09 1.259e-09 1.155e-09 1.060e-09 9.736e-10 8.926e-10 8.186e-10 7.502e-10 6.870e-10 6.294e-10 5.760e-10 5.276e-10 4.829e-10 4.414e-10 4.033e-10 3.688e-10 3.369e-10 3.075e-10 2.806e-10 2.559e-10 2.335e-10 2.128e-10 1.937e-10 1.765e-10 1.606e-10 1.460e-10 1.328e-10 1.206e-10 1.095e-10 9.937e-11 9.017e-11 8.169e-11
6282.54 5.535e-09 5.106e-09 4.707e-09 4.340e-09 4.005e-09 3.692e-09 3.402e-09 3.134e-09 2.886e-09 2.659e-09 2.448e-09 2.256e-09 2.076e-09 1.910e-09 1.757e-09 1.615e-09 1.486e-09 1.365e-09 1.255e-09 1.153e-09 1.060e-09 9.723e-10 8.923e-10 8.192e-10 7.510e-10 6.885e-10 6.315e-10 5.786e-10 5.302e-10 4.854e-10 4.439e-10 4.064e-10 3.717e-10 3.395e-10 3.103e-10 2.835e-10 2.589e-10 2.362e-10 2.154e-10 1.963e-10 1.790e-10 1.630e-10 1.485e-10 1.350e-10 1.228e-10 1.116e-10 1.013e-10 9.196e-11 8.345e-11 7.566e-11
6666.30 5.039e-09 4.653e-09 4.292e-09 3.960e-09 3.652e-09 3.366e-09 3.107e-09 2.862e-09 2.637e-09 2.430e-09 2.240e-09 2.062e-09 1.899e-09 1.747e-09 1.608e-09 1.480e-09 1.361e-09 1.251e-09 1.151e-09 1.058e-09 9.717e-10 8.922e-10 8.200e-10 7.525e-10 6.901e-10 6.330e-10 5.806e-10 5.318e-10 4.874e-10 4.466e-10 4.090e-10 3.743e-10 3.423e-10 3.129e-10 2.862e-10 2.615e-10 2.386e-10 2.179e-10 1.988e-10 1.812e-10 1.652e-10 1.506e-10 1.370e-10 1.247e-10 1.135e-10 1.031e-10 9.373e-11 8.505e-11 7.723e-11 7.000e-11
7073.50 4.476e-09 4.136e-09 3.816e-09 3.520e-09 3.248e-09 2.997e-09 2.764e-09 2.550e-09 2.351e-09 2.166e-09 1.996e-09 1.840e-09 1.694e-09 1.560e-09 1.435e-09 1.323e-09 1.217e-09 1.119e-09 1.029e-09 9.461e-10 8.698e-10 7.987e-10 7.338e-10 6.740e-10 6.180e-10 5.672e-10 5.201e-10 4.770e-10 4.372e-10 4.004e-10 3.669e-10 3.359e-10 3.074e-10 2.812e-10 2.569e-10 2.348e-10 2.146e-10 1.958e-10 1.788e-10 1.631e-10 1.486e-10 1.354e-10 1.233e-10 1.123e-10 1.022e-10 9.294e-11 8.441e-11 7.671e-11 6.957e-11 6.311e-11
7505.58 3.714e-09 3.427e-09 3.167e-09 2.923e-09 2.697e-09 2.491e-09 2.298e-09 2.120e-09 1.954e-09 1.802e-09 1.661e-09 1.530e-09 1.411e-09 1.300e-09 1.197e-09 1.101e-09 1.014e-09 9.330e-10 8.582e-10 7.889e-10 7.254e-10 6.671e-10 6.125e-10 5.626e-10 5.169e-10 4.741e-10 4.352e-10 3.988e-10 3.657e-10 3.353e-10 3.070e-10 2.814e-10 2.574e-10 2.355e-10 2.153e-10 1.969e-10 1.799e-10 1.642e-10 1.499e-10 1.367e-10 1.247e-10 1.136e-10 1.035e-10 9.433e-11 8.578e-11 7.804e-11 7.092e-11 6.442e-11 5.849e-11 5.309e-11
7964.05 3.026e-09 2.797e-09 2.583e-09 2.385e-09 2.202e-09 2.033e-09 1.877e-09 1.730e-09 1.596e-09 1.473e-09 1.358e-09 1.251e-09 1.154e-09 1.063e-09 9.792e-10 9.021e-10 8.306e-10 7.642e-10 7.029e-10 6.468e-10 5.946e-10 5.464e-10 5.025e-10 4.614e-10 4.237e-10 3.892e-10 3.571e-10 3.277e-10 3.002e-10 2.755e-10 2.522e-10 2.309e-10 2.115e-10 1.935e-10 1.770e-10 1.618e-10 1.480e-10 1.352e-10 1.234e-10 1.126e-10 1.026e-10 9.361e-11 8.526e-11 7.767e-11 7.066e-11 6.426e-11 5.842e-11 5.309e-11 4.822e-11 4.375e-11
8450.53 2.491e-09 2.300e-09 2.126e-09 1.965e-09 1.814e-09 1.675e-09 1.546e-09 1.427e-09 1.316e-09 1.213e-09 1.120e-09 1.031e-09 9.510e-10 8.771e-10 8.080e-10 7.441e-10 6.848e-10 6.304e-10 5.805e-10 5.340e-10 4.910e-10 4.511e-10 4.148e-10 3.813e-10 3.502e-10 3.215e-10 2.949e-10 2.707e-10 2.482e-10 2.275e-10 2.085e-10 1.909e-10 1.749e-10 1.601e-10 1.463e-10 1.339e-10 1.223e-10 1.118e-10 1.020e-10 9.314e-11 8.496e-11 7.739e-11 7.057e-11 6.428e-11 5.853e-11 5.323e-11 4.839e-11 4.397e-11 3.992e-11 3.622e-11
8966.72 1.937e-09 1.790e-09 1.653e-09 1.528e-09 1.411e-09 1.302e-09 1.202e-09 1.110e-09 1.024e-09 9.439e-10 8.704e-10 8.027e-10 7.397e-10 6.822e-10 6.285e-10 5.789e-10 5.329e-10 4.904e-10 4.510e-10 4.151e-10 3.816e-10 3.508e-10 3.228e-10 2.965e-10 2.722e-10 2.498e-10 2.293e-10 2.104e-10 1.930e-10 1.768e-10 1.620e-10 1.485e-10 1.360e-10 1.243e-10 1.138e-10 1.040e-10 9.513e-11 8.689e-11 7.930e-11 7.236e-11 6.599e-11 6.018e-11 5.483e-11 4.993e-11 4.547e-11 4.136e-11 3.757e-11 3.416e-11 3.102e-11 2.816e-11
9514.44 1.403e-09 1.296e-09 1.197e-09 1.105e-09 1.020e-09 9.413e-10 8.693e-10 8.022e-10 7.391e-10 6.821e-10 6.289e-10 5.797e-10 5.340e-10 4.919e-10 4.531e-10 4.170e-10 3.840e-10 3.533e-10 3.249e-10 2.988e-10 2.747e-10 2.527e-10 2.322e-10 2.132e-10 1.958e-10 1.796e-10 1.648e-10 1.513e-10 1.386e-10 1.271e-10 1.164e-10 1.066e-10 9.757e-11 8.920e-11 8.165e-11 7.458e-11 6.818e-11 6.226e-11 5.684e-11 5.188e-11 4.727e-11 4.309e-11 3.925e-11 3.575e-11 3.254e-11 2.958e-11 2.689e-11 2.445e-11 2.220e-11 2.014e-11
10095.62 9.725e-10 8.971e-10 8.278e-10 7.638e-10 7.042e-10 6.500e-10 5.994e-10 5.525e-10 5.092e-10 4.694e-10 4.322e-10 3.981e-10 3.667e-10 3.375e-10 3.105e-10 2.857e-10 2.627e-10 2.416e-10 2.222e-10 2.042e-10 1.877e-10 1.724e-10 1.583e-10 1.452e-10 1.333e-10 1.222e-10 1.121e-10 1.027e-10 9.409e-11 8.618e-11 7.895e-11 7.221e-11 6.604e-11 6.044e-11 5.522e-11 5.044e-11 4.608e-11 4.204e-11 3.834e-11 3.501e-11 3.189e-11 2.904e-11 2.643e-11 2.405e-11 2.189e-11 1.991e-11 1.808e-11 1.642e-11 1.489e-11 1.351e-11
10712.30 6.161e-10 5.679e-10 5.231e-10 4.820e-10 4.440e-10 4.088e-10 3.766e-10 3.470e-10 3.190e-10 2.936e-10 2.700e-10 2.484e-10 2.285e-10 2.100e-10 1.930e-10 1.773e-10 1.629e-10 1.497e-10 1.374e-10 1.261e-10 1.157e-10 1.061e-10 9.728e-11 8.916e-11 8.173e-11 7.488e-11 6.858e-11 6.277e-11 5.742e-11 5.254e-11 4.806e-11 4.395e-11 4.015e-11 3.667e-11 3.348e-11 3.054e-11 2.787e-11 2.542e-11 2.314e-11 2.110e-11 1.920e-11 1.746e-11 1.589e-11 1.444e-11 1.312e-11 1.193e-11 1.082e-11 9.817e-12 8.896e-12 8.066e-12
11366.65 3.510e-10 3.227e-10 2.968e-10 2.727e-10 2.508e-10 2.306e-10 2.118e-10 1.946e-10 1.787e-10 1.641e-10 1.506e-10 1.383e-10 1.269e-10 1.164e-10 1.068e-10 9.788e-11 8.970e-11 8.219e-11 7.535e-11 6.896e-11 6.314e-11 5.784e-11 5.288e-11 4.841e-11 4.424e-11 4.045e-11 3.698e-11 3.377e-11 3.086e-11 2.817e-11 2.571e-11 2.345e-11 2.138e-11 1.949e-11 1.777e-11 1.619e-11 1.474e-11 1.341e-11 1.219e-11 1.109e-11 1.008e-11 9.158e-12 8.311e-12 7.541e-12 6.839e-12 6.204e-12 5.620e-12 5.090e-12 4.608e-12 4.167e-12
12061.10 1.860e-10 1.707e-10 1.566e-10 1.437e-10 1.317e-10 1.208e-10 1.106e-10 1.014e-10 9.286e-11 8.504e-11 7.782e-11 7.126e-11 6.526e-11 5.966e-11 5.456e-11 4.991e-11 4.563e-11 4.170e-11 3.811e-11 3.482e-11 3.179e-11 2.902e-11 2.649e-11 2.415e-11 2.204e-11 2.008e-11 1.830e-11 1.669e-11 1.519e-11 1.383e-11 1.259e-11 1.145e-11 1.041e-11 9.476e-12 8.609e-12 7.823e-12 7.102e-12 6.445e-12 5.844e-12 5.302e-12 4.808e-12 4.356e-12 3.946e-12 3.570e-12 3.229e-12 2.921e-12 2.640e-12 2.385e-12 2.154e-12 1.945e-12
12793.43 1.054e-10 9.650e-11 8.826e-11 8.086e-11 7.389e-11 6.758e-11 6.179e-11 5.654e-11 5.162e-11 4.717e-11 4.309e-11 3.933e-11 3.593e-11 3.278e-11 2.992e-11 2.729e-11 2.488e-11 2.266e-11 2.065e-11 1.883e-11 1.714e-11 1.560e-11 1.420e-11 1.292e-11 1.176e-11 1.068e-11 9.710e-12 8.820e-12 8.013e-12 7.277e-12 6.605e-12 5.989e-12 5.436e-12 4.929e-12 4.467e-12 4.046e-12 3.660e-12 3.315e-12 2.999e-12 2.713e-12 2.450e-12 2.215e-12 1.999e-12 1.806e-12 1.628e-12 1.469e-12 1.324e-12 1.192e-12 1.074e-12 9.666e-13
13528.61 6.449e-11 5.891e-11 5.382e-11 4.917e-11 4.492e-11 4.101e-11 3.739e-11 3.415e-11 3.114e-11 2.839e-11 2.589e-11 2.360e-11 2.150e-11 1.959e-11 1.783e-11 1.623e-11 1.476e-11 1.343e-11 1.222e-11 1.111e-11 1.008e-11 9.169e-12 8.329e-12 7.562e-12 6.858e-12 6.224e-12 5.641e-12 5.117e-12 4.633e-12 4.197e-12 3.802e-12 3.440e-12 3.112e-12 2.816e-12 2.546e-12 2.301e-12 2.076e-12 1.876e-12 1.692e-12 1.527e-12 1.377e-12 1.241e-12 1.117e-12 1.006e-12 9.051e-13 8.146e-13 7.324e-13 6.579e-13 5.911e-13 5.303e-13
14194.74 4.081e-11 3.722e-11 3.399e-11 3.100e-11 2.827e-11 2.577e-11 2.349e-11 2.143e-11 1.953e-11 1.777e-11 1.618e-11 1.472e-11 1.340e-11 1.218e-11 1.108e-11 1.006e-11 9.145e-12 8.316e-12 7.541e-12 6.843e-12 6.212e-12 5.635e-12 5.110e-12 4.628e-12 4.192e-12 3.798e-12 3.436e-12 3.111e-12 2.812e-12 2.542e-12 2.299e-12 2.077e-12 1.876e-12 1.692e-12 1.528e-12 1.377e-12 1.242e-12 1.119e-12 1.008e-12 9.068e-13 8.166e-13 7.335e-13 6.595e-13 5.924e-13 5.323e-13 4.778e-13 4.283e-13 3.840e-13 3.442e-13 3.083e-13
14757.77 2.742e-11 2.502e-11 2.280e-11 2.079e-11 1.893e-11 1.724e-11 1.570e-11 1.430e-11 1.301e-11 1.184e-11 1.076e-11 9.787e-12 8.895e-12 8.081e-12 7.339e-12 6.659e-12 6.041e-12 5.484e-12 4.969e-12 4.505e-12 4.082e-12 3.697e-12 3.345e-12 3.029e-12 2.739e-12 2.479e-12 2.238e-12 2.022e-12 1.827e-12 1.650e-12 1.489e-12 1.343e-12 1.209e-12 1.090e-12 9.814e-13 8.846e-13 7.952e-13 7.151e-13 6.429e-13 5.778e-13 5.192e-13 4.655e-13 4.176e-13 3.747e-13 3.359e-13 3.007e-13 2.693e-13 2.409e-13 2.155e-13 1.926e-13
15240.48 2.382e-11 2.170e-11 1.975e-11 1.798e-11 1.639e-11 1.491e-11 1.356e-11 1.233e-11 1.122e-11 1.020e-11 9.264e-12 8.407e-12 7.634e-12 6.928e-12 6.281e-12 5.696e-12 5.162e-12 4.683e-12 4.236e-12 3.834e-12 3.468e-12 3.137e-12 2.839e-12 2.566e-12 2.318e-12 2.094e-12 1.889e-12 1.703e-12 1.537e-12 1.385e-12 1.248e-12 1.124e-12 1.011e-12 9.094e-13 8.180e-13 7.352e-13 6.605e-13 5.931e-13 5.321e-13 4.773e-13 4.278e-13 3.831e-13 3.430e-13 3.070e-13 2.748e-13 2.454e-13 2.194e-13 1.958e-13 1.748e-13 1.559e-13
15646.99 2.615e-11 2.383e-11 2.170e-11 1.972e-11 1.795e-11 1.633e-11 1.484e-11 1.350e-11 1.227e-11 1.114e-11 1.010e-11 9.170e-12 8.322e-12 7.544e-12 6.839e-12 6.192e-12 5.611e-12 5.083e-12 4.594e-12 4.155e-12 3.757e-12 3.395e-12 3.069e-12 2.769e-12 2.499e-12 2.254e-12 2.034e-12 1.832e-12 1.650e-12 1.485e-12 1.336e-12 1.203e-12 1.082e-12 9.716e-13 8.725e-13 7.830e-13 7.026e-13 6.300e-13 5.639e-13 5.054e-13 4.524e-13 4.046e-13 3.619e-13 3.232e-13 2.886e-13 2.578e-13 2.297e-13 2.049e-13 1.826e-13 1.626e-13
15960.30 3.447e-11 3.139e-11 2.856e-11 2.596e-11 2.364e-11 2.150e-11 1.954e-11 1.773e-11 1.613e-11 1.463e-11 1.328e-11 1.205e-11 1.092e-11 9.902e-12 8.971e-12 8.121e-12 7.357e-12 6.651e-12 6.014e-12 5.438e-12 4.914e-12 4.440e-12 4.012e-12 3.618e-12 3.265e-12 2.944e-12 2.651e-12 2.387e-12 2.150e-12 1.935e-12 1.740e-12 1.565e-12 1.405e-12 1.261e-12 1.131e-12 1.016e-12 9.110e-13 8.158e-13 7.305e-13 6.535e-13 5.850e-13 5.225e-13 4.667e-13 4.170e-13 3.719e-13 3.318e-13 2.958e-13 2.632e-13 2.344e-13 2.085e-13
16187.41 3.648e-11 3.320e-11 3.022e-11 2.748e-11 2.501e-11 2.271e-11 2.064e-11 1.875e-11 1.705e-11 1.546e-11 1.404e-11 1.273e-11 1.153e-11 1.046e-11 9.473e-12 8.578e-12 7.765e-12 7.022e-12 6.350e-12 5.742e-12 5.182e-12 4.684e-12 4.227e-12 3.815e-12 3.442e-12 3.101e-12 2.794e-12 2.516e-12 2.265e-12 2.036e-12 1.831e-12 1.645e-12 1.479e-12 1.327e-12 1.191e-12 1.068e-12 9.573e-13 8.568e-13 7.671e-13 6.861e-13 6.133e-13 5.488e-13 4.897e-13 4.371e-13 3.901e-13 3.477e-13 3.096e-13 2.758e-13 2.453e-13 2.183e-13
16354.17 3.493e-11 3.178e-11 2.891e-11 2.631e-11 2.393e-11 2.175e-11 1.977e-11 1.795e-11 1.631e-11 1.480e-11 1.342e-11 1.218e-11 1.104e-11 1.000e-11 9.065e-12 8.204e-12 7.427e-12 6.721e-12 6.074e-12 5.491e-12 4.959e-12 4.478e-12 4.042e-12 3.645e-12 3.289e-12 2.965e-12 2.669e-12 2.403e-12 2.163e-12 1.947e-12 1.750e-12 1.572e-12 1.412e-12 1.267e-12 1.137e-12 1.019e-12 9.134e-13 8.184e-13 7.325e-13 6.553e-13 5.859e-13 5.231e-13 4.673e-13 4.171e-13 3.718e-13 3.314e-13 2.954e-13 2.630e-13 2.339e-13 2.079e-13
16484.18 3.012e-11 2.745e-11 2.496e-11 2.270e-11 2.066e-11 1.877e-11 1.706e-11 1.550e-11 1.407e-11 1.278e-11 1.158e-11 1.051e-11 9.524e-12 8.641e-12 7.819e-12 7.079e-12 6.410e-12 5.800e-12 5.246e-12 4.737e-12 4.280e-12 3.864e-12 3.489e-12 3.148e-12 2.838e-12 2.559e-12 2.305e-12 2.075e-12 1.867e-12 1.679e-12 1.510e-12 1.356e-12 1.218e-12 1.094e-12 9.812e-13 8.791e-13 7.880e-13 7.060e-13 6.317e-13 5.652e-13 5.054e-13 4.512e-13 4.032e-13 3.595e-13 3.208e-13 2.859e-13 2.546e-13 2.267e-13 2.016e-13 1.793e-13
16593.12 2.468e-11 2.248e-11 2.047e-11 1.861e-11 1.693e-11 1.538e-11 1.398e-11 1.270e-11 1.153e-11 1.046e-11 9.489e-12 8.609e-12 7.808e-12 7.073e-12 6.411e-12 5.799e-12 5.248e-12 4.751e-12 4.294e-12 3.882e-12 3.506e-12 3.166e-12 2.858e-12 2.578e-12 2.325e-12 2.096e-12 1.888e-12 1.699e-12 1.529e-12 1.375e-12 1.236e-12 1.111e-12 9.983e-13 8.959e-13 8.034e-13 7.204e-13 6.455e-13 5.782e-13 5.172e-13 4.625e-13 4.137e-13 3.699e-13 3.300e-13 2.946e-13 2.627e-13 2.342e-13 2.085e-13 1.856e-13 1.651e-13 1.468e-13
16691.99 2.096e-11 1.908e-11 1.736e-11 1.579e-11 1.437e-11 1.307e-11 1.188e-11 1.078e-11 9.793e-12 8.887e-12 8.062e-12 7.315e-12 6.627e-12 6.008e-12 5.444e-12 4.929e-12 4.458e-12 4.034e-12 3.647e-12 3.295e-12 2.977e-12 2.687e-12 2.428e-12 2.189e-12 1.975e-12 1.781e-12 1.604e-12 1.443e-12 1.299e-12 1.168e-12 1.051e-12 9.437e-13 8.479e-13 7.611e-13 6.827e-13 6.118e-13 5.487e-13 4.913e-13 4.396e-13 3.931e-13 3.515e-13 3.141e-13 2.805e-13 2.504e-13 2.231e-13 1.988e-13 1.771e-13 1.577e-13 1.403e-13 1.248e-13
16788.59 1.848e-11 1.684e-11 1.532e-11 1.393e-11 1.268e-11 1.152e-11 1.047e-11 9.504e-12 8.639e-12 7.835e-12 7.114e-12 6.453e-12 5.845e-12 5.300e-12 4.801e-12 4.344e-12 3.931e-12 3.557e-12 3.218e-12 2.906e-12 2.627e-12 2.371e-12 2.140e-12 1.930e-12 1.741e-12 1.570e-12 1.413e-12 1.273e-12 1.146e-12 1.031e-12 9.266e-13 8.324e-13 7.481e-13 6.714e-13 6.022e-13 5.395e-13 4.837e-13 4.333e-13 3.878e-13 3.469e-13 3.099e-13 2.771e-13 2.475e-13 2.209e-13 1.968e-13 1.754e-13 1.562e-13 1.390e-13 1.237e-13 1.100e-13
16888.37 1.652e-11 1.503e-11 1.368e-11 1.244e-11 1.132e-11 1.029e-11 9.355e-12 8.493e-12 7.715e-12 6.998e-12 6.347e-12 5.764e-12 5.219e-12 4.734e-12 4.288e-12 3.880e-12 3.513e-12 3.179e-12 2.874e-12 2.598e-12 2.346e-12 2.118e-12 1.913e-12 1.724e-12 1.556e-12 1.403e-12 1.263e-12 1.137e-12 1.023e-12 9.205e-13 8.272e-13 7.442e-13 6.684e-13 5.994e-13 5.377e-13 4.824e-13 4.324e-13 3.870e-13 3.462e-13 3.096e-13 2.771e-13 2.476e-13 2.211e-13 1.971e-13 1.759e-13 1.567e-13 1.396e-13 1.243e-13 1.105e-13 9.837e-14
16998.79 1.465e-11 1.334e-11 1.214e-11 1.104e-11 1.005e-11 9.131e-12 8.290e-12 7.536e-12 6.841e-12 6.211e-12 5.632e-12 5.110e-12 4.632e-12 4.202e-12 3.804e-12 3.443e-12 3.116e-12 2.820e-12 2.549e-12 2.304e-12 2.082e-12 1.878e-12 1.696e-12 1.531e-12 1.381e-12 1.244e-12 1.122e-12 1.010e-12 9.079e-13 8.169e-13 7.341e-13 6.602e-13 5.928e-13 5.319e-13 4.771e-13 4.279e-13 3.835e-13 3.435e-13 3.075e-13 2.750e-13 2.458e-13 2.197e-13 1.961e-13 1.750e-13 1.561e-13 1.391e-13 1.239e-13 1.103e-13 9.817e-14 8.730e-14
17146.37 1.274e-11 1.159e-11 1.055e-11 9.600e-12 8.737e-12 7.937e-12 7.209e-12 6.549e-12 5.954e-12 5.405e-12 4.896e-12 4.442e-12 4.028e-12 3.652e-12 3.308e-12 2.996e-12 2.711e-12 2.451e-12 2.219e-12 2.002e-12 1.809e-12 1.635e-12 1.476e-12 1.332e-12 1.202e-12 1.082e-12 9.753e-13 8.774e-13 7.900e-13 7.112e-13 6.388e-13 5.745e-13 5.155e-13 4.629e-13 4.150e-13 3.723e-13 3.340e-13 2.987e-13 2.675e-13 2.392e-13 2.140e-13 1.910e-13 1.707e-13 1.523e-13 1.357e-13 1.210e-13 1.078e-13 9.594e-14 8.539e-14 7.593e-14
17415.23 1.010e-11 9.200e-12 8.365e-12 7.612e-12 6.926e-12 6.296e-12 5.717e-12 5.196e-12 4.718e-12 4.287e-12 3.888e-12 3.523e-12 3.194e-12 2.895e-12 2.622e-12 2.376e-12 2.151e-12 1.945e-12 1.760e-12 1.589e-12 1.436e-12 1.297e-12 1.171e-12 1.056e-12 9.527e-13 8.591e-13 7.732e-13 6.964e-13 6.266e-13 5.640e-13 5.066e-13 4.559e-13 4.092e-13 3.673e-13 3.294e-13 2.953e-13 2.649e-13 2.371e-13 2.124e-13 1.897e-13 1.697e-13 1.517e-13 1.355e-13 1.209e-13 1.079e-13 9.604e-14 8.556e-14 7.622e-14 6.779e-14 6.028e-14
17888.12 6.814e-12 6.205e-12 5.649e-12 5.134e-12 4.675e-12 4.249e-12 3.862e-12 3.505e-12 3.185e-12 2.892e-12 2.624e-12 2.380e-12 2.159e-12 1.957e-12 1.771e-12 1.604e-12 1.453e-12 1.314e-12 1.188e-12 1.074e-12 9.699e-13 8.763e-13 7.907e-13 7.137e-13 6.435e-13 5.802e-13 5.232e-13 4.705e-13 4.238e-13 3.811e-13 3.427e-13 3.080e-13 2.767e-13 2.484e-13 2.228e-13 1.996e-13 1.792e-13 1.604e-13 1.436e-13 1.284e-13 1.148e-13 1.026e-13 9.162e-14 8.177e-14 7.292e-14 6.503e-14 5.793e-14 5.154e-14 4.589e-14 4.078e-14
18532.37 4.766e-12 4.337e-12 3.948e-12 3.592e-12 3.265e-12 2.972e-12 2.700e-12 2.453e-12 2.228e-12 2.022e-12 1.834e-12 1.664e-12 1.509e-12 1.368e-12 1.240e-12 1.123e-12 1.016e-12 9.192e-13 8.318e-13 7.515e-13 6.789e-13 6.130e-13 5.535e-13 4.999e-13 4.504e-13 4.064e-13 3.660e-13 3.299e-13 2.965e-13 2.672e-13 2.401e-13 2.157e-13 1.938e-13 1.740e-13 1.561e-13 1.399e-13 1.255e-13 1.125e-13 1.006e-13 9.006e-14 8.051e-14 7.195e-14 6.425e-14 5.737e-14 5.118e-14 4.559e-14 4.066e-14 3.619e-14 3.218e-14 2.864e-14
19260.76 3.230e-12 2.942e-12 2.677e-12 2.436e-12 2.216e-12 2.017e-12 1.831e-12 1.663e-12 1.511e-12 1.373e-12 1.245e-12 1.130e-12 1.025e-12 9.286e-13 8.419e-13 7.620e-13 6.898e-13 6.243e-13 5.652e-13 5.108e-13 4.614e-13 4.167e-13 3.759e-13 3.397e-13 3.063e-13 2.761e-13 2.489e-13 2.242e-13 2.016e-13 1.815e-13 1.633e-13 1.468e-13 1.318e-13 1.184e-13 1.063e-13 9.520e-14 8.540e-14 7.655e-14 6.850e-14 6.129e-14 5.482e-14 4.898e-14 4.379e-14 3.904e-14 3.487e-14 3.108e-14 2.768e-14 2.464e-14 2.194e-14 1.952e-14
20034.10 2.075e-12 1.889e-12 1.719e-12 1.565e-12 1.422e-12 1.295e-12 1.176e-12 1.069e-12 9.705e-13 8.823e-13 8.003e-13 7.260e-13 6.587e-13 5.966e-13 5.408e-13 4.899e-13 4.433e-13 4.013e-13 3.632e-13 3.282e-13 2.968e-13 2.680e-13 2.419e-13 2.184e-13 1.971e-13 1.777e-13 1.602e-13 1.442e-13 1.298e-13 1.168e-13 1.051e-13 9.441e-14 8.491e-14 7.620e-14 6.841e-14 6.135e-14 5.502e-14 4.929e-14 4.412e-14 3.950e-14 3.530e-14 3.159e-14 2.821e-14 2.518e-14 2.248e-14 2.004e-14 1.787e-14 1.590e-14 1.416e-14 1.258e-14
20838.00 1.353e-12 1.233e-12 1.122e-12 1.020e-12 9.287e-13 8.449e-13 7.676e-13 6.975e-13 6.336e-13 5.755e-13 5.228e-13 4.740e-13 4.298e-13 3.898e-13 3.532e-13 3.200e-13 2.898e-13 2.623e-13 2.371e-13 2.145e-13 1.938e-13 1.752e-13 1.581e-13 1.427e-13 1.288e-13 1.161e-13 1.048e-13 9.429e-14 8.488e-14 7.639e-14 6.874e-14 6.181e-14 5.556e-14 4.990e-14 4.478e-14 4.017e-14 3.598e-14 3.230e-14 2.888e-14 2.586e-14 2.312e-14 2.068e-14 1.848e-14 1.651e-14 1.473e-14 1.314e-14 1.170e-14 1.043e-14 9.284e-15 8.258e-15
21647.97 9.477e-13 8.631e-13 7.858e-13 7.155e-13 6.502e-13 5.916e-13 5.381e-13 4.889e-13 4.442e-13 4.035e-13 3.666e-13 3.324e-13 3.017e-13 2.735e-13 2.478e-13 2.244e-13 2.033e-13 1.840e-13 1.665e-13 1.505e-13 1.360e-13 1.229e-13 1.110e-13 1.002e-13 9.041e-14 8.156e-14 7.351e-14 6.626e-14 5.966e-14 5.364e-14 4.828e-14 4.341e-14 3.901e-14 3.506e-14 3.148e-14 2.824e-14 2.530e-14 2.269e-14 2.030e-14 1.819e-14 1.626e-14 1.454e-14 1.301e-14 1.161e-14 1.035e-14 9.249e-15 8.240e-15 7.338e-15 6.537e-15 5.809e-15
22447.94 6.297e-13 5.737e-13 5.225e-13 4.754e-13 4.324e-13 3.935e-13 3.577e-13 3.253e-13 2.954e-13 2.684e-13 2.437e-13 2.212e-13 2.007e-13 1.820e-13 1.648e-13 1.494e-13 1.353e-13 1.225e-13 1.108e-13 1.003e-13 9.060e-14 8.184e-14 7.394e-14 6.674e-14 6.023e-14 5.435e-14 4.900e-14 4.415e-14 3.973e-14 3.577e-14 3.219e-14 2.894e-14 2.602e-14 2.337e-14 2.098e-14 1.882e-14 1.688e-14 1.514e-14 1.356e-14 1.214e-14 1.085e-14 9.705e-15 8.677e-15 7.749e-15 6.921e-15 6.169e-15 5.500e-15 4.904e-15 4.363e-15 3.882e-15
23245.88 4.125e-13 3.761e-13 3.425e-13 3.117e-13 2.834e-13 2.578e-13 2.346e-13 2.132e-13 1.937e-13 1.759e-13 1.598e-13 1.450e-13 1.316e-13 1.193e-13 1.081e-13 9.800e-14 8.879e-14 8.037e-14 7.270e-14 6.576e-14 5.944e-14 5.374e-14 4.851e-14 4.378e-14 3.955e-14 3.566e-14 3.216e-14 2.900e-14 2.612e-14 2.351e-14 2.114e-14 1.903e-14 1.710e-14 1.535e-14 1.379e-14 1.238e-14 1.110e-14 9.948e-15 8.921e-15 7.977e-15 7.144e-15 6.385e-15 5.710e-15 5.098e-15 4.552e-15 4.062e-15 3.622e-15 3.227e-15 2.874e-15 2.556e-15
24052.47 2.811e-13 2.562e-13 2.333e-13 2.123e-13 1.932e-13 1.756e-13 1.599e-13 1.454e-13 1.321e-13 1.199e-13 1.089e-13 9.892e-14 8.966e-14 8.135e-14 7.374e-14 6.686e-14 6.051e-14 5.479e-14 4.963e-14 4.488e-14 4.059e-14 3.666e-14 3.311e-14 2.989e-14 2.699e-14 2.435e-14 2.197e-14 1.979e-14 1.782e-14 1.604e-14 1.444e-14 1.300e-14 1.168e-14 1.049e-14 9.427e-15 8.457e-15 7.584e-15 6.800e-15 6.097e-15 5.457e-15 4.886e-15 4.366e-15 3.905e-15 3.491e-15 3.115e-15 2.781e-15 2.477e-15 2.210e-15 1.968e-15 1.751e-15
24867.72 2.008e-13 1.829e-13 1.668e-13 1.518e-13 1.382e-13 1.256e-13 1.143e-13 1.039e-13 9.440e-14 8.577e-14 7.790e-14 7.079e-14 6.415e-14 5.825e-14 5.277e-14 4.781e-14 4.333e-14 3.925e-14 3.551e-14 3.213e-14 2.906e-14 2.625e-14 2.372e-14 2.141e-14 1.934e-14 1.745e-14 1.573e-14 1.419e-14 1.278e-14 1.150e-14 1.035e-14 9.320e-15 8.366e-15 7.524e-15 6.760e-15 6.065e-15 5.440e-15 4.877e-15 4.373e-15 3.913e-15 3.508e-15 3.135e-15 2.805e-15 2.505e-15 2.238e-15 1.997e-15 1.781e-15 1.586e-15 1.413e-15 1.258e-15
25698.86 1.457e-13 1.327e-13 1.209e-13 1.101e-13 1.002e-13 9.117e-14 8.292e-14 7.542e-14 6.855e-14 6.223e-14 5.655e-14 5.138e-14 4.657e-14 4.227e-14 3.832e-14 3.475e-14 3.145e-14 2.848e-14 2.580e-14 2.334e-14 2.111e-14 1.908e-14 1.724e-14 1.556e-14 1.405e-14 1.268e-14 1.143e-14 1.031e-14 9.295e-15 8.364e-15 7.527e-15 6.773e-15 6.088e-15 5.474e-15 4.915e-15 4.415e-15 3.959e-15 3.549e-15 3.186e-15 2.850e-15 2.552e-15 2.282e-15 2.042e-15 1.826e-15 1.630e-15 1.454e-15 1.298e-15 1.156e-15 1.031e-15 9.170e-16
26587.16 1.024e-13 9.334e-14 8.504e-14 7.744e-14 7.053e-14 6.414e-14 5.836e-14 5.307e-14 4.822e-14 4.379e-14 3.981e-14 3.616e-14 3.280e-14 2.976e-14 2.698e-14 2.447e-14 2.215e-14 2.007e-14 1.818e-14 1.644e-14 1.487e-14 1.344e-14 1.214e-14 1.097e-14 9.904e-15 8.937e-15 8.060e-15 7.269e-15 6.548e-15 5.898e-15 5.309e-15 4.778e-15 4.296e-15 3.862e-15 3.468e-15 3.115e-15 2.796e-15 2.507e-15 2.248e-15 2.014e-15 1.802e-15 1.613e-15 1.443e-15 1.290e-15 1.152e-15 1.028e-15 9.173e-16 8.171e-16 7.284e-16 6.486e-16
27637.54 6.764e-14 6.161e-14 5.617e-14 5.112e-14 4.654e-14 4.236e-14 3.853e-14 3.507e-14 3.186e-14 2.895e-14 2.629e-14 2.389e-14 2.167e-14 1.966e-14 1.784e-14 1.617e-14 1.465e-14 1.327e-14 1.201e-14 1.088e-14 9.835e-15 8.893e-15 8.036e-15 7.260e-15 6.553e-15 5.916e-15 5.335e-15 4.816e-15 4.338e-15 3.907e-15 3.516e-15 3.164e-15 2.848e-15 2.560e-15 2.299e-15 2.066e-15 1.853e-15 1.663e-15 1.491e-15 1.335e-15 1.196e-15 1.070e-15 9.565e-16 8.558e-16 7.645e-16 6.821e-16 6.091e-16 5.427e-16 4.839e-16 4.310e-16
28986.97 4.123e-14 3.760e-14 3.425e-14 3.120e-14 2.841e-14 2.585e-14 2.351e-14 2.139e-14 1.947e-14 1.769e-14 1.606e-14 1.460e-14 1.325e-14 1.201e-14 1.090e-14 9.888e-15 8.960e-15 8.118e-15 7.347e-15 6.648e-15 6.015e-15 5.443e-15 4.917e-15 4.443e-15 4.013e-15 3.620e-15 3.268e-15 2.949e-15 2.657e-15 2.393e-15 2.155e-15 1.940e-15 1.745e-15 1.569e-15 1.410e-15 1.267e-15 1.137e-15 1.020e-15 9.148e-16 8.202e-16 7.340e-16 6.574e-16 5.876e-16 5.255e-16 4.700e-16 4.196e-16 3.744e-16 3.340e-16 2.975e-16 2.650e-16
