#NTIMES 50
#NSTAGES 2
#TIMES[d] 199.16 202.02 204.93 207.87 210.86 213.89 216.97 220.09 223.25 226.46 229.71 233.01 236.36 239.76 243.21 246.70 250.25 253.85 257.49 261.20 264.95 268.76 272.62 276.54 280.51 284.55 288.64 292.79 296.99 301.26 305.59 309.99 314.44 318.96 323.54 328.20 332.91 337.70 342.55 347.48 352.47 357.54 362.67 367.89 373.18 378.54 383.98 389.50 395.10 400.78
#
#TIME: 199.16
#NVEL 78
#vel_mid[km/s] mg0 mg1
1060.83 4.1860e-05 2.0280e-02
1919.29 1.5940e-04 8.0310e-02
2581.60 3.8310e-04 2.8340e-01
3084.17 7.2460e-04 7.9570e-01
3472.46 1.0390e-03 1.6870e+00
3909.64 1.2520e-03 3.3340e+00
4148.46 1.3950e-03 4.2550e+00
4670.75 1.2440e-03 4.5690e+00
4956.05 5.8670e-04 3.0420e+00
5258.79 2.0010e-04 1.6830e+00
5580.02 7.0240e-05 8.8760e-01
5920.87 2.8700e-05 4.7370e-01
6282.54 1.4940e-05 2.9390e-01
6666.30 1.1730e-05 2.4800e-01
7073.50 1.2960e-05 2.7270e-01
7505.58 1.6040e-05 3.4030e-01
7964.05 2.4520e-05 4.7370e-01
8450.53 4.9220e-05 7.2570e-01
8966.72 3.9820e-05 1.1190e+00
9514.44 8.3940e-05 1.6830e+00
10095.62 2.0820e-04 2.4840e+00
10712.30 1.1680e-03 3.3700e+00
11366.65 6.5380e-04 4.1620e+00
12061.10 1.0040e-03 6.1690e+00
12793.43 1.0100e-02 1.9910e+01
13528.61 3.3040e-02 7.4080e+01
14194.74 8.4340e-02 1.8170e+02
14757.77 1.3750e-01 3.5250e+02
15240.48 3.1480e-01 8.6720e+02
15646.99 1.1320e+00 2.1160e+03
15960.30 3.5730e+00 4.5970e+03
16187.41 5.4140e+00 6.5560e+03
16354.17 5.0660e+00 7.5700e+03
16484.18 6.8040e+00 7.4490e+03
16593.12 3.8020e+00 6.7480e+03
16691.99 2.5480e+00 6.2410e+03
16788.59 3.2610e+00 5.9580e+03
16888.37 2.8500e+00 5.7460e+03
16998.79 2.2310e+00 5.5120e+03
17146.37 1.9920e+00 5.2020e+03
17415.23 1.6370e+00 4.5950e+03
17888.12 1.0120e+00 3.6170e+03
18532.37 7.2830e-01 2.9030e+03
19260.76 3.7380e-01 2.2020e+03
20034.10 2.6700e-01 1.5460e+03
20838.00 1.4800e-01 1.0980e+03
21647.97 1.1490e-01 8.5470e+02
22447.94 6.0060e-02 6.5220e+02
23245.88 3.7600e-02 5.0160e+02
24052.47 2.5510e-02 3.9620e+02
24867.72 1.8020e-02 3.1470e+02
25698.86 1.3250e-02 2.3830e+02
26587.16 7.8190e-03 1.6150e+02
27637.54 3.6280e-03 9.0640e+01
28986.97 1.2230e-03 3.7240e+01
#TIME: 202.02
#NVEL 78
#vel_mid[km/s] mg0 mg1
1060.83 4.8920e-05 1.9420e-02
1919.29 1.6170e-04 7.6930e-02
2581.60 3.8990e-04 2.7150e-01
3084.17 6.8590e-04 7.6240e-01
3472.46 1.0580e-03 1.6160e+00
3909.64 1.3980e-03 3.1940e+00
4148.46 1.3020e-03 4.0770e+00
4670.75 1.2840e-03 4.3780e+00
4956.05 5.9370e-04 2.9140e+00
5258.79 2.0980e-04 1.6120e+00
5580.02 7.2510e-05 8.5040e-01
5920.87 2.9850e-05 4.5380e-01
6282.54 1.5060e-05 2.8160e-01
6666.30 1.1920e-05 2.3760e-01
7073.50 1.2800e-05 2.6130e-01
7505.58 1.5950e-05 3.2610e-01
7964.05 2.4040e-05 4.5390e-01
8450.53 5.1920e-05 6.9530e-01
8966.72 3.9950e-05 1.0720e+00
9514.44 8.5220e-05 1.6120e+00
10095.62 2.0550e-04 2.3800e+00
10712.30 1.0600e-03 3.2290e+00
11366.65 6.1420e-04 3.9880e+00
12061.10 9.2800e-04 5.9100e+00
12793.43 1.0020e-02 1.9080e+01
13528.61 3.3360e-02 7.0980e+01
14194.74 7.8840e-02 1.7410e+02
14757.77 1.2570e-01 3.3780e+02
15240.48 3.3370e-01 8.3080e+02
15646.99 1.2520e+00 2.0270e+03
15960.30 2.9450e+00 4.4040e+03
16187.41 6.3290e+00 6.2800e+03
16354.17 6.3950e+00 7.2510e+03
16484.18 6.1220e+00 7.1370e+03
16593.12 4.5020e+00 6.4640e+03
16691.99 3.9820e+00 5.9780e+03
16788.59 4.3780e+00 5.7070e+03
16888.37 2.6170e+00 5.5050e+03
16998.79 2.4640e+00 5.2810e+03
17146.37 2.3140e+00 4.9840e+03
17415.23 1.5770e+00 4.4020e+03
17888.12 8.7190e-01 3.4650e+03
18532.37 6.6320e-01 2.7820e+03
19260.76 4.2240e-01 2.1100e+03
20034.10 2.4150e-01 1.4810e+03
20838.00 1.3290e-01 1.0520e+03
21647.97 9.5570e-02 8.1890e+02
22447.94 5.2600e-02 6.2490e+02
23245.88 3.4020e-02 4.8060e+02
24052.47 2.3660e-02 3.7960e+02
24867.72 1.7510e-02 3.0150e+02
25698.86 1.2420e-02 2.2840e+02
26587.16 8.1790e-03 1.5470e+02
27637.54 3.3830e-03 8.6850e+01
28986.97 1.2100e-03 3.5680e+01
#TIME: 204.93
#NVEL 78
#vel_mid[km/s] mg0 mg1
1060.83 4.7820e-05 1.8610e-02
1919.29 1.5790e-04 7.3700e-02
2581.60 3.6660e-04 2.6020e-01
3084.17 7.3170e-04 7.3040e-01
3472.46 1.0670e-03 1.5480e+00
3909.64 1.2700e-03 3.0600e+00
4148.46 1.2330e-03 3.9060e+00
4670.75 1.3030e-03 4.1940e+00
4956.05 5.6150e-04 2.7920e+00
5258.79 2.0160e-04 1.5440e+00
5580.02 7.1080e-05 8.1470e-01
5920.87 2.9380e-05 4.3480e-01
6282.54 1.5230e-05 2.6980e-01
6666.30 1.2570e-05 2.2760e-01
7073.50 1.3040e-05 2.5030e-01
7505.58 1.6050e-05 3.1240e-01
7964.05 2.3810e-05 4.3490e-01
8450.53 4.7830e-05 6.6620e-01
8966.72 3.9360e-05 1.0280e+00
9514.44 8.3400e-05 1.5450e+00
10095.62 2.0770e-04 2.2800e+00
10712.30 1.0410e-03 3.0930e+00
11366.65 5.9370e-04 3.8210e+00
12061.10 8.9130e-04 5.6620e+00
12793.43 9.0630e-03 1.8280e+01
13528.61 3.2010e-02 6.8000e+01
14194.74 7.1860e-02 1.6680e+02
14757.77 1.1200e-01 3.2360e+02
15240.48 3.3930e-01 7.9600e+02
15646.99 1.1780e+00 1.9430e+03
15960.30 3.2360e+00 4.2190e+03
16187.41 6.9870e+00 6.0160e+03
16354.17 6.1980e+00 6.9470e+03
16484.18 5.8810e+00 6.8380e+03
16593.12 3.4640e+00 6.1940e+03
16691.99 2.8200e+00 5.7290e+03
16788.59 2.7510e+00 5.4690e+03
16888.37 2.4840e+00 5.2740e+03
16998.79 1.9820e+00 5.0600e+03
17146.37 2.1070e+00 4.7750e+03
17415.23 1.2690e+00 4.2180e+03
17888.12 9.4420e-01 3.3200e+03
18532.37 7.1740e-01 2.6650e+03
19260.76 4.0740e-01 2.0210e+03
20034.10 2.4570e-01 1.4190e+03
20838.00 1.3900e-01 1.0080e+03
21647.97 8.6590e-02 7.8460e+02
22447.94 4.7250e-02 5.9870e+02
23245.88 3.4250e-02 4.6050e+02
24052.47 1.9720e-02 3.6370e+02
24867.72 1.6100e-02 2.8880e+02
25698.86 1.1210e-02 2.1880e+02
26587.16 6.7140e-03 1.4820e+02
27637.54 3.9050e-03 8.3200e+01
28986.97 1.2690e-03 3.4190e+01
#TIME: 207.87
#NVEL 78
#vel_mid[km/s] mg0 mg1
1060.83 5.4620e-05 1.7820e-02
1919.29 1.5070e-04 7.0620e-02
2581.60 3.4490e-04 2.4930e-01
3084.17 7.5850e-04 6.9970e-01
3472.46 1.1030e-03 1.4830e+00
3909.64 1.3860e-03 2.9320e+00
4148.46 1.4000e-03 3.7420e+00
4670.75 1.2790e-03 4.0180e+00
4956.05 6.0380e-04 2.6750e+00
5258.79 2.0190e-04 1.4800e+00
5580.02 7.0130e-05 7.8060e-01
5920.87 2.8990e-05 4.1660e-01
6282.54 1.5140e-05 2.5840e-01
6666.30 1.2010e-05 2.1810e-01
7073.50 1.3040e-05 2.3990e-01
7505.58 1.6890e-05 2.9930e-01
7964.05 2.4300e-05 4.1660e-01
8450.53 4.9640e-05 6.3830e-01
8966.72 3.9080e-05 9.8450e-01
9514.44 8.5890e-05 1.4800e+00
10095.62 2.0450e-04 2.1850e+00
10712.30 1.0070e-03 2.9640e+00
11366.65 6.3430e-04 3.6600e+00
12061.10 9.4960e-04 5.4250e+00
12793.43 8.5080e-03 1.7510e+01
13528.61 3.3060e-02 6.5150e+01
14194.74 7.0560e-02 1.5980e+02
14757.77 1.2280e-01 3.1000e+02
15240.48 2.9510e-01 7.6260e+02
15646.99 1.1690e+00 1.8610e+03
15960.30 3.1260e+00 4.0430e+03
16187.41 6.1460e+00 5.7640e+03
16354.17 5.6030e+00 6.6570e+03
16484.18 4.3020e+00 6.5520e+03
16593.12 4.0580e+00 5.9340e+03
16691.99 2.2970e+00 5.4890e+03
16788.59 3.9430e+00 5.2390e+03
16888.37 2.5320e+00 5.0530e+03
16998.79 1.8340e+00 4.8480e+03
17146.37 2.0050e+00 4.5750e+03
17415.23 1.5920e+00 4.0410e+03
17888.12 8.0260e-01 3.1810e+03
18532.37 5.8830e-01 2.5530e+03
19260.76 4.2030e-01 1.9370e+03
20034.10 2.4100e-01 1.3600e+03
20838.00 1.3710e-01 9.6530e+02
21647.97 9.7760e-02 7.5170e+02
22447.94 6.0450e-02 5.7360e+02
23245.88 3.7350e-02 4.4120e+02
24052.47 1.8620e-02 3.4850e+02
24867.72 1.5880e-02 2.7670e+02
25698.86 8.0480e-03 2.0960e+02
26587.16 5.9820e-03 1.4200e+02
27637.54 3.3360e-03 7.9720e+01
28986.97 1.1430e-03 3.2750e+01
#TIME: 210.86
#NVEL 78
#vel_mid[km/s] mg0 mg1
1060.83 4.2120e-05 1.7080e-02
1919.29 1.7400e-04 6.7630e-02
2581.60 3.4990e-04 2.3880e-01
3084.17 7.1600e-04 6.7040e-01
3472.46 1.0650e-03 1.4210e+00
3909.64 1.2640e-03 2.8090e+00
4148.46 1.4030e-03 3.5850e+00
4670.75 1.2830e-03 3.8500e+00
4956.05 5.9670e-04 2.5630e+00
5258.79 2.1080e-04 1.4180e+00
5580.02 7.1020e-05 7.4790e-01
5920.87 2.9030e-05 3.9910e-01
6282.54 1.4940e-05 2.4760e-01
6666.30 1.2180e-05 2.0900e-01
7073.50 1.3060e-05 2.2980e-01
7505.58 1.6080e-05 2.8680e-01
7964.05 2.3510e-05 3.9920e-01
8450.53 4.7360e-05 6.1150e-01
8966.72 4.0210e-05 9.4320e-01
9514.44 8.1370e-05 1.4180e+00
10095.62 2.0040e-04 2.0930e+00
10712.30 1.0160e-03 2.8390e+00
11366.65 5.7720e-04 3.5070e+00
12061.10 9.8650e-04 5.1980e+00
12793.43 8.9340e-03 1.6780e+01
13528.61 2.9280e-02 6.2420e+01
14194.74 6.2960e-02 1.5310e+02
14757.77 1.0410e-01 2.9700e+02
15240.48 2.7960e-01 7.3070e+02
15646.99 9.7910e-01 1.7830e+03
15960.30 3.0340e+00 3.8730e+03
16187.41 5.5820e+00 5.5230e+03
16354.17 5.7440e+00 6.3770e+03
16484.18 4.9680e+00 6.2770e+03
16593.12 3.8220e+00 5.6850e+03
16691.99 3.3930e+00 5.2580e+03
16788.59 2.7330e+00 5.0200e+03
16888.37 2.0720e+00 4.8420e+03
16998.79 2.8140e+00 4.6430e+03
17146.37 1.8030e+00 4.3830e+03
17415.23 1.6010e+00 3.8710e+03
17888.12 8.0130e-01 3.0480e+03
18532.37 6.1840e-01 2.4460e+03
19260.76 3.7470e-01 1.8560e+03
20034.10 2.0940e-01 1.3030e+03
20838.00 1.5410e-01 9.2480e+02
21647.97 9.8850e-02 7.2020e+02
22447.94 6.2320e-02 5.4960e+02
23245.88 3.3500e-02 4.2270e+02
24052.47 1.9190e-02 3.3390e+02
24867.72 1.4170e-02 2.6510e+02
25698.86 9.5040e-03 2.0080e+02
26587.16 5.0960e-03 1.3610e+02
27637.54 2.6130e-03 7.6380e+01
28986.97 1.0190e-03 3.1380e+01
#TIME: 213.89
#NVEL 78
#vel_mid[km/s] mg0 mg1
1060.83 5.4560e-05 1.6350e-02
1919.29 1.6970e-04 6.4790e-02
2581.60 3.3210e-04 2.2880e-01
3084.17 7.4750e-04 6.4220e-01
3472.46 1.0730e-03 1.3610e+00
3909.64 1.3450e-03 2.6910e+00
4148.46 1.4300e-03 3.4350e+00
4670.75 1.2730e-03 3.6880e+00
4956.05 6.1550e-04 2.4550e+00
5258.79 2.1290e-04 1.3580e+00
5580.02 7.4830e-05 7.1650e-01
5920.87 3.0120e-05 3.8240e-01
6282.54 1.5170e-05 2.3720e-01
6666.30 1.2470e-05 2.0020e-01
7073.50 1.2790e-05 2.2020e-01
7505.58 1.5800e-05 2.7470e-01
7964.05 2.3960e-05 3.8240e-01
8450.53 4.6800e-05 5.8590e-01
8966.72 3.8740e-05 9.0370e-01
9514.44 8.4360e-05 1.3590e+00
10095.62 1.9660e-04 2.0060e+00
10712.30 9.4860e-04 2.7200e+00
11366.65 5.3660e-04 3.3600e+00
12061.10 8.7460e-04 4.9800e+00
12793.43 8.6680e-03 1.6080e+01
13528.61 2.9460e-02 5.9800e+01
14194.74 6.9140e-02 1.4670e+02
14757.77 9.5810e-02 2.8460e+02
15240.48 3.0430e-01 7.0000e+02
15646.99 9.1850e-01 1.7090e+03
15960.30 3.8660e+00 3.7100e+03
16187.41 5.3780e+00 5.2920e+03
16354.17 5.8740e+00 6.1100e+03
16484.18 5.5000e+00 6.0130e+03
16593.12 5.1580e+00 5.4450e+03
16691.99 5.6190e+00 5.0350e+03
16788.59 2.7030e+00 4.8100e+03
16888.37 3.0120e+00 4.6380e+03
16998.79 2.2450e+00 4.4490e+03
17146.37 2.0400e+00 4.1990e+03
17415.23 1.5230e+00 3.7090e+03
17888.12 8.8160e-01 2.9200e+03
18532.37 6.0210e-01 2.3440e+03
19260.76 3.5390e-01 1.7780e+03
20034.10 1.7600e-01 1.2480e+03
20838.00 1.2410e-01 8.8610e+02
21647.97 8.3940e-02 6.9000e+02
22447.94 5.6020e-02 5.2650e+02
23245.88 3.3860e-02 4.0500e+02
24052.47 2.4530e-02 3.1990e+02
24867.72 1.3660e-02 2.5400e+02
25698.86 9.8610e-03 1.9240e+02
26587.16 5.7580e-03 1.3040e+02
27637.54 2.3340e-03 7.3180e+01
28986.97 9.9470e-04 3.0070e+01
#TIME: 216.97
#NVEL 78
#vel_mid[km/s] mg0 mg1
1060.83 4.8650e-05 1.5670e-02
1919.29 1.6850e-04 6.2070e-02
2581.60 3.1290e-04 2.1920e-01
3084.17 7.1100e-04 6.1530e-01
3472.46 1.0130e-03 1.3040e+00
3909.64 1.3930e-03 2.5780e+00
4148.46 1.4710e-03 3.2910e+00
4670.75 1.4200e-03 3.5340e+00
4956.05 6.1720e-04 2.3520e+00
5258.79 2.1690e-04 1.3010e+00
5580.02 7.9120e-05 6.8650e-01
5920.87 2.9590e-05 3.6640e-01
6282.54 1.5570e-05 2.2730e-01
6666.30 1.2560e-05 1.9180e-01
7073.50 1.3080e-05 2.1090e-01
7505.58 1.5570e-05 2.6320e-01
7964.05 2.3530e-05 3.6640e-01
8450.53 4.5950e-05 5.6130e-01
8966.72 3.9100e-05 8.6580e-01
9514.44 8.1610e-05 1.3020e+00
10095.62 1.8930e-04 1.9210e+00
10712.30 9.0070e-04 2.6060e+00
11366.65 5.9710e-04 3.2190e+00
12061.10 8.6250e-04 4.7710e+00
12793.43 9.1410e-03 1.5400e+01
13528.61 3.5200e-02 5.7290e+01
14194.74 6.6230e-02 1.4050e+02
14757.77 1.0340e-01 2.7270e+02
15240.48 3.0820e-01 6.7070e+02
15646.99 9.4880e-01 1.6370e+03
15960.30 3.6310e+00 3.5540e+03
16187.41 6.2850e+00 5.0690e+03
16354.17 5.5670e+00 5.8540e+03
16484.18 6.1320e+00 5.7600e+03
16593.12 4.2040e+00 5.2180e+03
16691.99 3.8000e+00 4.8250e+03
16788.59 2.1770e+00 4.6090e+03
16888.37 2.0370e+00 4.4440e+03
16998.79 2.4810e+00 4.2620e+03
17146.37 2.6360e+00 4.0230e+03
17415.23 1.5010e+00 3.5540e+03
17888.12 8.6540e-01 2.7970e+03
18532.37 5.5220e-01 2.2460e+03
19260.76 3.5900e-01 1.7030e+03
20034.10 1.9340e-01 1.1960e+03
20838.00 1.1510e-01 8.4890e+02
21647.97 7.0050e-02 6.6110e+02
22447.94 5.0880e-02 5.0450e+02
23245.88 2.6970e-02 3.8800e+02
24052.47 2.1350e-02 3.0650e+02
24867.72 1.6260e-02 2.4340e+02
25698.86 9.5880e-03 1.8430e+02
26587.16 5.5690e-03 1.2490e+02
27637.54 2.8290e-03 7.0110e+01
28986.97 9.7480e-04 2.8810e+01
#TIME: 220.09
#NVEL 78
#vel_mid[km/s] mg0 mg1
1060.83 4.7380e-05 1.5010e-02
1919.29 1.7120e-04 5.9460e-02
2581.60 3.4820e-04 2.1000e-01
3084.17 6.8310e-04 5.8950e-01
3472.46 1.0750e-03 1.2500e+00
3909.64 1.4200e-03 2.4700e+00
4148.46 1.5550e-03 3.1530e+00
4670.75 1.3430e-03 3.3860e+00
4956.05 6.7890e-04 2.2540e+00
5258.79 2.1690e-04 1.2470e+00
5580.02 7.5720e-05 6.5770e-01
5920.87 2.9630e-05 3.5100e-01
6282.54 1.4940e-05 2.1780e-01
6666.30 1.2450e-05 1.8380e-01
7073.50 1.2690e-05 2.0210e-01
7505.58 1.6220e-05 2.5220e-01
7964.05 2.4380e-05 3.5110e-01
8450.53 4.7870e-05 5.3780e-01
8966.72 3.9060e-05 8.2950e-01
9514.44 7.9770e-05 1.2470e+00
10095.62 1.9210e-04 1.8410e+00
10712.30 8.7480e-04 2.4970e+00
11366.65 5.4020e-04 3.0840e+00
12061.10 8.2370e-04 4.5710e+00
12793.43 8.3900e-03 1.4760e+01
13528.61 2.9230e-02 5.4890e+01
14194.74 5.9800e-02 1.3460e+02
14757.77 1.1900e-01 2.6120e+02
15240.48 3.2410e-01 6.4250e+02
15646.99 9.5630e-01 1.5680e+03
15960.30 3.5100e+00 3.4050e+03
16187.41 6.5830e+00 4.8560e+03
16354.17 5.5390e+00 5.6080e+03
16484.18 4.6040e+00 5.5200e+03
16593.12 4.0370e+00 4.9990e+03
16691.99 3.5430e+00 4.6230e+03
16788.59 2.5190e+00 4.4150e+03
16888.37 2.8980e+00 4.2570e+03
16998.79 1.8800e+00 4.0840e+03
17146.37 2.6100e+00 3.8540e+03
17415.23 1.8990e+00 3.4040e+03
17888.12 8.5030e-01 2.6800e+03
18532.37 5.4090e-01 2.1520e+03
19260.76 3.6170e-01 1.6320e+03
20034.10 2.0000e-01 1.1460e+03
20838.00 1.2160e-01 8.1330e+02
21647.97 8.0360e-02 6.3340e+02
22447.94 4.5410e-02 4.8330e+02
23245.88 3.3000e-02 3.7170e+02
24052.47 1.4110e-02 2.9360e+02
24867.72 1.1740e-02 2.3320e+02
25698.86 8.1910e-03 1.7660e+02
26587.16 5.0320e-03 1.1970e+02
27637.54 2.3350e-03 6.7170e+01
28986.97 9.6340e-04 2.7600e+01
#TIME: 223.25
#NVEL 78
#vel_mid[km/s] mg0 mg1
1060.83 4.5130e-05 1.4380e-02
1919.29 1.5880e-04 5.6970e-02
2581.60 3.5050e-04 2.0120e-01
3084.17 7.7260e-04 5.6470e-01
3472.46 1.0600e-03 1.1970e+00
3909.64 1.3100e-03 2.3670e+00
4148.46 1.4390e-03 3.0210e+00
4670.75 1.3190e-03 3.2440e+00
4956.05 6.5760e-04 2.1590e+00
5258.79 2.1240e-04 1.1950e+00
5580.02 7.4200e-05 6.3010e-01
5920.87 2.9780e-05 3.3630e-01
6282.54 1.5390e-05 2.0860e-01
6666.30 1.2220e-05 1.7610e-01
7073.50 1.3120e-05 1.9360e-01
7505.58 1.6030e-05 2.4160e-01
7964.05 2.3230e-05 3.3630e-01
8450.53 4.6030e-05 5.1530e-01
8966.72 3.8690e-05 7.9480e-01
9514.44 8.0470e-05 1.1950e+00
10095.62 1.8460e-04 1.7640e+00
10712.30 8.2000e-04 2.3920e+00
11366.65 5.5100e-04 2.9550e+00
12061.10 8.0150e-04 4.3800e+00
12793.43 8.7720e-03 1.4140e+01
13528.61 3.0960e-02 5.2590e+01
14194.74 6.9680e-02 1.2900e+02
14757.77 1.2520e-01 2.5030e+02
15240.48 3.2460e-01 6.1560e+02
15646.99 9.6310e-01 1.5020e+03
15960.30 3.0880e+00 3.2630e+03
16187.41 4.2190e+00 4.6540e+03
16354.17 5.2650e+00 5.3730e+03
16484.18 3.8740e+00 5.2890e+03
16593.12 4.1070e+00 4.7890e+03
16691.99 4.2110e+00 4.4290e+03
16788.59 2.7940e+00 4.2300e+03
16888.37 1.9470e+00 4.0800e+03
16998.79 1.9950e+00 3.9130e+03
17146.37 1.8290e+00 3.6930e+03
17415.23 1.3530e+00 3.2620e+03
17888.12 8.2020e-01 2.5680e+03
18532.37 5.6760e-01 2.0610e+03
19260.76 3.4250e-01 1.5630e+03
20034.10 1.7320e-01 1.0980e+03
20838.00 1.0190e-01 7.7930e+02
21647.97 7.1170e-02 6.0690e+02
22447.94 5.0240e-02 4.6310e+02
23245.88 2.7390e-02 3.5620e+02
24052.47 1.6740e-02 2.8130e+02
24867.72 1.3190e-02 2.2340e+02
25698.86 6.7860e-03 1.6920e+02
26587.16 4.1090e-03 1.1470e+02
27637.54 2.0810e-03 6.4360e+01
28986.97 7.3580e-04 2.6440e+01
#TIME: 226.46
#NVEL 78
#vel_mid[km/s] mg0 mg1
1060.83 4.2770e-05 1.3780e-02
1919.29 1.7520e-04 5.4560e-02
2581.60 3.6390e-04 1.9270e-01
3084.17 6.7610e-04 5.4110e-01
3472.46 1.0830e-03 1.1470e+00
3909.64 1.2980e-03 2.2670e+00
4148.46 1.4580e-03 2.8940e+00
4670.75 1.3120e-03 3.1080e+00
4956.05 5.6720e-04 2.0690e+00
5258.79 2.1000e-04 1.1440e+00
5580.02 7.2340e-05 6.0370e-01
5920.87 2.8260e-05 3.2220e-01
6282.54 1.5280e-05 1.9990e-01
6666.30 1.2090e-05 1.6870e-01
7073.50 1.3070e-05 1.8550e-01
7505.58 1.6010e-05 2.3150e-01
7964.05 2.3920e-05 3.2220e-01
8450.53 4.7620e-05 4.9370e-01
8966.72 3.9790e-05 7.6140e-01
9514.44 8.1290e-05 1.1450e+00
10095.62 1.8880e-04 1.6900e+00
10712.30 8.5310e-04 2.2920e+00
11366.65 5.2670e-04 2.8310e+00
12061.10 7.9620e-04 4.1960e+00
12793.43 7.9870e-03 1.3550e+01
13528.61 2.7170e-02 5.0390e+01
14194.74 6.4160e-02 1.2360e+02
14757.77 1.1230e-01 2.3980e+02
15240.48 3.2790e-01 5.8980e+02
15646.99 9.9240e-01 1.4390e+03
15960.30 3.0470e+00 3.1260e+03
16187.41 3.8250e+00 4.4600e+03
16354.17 5.5480e+00 5.1470e+03
16484.18 3.7250e+00 5.0680e+03
16593.12 3.4480e+00 4.5890e+03
16691.99 3.7650e+00 4.2430e+03
16788.59 1.7630e+00 4.0530e+03
16888.37 1.7230e+00 3.9090e+03
16998.79 1.5510e+00 3.7490e+03
17146.37 1.6380e+00 3.5390e+03
17415.23 1.3370e+00 3.1250e+03
17888.12 7.7930e-01 2.4600e+03
18532.37 5.8350e-01 1.9750e+03
19260.76 3.3300e-01 1.4980e+03
20034.10 1.9980e-01 1.0520e+03
20838.00 1.1240e-01 7.4660e+02
21647.97 7.2140e-02 5.8140e+02
22447.94 3.8190e-02 4.4370e+02
23245.88 2.4660e-02 3.4120e+02
24052.47 1.5830e-02 2.6950e+02
24867.72 1.0550e-02 2.1400e+02
25698.86 7.9860e-03 1.6210e+02
26587.16 4.8090e-03 1.0980e+02
27637.54 2.5710e-03 6.1660e+01
28986.97 7.3520e-04 2.5330e+01
#TIME: 229.71
#NVEL 78
#vel_mid[km/s] mg0 mg1
1060.83 3.9940e-05 1.3200e-02
1919.29 1.0380e-04 5.2340e-02
2581.60 3.5680e-04 1.8460e-01
3084.17 6.7420e-04 5.1840e-01
3472.46 1.0110e-03 1.0990e+00
3909.64 1.3660e-03 2.1720e+00
4148.46 1.3460e-03 2.7730e+00
4670.75 1.3250e-03 2.9770e+00
4956.05 5.5040e-04 1.9820e+00
5258.79 2.2110e-04 1.0960e+00
5580.02 7.3400e-05 5.7840e-01
5920.87 2.9720e-05 3.0870e-01
6282.54 1.5340e-05 1.9150e-01
6666.30 1.2240e-05 1.6160e-01
7073.50 1.2880e-05 1.7770e-01
7505.58 1.5770e-05 2.2180e-01
7964.05 2.3410e-05 3.0870e-01
8450.53 4.6010e-05 4.7300e-01
8966.72 3.9930e-05 7.2950e-01
9514.44 7.9070e-05 1.0970e+00
10095.62 1.8630e-04 1.6190e+00
10712.30 8.5010e-04 2.1960e+00
11366.65 5.4390e-04 2.7120e+00
12061.10 7.8590e-04 4.0200e+00
12793.43 7.2950e-03 1.2980e+01
13528.61 2.5700e-02 4.8280e+01
14194.74 6.1300e-02 1.1840e+02
14757.77 1.1510e-01 2.2970e+02
15240.48 3.0930e-01 5.6510e+02
15646.99 9.9710e-01 1.3790e+03
15960.30 2.7730e+00 2.9950e+03
16187.41 4.0690e+00 4.2720e+03
16354.17 5.3330e+00 4.9320e+03
16484.18 5.0430e+00 4.8540e+03
16593.12 3.2110e+00 4.3970e+03
16691.99 2.4930e+00 4.0670e+03
16788.59 2.2380e+00 3.8830e+03
16888.37 1.9670e+00 3.7450e+03
16998.79 1.7480e+00 3.5920e+03
17146.37 1.4080e+00 3.3900e+03
17415.23 1.4470e+00 2.9940e+03
17888.12 7.8880e-01 2.3570e+03
18532.37 5.4210e-01 1.8920e+03
19260.76 3.4790e-01 1.4350e+03
20034.10 1.7880e-01 1.0080e+03
20838.00 9.9870e-02 7.1530e+02
21647.97 8.1300e-02 5.5700e+02
22447.94 4.1630e-02 4.2510e+02
23245.88 2.8390e-02 3.2690e+02
24052.47 1.6190e-02 2.5820e+02
24867.72 9.9230e-03 2.0510e+02
25698.86 7.2100e-03 1.5530e+02
26587.16 4.3990e-03 1.0520e+02
27637.54 2.1410e-03 5.9080e+01
28986.97 8.6470e-04 2.4270e+01
#TIME: 233.01
#NVEL 78
#vel_mid[km/s] mg0 mg1
1060.83 5.8520e-05 1.2630e-02
1919.29 3.0710e-04 4.9940e-02
2581.60 3.5750e-04 1.7690e-01
3084.17 6.8660e-04 4.9660e-01
3472.46 1.0100e-03 1.0530e+00
3909.64 1.2690e-03 2.0810e+00
4148.46 1.3190e-03 2.6560e+00
4670.75 1.2770e-03 2.8530e+00
4956.05 5.8280e-04 1.8990e+00
5258.79 2.1670e-04 1.0500e+00
5580.02 7.4260e-05 5.5420e-01
5920.87 2.9910e-05 2.9580e-01
6282.54 1.6090e-05 1.8350e-01
6666.30 1.2130e-05 1.5490e-01
7073.50 1.3090e-05 1.7030e-01
7505.58 1.6320e-05 2.1250e-01
7964.05 2.4580e-05 2.9580e-01
8450.53 4.5900e-05 4.5310e-01
8966.72 3.9970e-05 6.9900e-01
9514.44 8.0130e-05 1.0510e+00
10095.62 1.9770e-04 1.5510e+00
10712.30 8.6650e-04 2.1040e+00
11366.65 4.9970e-04 2.5990e+00
12061.10 7.4170e-04 3.8520e+00
12793.43 6.9250e-03 1.2430e+01
13528.61 2.7990e-02 4.6250e+01
14194.74 5.9440e-02 1.1340e+02
14757.77 1.0720e-01 2.2010e+02
15240.48 2.8950e-01 5.4140e+02
15646.99 8.4520e-01 1.3210e+03
15960.30 2.9780e+00 2.8690e+03
16187.41 4.0630e+00 4.0930e+03
16354.17 4.7940e+00 4.7250e+03
16484.18 4.3410e+00 4.6510e+03
16593.12 4.7280e+00 4.2110e+03
16691.99 4.2800e+00 3.8940e+03
16788.59 2.7950e+00 3.7190e+03
16888.37 2.2280e+00 3.5870e+03
16998.79 1.9850e+00 3.4410e+03
17146.37 1.7890e+00 3.2480e+03
17415.23 1.2230e+00 2.8690e+03
17888.12 7.9880e-01 2.2580e+03
18532.37 5.0270e-01 1.8130e+03
19260.76 3.2760e-01 1.3750e+03
20034.10 1.8690e-01 9.6540e+02
20838.00 1.1690e-01 6.8530e+02
21647.97 7.3510e-02 5.3370e+02
22447.94 4.4700e-02 4.0730e+02
23245.88 2.7280e-02 3.1320e+02
24052.47 1.9070e-02 2.4740e+02
24867.72 1.0070e-02 1.9650e+02
25698.86 9.3730e-03 1.4880e+02
26587.16 4.2010e-03 1.0080e+02
27637.54 2.1890e-03 5.6600e+01
28986.97 6.5780e-04 2.3260e+01
#TIME: 236.36
#NVEL 78
#vel_mid[km/s] mg0 mg1
1060.83 5.6870e-05 1.2100e-02
1919.29 4.5730e-04 4.7680e-02
2581.60 3.5630e-04 1.6940e-01
3084.17 7.0180e-04 4.7580e-01
3472.46 9.7880e-04 1.0090e+00
3909.64 1.3270e-03 1.9940e+00
4148.46 1.4620e-03 2.5450e+00
4670.75 1.4480e-03 2.7330e+00
4956.05 6.0760e-04 1.8190e+00
5258.79 2.1170e-04 1.0060e+00
5580.02 7.8220e-05 5.3090e-01
5920.87 3.0540e-05 2.8340e-01
6282.54 1.6040e-05 1.7580e-01
6666.30 1.2300e-05 1.4840e-01
7073.50 1.3160e-05 1.6320e-01
7505.58 1.5620e-05 2.0360e-01
7964.05 2.3530e-05 2.8340e-01
8450.53 4.6280e-05 4.3420e-01
8966.72 4.1180e-05 6.6970e-01
9514.44 8.5120e-05 1.0070e+00
10095.62 1.8910e-04 1.4860e+00
10712.30 8.2820e-04 2.0160e+00
11366.65 5.1450e-04 2.4900e+00
12061.10 7.5460e-04 3.6900e+00
12793.43 6.7640e-03 1.1910e+01
13528.61 2.8540e-02 4.4310e+01
14194.74 6.8350e-02 1.0870e+02
14757.77 1.0170e-01 2.1090e+02
15240.48 2.9040e-01 5.1870e+02
15646.99 9.8790e-01 1.2660e+03
15960.30 2.6990e+00 2.7490e+03
16187.41 4.6010e+00 3.9210e+03
16354.17 4.2280e+00 4.5280e+03
16484.18 3.3760e+00 4.4570e+03
16593.12 3.5440e+00 4.0350e+03
16691.99 4.2590e+00 3.7310e+03
16788.59 2.1650e+00 3.5640e+03
16888.37 2.3180e+00 3.4370e+03
16998.79 1.8030e+00 3.2970e+03
17146.37 2.0850e+00 3.1110e+03
17415.23 1.2730e+00 2.7480e+03
17888.12 8.7900e-01 2.1630e+03
18532.37 5.0080e-01 1.7370e+03
19260.76 3.2330e-01 1.3170e+03
20034.10 1.9060e-01 9.2490e+02
20838.00 1.0830e-01 6.5660e+02
21647.97 7.1850e-02 5.1130e+02
22447.94 4.0450e-02 3.9020e+02
23245.88 3.1080e-02 3.0010e+02
24052.47 1.5530e-02 2.3700e+02
24867.72 1.2000e-02 1.8820e+02
25698.86 8.5620e-03 1.4260e+02
26587.16 4.6960e-03 9.6610e+01
27637.54 1.9780e-03 5.4230e+01
28986.97 7.7350e-04 2.2280e+01
#TIME: 239.76
#NVEL 78
#vel_mid[km/s] mg0 mg1
1060.83 6.8960e-05 1.1580e-02
1919.29 4.7750e-04 4.5640e-02
2581.60 3.7050e-04 1.6230e-01
3084.17 6.3230e-04 4.5590e-01
3472.46 9.5940e-04 9.6630e-01
3909.64 1.2320e-03 1.9100e+00
4148.46 1.4480e-03 2.4380e+00
4670.75 1.4010e-03 2.6180e+00
4956.05 6.4160e-04 1.7430e+00
5258.79 2.1860e-04 9.6430e-01
5580.02 8.0970e-05 5.0870e-01
5920.87 2.9710e-05 2.7150e-01
6282.54 1.5800e-05 1.6840e-01
6666.30 1.2390e-05 1.4210e-01
7073.50 1.3540e-05 1.5630e-01
7505.58 1.6450e-05 1.9510e-01
7964.05 2.4600e-05 2.7150e-01
8450.53 4.7050e-05 4.1600e-01
8966.72 4.0660e-05 6.4160e-01
9514.44 8.3540e-05 9.6460e-01
10095.62 1.8250e-04 1.4240e+00
10712.30 8.2990e-04 1.9310e+00
11366.65 4.9480e-04 2.3860e+00
12061.10 7.3790e-04 3.5350e+00
12793.43 7.6650e-03 1.1410e+01
13528.61 2.4780e-02 4.2460e+01
14194.74 5.7380e-02 1.0410e+02
14757.77 1.1190e-01 2.0200e+02
15240.48 2.7260e-01 4.9700e+02
15646.99 7.5460e-01 1.2130e+03
15960.30 2.7060e+00 2.6340e+03
16187.41 4.0310e+00 3.7570e+03
16354.17 4.0130e+00 4.3380e+03
16484.18 4.5640e+00 4.2690e+03
16593.12 4.9440e+00 3.8650e+03
16691.99 2.6550e+00 3.5760e+03
16788.59 2.1300e+00 3.4150e+03
16888.37 2.6670e+00 3.2920e+03
16998.79 1.8700e+00 3.1590e+03
17146.37 1.5080e+00 2.9810e+03
17415.23 1.2780e+00 2.6330e+03
17888.12 7.8390e-01 2.0730e+03
18532.37 5.3270e-01 1.6640e+03
19260.76 3.2340e-01 1.2620e+03
20034.10 1.9830e-01 8.8610e+02
20838.00 1.0510e-01 6.2910e+02
21647.97 7.2500e-02 4.8990e+02
22447.94 4.2240e-02 3.7380e+02
23245.88 2.5180e-02 2.8750e+02
24052.47 1.7950e-02 2.2710e+02
24867.72 1.1190e-02 1.8040e+02
25698.86 7.7060e-03 1.3660e+02
26587.16 4.5880e-03 9.2560e+01
27637.54 2.6900e-03 5.1950e+01
28986.97 8.1470e-04 2.1350e+01
#TIME: 243.21
#NVEL 78
#vel_mid[km/s] mg0 mg1
1060.83 3.7470e-05 1.1120e-02
1919.29 4.1920e-04 4.3770e-02
2581.60 3.5350e-04 1.5550e-01
3084.17 6.8000e-04 4.3670e-01
3472.46 9.5720e-04 9.2580e-01
3909.64 1.2200e-03 1.8300e+00
4148.46 1.5560e-03 2.3360e+00
4670.75 1.3480e-03 2.5080e+00
4956.05 6.1400e-04 1.6700e+00
5258.79 2.0900e-04 9.2390e-01
5580.02 7.7360e-05 4.8740e-01
5920.87 3.0060e-05 2.6010e-01
6282.54 1.5860e-05 1.6140e-01
6666.30 1.2110e-05 1.3620e-01
7073.50 1.3100e-05 1.4980e-01
7505.58 1.6260e-05 1.8690e-01
7964.05 2.3750e-05 2.6010e-01
8450.53 4.6660e-05 3.9850e-01
8966.72 4.0710e-05 6.1470e-01
9514.44 8.2370e-05 9.2420e-01
10095.62 1.8890e-04 1.3640e+00
10712.30 7.5190e-04 1.8500e+00
11366.65 4.7720e-04 2.2860e+00
12061.10 7.3240e-04 3.3870e+00
12793.43 6.6340e-03 1.0930e+01
13528.61 2.4180e-02 4.0680e+01
14194.74 5.6480e-02 9.9750e+01
14757.77 8.4670e-02 1.9360e+02
15240.48 2.7170e-01 4.7610e+02
15646.99 7.7440e-01 1.1620e+03
15960.30 2.2430e+00 2.5240e+03
16187.41 3.6970e+00 3.6000e+03
16354.17 4.3320e+00 4.1560e+03
16484.18 3.4730e+00 4.0910e+03
16593.12 3.3610e+00 3.7040e+03
16691.99 2.7920e+00 3.4260e+03
16788.59 1.3860e+00 3.2720e+03
16888.37 2.0890e+00 3.1550e+03
16998.79 1.9080e+00 3.0260e+03
17146.37 1.1890e+00 2.8570e+03
17415.23 1.1240e+00 2.5230e+03
17888.12 7.2230e-01 1.9860e+03
18532.37 5.4490e-01 1.5940e+03
19260.76 3.3900e-01 1.2090e+03
20034.10 2.1000e-01 8.4900e+02
20838.00 1.0770e-01 6.0270e+02
21647.97 7.0340e-02 4.6940e+02
22447.94 4.7190e-02 3.5820e+02
23245.88 2.8380e-02 2.7550e+02
24052.47 1.7850e-02 2.1760e+02
24867.72 1.0800e-02 1.7280e+02
25698.86 7.0280e-03 1.3090e+02
26587.16 5.3960e-03 8.8680e+01
27637.54 2.2680e-03 4.9780e+01
28986.97 7.3130e-04 2.0450e+01
#TIME: 246.70
#NVEL 78
#vel_mid[km/s] mg0 mg1
1060.83 1.0450e-04 1.0590e-02
1919.29 4.0920e-04 4.1930e-02
2581.60 3.0920e-04 1.4900e-01
3084.17 6.5810e-04 4.1840e-01
3472.46 1.0180e-03 8.8690e-01
3909.64 1.2680e-03 1.7530e+00
4148.46 1.5030e-03 2.2380e+00
4670.75 1.2770e-03 2.4030e+00
4956.05 6.0020e-04 1.6000e+00
5258.79 2.1500e-04 8.8510e-01
5580.02 7.7820e-05 4.6690e-01
5920.87 3.1870e-05 2.4920e-01
6282.54 1.6220e-05 1.5460e-01
6666.30 1.2780e-05 1.3050e-01
7073.50 1.3220e-05 1.4350e-01
7505.58 1.6300e-05 1.7900e-01
7964.05 2.3540e-05 2.4920e-01
8450.53 4.5650e-05 3.8180e-01
8966.72 3.8810e-05 5.8890e-01
9514.44 8.1210e-05 8.8540e-01
10095.62 1.7930e-04 1.3070e+00
10712.30 7.5910e-04 1.7730e+00
11366.65 4.6290e-04 2.1900e+00
12061.10 6.6750e-04 3.2450e+00
12793.43 6.5470e-03 1.0480e+01
13528.61 2.4380e-02 3.8970e+01
14194.74 5.6290e-02 9.5570e+01
14757.77 9.5180e-02 1.8540e+02
15240.48 2.5260e-01 4.5620e+02
15646.99 9.2490e-01 1.1130e+03
15960.30 2.4570e+00 2.4180e+03
16187.41 3.1270e+00 3.4490e+03
16354.17 5.3800e+00 3.9800e+03
16484.18 4.5110e+00 3.9180e+03
16593.12 2.9890e+00 3.5490e+03
16691.99 2.4370e+00 3.2830e+03
16788.59 2.2170e+00 3.1340e+03
16888.37 2.5210e+00 3.0220e+03
16998.79 1.4010e+00 2.9000e+03
17146.37 1.5500e+00 2.7370e+03
17415.23 1.1240e+00 2.4170e+03
17888.12 6.5280e-01 1.9030e+03
18532.37 4.8140e-01 1.5270e+03
19260.76 3.2220e-01 1.1590e+03
20034.10 1.7730e-01 8.1340e+02
20838.00 1.1750e-01 5.7740e+02
21647.97 7.3110e-02 4.4970e+02
22447.94 4.6610e-02 3.4310e+02
23245.88 3.1670e-02 2.6390e+02
24052.47 1.6690e-02 2.0850e+02
24867.72 1.0870e-02 1.6560e+02
25698.86 7.3300e-03 1.2540e+02
26587.16 4.5620e-03 8.4960e+01
27637.54 2.1140e-03 4.7690e+01
28986.97 7.9920e-04 1.9600e+01
#TIME: 250.25
#NVEL 78
#vel_mid[km/s] mg0 mg1
1060.83 1.1970e-04 1.0120e-02
1919.29 3.4880e-04 4.0210e-02
2581.60 3.2540e-04 1.4270e-01
3084.17 5.8240e-04 4.0090e-01
3472.46 9.6230e-04 8.4980e-01
3909.64 1.2290e-03 1.6800e+00
4148.46 1.3780e-03 2.1440e+00
4670.75 1.3220e-03 2.3030e+00
4956.05 6.9730e-04 1.5330e+00
5258.79 2.2320e-04 8.4800e-01
5580.02 7.8760e-05 4.4740e-01
5920.87 3.1270e-05 2.3880e-01
6282.54 1.6450e-05 1.4810e-01
6666.30 1.2660e-05 1.2500e-01
7073.50 1.3140e-05 1.3750e-01
7505.58 1.5640e-05 1.7150e-01
7964.05 2.4080e-05 2.3880e-01
8450.53 4.5150e-05 3.6580e-01
8966.72 3.9780e-05 5.6430e-01
9514.44 8.2830e-05 8.4830e-01
10095.62 1.8170e-04 1.2520e+00
10712.30 7.2840e-04 1.6980e+00
11366.65 4.4930e-04 2.0980e+00
12061.10 6.6960e-04 3.1090e+00
12793.43 5.7990e-03 1.0040e+01
13528.61 2.3810e-02 3.7340e+01
14194.74 5.2330e-02 9.1570e+01
14757.77 8.9580e-02 1.7770e+02
15240.48 2.6670e-01 4.3700e+02
15646.99 8.2260e-01 1.0670e+03
15960.30 2.9940e+00 2.3160e+03
16187.41 3.7290e+00 3.3040e+03
16354.17 4.5920e+00 3.8140e+03
16484.18 4.8360e+00 3.7530e+03
16593.12 2.4130e+00 3.4010e+03
16691.99 2.6360e+00 3.1450e+03
16788.59 4.6610e+00 3.0000e+03
16888.37 3.4990e+00 2.8940e+03
16998.79 1.4590e+00 2.7780e+03
17146.37 1.4390e+00 2.6220e+03
17415.23 1.2750e+00 2.3160e+03
17888.12 7.2430e-01 1.8230e+03
18532.37 4.7080e-01 1.4630e+03
19260.76 2.9490e-01 1.1100e+03
20034.10 1.6460e-01 7.7930e+02
20838.00 1.1610e-01 5.5320e+02
21647.97 7.5850e-02 4.3080e+02
22447.94 5.3760e-02 3.2880e+02
23245.88 2.7230e-02 2.5290e+02
24052.47 1.5060e-02 1.9970e+02
24867.72 1.0730e-02 1.5860e+02
25698.86 7.1670e-03 1.2010e+02
26587.16 4.0700e-03 8.1400e+01
27637.54 1.9590e-03 4.5690e+01
28986.97 8.2960e-04 1.8770e+01
#TIME: 253.85
#NVEL 78
#vel_mid[km/s] mg0 mg1
1060.83 1.4600e-04 9.6690e-03
1919.29 3.2190e-04 3.8540e-02
2581.60 3.2210e-04 1.3680e-01
3084.17 6.1910e-04 3.8400e-01
3472.46 9.7590e-04 8.1410e-01
3909.64 1.2330e-03 1.6100e+00
4148.46 1.3990e-03 2.0540e+00
4670.75 1.3100e-03 2.2060e+00
4956.05 5.8950e-04 1.4690e+00
5258.79 2.1770e-04 8.1250e-01
5580.02 7.7910e-05 4.2860e-01
5920.87 3.1630e-05 2.2870e-01
6282.54 1.6030e-05 1.4190e-01
6666.30 1.2690e-05 1.1980e-01
7073.50 1.3650e-05 1.3170e-01
7505.58 1.5890e-05 1.6440e-01
7964.05 2.3000e-05 2.2880e-01
8450.53 4.6020e-05 3.5050e-01
8966.72 3.8320e-05 5.4060e-01
9514.44 7.8950e-05 8.1280e-01
10095.62 1.7390e-04 1.2000e+00
10712.30 7.2000e-04 1.6270e+00
11366.65 4.5910e-04 2.0100e+00
12061.10 6.4430e-04 2.9790e+00
12793.43 5.4310e-03 9.6170e+00
13528.61 2.0190e-02 3.5770e+01
14194.74 4.4490e-02 8.7730e+01
14757.77 8.9950e-02 1.7020e+02
15240.48 2.3470e-01 4.1870e+02
15646.99 8.5160e-01 1.0220e+03
15960.30 2.3490e+00 2.2190e+03
16187.41 4.1890e+00 3.1650e+03
16354.17 5.2820e+00 3.6530e+03
16484.18 3.8750e+00 3.5970e+03
16593.12 2.4950e+00 3.2580e+03
16691.99 2.4290e+00 3.0130e+03
16788.59 1.4800e+00 2.8770e+03
16888.37 1.8640e+00 2.7740e+03
16998.79 1.6770e+00 2.6610e+03
17146.37 1.3910e+00 2.5120e+03
17415.23 1.3100e+00 2.2180e+03
17888.12 7.1910e-01 1.7470e+03
18532.37 5.2710e-01 1.4020e+03
19260.76 2.8920e-01 1.0630e+03
20034.10 2.0280e-01 7.4660e+02
20838.00 1.0010e-01 5.3010e+02
21647.97 7.4730e-02 4.1280e+02
22447.94 4.8040e-02 3.1500e+02
23245.88 2.4180e-02 2.4230e+02
24052.47 1.7590e-02 1.9140e+02
24867.72 1.2200e-02 1.5200e+02
25698.86 7.4480e-03 1.1510e+02
26587.16 3.9990e-03 7.7990e+01
27637.54 2.1900e-03 4.3780e+01
28986.97 7.1470e-04 1.7990e+01
#TIME: 257.49
#NVEL 78
#vel_mid[km/s] mg0 mg1
1060.83 1.2590e-04 9.2770e-03
1919.29 2.9760e-04 3.6940e-02
2581.60 3.2800e-04 1.3100e-01
3084.17 6.0310e-04 3.6790e-01
3472.46 9.4140e-04 7.8000e-01
3909.64 1.1180e-03 1.5420e+00
4148.46 1.2670e-03 1.9680e+00
4670.75 1.3280e-03 2.1130e+00
4956.05 6.9560e-04 1.4070e+00
5258.79 1.9720e-04 7.7840e-01
5580.02 7.7500e-05 4.1070e-01
5920.87 3.1720e-05 2.1920e-01
6282.54 1.5730e-05 1.3600e-01
6666.30 1.2530e-05 1.1470e-01
7073.50 1.3450e-05 1.2620e-01
7505.58 1.5940e-05 1.5750e-01
7964.05 2.3650e-05 2.1920e-01
8450.53 4.4400e-05 3.3580e-01
8966.72 4.0410e-05 5.1790e-01
9514.44 8.1690e-05 7.7870e-01
10095.62 1.7670e-04 1.1490e+00
10712.30 7.0410e-04 1.5590e+00
11366.65 4.3170e-04 1.9260e+00
12061.10 6.2610e-04 2.8540e+00
12793.43 5.7560e-03 9.2140e+00
13528.61 2.0200e-02 3.4270e+01
14194.74 4.4620e-02 8.4060e+01
14757.77 8.0860e-02 1.6310e+02
15240.48 2.0650e-01 4.0120e+02
15646.99 7.6420e-01 9.7900e+02
15960.30 2.6130e+00 2.1260e+03
16187.41 3.5590e+00 3.0330e+03
16354.17 6.1480e+00 3.4990e+03
16484.18 4.4100e+00 3.4450e+03
16593.12 2.7280e+00 3.1210e+03
16691.99 2.0580e+00 2.8870e+03
16788.59 5.5750e+00 2.7530e+03
16888.37 2.4010e+00 2.6580e+03
16998.79 1.9110e+00 2.5500e+03
17146.37 1.3090e+00 2.4070e+03
17415.23 1.2190e+00 2.1260e+03
17888.12 7.9660e-01 1.6730e+03
18532.37 5.4340e-01 1.3430e+03
19260.76 3.1450e-01 1.0190e+03
20034.10 1.4460e-01 7.1540e+02
20838.00 9.9430e-02 5.0780e+02
21647.97 8.1440e-02 3.9550e+02
22447.94 5.0170e-02 3.0180e+02
23245.88 2.4980e-02 2.3210e+02
24052.47 1.7780e-02 1.8330e+02
24867.72 1.3110e-02 1.4560e+02
25698.86 7.9190e-03 1.1030e+02
26587.16 3.9840e-03 7.4720e+01
27637.54 1.7930e-03 4.1940e+01
28986.97 7.1620e-04 1.7230e+01
#TIME: 261.20
#NVEL 78
#vel_mid[km/s] mg0 mg1
1060.83 1.0880e-04 8.9000e-03
1919.29 1.4840e-04 3.5520e-02
2581.60 3.8160e-04 1.2540e-01
3084.17 5.9080e-04 3.5250e-01
3472.46 8.7010e-04 7.4730e-01
3909.64 1.2480e-03 1.4770e+00
4148.46 1.3030e-03 1.8860e+00
4670.75 1.3080e-03 2.0250e+00
4956.05 6.3960e-04 1.3480e+00
5258.79 2.2920e-04 7.4580e-01
5580.02 7.9350e-05 3.9340e-01
5920.87 3.1570e-05 2.1000e-01
6282.54 1.5350e-05 1.3030e-01
6666.30 1.2620e-05 1.0990e-01
7073.50 1.3200e-05 1.2090e-01
7505.58 1.6430e-05 1.5090e-01
7964.05 2.3880e-05 2.1000e-01
8450.53 4.5060e-05 3.2170e-01
8966.72 4.1560e-05 4.9620e-01
9514.44 7.7490e-05 7.4610e-01
10095.62 1.7420e-04 1.1010e+00
10712.30 6.4990e-04 1.4940e+00
11366.65 4.4030e-04 1.8450e+00
12061.10 6.8450e-04 2.7340e+00
12793.43 5.2410e-03 8.8280e+00
13528.61 2.0930e-02 3.2840e+01
14194.74 4.2540e-02 8.0530e+01
14757.77 7.5550e-02 1.5630e+02
15240.48 2.2860e-01 3.8440e+02
15646.99 7.0890e-01 9.3800e+02
15960.30 2.9980e+00 2.0360e+03
16187.41 3.7640e+00 2.9050e+03
16354.17 5.0670e+00 3.3530e+03
16484.18 3.8820e+00 3.3010e+03
16593.12 3.3750e+00 2.9900e+03
16691.99 2.9840e+00 2.7650e+03
16788.59 2.8160e+00 2.6400e+03
16888.37 2.1400e+00 2.5460e+03
16998.79 2.0350e+00 2.4420e+03
17146.37 1.5490e+00 2.3060e+03
17415.23 1.2890e+00 2.0360e+03
17888.12 6.8850e-01 1.6030e+03
18532.37 5.3290e-01 1.2870e+03
19260.76 2.9590e-01 9.7610e+02
20034.10 1.6140e-01 6.8540e+02
20838.00 9.4830e-02 4.8660e+02
21647.97 6.7750e-02 3.7890e+02
22447.94 4.7190e-02 2.8910e+02
23245.88 2.6030e-02 2.2240e+02
24052.47 1.8630e-02 1.7570e+02
24867.72 1.6060e-02 1.3950e+02
25698.86 9.0980e-03 1.0570e+02
26587.16 4.3380e-03 7.1590e+01
27637.54 2.2410e-03 4.0180e+01
28986.97 6.1360e-04 1.6510e+01
#TIME: 264.95
#NVEL 78
#vel_mid[km/s] mg0 mg1
1060.83 9.0970e-05 8.5410e-03
1919.29 4.5190e-04 3.3730e-02
2581.60 3.4980e-04 1.2020e-01
3084.17 5.3680e-04 3.3780e-01
3472.46 8.8590e-04 7.1590e-01
3909.64 1.2970e-03 1.4150e+00
4148.46 1.3080e-03 1.8070e+00
4670.75 1.3060e-03 1.9400e+00
4956.05 5.9350e-04 1.2920e+00
5258.79 2.0430e-04 7.1450e-01
5580.02 7.5410e-05 3.7690e-01
5920.87 3.2030e-05 2.0120e-01
6282.54 1.6090e-05 1.2480e-01
6666.30 1.3270e-05 1.0530e-01
7073.50 1.3150e-05 1.1580e-01
7505.58 1.5250e-05 1.4450e-01
7964.05 2.3530e-05 2.0120e-01
8450.53 4.3260e-05 3.0820e-01
8966.72 4.0860e-05 4.7540e-01
9514.44 7.8360e-05 7.1480e-01
10095.62 1.6850e-04 1.0550e+00
10712.30 6.2320e-04 1.4310e+00
11366.65 4.0910e-04 1.7680e+00
12061.10 6.4440e-04 2.6200e+00
12793.43 5.4480e-03 8.4570e+00
13528.61 1.9520e-02 3.1460e+01
14194.74 4.3920e-02 7.7150e+01
14757.77 8.4720e-02 1.4970e+02
15240.48 2.1420e-01 3.6830e+02
15646.99 8.0110e-01 8.9860e+02
15960.30 2.5480e+00 1.9510e+03
16187.41 3.5550e+00 2.7830e+03
16354.17 4.3110e+00 3.2130e+03
16484.18 4.7090e+00 3.1620e+03
16593.12 2.6330e+00 2.8650e+03
16691.99 2.4410e+00 2.6500e+03
16788.59 1.5970e+00 2.5300e+03
16888.37 2.0690e+00 2.4400e+03
16998.79 1.5880e+00 2.3400e+03
17146.37 1.4790e+00 2.2090e+03
17415.23 1.1180e+00 1.9510e+03
17888.12 6.7950e-01 1.5360e+03
18532.37 4.8600e-01 1.2330e+03
19260.76 3.2290e-01 9.3520e+02
20034.10 1.6460e-01 6.5660e+02
20838.00 9.5020e-02 4.6620e+02
21647.97 7.0850e-02 3.6300e+02
22447.94 4.6950e-02 2.7700e+02
23245.88 2.5960e-02 2.1310e+02
24052.47 1.6430e-02 1.6830e+02
24867.72 1.1330e-02 1.3360e+02
25698.86 7.8290e-03 1.0120e+02
26587.16 4.2170e-03 6.8590e+01
27637.54 2.4030e-03 3.8500e+01
28986.97 8.7290e-04 1.5820e+01
#TIME: 268.76
#NVEL 78
#vel_mid[km/s] mg0 mg1
1060.83 6.2210e-05 8.2080e-03
1919.29 5.9500e-04 3.2150e-02
2581.60 2.0550e-04 1.1530e-01
3084.17 5.5740e-04 3.2360e-01
3472.46 8.2940e-04 6.8590e-01
3909.64 1.1680e-03 1.3560e+00
4148.46 1.3710e-03 1.7310e+00
4670.75 1.2340e-03 1.8590e+00
4956.05 5.8720e-04 1.2370e+00
5258.79 2.0770e-04 6.8460e-01
5580.02 7.5660e-05 3.6110e-01
5920.87 3.1510e-05 1.9270e-01
6282.54 1.5770e-05 1.1960e-01
6666.30 1.2840e-05 1.0090e-01
7073.50 1.3520e-05 1.1100e-01
7505.58 1.6050e-05 1.3850e-01
7964.05 2.3910e-05 1.9280e-01
8450.53 4.4460e-05 2.9530e-01
8966.72 3.9930e-05 4.5550e-01
9514.44 7.9970e-05 6.8480e-01
10095.62 1.7030e-04 1.0110e+00
10712.30 6.6190e-04 1.3710e+00
11366.65 4.2220e-04 1.6940e+00
12061.10 6.3400e-04 2.5100e+00
12793.43 5.2060e-03 8.1030e+00
13528.61 2.0140e-02 3.0140e+01
14194.74 4.4480e-02 7.3920e+01
14757.77 8.3450e-02 1.4340e+02
15240.48 2.2560e-01 3.5280e+02
15646.99 7.7630e-01 8.6090e+02
15960.30 1.8480e+00 1.8700e+03
16187.41 3.9890e+00 2.6660e+03
16354.17 4.7240e+00 3.0780e+03
16484.18 4.5350e+00 3.0290e+03
16593.12 3.2600e+00 2.7440e+03
16691.99 2.1050e+00 2.5390e+03
16788.59 1.3800e+00 2.4240e+03
16888.37 2.7280e+00 2.3370e+03
16998.79 1.6370e+00 2.2420e+03
17146.37 1.3020e+00 2.1170e+03
17415.23 1.3160e+00 1.8690e+03
17888.12 6.9350e-01 1.4720e+03
18532.37 4.9530e-01 1.1810e+03
19260.76 3.0810e-01 8.9600e+02
20034.10 1.8980e-01 6.2910e+02
20838.00 9.6780e-02 4.4660e+02
21647.97 6.8640e-02 3.4780e+02
22447.94 3.8000e-02 2.6540e+02
23245.88 2.5570e-02 2.0410e+02
24052.47 1.6140e-02 1.6120e+02
24867.72 1.0590e-02 1.2800e+02
25698.86 8.0700e-03 9.6990e+01
26587.16 3.8210e-03 6.5710e+01
27637.54 2.0100e-03 3.6890e+01
28986.97 6.8560e-04 1.5160e+01
#TIME: 272.62
#NVEL 78
#vel_mid[km/s] mg0 mg1
1060.83 1.4870e-04 7.7750e-03
1919.29 6.1920e-04 3.0750e-02
2581.60 6.7530e-04 1.1000e-01
3084.17 4.9720e-04 3.1000e-01
3472.46 8.5700e-04 6.5710e-01
3909.64 1.1530e-03 1.2990e+00
4148.46 1.3340e-03 1.6580e+00
4670.75 1.2210e-03 1.7810e+00
4956.05 6.0850e-04 1.1860e+00
5258.79 2.1100e-04 6.5590e-01
5580.02 7.6100e-05 3.4600e-01
5920.87 3.1650e-05 1.8470e-01
6282.54 1.6590e-05 1.1460e-01
6666.30 1.2970e-05 9.6690e-02
7073.50 1.3600e-05 1.0630e-01
7505.58 1.5340e-05 1.3270e-01
7964.05 2.3320e-05 1.8470e-01
8450.53 4.3730e-05 2.8290e-01
8966.72 3.9570e-05 4.3640e-01
9514.44 7.5820e-05 6.5610e-01
10095.62 1.6770e-04 9.6850e-01
10712.30 6.4780e-04 1.3140e+00
11366.65 4.3470e-04 1.6230e+00
12061.10 6.0920e-04 2.4050e+00
12793.43 5.3080e-03 7.7630e+00
13528.61 2.0590e-02 2.8880e+01
14194.74 5.1570e-02 7.0810e+01
14757.77 8.4750e-02 1.3740e+02
15240.48 2.2230e-01 3.3800e+02
15646.99 8.2310e-01 8.2480e+02
15960.30 2.2500e+00 1.7910e+03
16187.41 3.9290e+00 2.5540e+03
16354.17 4.7380e+00 2.9490e+03
16484.18 4.2170e+00 2.9030e+03
16593.12 2.8160e+00 2.6300e+03
16691.99 2.8020e+00 2.4320e+03
16788.59 2.5170e+00 2.3220e+03
16888.37 2.1160e+00 2.2390e+03
16998.79 1.8680e+00 2.1480e+03
17146.37 1.6380e+00 2.0270e+03
17415.23 1.2160e+00 1.7910e+03
17888.12 7.6310e-01 1.4100e+03
18532.37 4.7740e-01 1.1320e+03
19260.76 3.4620e-01 8.5840e+02
20034.10 1.7580e-01 6.0270e+02
20838.00 1.0240e-01 4.2790e+02
21647.97 7.0010e-02 3.3320e+02
22447.94 4.4660e-02 2.5430e+02
23245.88 2.3080e-02 1.9560e+02
24052.47 1.5610e-02 1.5450e+02
24867.72 1.1150e-02 1.2270e+02
25698.86 7.1100e-03 9.2920e+01
26587.16 3.3780e-03 6.2960e+01
27637.54 2.0370e-03 3.5340e+01
28986.97 6.4370e-04 1.4520e+01
#TIME: 276.54
#NVEL 78
#vel_mid[km/s] mg0 mg1
1060.83 2.1830e-04 7.3730e-03
1919.29 8.5690e-04 2.9200e-02
2581.60 7.9640e-04 1.0520e-01
3084.17 5.5650e-04 2.9700e-01
3472.46 9.0240e-04 6.2950e-01
3909.64 1.1420e-03 1.2450e+00
4148.46 1.4270e-03 1.5890e+00
4670.75 1.1840e-03 1.7060e+00
4956.05 5.8480e-04 1.1360e+00
5258.79 2.0000e-04 6.2840e-01
5580.02 7.9970e-05 3.3150e-01
5920.87 2.9840e-05 1.7690e-01
6282.54 1.5710e-05 1.0980e-01
6666.30 1.2640e-05 9.2630e-02
7073.50 1.3390e-05 1.0190e-01
7505.58 1.5620e-05 1.2710e-01
7964.05 2.3480e-05 1.7690e-01
8450.53 4.3960e-05 2.7110e-01
8966.72 3.7980e-05 4.1810e-01
9514.44 7.6180e-05 6.2860e-01
10095.62 1.6630e-04 9.2790e-01
10712.30 6.1240e-04 1.2590e+00
11366.65 3.9890e-04 1.5550e+00
12061.10 5.9790e-04 2.3040e+00
12793.43 4.7910e-03 7.4380e+00
13528.61 2.1630e-02 2.7660e+01
14194.74 5.5200e-02 6.7840e+01
14757.77 8.9020e-02 1.3160e+02
15240.48 2.3080e-01 3.2380e+02
15646.99 7.7050e-01 7.9020e+02
15960.30 2.4350e+00 1.7160e+03
16187.41 4.6100e+00 2.4460e+03
16354.17 5.9570e+00 2.8240e+03
16484.18 3.9750e+00 2.7810e+03
16593.12 4.1660e+00 2.5180e+03
16691.99 3.1140e+00 2.3290e+03
16788.59 2.6490e+00 2.2240e+03
16888.37 1.8780e+00 2.1460e+03
16998.79 1.6970e+00 2.0580e+03
17146.37 2.0380e+00 1.9420e+03
17415.23 1.0710e+00 1.7160e+03
17888.12 7.2010e-01 1.3510e+03
18532.37 4.9170e-01 1.0840e+03
19260.76 2.7700e-01 8.2250e+02
20034.10 1.5780e-01 5.7750e+02
20838.00 1.0270e-01 4.1000e+02
21647.97 7.2850e-02 3.1930e+02
22447.94 5.1080e-02 2.4360e+02
23245.88 2.9960e-02 1.8740e+02
24052.47 1.6110e-02 1.4800e+02
24867.72 1.2050e-02 1.1750e+02
25698.86 6.4240e-03 8.9030e+01
26587.16 3.4920e-03 6.0320e+01
27637.54 1.8550e-03 3.3860e+01
28986.97 7.7000e-04 1.3910e+01
#TIME: 280.51
#NVEL 78
#vel_mid[km/s] mg0 mg1
1060.83 1.7690e-04 7.0960e-03
1919.29 6.9830e-04 2.8100e-02
2581.60 6.9520e-04 1.0090e-01
3084.17 5.1270e-04 2.8450e-01
3472.46 8.2510e-04 6.0320e-01
3909.64 1.0320e-03 1.1930e+00
4148.46 1.3100e-03 1.5220e+00
4670.75 1.2160e-03 1.6340e+00
4956.05 6.1140e-04 1.0880e+00
5258.79 1.9040e-04 6.0200e-01
5580.02 7.2040e-05 3.1760e-01
5920.87 3.2200e-05 1.6950e-01
6282.54 1.5950e-05 1.0520e-01
6666.30 1.2960e-05 8.8750e-02
7073.50 1.3600e-05 9.7600e-02
7505.58 1.5440e-05 1.2180e-01
7964.05 2.3620e-05 1.6950e-01
8450.53 4.2510e-05 2.5970e-01
8966.72 3.9030e-05 4.0060e-01
9514.44 7.3780e-05 6.0230e-01
10095.62 1.5460e-04 8.8900e-01
10712.30 5.6210e-04 1.2060e+00
11366.65 3.9310e-04 1.4890e+00
12061.10 5.3100e-04 2.2080e+00
12793.43 5.1880e-03 7.1260e+00
13528.61 2.0290e-02 2.6510e+01
14194.74 5.8020e-02 6.4990e+01
14757.77 8.6470e-02 1.2610e+02
15240.48 2.4630e-01 3.1020e+02
15646.99 8.9020e-01 7.5690e+02
15960.30 2.6600e+00 1.6440e+03
16187.41 4.8980e+00 2.3430e+03
16354.17 4.1400e+00 2.7070e+03
16484.18 3.4630e+00 2.6650e+03
16593.12 3.2770e+00 2.4130e+03
16691.99 2.8450e+00 2.2320e+03
16788.59 1.7120e+00 2.1320e+03
16888.37 1.8010e+00 2.0560e+03
16998.79 1.8210e+00 1.9720e+03
17146.37 1.8100e+00 1.8610e+03
17415.23 1.1430e+00 1.6440e+03
17888.12 7.8250e-01 1.2940e+03
18532.37 5.4890e-01 1.0390e+03
19260.76 3.2960e-01 7.8790e+02
20034.10 1.6210e-01 5.5330e+02
20838.00 1.0380e-01 3.9280e+02
21647.97 6.7450e-02 3.0590e+02
22447.94 4.9500e-02 2.3340e+02
23245.88 2.5030e-02 1.7950e+02
24052.47 1.7060e-02 1.4180e+02
24867.72 1.1580e-02 1.1260e+02
25698.86 7.7220e-03 8.5300e+01
26587.16 3.9730e-03 5.7790e+01
27637.54 1.7190e-03 3.2440e+01
28986.97 6.7510e-04 1.3330e+01
#TIME: 284.55
#NVEL 78
#vel_mid[km/s] mg0 mg1
1060.83 2.2080e-04 6.7470e-03
1919.29 4.2440e-04 2.7170e-02
2581.60 5.2840e-04 9.6790e-02
3084.17 5.4750e-04 2.7260e-01
3472.46 8.2550e-04 5.7790e-01
3909.64 1.3090e-03 1.1420e+00
4148.46 1.2830e-03 1.4580e+00
4670.75 1.1940e-03 1.5660e+00
4956.05 6.2840e-04 1.0430e+00
5258.79 2.2350e-04 5.7680e-01
5580.02 7.8910e-05 3.0430e-01
5920.87 3.1560e-05 1.6240e-01
6282.54 1.6210e-05 1.0080e-01
6666.30 1.2890e-05 8.5030e-02
7073.50 1.3060e-05 9.3510e-02
7505.58 1.5550e-05 1.1670e-01
7964.05 2.2760e-05 1.6240e-01
8450.53 4.2630e-05 2.4880e-01
8966.72 3.7540e-05 3.8380e-01
9514.44 7.3090e-05 5.7700e-01
10095.62 1.5300e-04 8.5180e-01
10712.30 5.4700e-04 1.1550e+00
11366.65 3.6180e-04 1.4270e+00
12061.10 5.2070e-04 2.1150e+00
12793.43 4.9460e-03 6.8270e+00
13528.61 1.9130e-02 2.5390e+01
14194.74 5.0750e-02 6.2270e+01
14757.77 8.3120e-02 1.2080e+02
15240.48 2.2910e-01 2.9720e+02
15646.99 8.0420e-01 7.2530e+02
15960.30 2.6260e+00 1.5750e+03
16187.41 5.3460e+00 2.2450e+03
16354.17 5.5410e+00 2.5920e+03
16484.18 3.4290e+00 2.5530e+03
16593.12 4.0510e+00 2.3110e+03
16691.99 2.7710e+00 2.1380e+03
16788.59 2.3890e+00 2.0420e+03
16888.37 2.1270e+00 1.9690e+03
16998.79 1.8280e+00 1.8890e+03
17146.37 2.1320e+00 1.7820e+03
17415.23 1.1500e+00 1.5750e+03
17888.12 7.1790e-01 1.2400e+03
18532.37 5.7560e-01 9.9520e+02
19260.76 3.8630e-01 7.5490e+02
20034.10 2.0270e-01 5.3000e+02
20838.00 9.9740e-02 3.7630e+02
21647.97 5.9080e-02 2.9310e+02
22447.94 4.8040e-02 2.2360e+02
23245.88 2.3250e-02 1.7200e+02
24052.47 1.7130e-02 1.3590e+02
24867.72 1.5080e-02 1.0790e+02
25698.86 7.0960e-03 8.1720e+01
26587.16 4.3110e-03 5.5370e+01
27637.54 2.0160e-03 3.1080e+01
28986.97 7.9750e-04 1.2770e+01
#TIME: 288.64
#NVEL 78
#vel_mid[km/s] mg0 mg1
1060.83 1.5080e-04 6.5250e-03
1919.29 9.6020e-04 2.5470e-02
2581.60 4.2000e-04 9.2820e-02
3084.17 5.2300e-04 2.6110e-01
3472.46 8.3110e-04 5.5360e-01
3909.64 1.2030e-03 1.0940e+00
4148.46 1.2780e-03 1.3970e+00
4670.75 1.2140e-03 1.5000e+00
4956.05 6.1380e-04 9.9890e-01
5258.79 2.1440e-04 5.5260e-01
5580.02 7.5550e-05 2.9150e-01
5920.87 3.2000e-05 1.5560e-01
6282.54 1.6040e-05 9.6530e-02
6666.30 1.2510e-05 8.1470e-02
7073.50 1.2740e-05 8.9590e-02
7505.58 1.5650e-05 1.1180e-01
7964.05 2.2340e-05 1.5560e-01
8450.53 4.2120e-05 2.3840e-01
8966.72 3.8450e-05 3.6770e-01
9514.44 6.9930e-05 5.5290e-01
10095.62 1.4950e-04 8.1610e-01
10712.30 5.1540e-04 1.1070e+00
11366.65 3.4030e-04 1.3670e+00
12061.10 5.0860e-04 2.0260e+00
12793.43 3.9620e-03 6.5420e+00
13528.61 1.7100e-02 2.4330e+01
14194.74 4.0500e-02 5.9670e+01
14757.77 7.7250e-02 1.1580e+02
15240.48 2.6520e-01 2.8470e+02
15646.99 9.0770e-01 6.9470e+02
15960.30 2.5050e+00 1.5090e+03
16187.41 4.2050e+00 2.1510e+03
16354.17 6.0280e+00 2.4830e+03
16484.18 3.9600e+00 2.4450e+03
16593.12 4.5110e+00 2.2140e+03
16691.99 3.3970e+00 2.0480e+03
16788.59 2.9510e+00 1.9550e+03
16888.37 1.5330e+00 1.8870e+03
16998.79 1.9180e+00 1.8100e+03
17146.37 1.9790e+00 1.7080e+03
17415.23 1.5700e+00 1.5080e+03
17888.12 7.4640e-01 1.1880e+03
18532.37 5.2520e-01 9.5350e+02
19260.76 3.0880e-01 7.2330e+02
20034.10 1.7740e-01 5.0780e+02
20838.00 9.1300e-02 3.6050e+02
21647.97 6.7780e-02 2.8080e+02
22447.94 4.1320e-02 2.1430e+02
23245.88 2.3960e-02 1.6480e+02
24052.47 1.5300e-02 1.3020e+02
24867.72 1.1120e-02 1.0340e+02
25698.86 9.7910e-03 7.8290e+01
26587.16 5.1160e-03 5.3050e+01
27637.54 2.1600e-03 2.9780e+01
28986.97 7.3010e-04 1.2240e+01
#TIME: 292.79
#NVEL 78
#vel_mid[km/s] mg0 mg1
1060.83 1.4640e-04 6.2500e-03
1919.29 1.0500e-03 2.4280e-02
2581.60 4.7830e-04 8.8860e-02
3084.17 5.0080e-04 2.5020e-01
3472.46 8.0470e-04 5.3040e-01
3909.64 1.1770e-03 1.0490e+00
4148.46 1.3370e-03 1.3380e+00
4670.75 1.2460e-03 1.4370e+00
4956.05 5.9140e-04 9.5700e-01
5258.79 2.0050e-04 5.2940e-01
5580.02 7.8410e-05 2.7930e-01
5920.87 3.1060e-05 1.4910e-01
6282.54 1.6240e-05 9.2490e-02
6666.30 1.2270e-05 7.8050e-02
7073.50 1.3210e-05 8.5830e-02
7505.58 1.5760e-05 1.0710e-01
7964.05 2.2380e-05 1.4910e-01
8450.53 4.2700e-05 2.2840e-01
8966.72 3.7560e-05 3.5230e-01
9514.44 6.9680e-05 5.2970e-01
10095.62 1.4630e-04 7.8190e-01
10712.30 5.1630e-04 1.0600e+00
11366.65 3.5880e-04 1.3100e+00
12061.10 5.0450e-04 1.9410e+00
12793.43 3.8850e-03 6.2670e+00
13528.61 1.6680e-02 2.3310e+01
14194.74 4.1600e-02 5.7170e+01
14757.77 7.2990e-02 1.1090e+02
15240.48 2.4020e-01 2.7280e+02
15646.99 8.0340e-01 6.6570e+02
15960.30 2.8540e+00 1.4450e+03
16187.41 4.7350e+00 2.0610e+03
16354.17 3.9790e+00 2.3800e+03
16484.18 6.7790e+00 2.3400e+03
16593.12 3.6340e+00 2.1210e+03
16691.99 2.4870e+00 1.9630e+03
16788.59 2.0750e+00 1.8740e+03
16888.37 1.8380e+00 1.8080e+03
16998.79 2.0520e+00 1.7340e+03
17146.37 1.4860e+00 1.6370e+03
17415.23 1.3430e+00 1.4450e+03
17888.12 7.7770e-01 1.1380e+03
18532.37 5.3610e-01 9.1350e+02
19260.76 3.4310e-01 6.9290e+02
20034.10 2.0800e-01 4.8650e+02
20838.00 9.2690e-02 3.4540e+02
21647.97 6.7590e-02 2.6900e+02
22447.94 3.9810e-02 2.0530e+02
23245.88 2.3170e-02 1.5790e+02
24052.47 1.4210e-02 1.2470e+02
24867.72 1.1590e-02 9.9040e+01
25698.86 8.2570e-03 7.5010e+01
26587.16 4.6340e-03 5.0830e+01
27637.54 2.7920e-03 2.8530e+01
28986.97 8.7470e-04 1.1720e+01
#TIME: 296.99
#NVEL 78
#vel_mid[km/s] mg0 mg1
1060.83 2.7540e-04 5.8530e-03
1919.29 8.5760e-04 2.3410e-02
2581.60 2.3210e-04 8.5360e-02
3084.17 5.1580e-04 2.3970e-01
3472.46 8.4180e-04 5.0810e-01
3909.64 1.2630e-03 1.0050e+00
4148.46 1.2350e-03 1.2820e+00
4670.75 1.2120e-03 1.3770e+00
4956.05 6.0400e-04 9.1680e-01
5258.79 2.1560e-04 5.0720e-01
5580.02 7.8040e-05 2.6760e-01
5920.87 3.1110e-05 1.4280e-01
6282.54 1.6600e-05 8.8610e-02
6666.30 1.2730e-05 7.4780e-02
7073.50 1.3810e-05 8.2230e-02
7505.58 1.6070e-05 1.0260e-01
7964.05 2.3050e-05 1.4280e-01
8450.53 4.0800e-05 2.1880e-01
8966.72 3.5790e-05 3.3750e-01
9514.44 6.9720e-05 5.0750e-01
10095.62 1.4270e-04 7.4910e-01
10712.30 4.9640e-04 1.0160e+00
11366.65 3.2570e-04 1.2550e+00
12061.10 4.7730e-04 1.8600e+00
12793.43 3.8720e-03 6.0050e+00
13528.61 1.5340e-02 2.2340e+01
14194.74 3.8820e-02 5.4770e+01
14757.77 7.4570e-02 1.0630e+02
15240.48 2.1590e-01 2.6140e+02
15646.99 8.1160e-01 6.3770e+02
15960.30 2.7090e+00 1.3850e+03
16187.41 4.6330e+00 1.9740e+03
16354.17 3.7040e+00 2.2810e+03
16484.18 4.3470e+00 2.2440e+03
16593.12 2.5730e+00 2.0330e+03
16691.99 1.9550e+00 1.8810e+03
16788.59 3.2770e+00 1.7940e+03
16888.37 2.1290e+00 1.7310e+03
16998.79 2.0730e+00 1.6610e+03
17146.37 1.3710e+00 1.5680e+03
17415.23 1.2910e+00 1.3850e+03
17888.12 7.2710e-01 1.0900e+03
18532.37 4.9640e-01 8.7530e+02
19260.76 3.0380e-01 6.6390e+02
20034.10 1.8490e-01 4.6610e+02
20838.00 1.2320e-01 3.3090e+02
21647.97 7.7080e-02 2.5770e+02
22447.94 4.2290e-02 1.9670e+02
23245.88 2.6520e-02 1.5130e+02
24052.47 1.5410e-02 1.1950e+02
24867.72 1.0200e-02 9.4890e+01
25698.86 6.9650e-03 7.1870e+01
26587.16 3.8390e-03 4.8700e+01
27637.54 2.0540e-03 2.7330e+01
28986.97 8.7520e-04 1.1230e+01
#TIME: 301.26
#NVEL 78
#vel_mid[km/s] mg0 mg1
1060.83 2.9820e-04 5.5730e-03
1919.29 8.9500e-04 2.2350e-02
2581.60 7.7140e-04 8.1230e-02
3084.17 5.5410e-04 2.2960e-01
3472.46 7.9850e-04 4.8680e-01
3909.64 1.0850e-03 9.6250e-01
4148.46 1.1560e-03 1.2290e+00
4670.75 1.1530e-03 1.3190e+00
4956.05 6.5460e-04 8.7830e-01
5258.79 2.2320e-04 4.8600e-01
5580.02 7.7800e-05 2.5640e-01
5920.87 3.1230e-05 1.3680e-01
6282.54 1.6870e-05 8.4890e-02
6666.30 1.2210e-05 7.1650e-02
7073.50 1.3100e-05 7.8790e-02
7505.58 1.5580e-05 9.8320e-02
7964.05 2.2590e-05 1.3690e-01
8450.53 4.1250e-05 2.0970e-01
8966.72 3.5650e-05 3.2340e-01
9514.44 6.8880e-05 4.8620e-01
10095.62 1.3670e-04 7.1770e-01
10712.30 4.8410e-04 9.7340e-01
11366.65 3.2690e-04 1.2020e+00
12061.10 4.8180e-04 1.7820e+00
12793.43 4.1400e-03 5.7530e+00
13528.61 1.5170e-02 2.1400e+01
14194.74 4.2420e-02 5.2470e+01
14757.77 7.2530e-02 1.0180e+02
15240.48 2.6220e-01 2.5040e+02
15646.99 6.8330e-01 6.1110e+02
15960.30 2.3400e+00 1.3270e+03
16187.41 4.5940e+00 1.8910e+03
16354.17 3.6650e+00 2.1850e+03
16484.18 4.1670e+00 2.1500e+03
16593.12 3.2360e+00 1.9470e+03
16691.99 1.6440e+00 1.8020e+03
16788.59 1.7620e+00 1.7210e+03
16888.37 2.3880e+00 1.6590e+03
16998.79 2.2260e+00 1.5910e+03
17146.37 1.3460e+00 1.5020e+03
17415.23 1.2110e+00 1.3270e+03
17888.12 6.4460e-01 1.0450e+03
18532.37 4.6470e-01 8.3860e+02
19260.76 3.3950e-01 6.3600e+02
20034.10 1.8410e-01 4.4660e+02
20838.00 8.3970e-02 3.1710e+02
21647.97 7.1390e-02 2.4690e+02
22447.94 3.9880e-02 1.8840e+02
23245.88 3.4230e-02 1.4490e+02
24052.47 1.9580e-02 1.1450e+02
24867.72 1.3690e-02 9.0910e+01
25698.86 7.5950e-03 6.8860e+01
26587.16 3.8610e-03 4.6660e+01
27637.54 1.8270e-03 2.6190e+01
28986.97 7.2860e-04 1.0760e+01
#TIME: 305.59
#NVEL 78
#vel_mid[km/s] mg0 mg1
1060.83 3.9030e-04 5.2350e-03
1919.29 7.3430e-04 2.1540e-02
2581.60 9.9400e-04 7.7570e-02
3084.17 5.0770e-04 2.2000e-01
3472.46 7.9390e-04 4.6640e-01
3909.64 1.1220e-03 9.2210e-01
4148.46 1.1020e-03 1.1770e+00
4670.75 1.1350e-03 1.2640e+00
4956.05 6.2920e-04 8.4150e-01
5258.79 2.0470e-04 4.6560e-01
5580.02 8.0490e-05 2.4560e-01
5920.87 3.1590e-05 1.3110e-01
6282.54 1.6360e-05 8.1340e-02
6666.30 1.2420e-05 6.8640e-02
7073.50 1.3630e-05 7.5490e-02
7505.58 1.5850e-05 9.4200e-02
7964.05 2.2730e-05 1.3110e-01
8450.53 4.1090e-05 2.0090e-01
8966.72 3.6580e-05 3.0980e-01
9514.44 6.7850e-05 4.6580e-01
10095.62 1.3620e-04 6.8760e-01
10712.30 4.9220e-04 9.3260e-01
11366.65 3.1020e-04 1.1520e+00
12061.10 4.4910e-04 1.7070e+00
12793.43 3.7470e-03 5.5120e+00
13528.61 1.4990e-02 2.0500e+01
14194.74 3.4060e-02 5.0280e+01
14757.77 6.0910e-02 9.7560e+01
15240.48 2.0360e-01 2.3990e+02
15646.99 6.3630e-01 5.8550e+02
15960.30 2.0720e+00 1.2710e+03
16187.41 4.3440e+00 1.8120e+03
16354.17 4.5990e+00 2.0920e+03
16484.18 4.4650e+00 2.0590e+03
16593.12 2.8860e+00 1.8660e+03
16691.99 2.4740e+00 1.7260e+03
16788.59 2.6390e+00 1.6470e+03
16888.37 1.6030e+00 1.5900e+03
16998.79 2.2140e+00 1.5240e+03
17146.37 1.4540e+00 1.4390e+03
17415.23 1.3170e+00 1.2710e+03
17888.12 6.9760e-01 1.0010e+03
18532.37 5.3510e-01 8.0340e+02
19260.76 3.1140e-01 6.0940e+02
20034.10 1.6650e-01 4.2790e+02
20838.00 9.4320e-02 3.0380e+02
21647.97 5.7700e-02 2.3660e+02
22447.94 3.5930e-02 1.8050e+02
23245.88 2.2360e-02 1.3880e+02
24052.47 1.6750e-02 1.0970e+02
24867.72 1.1610e-02 8.7100e+01
25698.86 7.3990e-03 6.5970e+01
26587.16 6.1030e-03 4.4700e+01
27637.54 2.2190e-03 2.5090e+01
28986.97 7.6750e-04 1.0310e+01
#TIME: 309.99
#NVEL 78
#vel_mid[km/s] mg0 mg1
1060.83 2.1940e-04 5.1700e-03
1919.29 1.2120e-03 2.0130e-02
2581.60 6.1240e-04 7.4660e-02
3084.17 5.1510e-04 2.1070e-01
3472.46 8.3660e-04 4.4680e-01
3909.64 1.1580e-03 8.8340e-01
4148.46 1.2950e-03 1.1280e+00
4670.75 1.1520e-03 1.2110e+00
4956.05 5.2530e-04 8.0630e-01
5258.79 1.9900e-04 4.4610e-01
5580.02 7.4870e-05 2.3530e-01
5920.87 3.1450e-05 1.2560e-01
6282.54 1.5950e-05 7.7930e-02
6666.30 1.2460e-05 6.5760e-02
7073.50 1.3390e-05 7.2320e-02
7505.58 1.5650e-05 9.0250e-02
7964.05 2.2720e-05 1.2560e-01
8450.53 4.0980e-05 1.9250e-01
8966.72 3.7910e-05 2.9690e-01
9514.44 7.0080e-05 4.4630e-01
10095.62 1.4320e-04 6.5880e-01
10712.30 4.6440e-04 8.9350e-01
11366.65 3.1090e-04 1.1040e+00
12061.10 3.9590e-04 1.6360e+00
12793.43 3.4000e-03 5.2810e+00
13528.61 1.6010e-02 1.9640e+01
14194.74 3.8080e-02 4.8170e+01
14757.77 6.4670e-02 9.3470e+01
15240.48 1.8110e-01 2.2990e+02
15646.99 5.8260e-01 5.6100e+02
15960.30 2.4980e+00 1.2180e+03
16187.41 3.7000e+00 1.7370e+03
16354.17 3.7560e+00 2.0050e+03
16484.18 3.2610e+00 1.9740e+03
16593.12 3.0290e+00 1.7880e+03
16691.99 1.8790e+00 1.6540e+03
16788.59 1.3190e+00 1.5800e+03
16888.37 1.5180e+00 1.5230e+03
16998.79 1.2910e+00 1.4610e+03
17146.37 1.1540e+00 1.3790e+03
17415.23 1.0590e+00 1.2180e+03
17888.12 6.0410e-01 9.5890e+02
18532.37 4.1530e-01 7.6980e+02
19260.76 2.6290e-01 5.8390e+02
20034.10 1.5640e-01 4.1000e+02
20838.00 9.2170e-02 2.9100e+02
21647.97 6.5420e-02 2.2670e+02
22447.94 4.0180e-02 1.7300e+02
23245.88 2.2770e-02 1.3300e+02
24052.47 1.4130e-02 1.0510e+02
24867.72 9.9570e-03 8.3450e+01
25698.86 6.4550e-03 6.3210e+01
26587.16 4.4000e-03 4.2830e+01
27637.54 1.9540e-03 2.4040e+01
28986.97 6.0670e-04 9.8770e+00
#TIME: 314.44
#NVEL 78
#vel_mid[km/s] mg0 mg1
1060.83 4.7850e-04 4.6850e-03
1919.29 1.3730e-03 1.9070e-02
2581.60 3.5740e-04 7.1760e-02
3084.17 4.9260e-04 2.0190e-01
3472.46 7.6990e-04 4.2810e-01
3909.64 1.1450e-03 8.4630e-01
4148.46 1.2020e-03 1.0800e+00
4670.75 1.0770e-03 1.1600e+00
4956.05 5.3970e-04 7.7250e-01
5258.79 1.9510e-04 4.2740e-01
5580.02 7.7350e-05 2.2550e-01
5920.87 3.1900e-05 1.2030e-01
6282.54 1.6420e-05 7.4660e-02
6666.30 1.2010e-05 6.3010e-02
7073.50 1.3210e-05 6.9290e-02
7505.58 1.4790e-05 8.6470e-02
7964.05 2.2200e-05 1.2040e-01
8450.53 4.1440e-05 1.8440e-01
8966.72 3.6190e-05 2.8440e-01
9514.44 6.5720e-05 4.2760e-01
10095.62 1.3500e-04 6.3120e-01
10712.30 4.2550e-04 8.5610e-01
11366.65 2.9590e-04 1.0570e+00
12061.10 4.1940e-04 1.5670e+00
12793.43 3.4970e-03 5.0590e+00
13528.61 1.3880e-02 1.8820e+01
14194.74 3.4150e-02 4.6150e+01
14757.77 5.8610e-02 8.9550e+01
15240.48 2.2730e-01 2.2020e+02
15646.99 6.1470e-01 5.3740e+02
15960.30 2.6010e+00 1.1660e+03
16187.41 3.2530e+00 1.6640e+03
16354.17 4.9000e+00 1.9200e+03
16484.18 4.5540e+00 1.8900e+03
16593.12 2.7020e+00 1.7130e+03
16691.99 2.1930e+00 1.5840e+03
16788.59 2.0090e+00 1.5130e+03
16888.37 1.7160e+00 1.4590e+03
16998.79 1.7730e+00 1.3990e+03
17146.37 1.4020e+00 1.3210e+03
17415.23 9.7390e-01 1.1670e+03
17888.12 6.0410e-01 9.1870e+02
18532.37 4.3980e-01 7.3750e+02
19260.76 2.5360e-01 5.5940e+02
20034.10 1.4020e-01 3.9280e+02
20838.00 8.8560e-02 2.7880e+02
21647.97 5.7430e-02 2.1720e+02
22447.94 3.6550e-02 1.6570e+02
23245.88 2.1450e-02 1.2750e+02
24052.47 1.3770e-02 1.0070e+02
24867.72 9.6200e-03 7.9950e+01
25698.86 6.1750e-03 6.0560e+01
26587.16 3.6550e-03 4.1030e+01
27637.54 1.8250e-03 2.3030e+01
28986.97 7.0670e-04 9.4630e+00
#TIME: 318.96
#NVEL 78
#vel_mid[km/s] mg0 mg1
1060.83 5.0320e-04 4.4440e-03
1919.29 1.4440e-03 1.8150e-02
2581.60 1.0440e-03 6.8050e-02
3084.17 4.9820e-04 1.9340e-01
3472.46 7.8370e-04 4.1010e-01
3909.64 1.0770e-03 8.1090e-01
4148.46 1.1230e-03 1.0350e+00
4670.75 1.0220e-03 1.1120e+00
4956.05 5.4400e-04 7.4010e-01
5258.79 2.0010e-04 4.0950e-01
5580.02 7.3490e-05 2.1600e-01
5920.87 2.9000e-05 1.1530e-01
6282.54 1.5690e-05 7.1530e-02
6666.30 1.2170e-05 6.0370e-02
7073.50 1.3060e-05 6.6390e-02
7505.58 1.5010e-05 8.2840e-02
7964.05 2.2380e-05 1.1530e-01
8450.53 3.9350e-05 1.7670e-01
8966.72 3.5220e-05 2.7250e-01
9514.44 6.6290e-05 4.0970e-01
10095.62 1.2810e-04 6.0470e-01
10712.30 4.3150e-04 8.2020e-01
11366.65 2.8800e-04 1.0130e+00
12061.10 4.1130e-04 1.5020e+00
12793.43 3.1120e-03 4.8480e+00
13528.61 1.3010e-02 1.8030e+01
14194.74 2.9290e-02 4.4220e+01
14757.77 5.8690e-02 8.5800e+01
15240.48 1.5640e-01 2.1100e+02
15646.99 5.1350e-01 5.1500e+02
15960.30 1.8940e+00 1.1180e+03
16187.41 3.6140e+00 1.5940e+03
16354.17 3.7720e+00 1.8400e+03
16484.18 3.2180e+00 1.8120e+03
16593.12 2.7940e+00 1.6410e+03
16691.99 1.6160e+00 1.5180e+03
16788.59 2.5930e+00 1.4490e+03
16888.37 1.8850e+00 1.3980e+03
16998.79 1.3940e+00 1.3410e+03
17146.37 1.2150e+00 1.2660e+03
17415.23 9.0850e-01 1.1180e+03
17888.12 6.5050e-01 8.8010e+02
18532.37 4.3340e-01 7.0660e+02
19260.76 2.9010e-01 5.3590e+02
20034.10 1.6640e-01 3.7630e+02
20838.00 8.0610e-02 2.6720e+02
21647.97 6.2440e-02 2.0810e+02
22447.94 3.9840e-02 1.5880e+02
23245.88 1.9260e-02 1.2210e+02
24052.47 1.1460e-02 9.6460e+01
24867.72 9.1530e-03 7.6600e+01
25698.86 5.9670e-03 5.8020e+01
26587.16 3.7130e-03 3.9310e+01
27637.54 1.6570e-03 2.2070e+01
28986.97 6.7370e-04 9.0670e+00
#TIME: 323.54
#NVEL 78
#vel_mid[km/s] mg0 mg1
1060.83 3.4280e-04 4.3970e-03
1919.29 1.1170e-03 1.7650e-02
2581.60 9.5550e-04 6.5250e-02
3084.17 5.0350e-04 1.8530e-01
3472.46 7.2060e-04 3.9290e-01
3909.64 1.0860e-03 7.7680e-01
4148.46 1.1210e-03 9.9170e-01
4670.75 1.0990e-03 1.0650e+00
4956.05 5.2450e-04 7.0910e-01
5258.79 2.0180e-04 3.9230e-01
5580.02 7.6180e-05 2.0700e-01
5920.87 3.0670e-05 1.1050e-01
6282.54 1.5690e-05 6.8530e-02
6666.30 1.2110e-05 5.7840e-02
7073.50 1.3140e-05 6.3600e-02
7505.58 1.5250e-05 7.9370e-02
7964.05 2.1620e-05 1.1050e-01
8450.53 3.9670e-05 1.6920e-01
8966.72 3.4440e-05 2.6110e-01
9514.44 6.3540e-05 3.9250e-01
10095.62 1.2240e-04 5.7940e-01
10712.30 4.0860e-04 7.8580e-01
11366.65 2.7580e-04 9.7070e-01
12061.10 3.9840e-04 1.4390e+00
12793.43 3.2070e-03 4.6440e+00
13528.61 1.2870e-02 1.7270e+01
14194.74 3.2680e-02 4.2360e+01
14757.77 4.8080e-02 8.2210e+01
15240.48 1.7150e-01 2.0220e+02
15646.99 5.1750e-01 4.9340e+02
15960.30 2.2570e+00 1.0710e+03
16187.41 3.2390e+00 1.5270e+03
16354.17 3.9990e+00 1.7630e+03
16484.18 3.2660e+00 1.7360e+03
16593.12 3.1660e+00 1.5720e+03
16691.99 2.1590e+00 1.4540e+03
16788.59 1.9900e+00 1.3880e+03
16888.37 1.2320e+00 1.3400e+03
16998.79 1.7950e+00 1.2840e+03
17146.37 1.3620e+00 1.2130e+03
17415.23 8.8450e-01 1.0710e+03
17888.12 6.6780e-01 8.4320e+02
18532.37 3.7030e-01 6.7700e+02
19260.76 2.7090e-01 5.1350e+02
20034.10 1.4180e-01 3.6050e+02
20838.00 8.9240e-02 2.5600e+02
21647.97 6.2540e-02 1.9930e+02
22447.94 4.7090e-02 1.5210e+02
23245.88 2.2420e-02 1.1700e+02
24052.47 1.3810e-02 9.2410e+01
24867.72 9.2440e-03 7.3390e+01
25698.86 6.3330e-03 5.5590e+01
26587.16 3.8430e-03 3.7660e+01
27637.54 1.8100e-03 2.1140e+01
28986.97 5.8890e-04 8.6870e+00
#TIME: 328.20
#NVEL 78
#vel_mid[km/s] mg0 mg1
1060.83 4.2060e-04 4.1210e-03
1919.29 1.3660e-03 1.6620e-02
2581.60 9.5040e-04 6.2480e-02
3084.17 4.7070e-04 1.7750e-01
3472.46 7.3330e-04 3.7640e-01
3909.64 9.1480e-04 7.4440e-01
4148.46 1.1030e-03 9.5010e-01
4670.75 1.0350e-03 1.0200e+00
4956.05 5.4010e-04 6.7930e-01
5258.79 1.8870e-04 3.7590e-01
5580.02 7.4950e-05 1.9830e-01
5920.87 2.9330e-05 1.0580e-01
6282.54 1.4970e-05 6.5660e-02
6666.30 1.1720e-05 5.5410e-02
7073.50 1.2400e-05 6.0940e-02
7505.58 1.5050e-05 7.6040e-02
7964.05 2.2510e-05 1.0580e-01
8450.53 3.9280e-05 1.6220e-01
8966.72 3.4180e-05 2.5010e-01
9514.44 6.1380e-05 3.7610e-01
10095.62 1.2110e-04 5.5510e-01
10712.30 4.0570e-04 7.5290e-01
11366.65 2.6560e-04 9.3000e-01
12061.10 3.9010e-04 1.3780e+00
12793.43 3.3250e-03 4.4490e+00
13528.61 1.1790e-02 1.6550e+01
14194.74 3.5600e-02 4.0580e+01
14757.77 6.4060e-02 7.8740e+01
15240.48 1.7690e-01 1.9370e+02
15646.99 5.1650e-01 4.7270e+02
15960.30 1.5750e+00 1.0260e+03
16187.41 3.1720e+00 1.4630e+03
16354.17 3.7330e+00 1.6890e+03
16484.18 4.5640e+00 1.6610e+03
16593.12 2.9320e+00 1.5060e+03
16691.99 1.8190e+00 1.3930e+03
16788.59 2.6750e+00 1.3290e+03
16888.37 1.2960e+00 1.2830e+03
16998.79 1.4620e+00 1.2310e+03
17146.37 1.3060e+00 1.1620e+03
17415.23 1.3640e+00 1.0260e+03
17888.12 6.4800e-01 8.0780e+02
18532.37 4.1740e-01 6.4860e+02
19260.76 2.7580e-01 4.9190e+02
20034.10 1.4440e-01 3.4540e+02
20838.00 9.7970e-02 2.4520e+02
21647.97 5.2540e-02 1.9100e+02
22447.94 4.2560e-02 1.4570e+02
23245.88 2.3690e-02 1.1210e+02
24052.47 1.4850e-02 8.8540e+01
24867.72 1.2850e-02 7.0310e+01
25698.86 7.9870e-03 5.3260e+01
26587.16 3.8990e-03 3.6090e+01
27637.54 1.7390e-03 2.0260e+01
28986.97 5.7710e-04 8.3230e+00
#TIME: 332.91
#NVEL 78
#vel_mid[km/s] mg0 mg1
1060.83 4.4560e-04 3.9050e-03
1919.29 1.8280e-03 1.5400e-02
2581.60 4.8930e-04 6.0280e-02
3084.17 5.0970e-04 1.7000e-01
3472.46 6.7860e-04 3.6070e-01
3909.64 9.8460e-04 7.1310e-01
4148.46 1.1130e-03 9.1020e-01
4670.75 1.0430e-03 9.7750e-01
4956.05 5.0960e-04 6.5090e-01
5258.79 1.9100e-04 3.6010e-01
5580.02 7.3270e-05 1.9000e-01
5920.87 2.8850e-05 1.0140e-01
6282.54 1.5270e-05 6.2910e-02
6666.30 1.1840e-05 5.3090e-02
7073.50 1.2730e-05 5.8380e-02
7505.58 1.4680e-05 7.2850e-02
7964.05 2.1050e-05 1.0140e-01
8450.53 3.7520e-05 1.5540e-01
8966.72 3.5010e-05 2.3960e-01
9514.44 6.1780e-05 3.6030e-01
10095.62 1.1870e-04 5.3180e-01
10712.30 4.0750e-04 7.2130e-01
11366.65 2.5770e-04 8.9100e-01
12061.10 3.8990e-04 1.3210e+00
12793.43 3.0400e-03 4.2630e+00
13528.61 1.2100e-02 1.5860e+01
14194.74 3.2900e-02 3.8880e+01
14757.77 4.8110e-02 7.5460e+01
15240.48 1.2260e-01 1.8560e+02
15646.99 4.4200e-01 4.5290e+02
15960.30 2.4910e+00 9.8240e+02
16187.41 2.8880e+00 1.4020e+03
16354.17 4.5030e+00 1.6170e+03
16484.18 3.7590e+00 1.5920e+03
16593.12 2.5820e+00 1.4430e+03
16691.99 2.9700e+00 1.3340e+03
16788.59 3.3280e+00 1.2730e+03
16888.37 1.7650e+00 1.2290e+03
16998.79 1.3470e+00 1.1790e+03
17146.37 1.5020e+00 1.1130e+03
17415.23 1.0260e+00 9.8310e+02
17888.12 7.8270e-01 7.7380e+02
18532.37 4.6710e-01 6.2130e+02
19260.76 3.2140e-01 4.7130e+02
20034.10 1.7110e-01 3.3090e+02
20838.00 9.1320e-02 2.3490e+02
21647.97 5.7700e-02 1.8300e+02
22447.94 3.6500e-02 1.3960e+02
23245.88 2.2620e-02 1.0740e+02
24052.47 1.1730e-02 8.4830e+01
24867.72 9.8590e-03 6.7370e+01
25698.86 7.8590e-03 5.1030e+01
26587.16 5.3470e-03 3.4570e+01
27637.54 1.9560e-03 1.9410e+01
28986.97 6.9260e-04 7.9740e+00
#TIME: 337.70
#NVEL 78
#vel_mid[km/s] mg0 mg1
1060.83 5.9160e-04 3.5770e-03
1919.29 1.6840e-03 1.4820e-02
2581.60 1.1460e-03 5.7080e-02
3084.17 5.1960e-04 1.6290e-01
3472.46 7.0380e-04 3.4550e-01
3909.64 9.9990e-04 6.8320e-01
4148.46 1.1090e-03 8.7200e-01
4670.75 1.0430e-03 9.3650e-01
4956.05 4.9690e-04 6.2360e-01
5258.79 1.8080e-04 3.4500e-01
5580.02 7.1820e-05 1.8200e-01
5920.87 3.0540e-05 9.7140e-02
6282.54 1.5510e-05 6.0270e-02
6666.30 1.2010e-05 5.0860e-02
7073.50 1.2690e-05 5.5940e-02
7505.58 1.4750e-05 6.9800e-02
7964.05 2.1500e-05 9.7160e-02
8450.53 3.7020e-05 1.4880e-01
8966.72 3.3940e-05 2.2960e-01
9514.44 5.9540e-05 3.4520e-01
10095.62 1.1860e-04 5.0950e-01
10712.30 3.9790e-04 6.9110e-01
11366.65 2.5180e-04 8.5370e-01
12061.10 3.3990e-04 1.2650e+00
12793.43 3.0980e-03 4.0840e+00
13528.61 1.2880e-02 1.5190e+01
14194.74 2.9880e-02 3.7250e+01
14757.77 6.4420e-02 7.2280e+01
15240.48 1.9240e-01 1.7780e+02
15646.99 6.4270e-01 4.3370e+02
15960.30 2.1490e+00 9.4150e+02
16187.41 3.7140e+00 1.3420e+03
16354.17 5.2790e+00 1.5490e+03
16484.18 4.0600e+00 1.5250e+03
16593.12 2.5840e+00 1.3820e+03
16691.99 1.8350e+00 1.2790e+03
16788.59 2.5470e+00 1.2200e+03
16888.37 2.2520e+00 1.1770e+03
16998.79 1.5090e+00 1.1300e+03
17146.37 1.4360e+00 1.0660e+03
17415.23 1.2200e+00 9.4160e+02
17888.12 6.9750e-01 7.4140e+02
18532.37 5.0160e-01 5.9520e+02
19260.76 3.1140e-01 4.5150e+02
20034.10 1.6700e-01 3.1700e+02
20838.00 9.3230e-02 2.2510e+02
21647.97 7.0690e-02 1.7530e+02
22447.94 3.7120e-02 1.3380e+02
23245.88 2.2760e-02 1.0290e+02
24052.47 1.4470e-02 8.1270e+01
24867.72 1.0030e-02 6.4540e+01
25698.86 5.7090e-03 4.8890e+01
26587.16 4.0480e-03 3.3120e+01
27637.54 2.0620e-03 1.8590e+01
28986.97 6.8460e-04 7.6400e+00
#TIME: 342.55
#NVEL 78
#vel_mid[km/s] mg0 mg1
1060.83 6.1310e-04 3.3810e-03
1919.29 2.1960e-03 1.3620e-02
2581.60 1.1280e-03 5.4650e-02
3084.17 4.9030e-04 1.5600e-01
3472.46 7.0970e-04 3.3100e-01
3909.64 1.0660e-03 6.5440e-01
4148.46 1.1090e-03 8.3540e-01
4670.75 1.0820e-03 8.9720e-01
4956.05 4.7160e-04 5.9740e-01
5258.79 1.8420e-04 3.3050e-01
5580.02 7.4270e-05 1.7440e-01
5920.87 2.9940e-05 9.3070e-02
6282.54 1.5300e-05 5.7740e-02
6666.30 1.1650e-05 4.8730e-02
7073.50 1.2680e-05 5.3590e-02
7505.58 1.4460e-05 6.6880e-02
7964.05 2.1340e-05 9.3090e-02
8450.53 3.6840e-05 1.4260e-01
8966.72 3.4510e-05 2.2000e-01
9514.44 5.8820e-05 3.3070e-01
10095.62 1.1670e-04 4.8820e-01
10712.30 3.7420e-04 6.6210e-01
11366.65 2.4580e-04 8.1790e-01
12061.10 3.4480e-04 1.2120e+00
12793.43 2.8620e-03 3.9130e+00
13528.61 1.1610e-02 1.4550e+01
14194.74 2.9270e-02 3.5690e+01
14757.77 6.5520e-02 6.9240e+01
15240.48 1.6520e-01 1.7030e+02
15646.99 6.5500e-01 4.1550e+02
15960.30 2.3460e+00 9.0170e+02
16187.41 2.9290e+00 1.2870e+03
16354.17 4.9830e+00 1.4840e+03
16484.18 4.5040e+00 1.4610e+03
16593.12 2.5640e+00 1.3240e+03
16691.99 2.3840e+00 1.2250e+03
16788.59 1.6660e+00 1.1700e+03
16888.37 1.6450e+00 1.1280e+03
16998.79 1.8820e+00 1.0820e+03
17146.37 1.3380e+00 1.0220e+03
17415.23 1.1200e+00 9.0220e+02
17888.12 6.8750e-01 7.1030e+02
18532.37 5.1480e-01 5.7020e+02
19260.76 2.7510e-01 4.3260e+02
20034.10 1.7590e-01 3.0370e+02
20838.00 1.0420e-01 2.1560e+02
21647.97 6.9700e-02 1.6790e+02
22447.94 4.1410e-02 1.2820e+02
23245.88 2.5620e-02 9.8570e+01
24052.47 1.5790e-02 7.7860e+01
24867.72 1.1890e-02 6.1830e+01
25698.86 6.4920e-03 4.6840e+01
26587.16 3.2320e-03 3.1740e+01
27637.54 1.6070e-03 1.7810e+01
28986.97 6.7430e-04 7.3190e+00
#TIME: 347.48
#NVEL 78
#vel_mid[km/s] mg0 mg1
1060.83 6.2110e-04 3.2050e-03
1919.29 2.2770e-03 1.2880e-02
2581.60 5.5610e-04 5.2890e-02
3084.17 5.2230e-04 1.4940e-01
3472.46 6.9010e-04 3.1710e-01
3909.64 9.6390e-04 6.2700e-01
4148.46 1.0600e-03 8.0040e-01
4670.75 9.5730e-04 8.5960e-01
4956.05 5.0620e-04 5.7240e-01
5258.79 1.9420e-04 3.1670e-01
5580.02 7.4000e-05 1.6710e-01
5920.87 2.9620e-05 8.9170e-02
6282.54 1.5710e-05 5.5320e-02
6666.30 1.1730e-05 4.6690e-02
7073.50 1.2680e-05 5.1340e-02
7505.58 1.5150e-05 6.4070e-02
7964.05 2.1260e-05 8.9190e-02
8450.53 3.7890e-05 1.3660e-01
8966.72 3.2700e-05 2.1080e-01
9514.44 5.8860e-05 3.1690e-01
10095.62 1.1130e-04 4.6770e-01
10712.30 3.5580e-04 6.3440e-01
11366.65 2.4470e-04 7.8360e-01
12061.10 3.3260e-04 1.1610e+00
12793.43 2.9280e-03 3.7490e+00
13528.61 1.2520e-02 1.3940e+01
14194.74 3.0400e-02 3.4190e+01
14757.77 4.6390e-02 6.6360e+01
15240.48 2.1180e-01 1.6310e+02
15646.99 4.5070e-01 3.9830e+02
15960.30 2.1740e+00 8.6400e+02
16187.41 2.9030e+00 1.2330e+03
16354.17 3.8490e+00 1.4230e+03
16484.18 4.3640e+00 1.3990e+03
16593.12 3.5670e+00 1.2680e+03
16691.99 2.4420e+00 1.1730e+03
16788.59 1.7680e+00 1.1210e+03
16888.37 2.2980e+00 1.0800e+03
16998.79 1.5440e+00 1.0370e+03
17146.37 1.6970e+00 9.7830e+02
17415.23 1.1810e+00 8.6430e+02
17888.12 7.5780e-01 6.8050e+02
18532.37 4.7430e-01 5.4640e+02
19260.76 2.8060e-01 4.1450e+02
20034.10 1.9070e-01 2.9100e+02
20838.00 1.1780e-01 2.0660e+02
21647.97 6.6960e-02 1.6090e+02
22447.94 4.0560e-02 1.2280e+02
23245.88 2.5750e-02 9.4440e+01
24052.47 1.6700e-02 7.4600e+01
24867.72 1.1020e-02 5.9240e+01
25698.86 7.9240e-03 4.4870e+01
26587.16 4.3660e-03 3.0400e+01
27637.54 1.7190e-03 1.7070e+01
28986.97 5.9530e-04 7.0130e+00
#TIME: 352.47
#NVEL 78
#vel_mid[km/s] mg0 mg1
1060.83 7.5930e-04 2.9070e-03
1919.29 3.1370e-03 1.1380e-02
2581.60 1.3440e-03 4.9860e-02
3084.17 5.0070e-04 1.4320e-01
3472.46 7.0480e-04 3.0380e-01
3909.64 9.9230e-04 6.0070e-01
4148.46 1.1060e-03 7.6680e-01
4670.75 1.0470e-03 8.2350e-01
4956.05 4.5370e-04 5.4840e-01
5258.79 1.9530e-04 3.0340e-01
5580.02 7.4970e-05 1.6010e-01
5920.87 2.9980e-05 8.5430e-02
6282.54 1.5220e-05 5.3000e-02
6666.30 1.1670e-05 4.4730e-02
7073.50 1.2430e-05 4.9190e-02
7505.58 1.5160e-05 6.1390e-02
7964.05 2.0990e-05 8.5450e-02
8450.53 3.7660e-05 1.3090e-01
8966.72 3.3230e-05 2.0190e-01
9514.44 5.8360e-05 3.0360e-01
10095.62 1.1070e-04 4.4810e-01
10712.30 3.5940e-04 6.0780e-01
11366.65 2.2520e-04 7.5080e-01
12061.10 3.4810e-04 1.1130e+00
12793.43 2.8280e-03 3.5920e+00
13528.61 1.0400e-02 1.3360e+01
14194.74 2.6480e-02 3.2760e+01
14757.77 6.2020e-02 6.3560e+01
15240.48 1.3990e-01 1.5640e+02
15646.99 6.3910e-01 3.8140e+02
15960.30 1.5610e+00 8.2830e+02
16187.41 3.9270e+00 1.1800e+03
16354.17 3.5690e+00 1.3630e+03
16484.18 3.5870e+00 1.3410e+03
16593.12 2.3820e+00 1.2160e+03
16691.99 2.2240e+00 1.1240e+03
16788.59 2.4430e+00 1.0730e+03
16888.37 1.5470e+00 1.0360e+03
16998.79 1.9200e+00 9.9290e+02
17146.37 1.7360e+00 9.3720e+02
17415.23 1.0950e+00 8.2810e+02
17888.12 8.0310e-01 6.5190e+02
18532.37 4.7700e-01 5.2340e+02
19260.76 3.4070e-01 3.9700e+02
20034.10 1.7170e-01 2.7880e+02
20838.00 1.1910e-01 1.9790e+02
21647.97 7.1000e-02 1.5420e+02
22447.94 3.5970e-02 1.1760e+02
23245.88 2.4960e-02 9.0480e+01
24052.47 1.7170e-02 7.1470e+01
24867.72 1.1430e-02 5.6760e+01
25698.86 7.5200e-03 4.2990e+01
26587.16 4.9940e-03 2.9130e+01
27637.54 2.3570e-03 1.6350e+01
28986.97 6.8040e-04 6.7190e+00
#TIME: 357.54
#NVEL 78
#vel_mid[km/s] mg0 mg1
1060.83 1.0680e-03 2.4450e-03
1919.29 2.2400e-03 1.1670e-02
2581.60 1.4220e-03 4.7640e-02
3084.17 4.6760e-04 1.3720e-01
3472.46 7.2230e-04 2.9100e-01
3909.64 1.0370e-03 5.7540e-01
4148.46 1.1110e-03 7.3460e-01
4670.75 1.0020e-03 7.8900e-01
4956.05 4.9420e-04 5.2540e-01
5258.79 1.9610e-04 2.9070e-01
5580.02 7.3110e-05 1.5340e-01
5920.87 2.9560e-05 8.1850e-02
6282.54 1.4960e-05 5.0780e-02
6666.30 1.2050e-05 4.2860e-02
7073.50 1.2490e-05 4.7130e-02
7505.58 1.4700e-05 5.8810e-02
7964.05 2.1100e-05 8.1870e-02
8450.53 3.8160e-05 1.2540e-01
8966.72 3.3540e-05 1.9350e-01
9514.44 5.9150e-05 2.9090e-01
10095.62 1.0610e-04 4.2930e-01
10712.30 3.5590e-04 5.8230e-01
11366.65 2.3760e-04 7.1930e-01
12061.10 3.3250e-04 1.0660e+00
12793.43 2.7690e-03 3.4410e+00
13528.61 1.1210e-02 1.2800e+01
14194.74 3.2290e-02 3.1380e+01
14757.77 4.9200e-02 6.0910e+01
15240.48 1.7080e-01 1.4980e+02
15646.99 5.3520e-01 3.6550e+02
15960.30 2.0190e+00 7.9310e+02
16187.41 3.1650e+00 1.1310e+03
16354.17 4.1670e+00 1.3050e+03
16484.18 3.8210e+00 1.2850e+03
16593.12 2.4170e+00 1.1650e+03
16691.99 2.3470e+00 1.0770e+03
16788.59 2.2470e+00 1.0280e+03
16888.37 1.6260e+00 9.9200e+02
16998.79 1.7770e+00 9.5130e+02
17146.37 1.4220e+00 8.9810e+02
17415.23 1.2120e+00 7.9320e+02
17888.12 7.8930e-01 6.2450e+02
18532.37 4.9530e-01 5.0150e+02
19260.76 3.0500e-01 3.8040e+02
20034.10 1.7030e-01 2.6710e+02
20838.00 1.0400e-01 1.8960e+02
21647.97 7.7250e-02 1.4770e+02
22447.94 4.0880e-02 1.1270e+02
23245.88 2.3970e-02 8.6690e+01
24052.47 1.6050e-02 6.8480e+01
24867.72 1.1380e-02 5.4380e+01
25698.86 7.0250e-03 4.1190e+01
26587.16 4.1390e-03 2.7910e+01
27637.54 2.0330e-03 1.5670e+01
28986.97 8.4070e-04 6.4370e+00
#TIME: 362.67
#NVEL 78
#vel_mid[km/s] mg0 mg1
1060.83 9.5390e-04 2.4110e-03
1919.29 2.9230e-03 1.0400e-02
2581.60 7.3400e-04 4.6270e-02
3084.17 4.5430e-04 1.3140e-01
3472.46 6.7210e-04 2.7880e-01
3909.64 9.9980e-04 5.5130e-01
4148.46 1.0670e-03 7.0380e-01
4670.75 1.0260e-03 7.5580e-01
4956.05 5.0420e-04 5.0330e-01
5258.79 1.9300e-04 2.7850e-01
5580.02 6.9970e-05 1.4690e-01
5920.87 2.8830e-05 7.8420e-02
6282.54 1.5140e-05 4.8650e-02
6666.30 1.2080e-05 4.1060e-02
7073.50 1.2640e-05 4.5150e-02
7505.58 1.5190e-05 5.6350e-02
7964.05 2.0510e-05 7.8430e-02
8450.53 3.8060e-05 1.2020e-01
8966.72 3.3890e-05 1.8530e-01
9514.44 6.0130e-05 2.7870e-01
10095.62 1.0680e-04 4.1130e-01
10712.30 3.4760e-04 5.5790e-01
11366.65 2.3020e-04 6.8910e-01
12061.10 3.1340e-04 1.0210e+00
12793.43 2.3890e-03 3.2970e+00
13528.61 1.0790e-02 1.2260e+01
14194.74 2.5920e-02 3.0070e+01
14757.77 7.0630e-02 5.8330e+01
15240.48 1.2470e-01 1.4350e+02
15646.99 6.8220e-01 3.5000e+02
15960.30 2.0990e+00 7.5970e+02
16187.41 2.9810e+00 1.0840e+03
16354.17 3.3460e+00 1.2510e+03
16484.18 3.0190e+00 1.2320e+03
16593.12 2.5810e+00 1.1150e+03
16691.99 1.7270e+00 1.0320e+03
16788.59 3.4100e+00 9.8380e+02
16888.37 1.9700e+00 9.5000e+02
16998.79 1.4080e+00 9.1170e+02
17146.37 1.3460e+00 8.6050e+02
17415.23 1.0560e+00 7.6010e+02
17888.12 7.3380e-01 5.9840e+02
18532.37 4.6380e-01 4.8050e+02
19260.76 3.2910e-01 3.6440e+02
20034.10 1.5170e-01 2.5590e+02
20838.00 9.7190e-02 1.8170e+02
21647.97 7.9150e-02 1.4150e+02
22447.94 4.2670e-02 1.0800e+02
23245.88 2.8800e-02 8.3050e+01
24052.47 1.6170e-02 6.5610e+01
24867.72 1.1790e-02 5.2100e+01
25698.86 7.8200e-03 3.9460e+01
26587.16 3.8730e-03 2.6740e+01
27637.54 1.8110e-03 1.5010e+01
28986.97 7.3340e-04 6.1670e+00
#TIME: 367.89
#NVEL 78
#vel_mid[km/s] mg0 mg1
1060.83 1.1720e-03 2.0520e-03
1919.29 2.9700e-03 9.7960e-03
2581.60 1.4090e-03 4.3620e-02
3084.17 4.8680e-04 1.2590e-01
3472.46 6.7360e-04 2.6710e-01
3909.64 9.0160e-04 5.2830e-01
4148.46 1.0210e-03 6.7430e-01
4670.75 9.5800e-04 7.2420e-01
4956.05 5.0290e-04 4.8220e-01
5258.79 1.7440e-04 2.6680e-01
5580.02 6.7800e-05 1.4080e-01
5920.87 2.7610e-05 7.5130e-02
6282.54 1.4640e-05 4.6610e-02
6666.30 1.1960e-05 3.9340e-02
7073.50 1.2170e-05 4.3260e-02
7505.58 1.4360e-05 5.3990e-02
7964.05 2.0230e-05 7.5150e-02
8450.53 3.5540e-05 1.1510e-01
8966.72 3.2840e-05 1.7760e-01
9514.44 5.8450e-05 2.6700e-01
10095.62 1.0700e-04 3.9410e-01
10712.30 3.4280e-04 5.3450e-01
11366.65 2.1930e-04 6.6030e-01
12061.10 3.0460e-04 9.7860e-01
12793.43 2.7680e-03 3.1590e+00
13528.61 1.0990e-02 1.1750e+01
14194.74 2.4550e-02 2.8810e+01
14757.77 5.3390e-02 5.5900e+01
15240.48 1.6130e-01 1.3750e+02
15646.99 4.0890e-01 3.3560e+02
15960.30 1.2690e+00 7.2860e+02
16187.41 2.9060e+00 1.0380e+03
16354.17 3.3860e+00 1.1990e+03
16484.18 4.1750e+00 1.1790e+03
16593.12 2.1530e+00 1.0690e+03
16691.99 1.4400e+00 9.8920e+02
16788.59 2.3150e+00 9.4350e+02
16888.37 2.0150e+00 9.1010e+02
16998.79 1.6940e+00 8.7320e+02
17146.37 1.1060e+00 8.2460e+02
17415.23 9.7770e-01 7.2830e+02
17888.12 5.4150e-01 5.7350e+02
18532.37 4.4990e-01 4.6030e+02
19260.76 2.9090e-01 3.4920e+02
20034.10 1.7150e-01 2.4520e+02
20838.00 1.0920e-01 1.7410e+02
21647.97 7.0710e-02 1.3560e+02
22447.94 4.0210e-02 1.0350e+02
23245.88 2.6360e-02 7.9570e+01
24052.47 1.7310e-02 6.2860e+01
24867.72 8.7590e-03 4.9920e+01
25698.86 7.6650e-03 3.7810e+01
26587.16 4.0960e-03 2.5620e+01
27637.54 2.0780e-03 1.4380e+01
28986.97 6.7200e-04 5.9090e+00
#TIME: 373.18
#NVEL 78
#vel_mid[km/s] mg0 mg1
1060.83 1.3250e-03 1.7650e-03
1919.29 3.4180e-03 8.8140e-03
2581.60 1.3700e-03 4.1780e-02
3084.17 3.5240e-04 1.2070e-01
3472.46 7.0610e-04 2.5580e-01
3909.64 9.4040e-04 5.0610e-01
4148.46 9.8810e-04 6.4600e-01
4670.75 9.5590e-04 6.9380e-01
4956.05 4.3100e-04 4.6200e-01
5258.79 1.7360e-04 2.5560e-01
5580.02 7.0700e-05 1.3490e-01
5920.87 2.7040e-05 7.1980e-02
6282.54 1.5110e-05 4.4660e-02
6666.30 1.1800e-05 3.7690e-02
7073.50 1.2620e-05 4.1450e-02
7505.58 1.4990e-05 5.1720e-02
7964.05 2.0400e-05 7.2000e-02
8450.53 3.6350e-05 1.1030e-01
8966.72 3.2780e-05 1.7010e-01
9514.44 5.6470e-05 2.5580e-01
10095.62 1.0270e-04 3.7760e-01
10712.30 3.3950e-04 5.1210e-01
11366.65 2.1270e-04 6.3260e-01
12061.10 3.0110e-04 9.3760e-01
12793.43 2.3070e-03 3.0260e+00
13528.61 1.0100e-02 1.1260e+01
14194.74 2.6910e-02 2.7600e+01
14757.77 5.1020e-02 5.3560e+01
15240.48 1.5340e-01 1.3170e+02
15646.99 7.5690e-01 3.2110e+02
15960.30 2.0910e+00 6.9720e+02
16187.41 3.9750e+00 9.9350e+02
16354.17 4.1730e+00 1.1470e+03
16484.18 2.8310e+00 1.1300e+03
16593.12 2.4720e+00 1.0240e+03
16691.99 1.8810e+00 9.4720e+02
16788.59 1.6980e+00 9.0450e+02
16888.37 1.5710e+00 8.7230e+02
16998.79 2.1020e+00 8.3610e+02
17146.37 1.4330e+00 7.8970e+02
17415.23 9.9170e-01 6.9770e+02
17888.12 5.4600e-01 5.4940e+02
18532.37 3.9210e-01 4.4110e+02
19260.76 2.5780e-01 3.3460e+02
20034.10 1.7210e-01 2.3490e+02
20838.00 1.0680e-01 1.6680e+02
21647.97 7.5280e-02 1.2990e+02
22447.94 4.1020e-02 9.9120e+01
23245.88 2.3290e-02 7.6240e+01
24052.47 1.3440e-02 6.0220e+01
24867.72 9.0100e-03 4.7830e+01
25698.86 6.9470e-03 3.6230e+01
26587.16 3.5620e-03 2.4550e+01
27637.54 2.0260e-03 1.3780e+01
28986.97 6.4990e-04 5.6610e+00
#TIME: 378.54
#NVEL 78
#vel_mid[km/s] mg0 mg1
1060.83 7.9680e-04 2.1630e-03
1919.29 3.5620e-03 8.1570e-03
2581.60 8.5530e-04 4.0480e-02
3084.17 9.0350e-04 1.1510e-01
3472.46 7.1310e-04 2.4510e-01
3909.64 9.9390e-04 4.8470e-01
4148.46 9.8880e-04 6.1890e-01
4670.75 9.5040e-04 6.6470e-01
4956.05 4.4400e-04 4.4260e-01
5258.79 1.8250e-04 2.4490e-01
5580.02 7.0380e-05 1.2920e-01
5920.87 2.9670e-05 6.8960e-02
6282.54 1.5140e-05 4.2790e-02
6666.30 1.1610e-05 3.6110e-02
7073.50 1.1910e-05 3.9710e-02
7505.58 1.4650e-05 4.9550e-02
7964.05 2.0670e-05 6.8980e-02
8450.53 3.6840e-05 1.0570e-01
8966.72 3.2390e-05 1.6300e-01
9514.44 5.4910e-05 2.4510e-01
10095.62 1.0270e-04 3.6170e-01
10712.30 3.3170e-04 4.9060e-01
11366.65 2.1760e-04 6.0610e-01
12061.10 2.9840e-04 8.9830e-01
12793.43 2.5930e-03 2.8990e+00
13528.61 1.1110e-02 1.0780e+01
14194.74 2.2270e-02 2.6450e+01
14757.77 5.5310e-02 5.1310e+01
15240.48 2.1010e-01 1.2610e+02
15646.99 4.6470e-01 3.0790e+02
15960.30 1.7220e+00 6.6820e+02
16187.41 2.3520e+00 9.5330e+02
16354.17 3.6230e+00 1.1000e+03
16484.18 3.0120e+00 1.0830e+03
16593.12 2.0320e+00 9.8130e+02
16691.99 1.4300e+00 9.0790e+02
16788.59 1.2800e+00 8.6690e+02
16888.37 1.7720e+00 8.3550e+02
16998.79 1.2430e+00 8.0180e+02
17146.37 1.2450e+00 7.5670e+02
17415.23 8.9200e-01 6.6850e+02
17888.12 5.8600e-01 5.2630e+02
18532.37 4.1760e-01 4.2250e+02
19260.76 2.8090e-01 3.2050e+02
20034.10 1.8830e-01 2.2500e+02
20838.00 1.0340e-01 1.5980e+02
21647.97 5.9500e-02 1.2440e+02
22447.94 3.6010e-02 9.4960e+01
23245.88 2.0730e-02 7.3040e+01
24052.47 1.5760e-02 5.7700e+01
24867.72 8.6880e-03 4.5820e+01
25698.86 5.7660e-03 3.4710e+01
26587.16 4.0650e-03 2.3520e+01
27637.54 2.0670e-03 1.3200e+01
28986.97 8.3920e-04 5.4240e+00
#TIME: 383.98
#NVEL 78
#vel_mid[km/s] mg0 mg1
1060.83 1.2280e-03 1.6080e-03
1919.29 3.9860e-03 7.2420e-03
2581.60 1.6540e-03 3.7950e-02
3084.17 9.6020e-04 1.1020e-01
3472.46 7.0410e-04 2.3480e-01
3909.64 1.0790e-03 4.6430e-01
4148.46 9.8960e-04 5.9290e-01
4670.75 9.8190e-04 6.3680e-01
4956.05 4.4140e-04 4.2410e-01
5258.79 1.8560e-04 2.3460e-01
5580.02 7.3230e-05 1.2380e-01
5920.87 2.9440e-05 6.6070e-02
6282.54 1.5320e-05 4.0990e-02
6666.30 1.1520e-05 3.4600e-02
7073.50 1.1880e-05 3.8050e-02
7505.58 1.4020e-05 4.7480e-02
7964.05 2.0400e-05 6.6090e-02
8450.53 3.5680e-05 1.0120e-01
8966.72 3.2140e-05 1.5620e-01
9514.44 5.6550e-05 2.3480e-01
10095.62 1.0670e-04 3.4660e-01
10712.30 3.2750e-04 4.7000e-01
11366.65 2.1320e-04 5.8070e-01
12061.10 2.7070e-04 8.6060e-01
12793.43 2.3780e-03 2.7780e+00
13528.61 9.7660e-03 1.0330e+01
14194.74 3.2420e-02 2.5330e+01
14757.77 4.7020e-02 4.9160e+01
15240.48 1.3930e-01 1.2090e+02
15646.99 7.6940e-01 2.9470e+02
15960.30 1.4220e+00 6.4050e+02
16187.41 3.5520e+00 9.1200e+02
16354.17 4.3580e+00 1.0530e+03
16484.18 2.8040e+00 1.0370e+03
16593.12 2.4400e+00 9.3970e+02
16691.99 1.4740e+00 8.6980e+02
16788.59 2.0600e+00 8.2970e+02
16888.37 2.0270e+00 8.0010e+02
16998.79 1.3540e+00 7.6810e+02
17146.37 1.1140e+00 7.2510e+02
17415.23 9.1110e-01 6.4040e+02
17888.12 5.9570e-01 5.0420e+02
18532.37 3.8140e-01 4.0490e+02
19260.76 2.8760e-01 3.0710e+02
20034.10 1.4820e-01 2.1560e+02
20838.00 1.0330e-01 1.5310e+02
21647.97 6.0170e-02 1.1920e+02
22447.94 4.2400e-02 9.0980e+01
23245.88 2.4060e-02 6.9980e+01
24052.47 1.6360e-02 5.5280e+01
24867.72 8.8330e-03 4.3900e+01
25698.86 6.5820e-03 3.3250e+01
26587.16 3.3770e-03 2.2530e+01
27637.54 1.9620e-03 1.2650e+01
28986.97 9.3530e-04 5.1960e+00
#TIME: 389.50
#NVEL 78
#vel_mid[km/s] mg0 mg1
1060.83 8.6390e-04 1.8530e-03
1919.29 3.5260e-03 7.2310e-03
2581.60 1.1000e-03 3.6850e-02
3084.17 8.6350e-04 1.0560e-01
3472.46 7.2910e-04 2.2490e-01
3909.64 9.5710e-04 4.4490e-01
4148.46 1.0880e-03 5.6790e-01
4670.75 9.8190e-04 6.1000e-01
4956.05 4.7260e-04 4.0630e-01
5258.79 1.8650e-04 2.2480e-01
5580.02 7.5580e-05 1.1860e-01
5920.87 3.0760e-05 6.3300e-02
6282.54 1.5270e-05 3.9270e-02
6666.30 1.1560e-05 3.3150e-02
7073.50 1.2720e-05 3.6450e-02
7505.58 1.4470e-05 4.5490e-02
7964.05 2.0260e-05 6.3320e-02
8450.53 3.5630e-05 9.7000e-02
8966.72 3.1930e-05 1.4960e-01
9514.44 5.5290e-05 2.2500e-01
10095.62 9.9290e-05 3.3200e-01
10712.30 3.2190e-04 4.5030e-01
11366.65 1.9920e-04 5.5630e-01
12061.10 2.9330e-04 8.2450e-01
12793.43 2.7030e-03 2.6610e+00
13528.61 1.1470e-02 9.8970e+00
14194.74 2.5070e-02 2.4270e+01
14757.77 5.4600e-02 4.7090e+01
15240.48 2.3490e-01 1.1570e+02
15646.99 5.3430e-01 2.8260e+02
15960.30 2.4190e+00 6.1260e+02
16187.41 2.7040e+00 8.7450e+02
16354.17 3.2000e+00 1.0100e+03
16484.18 4.2890e+00 9.9240e+02
16593.12 3.8350e+00 8.9880e+02
16691.99 2.1640e+00 8.3260e+02
16788.59 2.0590e+00 7.9490e+02
16888.37 2.1150e+00 7.6640e+02
16998.79 1.4860e+00 7.3570e+02
17146.37 1.5350e+00 6.9420e+02
17415.23 7.3710e-01 6.1370e+02
17888.12 6.6970e-01 4.8300e+02
18532.37 4.1860e-01 3.8780e+02
19260.76 2.9300e-01 2.9420e+02
20034.10 1.5280e-01 2.0660e+02
20838.00 1.0500e-01 1.4660e+02
21647.97 6.9760e-02 1.1420e+02
22447.94 3.0770e-02 8.7170e+01
23245.88 2.1460e-02 6.7050e+01
24052.47 1.4890e-02 5.2960e+01
24867.72 1.1750e-02 4.2060e+01
25698.86 7.2500e-03 3.1860e+01
26587.16 3.6880e-03 2.1590e+01
27637.54 1.9350e-03 1.2120e+01
28986.97 7.0280e-04 4.9790e+00
#TIME: 395.10
#NVEL 78
#vel_mid[km/s] mg0 mg1
1060.83 8.6520e-04 1.7380e-03
1919.29 3.5390e-03 6.7680e-03
2581.60 2.5820e-03 3.3770e-02
3084.17 7.6600e-04 1.0120e-01
3472.46 6.8770e-04 2.1550e-01
3909.64 9.3340e-04 4.2630e-01
4148.46 1.1120e-03 5.4410e-01
4670.75 9.7140e-04 5.8440e-01
4956.05 4.4410e-04 3.8920e-01
5258.79 1.8130e-04 2.1540e-01
5580.02 7.4310e-05 1.1360e-01
5920.87 2.9030e-05 6.0650e-02
6282.54 1.5360e-05 3.7630e-02
6666.30 1.1890e-05 3.1760e-02
7073.50 1.2260e-05 3.4920e-02
7505.58 1.4990e-05 4.3580e-02
7964.05 2.0530e-05 6.0660e-02
8450.53 3.5430e-05 9.2930e-02
8966.72 3.2510e-05 1.4340e-01
9514.44 5.4560e-05 2.1550e-01
10095.62 1.0010e-04 3.1810e-01
10712.30 3.2150e-04 4.3140e-01
11366.65 2.1030e-04 5.3300e-01
12061.10 2.9310e-04 7.9000e-01
12793.43 2.2300e-03 2.5500e+00
13528.61 9.8350e-03 9.4830e+00
14194.74 2.6100e-02 2.3250e+01
14757.77 4.9910e-02 4.5120e+01
15240.48 1.5300e-01 1.1100e+02
15646.99 7.3950e-01 2.7050e+02
15960.30 1.4890e+00 5.8770e+02
16187.41 3.4210e+00 8.3700e+02
16354.17 4.2840e+00 9.6600e+02
16484.18 4.2840e+00 9.5060e+02
16593.12 2.1670e+00 8.6260e+02
16691.99 1.8790e+00 7.9790e+02
16788.59 1.5300e+00 7.6200e+02
16888.37 1.5830e+00 7.3470e+02
16998.79 1.4010e+00 7.0490e+02
17146.37 1.2950e+00 6.6530e+02
17415.23 8.9940e-01 5.8780e+02
17888.12 5.0910e-01 4.6290e+02
18532.37 4.3830e-01 3.7150e+02
19260.76 2.9820e-01 2.8180e+02
20034.10 1.5750e-01 1.9790e+02
20838.00 6.1280e-02 1.4050e+02
21647.97 5.4660e-02 1.0940e+02
22447.94 3.9070e-02 8.3510e+01
23245.88 2.3470e-02 6.4230e+01
24052.47 1.3600e-02 5.0740e+01
24867.72 9.2530e-03 4.0300e+01
25698.86 5.7200e-03 3.0520e+01
26587.16 3.6490e-03 2.0680e+01
27637.54 1.8780e-03 1.1610e+01
28986.97 8.1620e-04 4.7700e+00
#TIME: 400.78
#NVEL 78
#vel_mid[km/s] mg0 mg1
1060.83 7.2160e-04 1.7720e-03
1919.29 3.7250e-03 6.1500e-03
2581.60 1.2910e-03 3.3540e-02
3084.17 4.2330e-04 9.7320e-02
3472.46 7.3850e-04 2.0640e-01
3909.64 9.2820e-04 4.0840e-01
4148.46 1.0360e-03 5.2130e-01
4670.75 9.6230e-04 5.5990e-01
4956.05 4.6970e-04 3.7290e-01
5258.79 1.7730e-04 2.0630e-01
5580.02 7.0930e-05 1.0890e-01
5920.87 2.9420e-05 5.8100e-02
6282.54 1.5550e-05 3.6050e-02
6666.30 1.1740e-05 3.0420e-02
7073.50 1.2620e-05 3.3460e-02
7505.58 1.4390e-05 4.1750e-02
7964.05 2.0490e-05 5.8120e-02
8450.53 3.5980e-05 8.9030e-02
8966.72 3.2320e-05 1.3730e-01
9514.44 5.4810e-05 2.0650e-01
10095.62 9.6280e-05 3.0480e-01
10712.30 3.0820e-04 4.1340e-01
11366.65 2.0220e-04 5.1070e-01
12061.10 2.5730e-04 7.5690e-01
12793.43 2.6940e-03 2.4420e+00
13528.61 1.1080e-02 9.0840e+00
14194.74 2.9750e-02 2.2270e+01
14757.77 5.4430e-02 4.3220e+01
15240.48 2.0700e-01 1.0630e+02
15646.99 4.3040e-01 2.5940e+02
15960.30 2.1580e+00 5.6240e+02
16187.41 2.2760e+00 8.0290e+02
16354.17 2.4280e+00 9.2720e+02
16484.18 2.5380e+00 9.1240e+02
16593.12 2.5500e+00 8.2600e+02
16691.99 1.5910e+00 7.6460e+02
16788.59 1.7770e+00 7.2980e+02
16888.37 1.4700e+00 7.0400e+02
16998.79 1.6200e+00 6.7510e+02
17146.37 1.3750e+00 6.3730e+02
17415.23 9.3470e-01 5.6310e+02
17888.12 6.5310e-01 4.4330e+02
18532.37 4.1350e-01 3.5600e+02
19260.76 3.0800e-01 2.7000e+02
20034.10 1.5580e-01 1.8960e+02
20838.00 9.4350e-02 1.3460e+02
21647.97 6.5480e-02 1.0480e+02
22447.94 3.3360e-02 8.0020e+01
23245.88 2.2120e-02 6.1540e+01
24052.47 1.3350e-02 4.8620e+01
24867.72 8.1990e-03 3.8610e+01
25698.86 5.6860e-03 2.9240e+01
26587.16 3.7910e-03 1.9810e+01
27637.54 1.7920e-03 1.1120e+01
28986.97 6.3030e-04 4.5700e+00
