#NTIMES: 4
#NSTAGES: 8
#TIMES[d]: 5.0 10.0 15.0 20.0
#
#TIME: 5.0
#NVEL: 18
#vel_mid[km/s] Ca0 Ca1 Ca2 Ca3 Ca4 Ca5 Ca6 Ca7
1.754780E+04 5.903649E-14 1.468166E-05 9.999853E-01 8.897683E-14 0.000000E+00 0.000000E+00 0.000000E+00 0.000000E+00
1.788812E+04 4.763316E-14 1.379511E-05 9.999862E-01 9.782300E-14 0.000000E+00 0.000000E+00 0.000000E+00 0.000000E+00
1.853238E+04 5.882633E-14 1.680304E-05 9.999832E-01 5.327744E-14 0.000000E+00 0.000000E+00 0.000000E+00 0.000000E+00
1.926078E+04 6.984394E-14 2.014675E-05 9.999799E-01 2.514595E-14 0.000000E+00 0.000000E+00 0.000000E+00 0.000000E+00
2.003410E+04 7.134438E-14 2.228619E-05 9.999777E-01 1.245502E-14 0.000000E+00 0.000000E+00 0.000000E+00 0.000000E+00
2.083800E+04 7.265068E-14 2.453876E-05 9.999755E-01 5.775345E-15 0.000000E+00 0.000000E+00 0.000000E+00 0.000000E+00
2.164798E+04 8.424554E-14 2.889752E-05 9.999711E-01 2.184448E-15 0.000000E+00 0.000000E+00 0.000000E+00 0.000000E+00
2.244795E+04 8.847155E-14 3.253887E-05 9.999675E-01 7.466959E-16 0.000000E+00 0.000000E+00 0.000000E+00 0.000000E+00
2.324590E+04 8.509598E-14 3.480782E-05 9.999652E-01 2.827413E-16 0.000000E+00 0.000000E+00 0.000000E+00 0.000000E+00
2.405250E+04 8.437944E-14 3.760891E-05 9.999624E-01 1.094438E-16 0.000000E+00 0.000000E+00 0.000000E+00 0.000000E+00
2.486775E+04 8.778574E-14 4.142595E-05 9.999586E-01 4.300450E-17 0.000000E+00 0.000000E+00 0.000000E+00 0.000000E+00
2.569888E+04 9.470296E-14 4.669484E-05 9.999533E-01 1.489321E-17 0.000000E+00 0.000000E+00 0.000000E+00 0.000000E+00
2.658715E+04 1.008223E-13 5.271899E-05 9.999473E-01 4.541882E-18 0.000000E+00 0.000000E+00 0.000000E+00 0.000000E+00
2.763753E+04 1.076118E-13 6.058712E-05 9.999394E-01 1.073177E-18 0.000000E+00 0.000000E+00 0.000000E+00 0.000000E+00
2.898698E+04 1.310340E-13 7.691451E-05 9.999231E-01 1.464855E-19 0.000000E+00 0.000000E+00 0.000000E+00 0.000000E+00
3.065218E+04 1.619635E-13 1.019597E-04 9.998980E-01 1.150900E-20 0.000000E+00 0.000000E+00 0.000000E+00 0.000000E+00
3.251555E+04 1.622505E-13 1.227383E-04 9.998773E-01 8.685596E-22 0.000000E+00 0.000000E+00 0.000000E+00 0.000000E+00
3.423965E+04 1.384578E-13 1.342323E-04 9.998658E-01 8.601438E-23 0.000000E+00 0.000000E+00 0.000000E+00 0.000000E+00
#
#TIME: 10.0
#NVEL: 31
#vel_mid[km/s] Ca0 Ca1 Ca2 Ca3 Ca4 Ca5 Ca6 Ca7
1.500755E+04 2.187253E-16 5.579964E-07 9.999994E-01 5.902654E-10 1.366234E-26 0.000000E+00 0.000000E+00 0.000000E+00
1.524048E+04 3.237475E-16 7.272281E-07 9.999993E-01 2.860828E-10 2.671722E-27 0.000000E+00 0.000000E+00 0.000000E+00
1.564700E+04 1.024460E-15 1.484532E-06 9.999985E-01 3.349049E-11 0.000000E+00 0.000000E+00 0.000000E+00 0.000000E+00
1.596030E+04 4.222241E-15 3.441397E-06 9.999966E-01 3.182894E-12 0.000000E+00 0.000000E+00 0.000000E+00 0.000000E+00
1.618740E+04 1.002403E-14 5.957692E-06 9.999940E-01 4.868326E-13 0.000000E+00 0.000000E+00 0.000000E+00 0.000000E+00
1.635415E+04 1.653869E-14 8.359182E-06 9.999916E-01 1.290898E-13 0.000000E+00 0.000000E+00 0.000000E+00 0.000000E+00
1.648418E+04 1.925242E-14 9.624584E-06 9.999904E-01 5.456918E-14 0.000000E+00 0.000000E+00 0.000000E+00 0.000000E+00
1.659312E+04 1.735976E-14 9.496029E-06 9.999905E-01 3.811286E-14 0.000000E+00 0.000000E+00 0.000000E+00 0.000000E+00
1.669200E+04 1.580140E-14 9.336828E-06 9.999907E-01 2.866569E-14 0.000000E+00 0.000000E+00 0.000000E+00 0.000000E+00
1.678858E+04 1.507728E-14 9.351465E-06 9.999906E-01 2.265678E-14 0.000000E+00 0.000000E+00 0.000000E+00 0.000000E+00
1.688835E+04 1.488100E-14 9.537975E-06 9.999905E-01 1.730532E-14 0.000000E+00 0.000000E+00 0.000000E+00 0.000000E+00
1.699880E+04 1.456041E-14 9.693732E-06 9.999903E-01 1.299818E-14 0.000000E+00 0.000000E+00 0.000000E+00 0.000000E+00
1.714640E+04 1.428737E-14 9.898681E-06 9.999901E-01 9.642900E-15 0.000000E+00 0.000000E+00 0.000000E+00 0.000000E+00
1.741525E+04 1.367183E-14 1.015040E-05 9.999898E-01 6.178232E-15 0.000000E+00 0.000000E+00 0.000000E+00 0.000000E+00
1.788812E+04 1.214218E-14 1.029588E-05 9.999897E-01 3.114967E-15 0.000000E+00 0.000000E+00 0.000000E+00 0.000000E+00
1.853238E+04 1.320938E-14 1.169652E-05 9.999883E-01 1.247495E-15 0.000000E+00 0.000000E+00 0.000000E+00 0.000000E+00
1.926078E+04 1.397251E-14 1.313132E-05 9.999869E-01 4.851691E-16 0.000000E+00 0.000000E+00 0.000000E+00 0.000000E+00
2.003410E+04 1.279971E-14 1.364246E-05 9.999864E-01 2.126203E-16 0.000000E+00 0.000000E+00 0.000000E+00 0.000000E+00
2.083800E+04 1.194804E-14 1.429404E-05 9.999857E-01 8.981853E-17 0.000000E+00 0.000000E+00 0.000000E+00 0.000000E+00
2.164798E+04 1.277966E-14 1.606449E-05 9.999839E-01 3.257596E-17 0.000000E+00 0.000000E+00 0.000000E+00 0.000000E+00
2.244795E+04 1.194738E-14 1.683573E-05 9.999832E-01 1.268200E-17 0.000000E+00 0.000000E+00 0.000000E+00 0.000000E+00
2.324590E+04 1.027954E-14 1.680500E-05 9.999832E-01 5.617704E-18 0.000000E+00 0.000000E+00 0.000000E+00 0.000000E+00
2.405250E+04 9.228009E-15 1.706665E-05 9.999829E-01 2.548063E-18 0.000000E+00 0.000000E+00 0.000000E+00 0.000000E+00
2.486775E+04 8.775375E-15 1.777653E-05 9.999822E-01 1.169827E-18 0.000000E+00 0.000000E+00 0.000000E+00 0.000000E+00
2.569888E+04 8.482657E-15 1.868659E-05 9.999813E-01 5.165796E-19 0.000000E+00 0.000000E+00 0.000000E+00 0.000000E+00
2.658715E+04 7.900630E-15 1.935994E-05 9.999806E-01 2.178213E-19 0.000000E+00 0.000000E+00 0.000000E+00 0.000000E+00
2.763753E+04 6.952409E-15 1.957090E-05 9.999804E-01 9.151732E-20 0.000000E+00 0.000000E+00 0.000000E+00 0.000000E+00
2.898698E+04 6.311566E-15 2.041704E-05 9.999796E-01 3.086440E-20 0.000000E+00 0.000000E+00 0.000000E+00 0.000000E+00
3.065218E+04 5.118316E-15 2.041961E-05 9.999796E-01 9.185364E-21 0.000000E+00 0.000000E+00 0.000000E+00 0.000000E+00
3.251555E+04 3.179326E-15 1.787057E-05 9.999821E-01 3.200175E-21 0.000000E+00 0.000000E+00 0.000000E+00 0.000000E+00
3.423965E+04 1.678050E-15 1.416976E-05 9.999858E-01 1.518623E-21 0.000000E+00 0.000000E+00 0.000000E+00 0.000000E+00
#
#TIME: 15.0
#NVEL: 39
#vel_mid[km/s] Ca0 Ca1 Ca2 Ca3 Ca4 Ca5 Ca6 Ca7
9.648220E+03 4.002407E-18 2.528013E-08 9.971406E-01 2.859404E-03 5.292841E-11 3.298153E-24 0.000000E+00 0.000000E+00
1.009565E+04 4.464088E-18 2.773635E-08 9.949563E-01 5.043651E-03 2.243470E-10 4.664446E-23 0.000000E+00 0.000000E+00
1.071233E+04 6.423033E-18 3.687838E-08 9.971058E-01 2.894158E-03 6.773696E-11 6.842084E-24 0.000000E+00 0.000000E+00
1.136668E+04 1.038124E-17 5.465339E-08 9.993674E-01 6.325318E-04 2.068415E-12 1.843399E-26 0.000000E+00 0.000000E+00
1.206113E+04 1.922536E-17 9.285180E-08 9.999573E-01 4.259060E-05 3.875838E-15 0.000000E+00 0.000000E+00 0.000000E+00
1.279345E+04 4.607491E-17 1.954999E-07 9.999991E-01 6.646961E-07 2.294001E-19 0.000000E+00 0.000000E+00 0.000000E+00
1.352863E+04 1.453446E-16 4.797031E-07 9.999995E-01 6.026539E-09 3.846625E-24 0.000000E+00 0.000000E+00 0.000000E+00
1.419473E+04 3.389574E-16 9.345014E-07 9.999991E-01 1.664856E-10 0.000000E+00 0.000000E+00 0.000000E+00 0.000000E+00
1.475775E+04 5.132691E-16 1.344040E-06 9.999987E-01 1.784039E-11 0.000000E+00 0.000000E+00 0.000000E+00 0.000000E+00
1.524048E+04 9.669925E-16 2.068388E-06 9.999979E-01 2.920329E-12 0.000000E+00 0.000000E+00 0.000000E+00 0.000000E+00
1.564700E+04 2.545959E-15 3.718153E-06 9.999963E-01 4.568430E-13 0.000000E+00 0.000000E+00 0.000000E+00 0.000000E+00
1.596030E+04 9.012265E-15 7.737714E-06 9.999923E-01 6.171034E-14 0.000000E+00 0.000000E+00 0.000000E+00 0.000000E+00
1.618740E+04 1.954093E-14 1.250553E-05 9.999875E-01 1.166834E-14 0.000000E+00 0.000000E+00 0.000000E+00 0.000000E+00
1.635415E+04 3.086812E-14 1.694552E-05 9.999831E-01 3.283445E-15 0.000000E+00 0.000000E+00 0.000000E+00 0.000000E+00
1.648418E+04 3.523547E-14 1.919911E-05 9.999808E-01 1.367732E-15 0.000000E+00 0.000000E+00 0.000000E+00 0.000000E+00
1.659312E+04 3.164799E-14 1.890502E-05 9.999811E-01 8.650791E-16 0.000000E+00 0.000000E+00 0.000000E+00 0.000000E+00
1.669200E+04 2.789996E-14 1.817059E-05 9.999818E-01 6.968764E-16 0.000000E+00 0.000000E+00 0.000000E+00 0.000000E+00
1.678858E+04 2.615080E-14 1.797541E-05 9.999820E-01 5.582573E-16 0.000000E+00 0.000000E+00 0.000000E+00 0.000000E+00
1.688835E+04 2.590694E-14 1.840578E-05 9.999816E-01 3.834145E-16 0.000000E+00 0.000000E+00 0.000000E+00 0.000000E+00
1.699880E+04 2.481558E-14 1.843762E-05 9.999816E-01 2.939829E-16 0.000000E+00 0.000000E+00 0.000000E+00 0.000000E+00
1.714640E+04 2.373986E-14 1.853922E-05 9.999815E-01 2.125535E-16 0.000000E+00 0.000000E+00 0.000000E+00 0.000000E+00
1.741525E+04 2.248547E-14 1.890917E-05 9.999811E-01 1.236963E-16 0.000000E+00 0.000000E+00 0.000000E+00 0.000000E+00
1.788812E+04 1.886275E-14 1.848681E-05 9.999815E-01 6.368340E-17 0.000000E+00 0.000000E+00 0.000000E+00 0.000000E+00
1.853238E+04 1.946924E-14 2.031480E-05 9.999797E-01 2.524889E-17 0.000000E+00 0.000000E+00 0.000000E+00 0.000000E+00
1.926078E+04 1.957087E-14 2.208777E-05 9.999779E-01 9.818210E-18 0.000000E+00 0.000000E+00 0.000000E+00 0.000000E+00
2.003410E+04 1.781691E-14 2.291777E-05 9.999771E-01 3.740547E-18 0.000000E+00 0.000000E+00 0.000000E+00 0.000000E+00
2.083800E+04 1.661242E-14 2.405141E-05 9.999759E-01 1.392609E-18 0.000000E+00 0.000000E+00 0.000000E+00 0.000000E+00
2.164798E+04 1.761391E-14 2.690947E-05 9.999731E-01 4.758654E-19 0.000000E+00 0.000000E+00 0.000000E+00 0.000000E+00
2.244795E+04 1.583164E-14 2.749272E-05 9.999725E-01 1.976919E-19 0.000000E+00 0.000000E+00 0.000000E+00 0.000000E+00
2.324590E+04 1.293374E-14 2.653078E-05 9.999735E-01 9.861216E-20 0.000000E+00 0.000000E+00 0.000000E+00 0.000000E+00
2.405250E+04 1.122655E-14 2.638404E-05 9.999736E-01 4.687334E-20 0.000000E+00 0.000000E+00 0.000000E+00 0.000000E+00
2.486775E+04 1.019950E-14 2.670527E-05 9.999733E-01 2.348701E-20 0.000000E+00 0.000000E+00 0.000000E+00 0.000000E+00
2.569888E+04 9.255381E-15 2.694483E-05 9.999731E-01 1.223263E-20 0.000000E+00 0.000000E+00 0.000000E+00 0.000000E+00
2.658715E+04 8.343011E-15 2.734313E-05 9.999727E-01 5.518537E-21 0.000000E+00 0.000000E+00 0.000000E+00 0.000000E+00
2.763753E+04 6.963964E-15 2.668395E-05 9.999733E-01 2.708694E-21 0.000000E+00 0.000000E+00 0.000000E+00 0.000000E+00
2.898698E+04 5.991748E-15 2.683154E-05 9.999732E-01 1.090646E-21 0.000000E+00 0.000000E+00 0.000000E+00 0.000000E+00
3.065218E+04 4.406896E-15 2.507579E-05 9.999749E-01 0.000000E+00 0.000000E+00 0.000000E+00 0.000000E+00 0.000000E+00
3.251555E+04 2.476103E-15 2.049045E-05 9.999795E-01 0.000000E+00 0.000000E+00 0.000000E+00 0.000000E+00 0.000000E+00
3.423965E+04 1.246089E-15 1.573528E-05 9.999843E-01 0.000000E+00 0.000000E+00 0.000000E+00 0.000000E+00 0.000000E+00
#
#TIME: 20.0
#NVEL: 45
#vel_mid[km/s] Ca0 Ca1 Ca2 Ca3 Ca4 Ca5 Ca6 Ca7
6.681933E+03 1.244916E-18 1.232862E-08 9.680646E-01 3.193536E-02 1.410107E-08 4.497394E-20 0.000000E+00 0.000000E+00
7.073503E+03 1.219414E-18 1.223013E-08 9.309272E-01 6.907267E-02 9.996048E-08 1.569208E-18 0.000000E+00 0.000000E+00
7.505583E+03 1.236585E-18 1.278129E-08 9.174138E-01 8.258599E-02 1.644380E-07 4.101324E-18 0.000000E+00 0.000000E+00
7.964053E+03 1.362447E-18 1.419745E-08 9.235949E-01 7.640496E-02 1.432871E-07 3.495201E-18 0.000000E+00 0.000000E+00
8.450525E+03 1.734800E-18 1.721551E-08 9.435631E-01 5.643685E-02 7.314018E-08 1.189471E-18 0.000000E+00 0.000000E+00
8.966715E+03 2.238236E-18 2.114677E-08 9.635868E-01 3.641319E-02 2.709928E-08 2.315914E-19 0.000000E+00 0.000000E+00
9.514450E+03 2.970082E-18 2.659376E-08 9.809171E-01 1.908291E-02 6.180121E-09 1.946387E-20 0.000000E+00 0.000000E+00
1.009565E+04 4.658234E-18 3.715447E-08 9.939016E-01 6.098364E-03 4.510046E-10 2.321717E-22 0.000000E+00 0.000000E+00
1.071233E+04 8.548776E-18 5.814206E-08 9.990151E-01 9.847961E-04 6.754249E-12 1.808130E-25 0.000000E+00 0.000000E+00
1.136668E+04 1.904411E-17 1.074717E-07 9.999484E-01 5.145487E-05 7.156514E-15 0.000000E+00 0.000000E+00 0.000000E+00
1.206113E+04 4.697055E-17 2.267402E-07 9.999990E-01 7.830319E-07 4.021545E-19 0.000000E+00 0.000000E+00 0.000000E+00
1.279345E+04 1.649452E-16 5.860855E-07 9.999994E-01 6.123872E-09 4.825921E-24 0.000000E+00 0.000000E+00 0.000000E+00
1.352863E+04 4.821640E-16 1.295250E-06 9.999987E-01 1.197979E-10 0.000000E+00 0.000000E+00 0.000000E+00 0.000000E+00
1.419473E+04 8.751977E-16 2.089793E-06 9.999979E-01 8.248967E-12 0.000000E+00 0.000000E+00 0.000000E+00 0.000000E+00
1.475775E+04 1.165820E-15 2.730947E-06 9.999973E-01 1.405353E-12 0.000000E+00 0.000000E+00 0.000000E+00 0.000000E+00
1.524048E+04 1.998058E-15 3.923889E-06 9.999961E-01 3.168652E-13 0.000000E+00 0.000000E+00 0.000000E+00 0.000000E+00
1.564700E+04 4.903363E-15 6.704944E-06 9.999933E-01 6.270466E-14 0.000000E+00 0.000000E+00 0.000000E+00 0.000000E+00
1.596030E+04 1.737173E-14 1.390255E-05 9.999861E-01 8.524942E-15 0.000000E+00 0.000000E+00 0.000000E+00 0.000000E+00
1.618740E+04 3.887267E-14 2.283003E-05 9.999772E-01 1.499538E-15 0.000000E+00 0.000000E+00 0.000000E+00 0.000000E+00
1.635415E+04 6.158775E-14 3.090387E-05 9.999691E-01 4.221119E-16 0.000000E+00 0.000000E+00 0.000000E+00 0.000000E+00
1.648418E+04 6.732748E-14 3.396566E-05 9.999660E-01 1.997053E-16 0.000000E+00 0.000000E+00 0.000000E+00 0.000000E+00
1.659312E+04 6.020604E-14 3.331476E-05 9.999667E-01 1.277240E-16 0.000000E+00 0.000000E+00 0.000000E+00 0.000000E+00
1.669200E+04 5.426944E-14 3.250161E-05 9.999675E-01 9.385752E-17 0.000000E+00 0.000000E+00 0.000000E+00 0.000000E+00
1.678858E+04 5.091393E-14 3.220671E-05 9.999678E-01 7.134321E-17 0.000000E+00 0.000000E+00 0.000000E+00 0.000000E+00
1.688835E+04 4.827011E-14 3.200489E-05 9.999680E-01 5.596147E-17 0.000000E+00 0.000000E+00 0.000000E+00 0.000000E+00
1.699880E+04 4.576322E-14 3.185911E-05 9.999681E-01 4.282063E-17 0.000000E+00 0.000000E+00 0.000000E+00 0.000000E+00
1.714640E+04 4.369308E-14 3.196974E-05 9.999680E-01 3.115832E-17 0.000000E+00 0.000000E+00 0.000000E+00 0.000000E+00
1.741525E+04 4.118737E-14 3.252614E-05 9.999675E-01 1.748328E-17 0.000000E+00 0.000000E+00 0.000000E+00 0.000000E+00
1.788812E+04 3.433731E-14 3.171291E-05 9.999683E-01 8.427688E-18 0.000000E+00 0.000000E+00 0.000000E+00 0.000000E+00
1.853238E+04 3.558300E-14 3.497530E-05 9.999650E-01 3.068285E-18 0.000000E+00 0.000000E+00 0.000000E+00 0.000000E+00
1.926078E+04 3.617101E-14 3.840187E-05 9.999616E-01 1.040394E-18 0.000000E+00 0.000000E+00 0.000000E+00 0.000000E+00
2.003410E+04 3.240709E-14 3.944972E-05 9.999606E-01 3.966815E-19 0.000000E+00 0.000000E+00 0.000000E+00 0.000000E+00
2.083800E+04 2.950574E-14 4.079183E-05 9.999592E-01 1.513414E-19 0.000000E+00 0.000000E+00 0.000000E+00 0.000000E+00
2.164798E+04 3.064710E-14 4.507412E-05 9.999549E-01 5.269903E-20 0.000000E+00 0.000000E+00 0.000000E+00 0.000000E+00
2.244795E+04 2.723806E-14 4.573997E-05 9.999543E-01 2.182424E-20 0.000000E+00 0.000000E+00 0.000000E+00 0.000000E+00
2.324590E+04 2.297828E-14 4.514345E-05 9.999549E-01 9.432430E-21 0.000000E+00 0.000000E+00 0.000000E+00 0.000000E+00
2.405250E+04 1.922053E-14 4.383061E-05 9.999562E-01 4.927874E-21 0.000000E+00 0.000000E+00 0.000000E+00 0.000000E+00
2.486775E+04 1.726789E-14 4.408981E-05 9.999559E-01 2.480999E-21 0.000000E+00 0.000000E+00 0.000000E+00 0.000000E+00
2.569888E+04 1.525855E-14 4.376429E-05 9.999562E-01 1.355732E-21 0.000000E+00 0.000000E+00 0.000000E+00 0.000000E+00
2.658715E+04 1.267236E-14 4.204836E-05 9.999580E-01 7.887664E-22 0.000000E+00 0.000000E+00 0.000000E+00 0.000000E+00
2.763753E+04 1.048033E-14 4.081586E-05 9.999592E-01 3.883287E-22 0.000000E+00 0.000000E+00 0.000000E+00 0.000000E+00
2.898698E+04 8.728379E-15 4.015187E-05 9.999598E-01 0.000000E+00 0.000000E+00 0.000000E+00 0.000000E+00 0.000000E+00
3.065218E+04 6.371651E-15 3.733291E-05 9.999627E-01 0.000000E+00 0.000000E+00 0.000000E+00 0.000000E+00 0.000000E+00
3.251555E+04 3.478606E-15 2.991760E-05 9.999701E-01 0.000000E+00 0.000000E+00 0.000000E+00 0.000000E+00 0.000000E+00
3.423965E+04 1.679329E-15 2.234422E-05 9.999777E-01 0.000000E+00 0.000000E+00 0.000000E+00 0.000000E+00 0.000000E+00
