 #time[d]   Lbol[erg/s]   Edep[erg/s]
 #NTIMES:         1113
 1.79380E-06 1.44544E+33   4.885E+43
 1.34093E-05 1.44212E+33   4.885E+43
 2.34600E-05 1.44212E+33   4.885E+43
 3.17099E-05 1.44212E+33   4.885E+43
 4.42210E-05 1.44212E+33   4.885E+43
 5.47864E-05 1.44212E+33   4.885E+43
 6.21476E-05 1.44212E+33   4.885E+43
 7.07529E-05 1.44212E+33   4.885E+43
 8.22791E-05 1.43880E+33   4.885E+43
 9.09014E-05 1.43880E+33   4.885E+43
 9.51865E-05 1.43880E+33   4.885E+43
 1.01470E-04 1.44212E+33   4.885E+43
 1.10667E-04 1.44212E+33   4.885E+43
 1.17653E-04 1.44212E+33   4.885E+43
 1.21026E-04 1.43880E+33   4.885E+43
 1.21026E-04 1.43880E+33   4.885E+43
 1.21026E-04 1.43880E+33   4.885E+43
 1.21277E-04 1.43880E+33   4.885E+43
 1.21277E-04 1.43880E+33   4.885E+43
 1.21277E-04 1.43880E+33   4.885E+43
 1.22092E-04 1.43880E+33   4.885E+43
 1.22092E-04 1.43880E+33   4.885E+43
 1.22092E-04 1.43880E+33   4.885E+43
 1.22675E-04 1.43880E+33   4.885E+43
 1.22675E-04 1.43880E+33   4.885E+43
 1.22677E-04 1.43880E+33   4.885E+43
 1.23325E-04 1.43880E+33   4.885E+43
 1.23326E-04 1.43880E+33   4.885E+43
 1.23326E-04 1.43880E+33   4.885E+43
 1.23658E-04 1.43880E+33   4.885E+43
 1.23658E-04 1.43880E+33   4.885E+43
 1.23659E-04 1.43880E+33   4.885E+43
 1.23766E-04 1.43880E+33   4.885E+43
 1.24030E-04 1.43880E+33   4.885E+43
 1.24030E-04 1.43880E+33   4.885E+43
 1.24050E-04 1.43880E+33   4.885E+43
 1.24196E-04 1.43880E+33   4.885E+43
 1.24319E-04 1.43880E+33   4.885E+43
 1.24475E-04 1.43880E+33   4.885E+43
 1.24475E-04 1.43880E+33   4.885E+43
 1.24502E-04 1.43880E+33   4.885E+43
 1.24584E-04 1.43880E+33   4.885E+43
 1.24670E-04 1.43880E+33   4.885E+43
 1.24725E-04 1.43880E+33   4.885E+43
 1.24725E-04 1.43880E+33   4.885E+43
 1.24772E-04 1.43880E+33   4.885E+43
 1.24820E-04 1.43880E+33   4.885E+43
 1.24876E-04 1.43880E+33   4.885E+43
 1.24961E-04 1.43880E+33   4.885E+43
 1.24961E-04 1.43880E+33   4.885E+43
 1.24982E-04 1.43880E+33   4.885E+43
 1.25045E-04 1.43880E+33   4.885E+43
 1.25124E-04 1.43880E+33   4.885E+43
 1.25199E-04 1.43880E+33   4.885E+43
 1.25199E-04 1.43880E+33   4.885E+43
 1.25219E-04 1.43880E+33   4.885E+43
 1.25282E-04 1.43880E+33   4.885E+43
 1.25330E-04 1.43880E+33   4.885E+43
 1.25376E-04 1.43880E+33   4.885E+43
 1.25463E-04 1.43880E+33   4.885E+43
 1.25464E-04 1.43880E+33   4.885E+43
 1.25504E-04 1.43880E+33   4.885E+43
 1.25546E-04 1.43880E+33   4.885E+43
 1.25598E-04 1.43880E+33   4.885E+43
 1.25648E-04 1.43880E+33   4.885E+43
 1.25650E-04 1.43880E+33   4.885E+43
 1.25691E-04 1.43880E+33   4.885E+43
 1.25736E-04 1.43880E+33   4.885E+43
 1.25790E-04 1.43880E+33   4.885E+43
 1.25843E-04 1.43880E+33   4.885E+43
 1.25884E-04 1.43880E+33   4.885E+43
 1.25924E-04 1.43880E+33   4.885E+43
 1.25938E-04 1.43880E+33   4.885E+43
 1.25992E-04 1.43880E+33   4.885E+43
 1.26046E-04 1.43880E+33   4.885E+43
 1.26119E-04 1.43880E+33   4.885E+43
 1.26263E-04 1.43880E+33   4.885E+43
 1.26266E-04 1.43880E+33   4.885E+43
 1.26298E-04 1.43880E+33   4.885E+43
 1.26352E-04 1.43880E+33   4.885E+43
 1.26406E-04 1.43880E+33   4.885E+43
 1.26495E-04 1.43880E+33   4.885E+43
 1.26575E-04 1.43880E+33   4.885E+43
 1.26675E-04 1.43880E+33   4.885E+43
 1.26696E-04 1.43880E+33   4.885E+43
 1.26779E-04 1.43880E+33   4.885E+43
 1.26865E-04 1.43880E+33   4.885E+43
 1.26995E-04 1.43880E+33   4.885E+43
 1.27168E-04 1.43880E+33   4.885E+43
 1.27254E-04 1.43880E+33   4.885E+43
 1.27297E-04 1.43880E+33   4.885E+43
 1.27414E-04 1.43880E+33   4.885E+43
 1.27572E-04 1.43880E+33   4.885E+43
 1.27751E-04 1.43880E+33   4.885E+43
 1.27977E-04 1.43880E+33   4.885E+43
 1.28036E-04 1.43880E+33   4.885E+43
 1.28201E-04 1.43880E+33   4.885E+43
 1.28374E-04 1.43880E+33   4.885E+43
 1.28569E-04 1.43880E+33   4.885E+43
 1.28827E-04 1.43880E+33   4.885E+43
 1.28827E-04 1.43880E+33   4.885E+43
 1.28838E-04 1.43880E+33   4.885E+43
 1.28931E-04 1.43880E+33   4.885E+43
 1.29136E-04 1.43880E+33   4.885E+43
 1.29246E-04 1.43880E+33   4.885E+43
 1.29356E-04 1.43880E+33   4.885E+43
 1.29429E-04 1.43880E+33   4.885E+43
 1.29432E-04 1.43880E+33   4.885E+43
 1.29550E-04 1.43880E+33   4.885E+43
 1.29645E-04 1.43880E+33   4.885E+43
 1.29723E-04 1.43880E+33   4.885E+43
 1.29828E-04 1.43880E+33   4.885E+43
 1.29984E-04 1.43880E+33   4.885E+43
 1.30203E-04 1.43880E+33   4.885E+43
 1.30203E-04 1.43880E+33   4.885E+43
 1.30257E-04 1.43880E+33   4.885E+43
 1.30405E-04 1.43880E+33   4.885E+43
 1.30522E-04 1.43880E+33   4.885E+43
 1.30803E-04 1.43880E+33   4.885E+43
 1.31106E-04 1.43880E+33   4.885E+43
 1.31107E-04 1.43880E+33   4.885E+43
 1.31186E-04 1.44212E+33   4.885E+43
 1.31362E-04 1.44212E+33   4.885E+43
 1.31640E-04 1.44212E+33   4.885E+43
 1.31845E-04 1.44212E+33   4.885E+43
 1.31851E-04 1.44212E+33   4.885E+43
 1.32037E-04 1.44212E+33   4.885E+43
 1.32315E-04 1.44212E+33   4.885E+43
 1.32660E-04 1.44544E+33   4.885E+43
 1.32663E-04 1.44544E+33   4.885E+43
 1.32818E-04 1.44544E+33   4.885E+43
 1.33022E-04 1.44544E+33   4.885E+43
 1.33125E-04 1.44544E+33   4.885E+43
 1.33253E-04 1.44544E+33   4.885E+43
 1.33460E-04 1.44877E+33   4.885E+43
 1.33606E-04 1.44877E+33   4.885E+43
 1.33609E-04 1.44877E+33   4.885E+43
 1.33689E-04 1.44877E+33   4.885E+43
 1.33878E-04 1.44877E+33   4.885E+43
 1.34079E-04 1.45211E+33   4.885E+43
 1.34381E-04 1.45546E+33   4.885E+43
 1.34615E-04 1.45546E+33   4.885E+43
 1.34624E-04 1.45546E+33   4.885E+43
 1.34758E-04 1.45881E+33   4.885E+43
 1.34943E-04 1.45881E+33   4.885E+43
 1.35154E-04 1.46218E+33   4.885E+43
 1.35576E-04 1.46555E+33   4.885E+43
 1.35577E-04 1.46555E+33   4.885E+43
 1.35712E-04 1.46893E+33   4.885E+43
 1.35876E-04 1.47231E+33   4.885E+43
 1.36141E-04 1.47571E+33   4.885E+43
 1.36349E-04 1.47571E+33   4.885E+43
 1.36638E-04 1.48252E+33   4.885E+43
 1.37011E-04 1.48936E+33   4.885E+43
 1.37013E-04 1.48936E+33   4.885E+43
 1.37227E-04 1.49279E+33   4.885E+43
 1.37470E-04 1.49968E+33   4.885E+43
 1.37802E-04 1.50661E+33   4.885E+43
 1.38042E-04 1.51356E+33   4.885E+43
 1.38045E-04 1.51356E+33   4.885E+43
 1.38205E-04 1.51705E+33   4.885E+43
 1.38440E-04 1.52405E+33   4.885E+43
 1.38795E-04 1.53462E+33   4.885E+43
 1.39041E-04 1.54170E+33   4.885E+43
 1.39457E-04 1.55597E+33   4.885E+43
 1.39458E-04 1.55597E+33   4.885E+43
 1.39685E-04 1.56675E+33   4.885E+43
 1.39955E-04 1.57761E+33   4.885E+43
 1.40282E-04 1.59221E+33   4.885E+43
 1.40465E-04 1.59956E+33   4.885E+43
 1.40465E-04 1.59956E+33   4.885E+43
 1.40678E-04 1.61065E+33   4.885E+43
 1.40916E-04 1.62555E+33   4.885E+43
 1.41197E-04 1.64059E+33   4.885E+43
 1.41475E-04 1.65577E+33   4.885E+43
 1.41890E-04 1.68267E+33   4.885E+43
 1.41890E-04 1.68267E+33   4.885E+43
 1.42025E-04 1.69434E+33   4.885E+43
 1.42364E-04 1.71791E+33   4.885E+43
 1.42749E-04 1.74582E+33   4.885E+43
 1.43165E-04 1.78238E+33   4.885E+43
 1.43312E-04 1.79887E+33   4.885E+43
 1.43314E-04 1.79887E+33   4.885E+43
 1.43528E-04 1.81970E+33   4.885E+43
 1.43757E-04 1.84077E+33   4.885E+43
 1.44093E-04 1.87932E+33   4.885E+43
 1.44375E-04 1.91426E+33   4.885E+43
 1.44773E-04 1.96789E+33   4.885E+43
 1.45171E-04 2.02302E+33   4.885E+43
 1.45175E-04 2.02768E+33   4.885E+43
 1.45415E-04 2.06538E+33   4.885E+43
 1.45704E-04 2.12324E+33   4.885E+43
 1.45928E-04 2.16770E+33   4.885E+43
 1.46214E-04 2.23357E+33   4.885E+43
 1.46559E-04 2.32274E+33   4.885E+43
 1.46561E-04 2.32274E+33   4.885E+43
 1.46766E-04 2.38781E+33   4.885E+43
 1.47072E-04 2.48886E+33   4.885E+43
 1.47278E-04 2.57040E+33   4.885E+43
 1.47552E-04 2.69774E+33   4.885E+43
 1.47823E-04 2.84446E+33   4.885E+43
 1.48046E-04 2.98538E+33   4.885E+43
 1.48271E-04 3.16228E+33   4.885E+43
 1.48288E-04 3.17687E+33   4.885E+43
 1.48535E-04 3.41979E+33   4.885E+43
 1.48762E-04 3.70681E+33   4.885E+43
 1.49014E-04 4.11150E+33   4.885E+43
 1.49219E-04 4.56037E+33   4.885E+43
 1.49491E-04 5.40754E+33   4.885E+43
 1.49801E-04 6.93426E+33   4.885E+43
 1.50072E-04 8.57038E+33   4.885E+43
 1.50075E-04 8.59014E+33   4.885E+43
 1.50181E-04 8.99498E+33   4.885E+43
 1.50297E-04 9.48418E+33   4.885E+43
 1.50412E-04 1.00462E+34   4.885E+43
 1.50586E-04 1.10408E+34   4.885E+43
 1.50718E-04 1.19399E+34   4.885E+43
 1.50894E-04 1.34586E+34   4.885E+43
 1.51143E-04 1.63682E+34   4.885E+43
 1.51313E-04 1.90546E+34   4.885E+43
 1.51539E-04 2.38781E+34   4.885E+43
 1.51639E-04 2.65461E+34   4.885E+43
 1.51837E-04 3.33426E+34   4.885E+43
 1.52251E-04 5.68853E+34   4.885E+43
 1.52279E-04 5.91562E+34   4.885E+43
 1.52408E-04 7.12853E+34   4.885E+43
 1.52539E-04 8.79023E+34   4.885E+43
 1.52673E-04 1.11173E+35   4.885E+43
 1.52780E-04 1.21899E+35   4.885E+43
 1.52877E-04 1.33045E+35   4.885E+43
 1.52970E-04 1.45546E+35   4.885E+43
 1.53094E-04 1.65577E+35   4.885E+43
 1.53250E-04 1.98153E+35   4.885E+43
 1.53420E-04 2.42661E+35   4.885E+43
 1.53576E-04 2.91072E+35   4.885E+43
 1.53748E-04 3.57273E+35   4.885E+43
 1.53870E-04 4.17830E+35   4.885E+43
 1.53972E-04 4.81948E+35   4.885E+43
 1.54006E-04 5.08159E+35   4.885E+43
 1.54093E-04 5.87489E+35   4.885E+43
 1.54140E-04 6.39735E+35   4.885E+43
 1.54195E-04 7.12853E+35   4.885E+43
 1.54279E-04 8.60994E+35   4.885E+43
 1.54349E-04 1.02329E+36   4.885E+43
 1.54437E-04 1.21899E+36   4.885E+43
 1.54579E-04 1.61808E+36   4.885E+43
 1.54717E-04 2.14783E+36   4.885E+43
 1.54758E-04 2.32809E+36   4.885E+43
 1.54828E-04 2.68534E+36   4.885E+43
 1.54966E-04 3.53997E+36   4.885E+43
 1.55146E-04 5.02343E+36   4.885E+43
 1.55205E-04 5.62341E+36   4.885E+43
 1.55322E-04 6.99842E+36   4.885E+43
 1.55374E-04 7.70903E+36   4.885E+43
 1.55477E-04 9.28966E+36   4.885E+43
 1.55528E-04 1.01625E+37   4.885E+43
 1.55629E-04 1.20781E+37   4.885E+43
 1.55831E-04 1.53109E+37   4.885E+43
 1.55912E-04 1.64059E+37   4.885E+43
 1.56074E-04 1.86209E+37   4.885E+43
 1.56144E-04 1.95884E+37   4.885E+43
 1.56220E-04 2.06538E+37   4.885E+43
 1.56293E-04 2.16770E+37   4.885E+43
 1.56383E-04 2.29615E+37   4.885E+43
 1.56462E-04 2.40991E+37   4.885E+43
 1.56561E-04 2.55270E+37   4.885E+43
 1.56642E-04 2.67917E+37   4.885E+43
 1.56763E-04 2.87078E+37   4.885E+43
 1.56863E-04 3.03389E+37   4.885E+43
 1.56996E-04 3.27341E+37   4.885E+43
 1.57161E-04 3.58922E+37   4.885E+43
 1.57352E-04 4.00867E+37   4.885E+43
 1.57573E-04 4.58142E+37   4.885E+43
 1.57780E-04 5.21195E+37   4.885E+43
 1.58018E-04 6.09537E+37   4.885E+43
 1.58175E-04 6.80769E+37   4.885E+43
 1.58368E-04 7.78037E+37   4.885E+43
 1.58465E-04 8.33681E+37   4.885E+43
 1.58466E-04 8.33681E+37   4.885E+43
 1.58530E-04 8.72971E+37   4.885E+43
 1.58678E-04 9.70510E+37   4.885E+43
 1.58833E-04 1.08643E+38   4.885E+43
 1.58965E-04 1.19124E+38   4.885E+43
 1.59071E-04 1.28529E+38   4.885E+43
 1.59211E-04 1.38357E+38   4.885E+43
 1.59464E-04 1.56315E+38   4.885E+43
 1.59561E-04 1.64059E+38   4.885E+43
 1.59713E-04 1.76604E+38   4.885E+43
 1.59941E-04 1.97697E+38   4.885E+43
 1.60244E-04 2.30144E+38   4.885E+43
 1.60339E-04 2.40991E+38   4.885E+43
 1.60528E-04 2.64850E+38   4.885E+43
 1.60907E-04 3.19890E+38   4.885E+43
 1.60954E-04 3.27341E+38   4.885E+43
 1.61118E-04 3.53997E+38   4.885E+43
 1.61209E-04 3.69828E+38   4.885E+43
 1.61339E-04 3.93550E+38   4.885E+43
 1.61454E-04 4.14954E+38   4.885E+43
 1.61608E-04 4.44631E+38   4.885E+43
 1.61826E-04 4.90908E+38   4.885E+43
 1.62021E-04 5.34564E+38   4.885E+43
 1.62281E-04 5.99791E+38   4.885E+43
 1.62508E-04 6.62217E+38   4.885E+43
 1.62812E-04 7.56833E+38   4.885E+43
 1.62917E-04 7.94328E+38   4.885E+43
 1.63128E-04 8.72971E+38   4.885E+43
 1.63229E-04 9.14113E+38   4.885E+43
 1.63432E-04 1.00462E+39   4.885E+43
 1.63533E-04 1.05439E+39   4.885E+43
 1.63584E-04 1.07895E+39   4.885E+43
 1.63718E-04 1.13763E+39   4.885E+43
 1.63859E-04 1.19674E+39   4.885E+43
 1.64031E-04 1.27057E+39   4.885E+43
 1.64179E-04 1.33968E+39   4.885E+43
 1.64390E-04 1.43880E+39   4.885E+43
 1.64672E-04 1.58489E+39   4.885E+43
 1.64975E-04 1.74985E+39   4.885E+43
 1.65353E-04 1.97697E+39   4.885E+43
 1.65893E-04 2.34423E+39   4.885E+43
 1.66243E-04 2.61216E+39   4.885E+43
 1.66643E-04 2.94442E+39   4.885E+43
 1.66644E-04 2.94442E+39   4.885E+43
 1.66833E-04 3.11172E+39   4.885E+43
 1.67046E-04 3.30370E+39   4.885E+43
 1.67254E-04 3.49945E+39   4.885E+43
 1.67422E-04 3.66438E+39   4.885E+43
 1.67593E-04 3.84592E+39   4.885E+43
 1.67889E-04 4.17830E+39   4.885E+43
 1.68175E-04 4.53942E+39   4.885E+43
 1.68427E-04 4.88652E+39   4.885E+43
 1.68691E-04 5.21195E+39   4.885E+43
 1.68890E-04 5.47016E+39   4.885E+43
 1.69178E-04 5.84790E+39   4.885E+43
 1.69562E-04 6.39735E+39   4.885E+43
 1.69568E-04 6.41210E+39   4.885E+43
 1.69765E-04 6.69885E+39   4.885E+43
 1.70045E-04 7.12853E+39   4.885E+43
 1.70403E-04 7.70903E+39   4.885E+43
 1.70812E-04 8.41395E+39   4.885E+43
 1.71110E-04 8.95365E+39   4.885E+43
 1.71508E-04 9.68278E+39   4.885E+43
 1.72065E-04 1.08143E+40   4.885E+43
 1.72325E-04 1.13501E+40   4.885E+43
 1.72777E-04 1.23595E+40   4.885E+43
 1.72779E-04 1.23595E+40   4.885E+43
 1.73052E-04 1.29718E+40   4.885E+43
 1.73252E-04 1.34586E+40   4.885E+43
 1.73553E-04 1.41906E+40   4.885E+43
 1.73953E-04 1.52055E+40   4.885E+43
 1.74264E-04 1.59956E+40   4.885E+43
 1.74677E-04 1.71396E+40   4.885E+43
 1.75276E-04 1.88365E+40   4.885E+43
 1.75782E-04 2.03704E+40   4.885E+43
 1.76232E-04 2.17771E+40   4.885E+43
 1.76612E-04 2.30144E+40   4.885E+43
 1.76644E-04 2.31206E+40   4.885E+43
 1.76844E-04 2.37684E+40   4.885E+43
 1.77075E-04 2.45471E+40   4.885E+43
 1.77287E-04 2.52930E+40   4.885E+43
 1.77568E-04 2.63027E+40   4.885E+43
 1.77946E-04 2.76058E+40   4.885E+43
 1.78236E-04 2.87078E+40   4.885E+43
 1.78628E-04 3.01995E+40   4.885E+43
 1.78897E-04 3.11889E+40   4.885E+43
 1.79218E-04 3.24340E+40   4.885E+43
 1.79635E-04 3.41193E+40   4.885E+43
 1.79892E-04 3.51560E+40   4.885E+43
 1.80162E-04 3.63078E+40   4.885E+43
 1.80433E-04 3.74111E+40   4.885E+43
 1.80433E-04 3.74973E+40   4.885E+43
 1.80615E-04 3.82825E+40   4.885E+43
 1.80861E-04 3.93550E+40   4.885E+43
 1.81097E-04 4.03645E+40   4.885E+43
 1.81355E-04 4.14954E+40   4.885E+43
 1.81650E-04 4.27563E+40   4.885E+43
 1.81895E-04 4.39542E+40   4.885E+43
 1.82135E-04 4.50817E+40   4.885E+43
 1.82387E-04 4.62381E+40   4.885E+43
 1.82691E-04 4.76431E+40   4.885E+43
 1.82963E-04 4.89779E+40   4.885E+43
 1.83206E-04 5.01187E+40   4.885E+43
 1.83587E-04 5.19996E+40   4.885E+43
 1.84002E-04 5.40754E+40   4.885E+43
 1.84362E-04 5.58470E+40   4.885E+43
 1.84775E-04 5.80764E+40   4.885E+43
 1.84788E-04 5.82103E+40   4.885E+43
 1.85021E-04 5.94292E+40   4.885E+43
 1.85241E-04 6.05341E+40   4.885E+43
 1.85520E-04 6.20869E+40   4.885E+43
 1.85858E-04 6.38263E+40   4.885E+43
 1.86271E-04 6.60693E+40   4.885E+43
 1.86682E-04 6.83912E+40   4.885E+43
 1.87236E-04 7.14496E+40   4.885E+43
 1.87623E-04 7.36207E+40   4.885E+43
 1.88241E-04 7.72681E+40   4.885E+43
 1.88608E-04 7.94328E+40   4.885E+43
 1.89052E-04 8.20352E+40   4.885E+43
 1.89355E-04 8.39460E+40   4.885E+43
 1.89361E-04 8.39460E+40   4.885E+43
 1.89767E-04 8.62979E+40   4.885E+43
 1.90177E-04 8.89201E+40   4.885E+43
 1.90645E-04 9.18333E+40   4.885E+43
 1.91129E-04 9.48418E+40   4.885E+43
 1.91588E-04 9.77237E+40   4.885E+43
 1.92038E-04 1.00693E+41   4.885E+43
 1.92424E-04 1.03039E+41   4.885E+43
 1.93349E-04 1.09144E+41   4.885E+43
 1.94032E-04 1.13763E+41   4.885E+43
 1.94864E-04 1.19399E+41   4.885E+43
 1.95581E-04 1.24165E+41   4.885E+43
 1.96428E-04 1.30317E+41   4.885E+43
 1.97144E-04 1.35207E+41   4.885E+43
 1.98017E-04 1.41579E+41   4.885E+43
 1.99038E-04 1.48936E+41   4.885E+43
 1.99893E-04 1.55597E+41   4.885E+43
 2.00955E-04 1.63305E+41   4.885E+43
 2.02561E-04 1.75792E+41   4.885E+43
 2.03682E-04 1.84502E+41   4.885E+43
 2.04860E-04 1.94089E+41   4.885E+43
 2.05985E-04 2.03236E+41   4.885E+43
 2.06833E-04 2.10378E+41   4.885E+43
 2.07801E-04 2.18776E+41   4.885E+43
 2.09215E-04 2.31206E+41   4.885E+43
 2.09934E-04 2.37684E+41   4.885E+43
 2.10893E-04 2.46037E+41   4.885E+43
 2.12397E-04 2.60016E+41   4.885E+43
 2.13621E-04 2.71644E+41   4.885E+43
 2.14781E-04 2.82488E+41   4.885E+43
 2.15796E-04 2.93089E+41   4.885E+43
 2.16912E-04 3.04089E+41   4.885E+43
 2.18075E-04 3.16228E+41   4.885E+43
 2.20135E-04 3.38844E+41   4.885E+43
 2.21464E-04 3.53997E+41   4.885E+43
 2.22613E-04 3.68129E+41   4.885E+43
 2.23998E-04 3.84592E+41   4.885E+43
 2.25323E-04 4.01791E+41   4.885E+43
 2.27783E-04 4.35512E+41   4.885E+43
 2.29597E-04 4.61318E+41   4.885E+43
 2.32363E-04 5.04661E+41   4.885E+43
 2.35132E-04 5.50808E+41   4.885E+43
 2.38080E-04 6.03949E+41   4.885E+43
 2.40885E-04 6.62217E+41   4.885E+43
 2.42303E-04 6.95024E+41   4.885E+43
 2.45020E-04 7.62079E+41   4.885E+43
 2.45548E-04 7.74462E+41   4.885E+43
 2.47882E-04 8.33681E+41   4.885E+43
 2.51067E-04 9.07821E+41   4.885E+43
 2.53520E-04 9.57194E+41   4.885E+43
 2.56642E-04 1.00693E+42   4.885E+43
 2.57647E-04 1.01625E+42   4.885E+43
 2.77619E-04 8.62979E+41   4.885E+43
 2.93793E-04 7.90679E+41   4.885E+43
 3.08568E-04 7.88860E+41   4.885E+43
 3.29582E-04 8.29851E+41   4.885E+43
 3.46396E-04 8.83080E+41   4.885E+43
 3.60889E-04 9.37562E+41   4.885E+43
 3.80341E-04 1.01859E+42   4.885E+43
 4.20367E-04 1.16145E+42   4.885E+43
 4.63348E-04 1.32739E+42   4.885E+43
 5.83319E-04 1.85780E+42   4.884E+43
 6.04957E-04 1.95884E+42   4.884E+43
 6.26199E-04 2.06063E+42   4.884E+43
 6.45283E-04 2.14783E+42   4.884E+43
 6.63384E-04 2.22844E+42   4.884E+43
 6.78180E-04 2.30144E+42   4.884E+43
 6.94744E-04 2.37137E+42   4.884E+43
 7.15040E-04 2.46604E+42   4.884E+43
 7.37818E-04 2.56448E+42   4.884E+43
 7.57022E-04 2.63633E+42   4.884E+43
 7.75207E-04 2.69774E+42   4.884E+43
 8.02880E-04 2.77971E+42   4.884E+43
 8.31787E-04 2.86418E+42   4.884E+43
 8.36225E-04 2.87740E+42   4.884E+43
 1.11535E-03 3.38844E+42   4.884E+43
 1.24028E-03 3.47536E+42   4.884E+43
 1.30939E-03 3.49945E+42   4.884E+43
 1.37133E-03 3.51560E+42   4.884E+43
 1.41960E-03 3.51560E+42   4.884E+43
 1.44324E-03 3.51560E+42   4.884E+43
 1.57232E-03 3.50752E+42   4.884E+43
 1.62515E-03 3.49140E+42   4.884E+43
 1.70222E-03 3.47536E+42   4.884E+43
 1.75223E-03 3.45939E+42   4.884E+43
 1.80603E-03 3.44350E+42   4.884E+43
 1.84406E-03 3.44350E+42   4.884E+43
 1.89126E-03 3.44350E+42   4.884E+43
 1.92044E-03 3.44350E+42   4.884E+43
 1.97416E-03 3.44350E+42   4.884E+43
 2.00527E-03 3.45144E+42   4.884E+43
 2.04674E-03 3.45144E+42   4.884E+43
 2.09220E-03 3.45939E+42   4.884E+43
 2.12199E-03 3.46737E+42   4.884E+43
 2.15511E-03 3.46737E+42   4.884E+43
 2.20664E-03 3.47536E+42   4.884E+43
 2.27002E-03 3.48337E+42   4.884E+43
 2.34224E-03 3.49140E+42   4.884E+43
 2.39839E-03 3.49140E+42   4.884E+43
 2.43989E-03 3.49945E+42   4.884E+43
 2.50457E-03 3.49945E+42   4.883E+43
 2.56156E-03 3.50752E+42   4.883E+43
 2.60752E-03 3.50752E+42   4.883E+43
 2.65720E-03 3.50752E+42   4.883E+43
 2.71170E-03 3.50752E+42   4.883E+43
 2.76478E-03 3.50752E+42   4.883E+43
 2.80160E-03 3.50752E+42   4.883E+43
 2.83689E-03 3.50752E+42   4.883E+43
 2.87541E-03 3.51560E+42   4.883E+43
 2.92314E-03 3.51560E+42   4.883E+43
 2.98104E-03 3.51560E+42   4.883E+43
 3.03997E-03 3.52371E+42   4.883E+43
 3.09827E-03 3.53183E+42   4.883E+43
 3.19880E-03 3.54813E+42   4.883E+43
 3.25755E-03 3.55631E+42   4.883E+43
 3.32029E-03 3.55631E+42   4.883E+43
 3.38958E-03 3.56451E+42   4.883E+43
 3.45943E-03 3.57273E+42   4.883E+43
 3.52414E-03 3.57273E+42   4.883E+43
 3.58222E-03 3.58096E+42   4.883E+43
 3.63959E-03 3.58096E+42   4.883E+43
 3.75873E-03 3.59749E+42   4.883E+43
 3.84890E-03 3.59749E+42   4.883E+43
 3.90826E-03 3.59749E+42   4.883E+43
 3.96678E-03 3.59749E+42   4.883E+43
 4.08460E-03 3.60579E+42   4.883E+43
 4.16595E-03 3.60579E+42   4.883E+43
 4.25261E-03 3.61410E+42   4.883E+43
 4.33864E-03 3.61410E+42   4.883E+43
 4.42368E-03 3.61410E+42   4.882E+43
 4.50393E-03 3.61410E+42   4.882E+43
 4.66236E-03 3.60579E+42   4.882E+43
 4.77720E-03 3.59749E+42   4.882E+43
 4.91560E-03 3.59749E+42   4.882E+43
 5.03603E-03 3.59749E+42   4.882E+43
 5.26656E-03 3.59749E+42   4.882E+43
 5.45375E-03 3.59749E+42   4.882E+43
 5.67226E-03 3.60579E+42   4.882E+43
 5.82257E-03 3.60579E+42   4.882E+43
 5.98556E-03 3.60579E+42   4.882E+43
 6.01486E-03 3.60579E+42   4.882E+43
 6.24468E-03 3.61410E+42   4.882E+43
 6.40912E-03 3.62243E+42   4.881E+43
 6.65216E-03 3.62243E+42   4.881E+43
 6.86157E-03 3.63078E+42   4.881E+43
 7.14079E-03 3.63078E+42   4.881E+43
 7.41764E-03 3.63078E+42   4.881E+43
 7.73666E-03 3.63078E+42   4.881E+43
 7.90283E-03 3.63078E+42   4.881E+43
 8.07459E-03 3.63078E+42   4.881E+43
 8.24963E-03 3.62243E+42   4.880E+43
 8.58751E-03 3.58096E+42   4.880E+43
 8.75698E-03 3.56451E+42   4.880E+43
 9.08827E-03 3.54813E+42   4.880E+43
 9.23053E-03 3.53183E+42   4.880E+43
 9.37597E-03 3.52371E+42   4.880E+43
 9.52466E-03 3.51560E+42   4.880E+43
 9.67263E-03 3.50752E+42   4.880E+43
 9.82591E-03 3.50752E+42   4.880E+43
 1.00101E-02 3.50752E+42   4.880E+43
 1.02036E-02 3.50752E+42   4.879E+43
 1.03704E-02 3.50752E+42   4.879E+43
 1.05539E-02 3.50752E+42   4.879E+43
 1.07771E-02 3.50752E+42   4.879E+43
 1.09048E-02 3.50752E+42   4.879E+43
 1.09927E-02 3.49945E+42   4.879E+43
 1.10919E-02 3.49945E+42   4.879E+43
 1.12318E-02 3.49140E+42   4.879E+43
 1.13715E-02 3.48337E+42   4.879E+43
 1.15528E-02 3.46737E+42   4.879E+43
 1.17601E-02 3.45939E+42   4.879E+43
 1.18999E-02 3.45144E+42   4.879E+43
 1.20384E-02 3.44350E+42   4.878E+43
 1.22207E-02 3.44350E+42   4.878E+43
 1.24488E-02 3.41979E+42   4.878E+43
 1.27461E-02 3.38844E+42   4.878E+43
 1.30540E-02 3.37287E+42   4.878E+43
 1.34291E-02 3.34965E+42   4.878E+43
 1.38941E-02 3.33426E+42   4.878E+43
 1.50924E-02 3.27341E+42   4.877E+43
 1.58422E-02 3.23594E+42   4.877E+43
 1.69397E-02 3.26588E+42   4.876E+43
 1.74127E-02 3.19154E+42   4.876E+43
 1.76895E-02 3.15500E+42   4.876E+43
 1.80153E-02 3.11889E+42   4.875E+43
 1.83882E-02 3.08319E+42   4.875E+43
 1.85699E-02 3.06196E+42   4.875E+43
 1.88246E-02 3.04089E+42   4.875E+43
 1.90650E-02 3.01301E+42   4.875E+43
 1.93690E-02 2.98538E+42   4.875E+43
 1.97190E-02 2.95801E+42   4.874E+43
 2.00775E-02 2.92415E+42   4.874E+43
 2.04311E-02 2.89734E+42   4.874E+43
 2.07849E-02 2.86418E+42   4.874E+43
 2.13660E-02 2.81838E+42   4.874E+43
 2.17321E-02 2.79254E+42   4.873E+43
 2.22106E-02 2.76058E+42   4.873E+43
 2.26427E-02 2.72898E+42   4.873E+43
 2.31289E-02 2.69153E+42   4.873E+43
 2.36220E-02 2.66073E+42   4.872E+43
 2.53411E-02 2.51768E+42   4.872E+43
 2.66822E-02 2.43781E+42   4.871E+43
 2.87401E-02 2.31206E+42   4.870E+43
 2.92570E-02 2.28034E+42   4.869E+43
 3.01273E-02 2.23872E+42   4.869E+43
 3.06872E-02 2.21309E+42   4.869E+43
 3.13651E-02 2.17771E+42   4.868E+43
 3.19780E-02 2.15278E+42   4.868E+43
 3.25758E-02 2.12814E+42   4.868E+43
 3.33850E-02 2.08930E+42   4.867E+43
 3.39974E-02 2.06538E+42   4.867E+43
 3.45578E-02 2.04174E+42   4.867E+43
 3.52433E-02 2.01372E+42   4.866E+43
 3.60269E-02 1.99067E+42   4.866E+43
 3.67484E-02 1.95884E+42   4.866E+43
 3.79940E-02 1.90108E+42   4.865E+43
 3.88396E-02 1.86638E+42   4.864E+43
 3.98872E-02 1.82390E+42   4.864E+43
 4.11499E-02 1.77419E+42   4.863E+43
 4.28392E-02 1.71396E+42   4.862E+43
 4.59816E-02 1.62181E+42   4.861E+43
 4.69447E-02 1.59588E+42   4.860E+43
 4.94854E-02 1.53462E+42   4.859E+43
 5.05498E-02 1.51008E+42   4.858E+43
 5.26989E-02 1.45881E+42   4.857E+43
 5.51030E-02 1.40929E+42   4.856E+43
 5.79121E-02 1.33968E+42   4.855E+43
 5.99047E-02 1.28825E+42   4.854E+43
 6.18344E-02 1.24451E+42   4.853E+43
 6.21548E-02 1.23880E+42   4.852E+43
 6.57655E-02 1.17220E+42   4.850E+43
 6.95990E-02 1.10662E+42   4.848E+43
 7.23169E-02 1.05925E+42   4.847E+43
 7.52156E-02 1.00925E+42   4.846E+43
 7.78600E-02 9.63829E+41   4.844E+43
 8.06772E-02 9.18333E+41   4.843E+43
 8.37950E-02 8.66962E+41   4.841E+43
 8.65308E-02 8.24138E+41   4.840E+43
 8.80699E-02 8.01678E+41   4.839E+43
 8.98854E-02 7.74462E+41   4.838E+43
 9.22028E-02 7.41310E+41   4.837E+43
 9.46843E-02 7.04693E+41   4.835E+43
 9.66634E-02 6.79204E+41   4.834E+43
 9.79545E-02 6.62217E+41   4.834E+43
 9.94402E-02 6.41210E+41   4.833E+43
 1.01086E-01 6.19441E+41   4.832E+43
 1.02579E-01 6.01174E+41   4.831E+43
 1.04222E-01 5.79429E+41   4.831E+43
 1.05614E-01 5.62341E+41   4.830E+43
 1.07697E-01 5.37032E+41   4.829E+43
 1.09006E-01 5.21195E+41   4.828E+43
 1.11375E-01 4.93174E+41   4.827E+43
 1.13180E-01 4.70977E+41   4.826E+43
 1.14789E-01 4.52898E+41   4.825E+43
 1.16935E-01 4.27563E+41   4.824E+43
 1.18474E-01 4.11150E+41   4.823E+43
 1.19594E-01 3.99025E+41   4.823E+43
 1.21054E-01 3.82825E+41   4.822E+43
 1.22821E-01 3.63915E+41   4.821E+43
 1.25018E-01 3.40408E+41   4.820E+43
 1.26825E-01 3.22849E+41   4.819E+43
 1.28022E-01 3.11172E+41   4.818E+43
 1.29819E-01 2.95121E+41   4.817E+43
 1.31659E-01 2.79898E+41   4.816E+43
 1.34154E-01 2.58821E+41   4.815E+43
 1.36095E-01 2.43781E+41   4.814E+43
 1.38627E-01 2.25424E+41   4.813E+43
 1.40464E-01 2.13304E+41   4.812E+43
 1.42091E-01 2.02768E+41   4.811E+43
 1.43479E-01 1.94089E+41   4.810E+43
 1.44927E-01 1.85353E+41   4.810E+43
 1.46375E-01 1.77011E+41   4.809E+43
 1.47793E-01 1.69044E+41   4.808E+43
 1.49313E-01 1.60694E+41   4.807E+43
 1.50834E-01 1.53109E+41   4.806E+43
 1.52332E-01 1.45881E+41   4.806E+43
 1.52840E-01 1.43549E+41   4.805E+43
 1.53603E-01 1.39959E+41   4.805E+43
 1.54298E-01 1.36773E+41   4.805E+43
 1.55237E-01 1.32434E+41   4.804E+43
 1.55950E-01 1.29718E+41   4.804E+43
 1.55972E-01 1.29420E+41   4.804E+43
 1.56742E-01 1.27057E+41   4.803E+43
 1.57771E-01 1.23880E+41   4.803E+43
 1.58512E-01 1.21339E+41   4.803E+43
 1.59439E-01 1.18304E+41   4.802E+43
 1.60303E-01 1.15345E+41   4.802E+43
 1.61168E-01 1.12460E+41   4.801E+43
 1.62032E-01 1.09396E+41   4.801E+43
 1.63166E-01 1.05682E+41   4.800E+43
 1.64301E-01 1.02329E+41   4.800E+43
 1.65436E-01 9.86279E+40   4.799E+43
 1.66679E-01 9.48418E+40   4.798E+43
 1.67923E-01 9.12011E+40   4.798E+43
 1.69166E-01 8.74984E+40   4.797E+43
 1.70551E-01 8.37529E+40   4.796E+43
 1.71357E-01 8.14704E+40   4.796E+43
 1.72299E-01 7.88860E+40   4.795E+43
 1.72770E-01 7.76247E+40   4.795E+43
 1.73476E-01 7.58578E+40   4.795E+43
 1.74182E-01 7.41310E+40   4.794E+43
 1.74716E-01 7.27780E+40   4.794E+43
 1.75516E-01 7.07946E+40   4.794E+43
 1.76053E-01 6.95024E+40   4.794E+43
 1.76322E-01 6.88652E+40   4.793E+43
 1.76860E-01 6.76083E+40   4.793E+43
 1.77466E-01 6.62217E+40   4.793E+43
 1.78376E-01 6.42688E+40   4.792E+43
 1.79133E-01 6.26614E+40   4.792E+43
 1.79617E-01 6.16595E+40   4.792E+43
 1.80344E-01 6.02560E+40   4.791E+43
 1.80831E-01 5.92925E+40   4.791E+43
 1.81562E-01 5.78096E+40   4.791E+43
 1.82057E-01 5.68853E+40   4.790E+43
 1.83047E-01 5.50808E+40   4.790E+43
 1.85027E-01 5.16416E+40   4.789E+43
 1.86176E-01 4.97737E+40   4.788E+43
 1.87340E-01 4.80839E+40   4.788E+43
 1.88458E-01 4.64515E+40   4.787E+43
 1.89297E-01 4.53942E+40   4.787E+43
 1.90136E-01 4.42588E+40   4.786E+43
 1.90975E-01 4.32514E+40   4.786E+43
 1.92061E-01 4.19759E+40   4.785E+43
 1.92849E-01 4.10204E+40   4.785E+43
 1.95356E-01 3.84592E+40   4.784E+43
 1.96129E-01 3.76704E+40   4.783E+43
 1.97746E-01 3.61410E+40   4.782E+43
 1.98959E-01 3.49945E+40   4.782E+43
 1.99648E-01 3.43558E+40   4.781E+43
 2.00683E-01 3.34195E+40   4.781E+43
 2.01462E-01 3.28095E+40   4.781E+43
 2.02436E-01 3.19890E+40   4.780E+43
 2.03117E-01 3.14051E+40   4.780E+43
 2.03770E-01 3.09030E+40   4.779E+43
 2.04749E-01 3.01301E+40   4.779E+43
 2.07498E-01 2.82488E+40   4.777E+43
 2.10353E-01 2.63633E+40   4.776E+43
 2.11272E-01 2.58226E+40   4.776E+43
 2.12334E-01 2.51768E+40   4.775E+43
 2.14658E-01 2.38781E+40   4.774E+43
 2.15450E-01 2.34423E+40   4.773E+43
 2.17034E-01 2.25944E+40   4.773E+43
 2.17825E-01 2.22331E+40   4.772E+43
 2.19409E-01 2.14783E+40   4.771E+43
 2.20201E-01 2.10863E+40   4.771E+43
 2.21785E-01 2.04174E+40   4.770E+43
 2.22634E-01 2.00447E+40   4.770E+43
 2.23907E-01 1.94984E+40   4.769E+43
 2.24688E-01 1.91867E+40   4.769E+43
 2.26251E-01 1.86209E+40   4.768E+43
 2.27032E-01 1.83654E+40   4.767E+43
 2.28204E-01 1.79473E+40   4.767E+43
 2.29767E-01 1.74582E+40   4.766E+43
 2.31159E-01 1.70216E+40   4.765E+43
 2.31927E-01 1.67880E+40   4.765E+43
 2.33464E-01 1.63305E+40   4.764E+43
 2.34232E-01 1.61436E+40   4.764E+43
 2.35768E-01 1.57761E+40   4.763E+43
 2.36723E-01 1.55239E+40   4.763E+43
 2.38154E-01 1.51705E+40   4.762E+43
 2.39108E-01 1.49624E+40   4.761E+43
 2.40537E-01 1.46555E+40   4.761E+43
 2.41326E-01 1.44877E+40   4.760E+43
 2.42903E-01 1.41906E+40   4.759E+43
 2.43691E-01 1.40605E+40   4.759E+43
 2.45268E-01 1.37721E+40   4.758E+43
 2.46057E-01 1.36458E+40   4.758E+43
 2.47239E-01 1.34276E+40   4.757E+43
 2.48422E-01 1.32434E+40   4.757E+43
 2.49257E-01 1.31220E+40   4.756E+43
 2.50510E-01 1.29420E+40   4.756E+43
 2.51473E-01 1.27938E+40   4.755E+43
 2.52719E-01 1.26183E+40   4.754E+43
 2.54221E-01 1.24451E+40   4.754E+43
 2.55566E-01 1.22744E+40   4.753E+43
 2.57112E-01 1.20781E+40   4.752E+43
 2.58366E-01 1.19399E+40   4.752E+43
 2.59440E-01 1.18304E+40   4.751E+43
 2.60872E-01 1.16950E+40   4.750E+43
 2.62071E-01 1.15878E+40   4.750E+43
 2.63441E-01 1.14551E+40   4.749E+43
 2.64733E-01 1.13501E+40   4.748E+43
 2.65889E-01 1.12460E+40   4.748E+43
 2.67422E-01 1.11429E+40   4.747E+43
 2.68946E-01 1.10154E+40   4.746E+43
 2.69709E-01 1.09648E+40   4.746E+43
 2.72376E-01 1.07399E+40   4.744E+43
 2.74532E-01 1.05682E+40   4.743E+43
 2.74532E-01 1.05682E+40   4.743E+43
 2.74533E-01 1.05682E+40   4.743E+43
 2.74542E-01 1.05682E+40   4.743E+43
 2.77869E-01 1.03039E+40   4.742E+43
 2.79238E-01 1.01859E+40   4.741E+43
 2.81152E-01 1.00462E+40   4.740E+43
 2.82654E-01 9.93116E+39   4.739E+43
 2.83721E-01 9.84011E+39   4.739E+43
 2.85321E-01 9.70510E+39   4.738E+43
 2.86412E-01 9.61612E+39   4.737E+43
 2.88049E-01 9.48418E+39   4.737E+43
 2.89744E-01 9.35406E+39   4.736E+43
 2.92011E-01 9.18333E+39   4.735E+43
 2.93717E-01 9.03649E+39   4.734E+43
 2.95426E-01 8.91251E+39   4.733E+43
 2.97730E-01 8.72971E+39   4.732E+43
 2.99477E-01 8.60994E+39   4.731E+43
 3.00643E-01 8.51138E+39   4.730E+43
 3.00644E-01 8.51138E+39   4.730E+43
 3.00664E-01 8.51138E+39   4.730E+43
 3.04856E-01 8.27942E+39   4.728E+43
 3.07090E-01 8.16582E+39   4.727E+43
 3.08594E-01 8.07235E+39   4.726E+43
 3.10103E-01 7.99834E+39   4.725E+43
 3.11799E-01 7.90679E+39   4.725E+43
 3.13841E-01 7.79830E+39   4.723E+43
 3.15997E-01 7.69130E+39   4.722E+43
 3.18734E-01 7.58578E+39   4.721E+43
 3.22069E-01 7.44732E+39   4.719E+43
 3.24940E-01 7.34514E+39   4.718E+43
 3.28750E-01 7.21107E+39   4.716E+43
 3.31711E-01 7.11214E+39   4.715E+43
 3.35183E-01 6.99842E+39   4.713E+43
 3.38771E-01 6.88652E+39   4.711E+43
 3.41644E-01 6.80769E+39   4.710E+43
 3.44890E-01 6.69885E+39   4.708E+43
 3.47750E-01 6.62217E+39   4.706E+43
 3.50916E-01 6.53131E+39   4.705E+43
 3.55420E-01 6.41210E+39   4.703E+43
 3.57355E-01 6.35331E+39   4.702E+43
 3.61605E-01 6.23735E+39   4.700E+43
 3.65137E-01 6.15177E+39   4.698E+43
 3.70328E-01 6.02560E+39   4.695E+43
 3.75171E-01 5.91562E+39   4.693E+43
 3.80925E-01 5.78096E+39   4.690E+43
 3.86607E-01 5.66239E+39   4.687E+43
 3.91552E-01 5.57186E+39   4.685E+43
 3.95271E-01 5.50808E+39   4.683E+43
 4.00119E-01 5.40754E+39   4.680E+43
 4.05371E-01 5.30884E+39   4.678E+43
 4.11648E-01 5.18800E+39   4.675E+43
 4.16258E-01 5.10505E+39   4.672E+43
 4.20054E-01 5.04661E+39   4.670E+43
 4.26683E-01 4.93174E+39   4.667E+43
 4.31814E-01 4.84172E+39   4.665E+43
 4.31840E-01 4.84172E+39   4.664E+43
 4.39856E-01 4.70977E+39   4.661E+43
 4.45700E-01 4.61318E+39   4.658E+43
 4.52556E-01 4.50817E+39   4.654E+43
 4.61017E-01 4.38531E+39   4.650E+43
 4.69565E-01 4.27563E+39   4.646E+43
 4.78244E-01 4.16869E+39   4.642E+43
 4.91177E-01 4.03645E+39   4.635E+43
 5.00168E-01 3.96278E+39   4.631E+43
 5.09610E-01 3.88150E+39   4.626E+43
 5.23054E-01 3.80189E+39   4.619E+43
 5.32640E-01 3.74973E+39   4.615E+43
 5.45493E-01 3.71535E+39   4.608E+43
 5.59216E-01 3.68978E+39   4.602E+43
 6.10717E-01 3.92645E+39   4.577E+43
 6.30451E-01 4.13048E+39   4.567E+43
 7.27861E-01 5.21195E+39   4.520E+43
 7.48481E-01 5.40754E+39   4.510E+43
 7.66650E-01 5.57186E+39   4.502E+43
 7.85061E-01 5.74116E+39   4.493E+43
 8.03726E-01 5.91562E+39   4.484E+43
 8.22635E-01 6.08135E+39   4.475E+43
 8.41907E-01 6.25173E+39   4.466E+43
 8.58029E-01 6.38263E+39   4.459E+43
 8.75409E-01 6.51628E+39   4.450E+43
 9.01955E-01 6.69885E+39   4.438E+43
 9.17503E-01 6.80769E+39   4.431E+43
 9.49366E-01 7.03072E+39   4.416E+43
 9.73054E-01 7.19449E+39   4.405E+43
 1.01619E+00 7.53356E+39   4.385E+43
 1.14155E+00 9.72747E+39   4.328E+43
 1.17767E+00 1.07399E+40   4.311E+43
 1.20739E+00 1.16413E+40   4.298E+43
 1.24763E+00 1.30017E+40   4.280E+43
 1.26124E+00 1.34896E+40   4.274E+43
 1.28846E+00 1.44877E+40   4.262E+43
 1.32197E+00 1.57761E+40   4.247E+43
 1.36608E+00 1.76198E+40   4.227E+43
 1.38088E+00 1.82810E+40   4.221E+43
 1.41048E+00 1.95884E+40   4.208E+43
 1.44783E+00 2.14289E+40   4.191E+43
 1.49782E+00 2.40436E+40   4.170E+43
 1.51424E+00 2.49459E+40   4.163E+43
 1.54709E+00 2.68534E+40   4.148E+43
 1.58822E+00 2.93765E+40   4.131E+43
 1.64216E+00 3.29610E+40   4.108E+43
 1.71392E+00 3.82825E+40   4.077E+43
 1.73328E+00 3.99025E+40   4.069E+43
 1.77200E+00 4.31519E+40   4.053E+43
 1.81794E+00 4.73151E+40   4.034E+43
 1.87720E+00 5.30884E+40   4.009E+43
 1.96119E+00 6.22300E+40   3.975E+43
 2.05320E+00 7.36207E+40   3.937E+43
 2.14549E+00 8.66962E+40   3.900E+43
 2.23709E+00 1.01158E+41   3.864E+43
 2.33059E+00 1.18032E+41   3.827E+43
 2.42802E+00 1.37721E+41   3.789E+43
 2.52991E+00 1.61065E+41   3.750E+43
 2.55539E+00 1.67109E+41   3.740E+43
 2.60633E+00 1.80302E+41   3.721E+43
 2.67375E+00 1.98609E+41   3.695E+43
 2.74372E+00 2.19786E+41   3.669E+43
 2.83899E+00 2.51189E+41   3.634E+43
 2.94088E+00 2.87740E+41   3.597E+43
 3.04277E+00 3.29610E+41   3.560E+43
 3.14466E+00 3.74973E+41   3.524E+43
 3.24655E+00 4.24620E+41   3.488E+43
 3.34844E+00 4.78630E+41   3.453E+43
 3.45033E+00 5.38270E+41   3.418E+43
 3.55223E+00 6.01174E+41   3.383E+43
 3.65412E+00 6.69885E+41   3.349E+43
 3.75601E+00 7.44732E+41   3.315E+43
 3.85790E+00 8.24138E+41   3.282E+43
 3.95979E+00 9.09913E+41   3.249E+43
 4.06168E+00 1.00000E+42   3.217E+43
 4.16357E+00 1.09648E+42   3.184E+43
 4.26546E+00 1.19950E+42   3.153E+43
 4.36736E+00 1.30617E+42   3.121E+43
 4.46925E+00 1.41579E+42   3.085E+43
 4.57114E+00 1.53462E+42   3.056E+43
 4.67303E+00 1.65577E+42   3.026E+43
 4.77492E+00 1.78238E+42   2.997E+43
 4.87681E+00 1.91426E+42   2.967E+43
 4.97870E+00 2.04644E+42   2.938E+43
 5.08059E+00 2.18776E+42   2.909E+43
 5.18249E+00 2.32809E+42   2.882E+43
 5.28438E+00 2.47172E+42   2.853E+43
 5.38627E+00 2.61216E+42   2.825E+43
 5.48816E+00 2.76058E+42   2.797E+43
 5.59005E+00 2.91072E+42   2.770E+43
 5.69194E+00 3.06196E+42   2.743E+43
 5.76836E+00 3.16957E+42   2.723E+43
 5.87025E+00 3.32660E+42   2.697E+43
 5.97214E+00 3.47536E+42   2.671E+43
 6.07403E+00 3.63078E+42   2.645E+43
 6.17592E+00 3.79315E+42   2.620E+43
 6.27781E+00 3.95367E+42   2.595E+43
 6.37970E+00 4.11150E+42   2.570E+43
 6.48160E+00 4.27563E+42   2.545E+43
 6.58349E+00 4.44631E+42   2.521E+43
 6.68538E+00 4.61318E+42   2.496E+43
 6.78727E+00 4.78630E+42   2.472E+43
 6.88916E+00 4.95450E+42   2.449E+43
 6.99105E+00 5.11682E+42   2.425E+43
 7.09294E+00 5.28445E+42   2.402E+43
 7.29672E+00 5.61048E+42   2.357E+43
 7.50050E+00 5.92925E+42   2.312E+43
 7.70429E+00 6.22300E+42   2.269E+43
 8.00996E+00 6.63743E+42   2.205E+43
 8.31563E+00 7.01455E+42   2.143E+43
 8.72319E+00 7.46449E+42   2.064E+43
 9.05434E+00 7.81628E+42   2.000E+43
 9.41095E+00 8.20352E+42   1.938E+43
 9.71662E+00 8.55067E+42   1.884E+43
 1.00223E+01 8.91251E+42   1.832E+43
 1.04299E+01 9.37562E+42   1.767E+43
 1.06336E+01 9.59401E+42   1.735E+43
 1.13469E+01 1.03514E+43   1.629E+43
 1.23658E+01 1.12980E+43   1.490E+43
 1.30790E+01 1.18850E+43   1.401E+43
 1.35884E+01 1.21619E+43   1.341E+43
 1.40979E+01 1.23310E+43   1.284E+43
 1.45055E+01 1.23595E+43   1.241E+43
 1.49130E+01 1.23595E+43   1.200E+43
 1.53206E+01 1.23595E+43   1.160E+43
 1.56262E+01 1.23310E+43   1.132E+43
 1.60338E+01 1.23027E+43   1.095E+43
 1.64414E+01 1.23027E+43   1.060E+43
 1.68489E+01 1.22744E+43   1.026E+43
 1.72565E+01 1.22744E+43   9.942E+42
 1.76640E+01 1.22462E+43   9.634E+42
 1.80716E+01 1.22180E+43   9.339E+42
 1.84792E+01 1.21619E+43   9.056E+42
 1.88867E+01 1.21060E+43   8.785E+42
 1.92943E+01 1.20226E+43   8.525E+42
 1.97018E+01 1.19124E+43   8.276E+42
 2.01094E+01 1.17761E+43   8.034E+42
 2.05169E+01 1.16145E+43   7.807E+42
 2.07207E+01 1.15080E+43   7.697E+42
 2.11283E+01 1.13240E+43   7.482E+42
 2.14339E+01 1.11686E+43   7.327E+42
 2.17396E+01 1.09901E+43   7.177E+42
 2.20453E+01 1.08393E+43   7.031E+42
 2.23510E+01 1.06660E+43   6.889E+42
 2.26566E+01 1.05196E+43   6.751E+42
 2.29623E+01 1.03514E+43   6.618E+42
 2.32680E+01 1.01859E+43   6.488E+42
 2.35736E+01 1.00231E+43   6.362E+42
 2.39812E+01 9.81748E+42   6.200E+42
 2.43887E+01 9.61612E+42   6.043E+42
 2.48982E+01 9.37562E+42   5.856E+42
 2.54076E+01 9.12011E+42   5.678E+42
 2.58152E+01 8.93305E+42   5.541E+42
 2.63246E+01 8.68960E+42   5.377E+42
 2.68341E+01 8.43335E+42   5.220E+42
 2.74454E+01 8.16582E+42   5.040E+42
 2.82605E+01 7.79830E+42   4.815E+42
 2.92794E+01 7.41310E+42   4.555E+42
 3.02983E+01 7.07946E+42   4.316E+42
 3.09097E+01 6.88652E+42   4.181E+42
 3.19286E+01 6.54636E+42   3.971E+42
 3.29475E+01 6.23735E+42   3.775E+42
 3.39664E+01 5.92925E+42   3.594E+42
 3.49853E+01 5.66239E+42   3.426E+42
 3.60042E+01 5.43250E+42   3.269E+42
 3.70230E+01 5.23600E+42   3.122E+42
 3.80419E+01 5.04661E+42   2.984E+42
 3.90608E+01 4.84172E+42   2.855E+42
 4.00797E+01 4.62381E+42   2.734E+42
 4.10986E+01 4.42588E+42   2.620E+42
 4.21175E+01 4.25598E+42   2.513E+42
 4.31364E+01 4.11150E+42   2.411E+42
 4.41553E+01 3.97192E+42   2.315E+42
 4.51742E+01 3.81944E+42   2.224E+42
 4.61931E+01 3.66438E+42   2.138E+42
 4.72120E+01 3.50752E+42   2.057E+42
 4.82309E+01 3.36512E+42   1.979E+42
 4.92498E+01 3.22849E+42   1.905E+42
 5.02687E+01 3.10456E+42   1.835E+42
 5.12876E+01 2.97852E+42   1.768E+42
 5.23065E+01 2.85102E+42   1.705E+42
 5.33254E+01 2.72270E+42   1.644E+42
 5.43443E+01 2.59418E+42   1.586E+42
 5.53632E+01 2.48313E+42   1.531E+42
 5.63821E+01 2.37684E+42   1.478E+42
 5.74010E+01 2.28034E+42   1.428E+42
 5.84198E+01 2.18776E+42   1.380E+42
 5.94387E+01 2.09894E+42   1.334E+42
 6.04576E+01 2.01837E+42   1.289E+42
 6.14765E+01 1.94536E+42   1.247E+42
 6.24954E+01 1.87499E+42   1.207E+42
 6.35143E+01 1.81134E+42   1.168E+42
 6.45332E+01 1.74985E+42   1.130E+42
 6.55521E+01 1.69044E+42   1.095E+42
 6.65710E+01 1.63682E+42   1.060E+42
 6.75899E+01 1.58489E+42   1.027E+42
 6.86088E+01 1.53815E+42   9.958E+41
 6.96277E+01 1.48936E+42   9.654E+41
 7.06466E+01 1.44544E+42   9.362E+41
 7.16655E+01 1.40605E+42   9.082E+41
 7.26844E+01 1.36458E+42   8.812E+41
 7.37033E+01 1.32739E+42   8.552E+41
 7.47222E+01 1.29122E+42   8.302E+41
 7.57411E+01 1.25603E+42   8.061E+41
 7.67600E+01 1.22462E+42   7.830E+41
 7.77789E+01 1.19124E+42   7.607E+41
 7.87978E+01 1.15878E+42   7.392E+41
 7.98166E+01 1.12980E+42   7.184E+41
 8.08355E+01 1.10154E+42   6.984E+41
 8.18544E+01 1.07399E+42   6.792E+41
 8.28733E+01 1.04713E+42   6.606E+41
 8.38922E+01 1.02094E+42   6.427E+41
 8.49111E+01 9.97700E+41   6.254E+41
 8.59300E+01 9.70510E+41   6.086E+41
 8.69489E+01 9.48418E+41   5.925E+41
 8.79678E+01 9.24698E+41   5.769E+41
 8.89867E+01 9.03649E+41   5.619E+41
 9.00056E+01 8.81049E+41   5.473E+41
 9.10245E+01 8.60994E+41   5.332E+41
 9.20434E+01 8.41395E+41   5.196E+41
 9.30623E+01 8.20352E+41   5.065E+41
 9.40812E+01 8.01678E+41   4.937E+41
 9.51001E+01 7.83430E+41   4.814E+41
 9.61190E+01 7.65597E+41   4.695E+41
 9.71379E+01 7.48170E+41   4.579E+41
 9.81568E+01 7.31139E+41   4.468E+41
 9.91757E+01 7.14496E+41   4.359E+41
 1.00195E+02 6.98232E+41   4.262E+41
 1.01213E+02 6.82339E+41   4.153E+41
 1.02232E+02 6.68344E+41   4.054E+41
 1.03251E+02 6.53131E+41   3.959E+41
 1.04270E+02 6.38263E+41   3.866E+41
 1.05289E+02 6.25173E+41   3.776E+41
 1.06308E+02 6.10942E+41   3.689E+41
 1.07327E+02 5.97035E+41   3.605E+41
 1.08346E+02 5.84790E+41   3.523E+41
 1.09365E+02 5.72796E+41   3.443E+41
 1.10383E+02 5.59758E+41   3.366E+41
 1.11402E+02 5.48277E+41   3.291E+41
 1.12421E+02 5.35797E+41   3.218E+41
 1.13440E+02 5.24807E+41   3.147E+41
 1.14459E+02 5.14044E+41   3.078E+41
 1.15478E+02 5.03501E+41   3.011E+41
 1.16497E+02 4.93174E+41   2.946E+41
 1.17516E+02 4.83059E+41   2.883E+41
 1.18535E+02 4.73151E+41   2.821E+41
 1.19554E+02 4.63447E+41   2.761E+41
 1.20572E+02 4.53942E+41   2.703E+41
 1.21591E+02 4.44631E+41   2.647E+41
 1.22610E+02 4.36516E+41   2.592E+41
 1.23629E+02 4.27563E+41   2.538E+41
 1.24648E+02 4.18794E+41   2.486E+41
 1.25667E+02 4.11150E+41   2.435E+41
 1.26686E+02 4.02717E+41   2.385E+41
 1.27705E+02 3.95367E+41   2.337E+41
 1.28724E+02 3.87258E+41   2.290E+41
 1.29743E+02 3.80189E+41   2.245E+41
 1.30761E+02 3.73250E+41   2.200E+41
 1.31780E+02 3.66438E+41   2.157E+41
 1.32086E+02 3.63915E+41   2.144E+41
