#NTIMES: 4
#TIMES[d]: 5.0 10.0 15.0 20.0
#
#TIME: 5.0
#NVEL: 18
#vel_mid[km/s] temp[K] rho[gcc] ne[/cm^3] natom[/cm^3]
1.754780E+04 9.293642E+03 1.754378E-13 6.491679E+09 5.525798E+09
1.788812E+04 9.307082E+03 1.256051E-13 4.658695E+09 3.987151E+09
1.853238E+04 9.230959E+03 9.489927E-14 3.518318E+09 3.040731E+09
1.926078E+04 9.123765E+03 7.001945E-14 2.590118E+09 2.256507E+09
2.003410E+04 9.012374E+03 4.896574E-14 1.806315E+09 1.582704E+09
2.083800E+04 8.889247E+03 3.478790E-14 1.279795E+09 1.126207E+09
2.164798E+04 8.742698E+03 2.646443E-14 9.716070E+08 8.577903E+08
2.244795E+04 8.573441E+03 1.902456E-14 6.981043E+08 6.177375E+08
2.324590E+04 8.418812E+03 1.343705E-14 4.933313E+08 4.374552E+08
2.405250E+04 8.274453E+03 9.845822E-15 3.613813E+08 3.218747E+08
2.486775E+04 8.140059E+03 7.553295E-15 2.762734E+08 2.487499E+08
2.569888E+04 7.993081E+03 5.870476E-15 2.130371E+08 1.956738E+08
2.658715E+04 7.832099E+03 4.430616E-15 1.591942E+08 1.504383E+08
2.763753E+04 7.642987E+03 3.168934E-15 1.131683E+08 1.106443E+08
2.898698E+04 7.401911E+03 2.132809E-15 7.685554E+07 7.772159E+07
3.065218E+04 7.111402E+03 1.243972E-15 4.686517E+07 4.823208E+07
3.251555E+04 6.826950E+03 6.170937E-16 2.489922E+07 2.550544E+07
3.423965E+04 6.582566E+03 3.060545E-16 1.294874E+07 1.312811E+07
#
#TIME: 10.0
#NVEL: 31
#vel_mid[km/s] temp[K] rho[gcc] ne[/cm^3] natom[/cm^3]
1.500755E+04 1.061080E+04 3.811940E-14 1.437091E+09 7.667389E+08
1.524048E+04 1.049279E+04 3.684234E-14 1.393192E+09 7.714662E+08
1.564700E+04 1.012809E+04 4.394582E-14 1.659180E+09 9.875792E+08
1.596030E+04 9.767168E+03 6.119583E-14 2.305257E+09 1.514544E+09
1.618740E+04 9.470730E+03 6.711476E-14 2.525838E+09 1.811288E+09
1.635415E+04 9.261850E+03 6.586309E-14 2.484057E+09 1.883282E+09
1.648418E+04 9.115547E+03 5.791264E-14 2.191742E+09 1.710281E+09
1.659312E+04 9.042379E+03 4.815278E-14 1.829093E+09 1.447346E+09
1.669200E+04 8.983819E+03 4.143550E-14 1.577273E+09 1.258402E+09
1.678858E+04 8.939242E+03 3.701508E-14 1.410968E+09 1.132922E+09
1.688835E+04 8.892045E+03 3.349732E-14 1.278017E+09 1.032568E+09
1.699880E+04 8.841381E+03 3.015165E-14 1.151268E+09 9.359568E+08
1.714640E+04 8.790267E+03 2.672259E-14 1.021181E+09 8.355831E+08
1.741525E+04 8.714277E+03 2.192973E-14 8.384197E+08 6.907249E+08
1.788812E+04 8.595542E+03 1.570064E-14 6.000872E+08 4.983939E+08
1.853238E+04 8.460229E+03 1.186241E-14 4.524943E+08 3.800914E+08
1.926078E+04 8.322238E+03 8.752432E-15 3.327748E+08 2.820635E+08
2.003410E+04 8.195328E+03 6.120717E-15 2.319214E+08 1.978381E+08
2.083800E+04 8.067379E+03 4.348487E-15 1.642699E+08 1.407759E+08
2.164798E+04 7.930078E+03 3.308053E-15 1.247289E+08 1.072238E+08
2.244795E+04 7.797123E+03 2.378069E-15 8.963753E+07 7.721722E+07
2.324590E+04 7.679935E+03 1.679631E-15 6.332651E+07 5.468192E+07
2.405250E+04 7.571811E+03 1.230728E-15 4.632838E+07 4.023435E+07
2.486775E+04 7.471678E+03 9.441619E-16 3.531249E+07 3.109375E+07
2.569888E+04 7.370002E+03 7.338095E-16 2.712232E+07 2.445923E+07
2.658715E+04 7.263128E+03 5.538270E-16 2.019112E+07 1.880479E+07
2.763753E+04 7.156059E+03 3.961168E-16 1.432543E+07 1.383054E+07
2.898698E+04 7.029563E+03 2.666011E-16 9.711644E+06 9.715200E+06
3.065218E+04 6.888229E+03 1.554966E-16 5.898789E+06 6.029010E+06
3.251555E+04 6.755375E+03 7.713671E-17 3.121248E+06 3.188180E+06
3.423965E+04 6.650003E+03 3.825681E-17 1.620635E+06 1.641014E+06
#
#TIME: 15.0
#NVEL: 39
#vel_mid[km/s] temp[K] rho[gcc] ne[/cm^3] natom[/cm^3]
9.648220E+03 1.545029E+04 9.316673E-14 3.412772E+09 1.203832E+09
1.009565E+04 1.589851E+04 7.923176E-14 3.118754E+09 1.101085E+09
1.071233E+04 1.578860E+04 6.490534E-14 2.748667E+09 9.790400E+08
1.136668E+04 1.517765E+04 4.967153E-14 2.241044E+09 8.132094E+08
1.206113E+04 1.408365E+04 3.549056E-14 1.616541E+09 6.233763E+08
1.279345E+04 1.262263E+04 2.613497E-14 1.045109E+09 4.829299E+08
1.352863E+04 1.130590E+04 1.976377E-14 7.340284E+08 3.771379E+08
1.419473E+04 1.046665E+04 1.475675E-14 5.476614E+08 2.884965E+08
1.475775E+04 9.992514E+03 1.129464E-14 4.196098E+08 2.271867E+08
1.524048E+04 9.669625E+03 1.091625E-14 4.045285E+08 2.285854E+08
1.564700E+04 9.389796E+03 1.302098E-14 4.787969E+08 2.926179E+08
1.596030E+04 9.125366E+03 1.813210E-14 6.599040E+08 4.487550E+08
1.618740E+04 8.891303E+03 1.988586E-14 7.273355E+08 5.366787E+08
1.635415E+04 8.709580E+03 1.951499E-14 7.216150E+08 5.580098E+08
1.648418E+04 8.573178E+03 1.715930E-14 6.399890E+08 5.067501E+08
1.659312E+04 8.489594E+03 1.426749E-14 5.351782E+08 4.288435E+08
1.669200E+04 8.445655E+03 1.227719E-14 4.621686E+08 3.728600E+08
1.678858E+04 8.406166E+03 1.096743E-14 4.138473E+08 3.356806E+08
1.688835E+04 8.346253E+03 9.925133E-15 3.751314E+08 3.059460E+08
1.699880E+04 8.302294E+03 8.933823E-15 3.382223E+08 2.773206E+08
1.714640E+04 8.249711E+03 7.917804E-15 3.002493E+08 2.475802E+08
1.741525E+04 8.165432E+03 6.497697E-15 2.467139E+08 2.046593E+08
1.788812E+04 8.057800E+03 4.652042E-15 1.767632E+08 1.476723E+08
1.853238E+04 7.931249E+03 3.514788E-15 1.334333E+08 1.126197E+08
1.926078E+04 7.804284E+03 2.593313E-15 9.820299E+07 8.357439E+07
2.003410E+04 7.671251E+03 1.813546E-15 6.846186E+07 5.861872E+07
2.083800E+04 7.540806E+03 1.288441E-15 4.850203E+07 4.171140E+07
2.164798E+04 7.411444E+03 9.801639E-16 3.682913E+07 3.177004E+07
2.244795E+04 7.299966E+03 7.046132E-16 2.645753E+07 2.287919E+07
2.324590E+04 7.207776E+03 4.976684E-16 1.866519E+07 1.620206E+07
2.405250E+04 7.115367E+03 3.646601E-16 1.361013E+07 1.192129E+07
2.486775E+04 7.033831E+03 2.797517E-16 1.032095E+07 9.212966E+06
2.569888E+04 6.958361E+03 2.174250E-16 7.886402E+06 7.247181E+06
2.658715E+04 6.868278E+03 1.640969E-16 5.847892E+06 5.571791E+06
2.763753E+04 6.786071E+03 1.173679E-16 4.147075E+06 4.097937E+06
2.898698E+04 6.687680E+03 7.899292E-17 2.823574E+06 2.878578E+06
3.065218E+04 6.590272E+03 4.607305E-17 1.728726E+06 1.786373E+06
3.251555E+04 6.497351E+03 2.285532E-17 9.204527E+05 9.446460E+05
3.423965E+04 6.412024E+03 1.133535E-17 4.792491E+05 4.862263E+05
#
#TIME: 20.0
#NVEL: 45
#vel_mid[km/s] temp[K] rho[gcc] ne[/cm^3] natom[/cm^3]
6.681933E+03 1.653090E+04 8.301976E-14 2.663333E+09 9.140961E+08
7.073503E+03 1.717034E+04 7.672443E-14 2.469360E+09 8.445166E+08
7.505583E+03 1.740970E+04 6.710747E-14 2.182380E+09 7.456199E+08
7.964053E+03 1.747502E+04 5.864195E-14 1.941748E+09 6.638992E+08
8.450525E+03 1.741696E+04 5.285809E-14 1.798414E+09 6.167761E+08
8.966715E+03 1.727178E+04 4.635044E-14 1.639400E+09 5.651961E+08
9.514450E+03 1.700405E+04 3.930471E-14 1.461974E+09 5.083250E+08
1.009565E+04 1.648642E+04 3.342590E-14 1.318262E+09 4.648509E+08
1.071233E+04 1.565800E+04 2.738194E-14 1.146012E+09 4.132449E+08
1.136668E+04 1.440303E+04 2.095518E-14 8.887574E+08 3.431880E+08
1.206113E+04 1.286334E+04 1.497258E-14 5.672785E+08 2.630391E+08
1.279345E+04 1.146113E+04 1.102569E-14 3.969199E+08 2.037585E+08
1.352863E+04 1.053634E+04 8.337839E-15 3.034604E+08 1.591148E+08
1.419473E+04 9.974880E+03 6.225506E-15 2.277812E+08 1.217138E+08
1.475775E+04 9.625145E+03 4.764925E-15 1.740938E+08 9.584643E+07
1.524048E+04 9.378498E+03 4.605293E-15 1.668748E+08 9.643568E+07
1.564700E+04 9.151654E+03 5.493228E-15 1.965001E+08 1.234490E+08
1.596030E+04 8.898294E+03 7.649479E-15 2.720104E+08 1.893190E+08
1.618740E+04 8.662695E+03 8.389346E-15 3.027512E+08 2.264116E+08
1.635415E+04 8.488325E+03 8.232886E-15 3.020135E+08 2.354105E+08
1.648418E+04 8.374359E+03 7.239080E-15 2.684814E+08 2.137853E+08
1.659312E+04 8.295292E+03 6.019097E-15 2.246955E+08 1.809184E+08
1.669200E+04 8.240153E+03 5.179438E-15 1.940917E+08 1.573004E+08
1.678858E+04 8.193655E+03 4.626885E-15 1.738438E+08 1.416153E+08
1.688835E+04 8.153323E+03 4.187165E-15 1.576606E+08 1.290710E+08
1.699880E+04 8.109651E+03 3.768957E-15 1.421835E+08 1.169947E+08
1.714640E+04 8.060127E+03 3.340324E-15 1.262491E+08 1.044479E+08
1.741525E+04 7.973120E+03 2.741216E-15 1.037588E+08 8.634064E+07
1.788812E+04 7.859670E+03 1.962580E-15 7.435346E+07 6.229926E+07
1.853238E+04 7.727051E+03 1.482801E-15 5.612714E+07 4.751145E+07
1.926078E+04 7.587966E+03 1.094054E-15 4.129975E+07 3.525795E+07
2.003410E+04 7.460854E+03 7.650897E-16 2.878886E+07 2.472978E+07
2.083800E+04 7.338579E+03 5.435609E-16 2.039100E+07 1.759700E+07
2.164798E+04 7.216616E+03 4.135066E-16 1.547432E+07 1.340299E+07
2.244795E+04 7.109474E+03 2.972587E-16 1.110955E+07 9.652160E+06
2.324590E+04 7.007086E+03 2.099539E-16 7.827836E+06 6.835245E+06
2.405250E+04 6.928260E+03 1.538410E-16 5.699618E+06 5.029296E+06
2.486775E+04 6.850878E+03 1.180202E-16 4.312434E+06 3.886721E+06
2.569888E+04 6.783018E+03 9.172618E-17 3.288634E+06 3.057405E+06
2.658715E+04 6.720032E+03 6.922838E-17 2.438298E+06 2.350600E+06
2.763753E+04 6.641227E+03 4.951460E-17 1.729287E+06 1.728817E+06
2.898698E+04 6.554939E+03 3.332514E-17 1.180191E+06 1.214400E+06
3.065218E+04 6.461681E+03 1.943707E-17 7.249432E+05 7.536262E+05
3.251555E+04 6.377980E+03 9.642089E-18 3.872027E+05 3.985225E+05
3.423965E+04 6.304564E+03 4.782101E-18 2.019404E+05 2.051267E+05
