#NTIMES: 1
#NWAVE: 1000
#TIMES[d]: 200.70
#wavelength[Ang] flux_t0[erg/s/Ang] flux_t1[erg/s/Ang] ... flux_tn[erg/s/Ang]
601.45  0.00e+00
605.20  0.00e+00
608.97  0.00e+00
612.77  0.00e+00
616.59  0.00e+00
620.43  0.00e+00
624.30  0.00e+00
628.19  0.00e+00
632.11  0.00e+00
636.05  0.00e+00
640.01  0.00e+00
644.00  0.00e+00
648.02  0.00e+00
652.06  0.00e+00
656.12  0.00e+00
660.21  0.00e+00
664.33  0.00e+00
668.47  0.00e+00
672.64  0.00e+00
676.83  0.00e+00
681.05  0.00e+00
685.29  0.00e+00
689.56  0.00e+00
693.86  0.00e+00
698.19  0.00e+00
702.54  0.00e+00
706.92  0.00e+00
711.33  0.00e+00
715.76  0.00e+00
720.23  0.00e+00
724.71  0.00e+00
729.23  0.00e+00
733.78  0.00e+00
738.35  0.00e+00
742.96  0.00e+00
747.59  0.00e+00
752.25  0.00e+00
756.94  0.00e+00
761.66  0.00e+00
766.40  0.00e+00
771.18  0.00e+00
775.99  0.00e+00
780.83  0.00e+00
785.69  0.00e+00
790.59  0.00e+00
795.52  0.00e+00
800.48  0.00e+00
805.47  0.00e+00
810.49  0.00e+00
815.54  0.00e+00
820.63  0.00e+00
825.74  0.00e+00
830.89  0.00e+00
836.07  0.00e+00
841.28  0.00e+00
846.53  0.00e+00
851.81  0.00e+00
857.12  0.00e+00
862.46  0.00e+00
867.83  0.00e+00
873.25  0.00e+00
878.69  0.00e+00
884.17  0.00e+00
889.68  0.00e+00
895.23  0.00e+00
900.81  0.00e+00
906.42  0.00e+00
912.07  0.00e+00
917.76  0.00e+00
923.48  0.00e+00
929.23  0.00e+00
935.03  0.00e+00
940.86  0.00e+00
946.72  0.00e+00
952.62  0.00e+00
958.56  0.00e+00
964.54  0.00e+00
970.55  0.00e+00
976.60  0.00e+00
982.69  0.00e+00
988.82  0.00e+00
994.98  0.00e+00
1001.18  0.00e+00
1007.42  0.00e+00
1013.71  0.00e+00
1020.02  0.00e+00
1026.38  0.00e+00
1032.78  0.00e+00
1039.22  0.00e+00
1045.70  0.00e+00
1052.22  0.00e+00
1058.78  0.00e+00
1065.38  0.00e+00
1072.02  0.00e+00
1078.70  0.00e+00
1085.43  0.00e+00
1092.19  0.00e+00
1099.00  0.00e+00
1105.85  0.00e+00
1112.75  0.00e+00
1119.68  0.00e+00
1126.66  1.04e+34
1133.69  9.26e+33
1140.75  0.00e+00
1147.86  9.95e+33
1155.02  0.00e+00
1162.22  0.00e+00
1169.47  0.00e+00
1176.76  0.00e+00
1184.09  0.00e+00
1191.47  0.00e+00
1198.90  0.00e+00
1206.37  0.00e+00
1213.90  0.00e+00
1221.46  0.00e+00
1229.08  0.00e+00
1236.74  0.00e+00
1244.45  0.00e+00
1252.21  0.00e+00
1260.01  9.43e+33
1267.87  0.00e+00
1275.77  0.00e+00
1283.73  0.00e+00
1291.73  0.00e+00
1299.78  3.54e+34
1307.89  1.77e+34
1316.04  9.03e+33
1324.24  0.00e+00
1332.50  8.48e+33
1340.80  6.01e+34
1349.16  3.36e+34
1357.57  2.55e+34
1366.03  1.67e+34
1374.55  0.00e+00
1383.12  3.19e+34
1391.74  5.50e+34
1400.42  8.31e+33
1409.15  2.30e+34
1417.93  2.33e+34
1426.77  0.00e+00
1435.67  2.18e+34
1444.62  0.00e+00
1453.62  0.00e+00
1462.69  0.00e+00
1471.80  7.81e+33
1480.98  7.94e+33
1490.21  2.31e+34
1499.50  0.00e+00
1508.85  0.00e+00
1518.25  0.00e+00
1527.72  0.00e+00
1537.24  0.00e+00
1546.83  0.00e+00
1556.47  0.00e+00
1566.17  0.00e+00
1575.94  0.00e+00
1585.76  0.00e+00
1595.64  7.13e+33
1605.59  1.37e+34
1615.60  0.00e+00
1625.68  2.73e+34
1635.81  2.75e+34
1646.01  3.33e+34
1656.27  6.96e+33
1666.59  4.80e+34
1676.98  4.78e+34
1687.43  4.72e+34
1697.95  1.97e+34
1708.54  4.05e+34
1719.19  8.65e+34
1729.90  1.26e+35
1740.69  1.58e+35
1751.54  1.63e+35
1762.46  2.19e+35
1773.45  3.11e+35
1784.50  3.05e+35
1795.63  2.15e+35
1806.83  2.74e+35
1818.09  3.82e+35
1829.42  4.82e+35
1840.82  4.53e+35
1852.30  4.56e+35
1863.85  5.43e+35
1875.47  5.80e+35
1887.16  6.71e+35
1898.92  7.71e+35
1910.76  8.56e+35
1922.67  7.23e+35
1934.66  7.72e+35
1946.72  8.21e+35
1958.85  1.12e+36
1971.06  1.36e+36
1983.36  1.58e+36
1995.72  1.53e+36
2008.16  1.51e+36
2020.68  1.88e+36
2033.28  2.36e+36
2045.95  2.32e+36
2058.70  2.08e+36
2071.53  2.23e+36
2084.45  1.88e+36
2097.45  1.70e+36
2110.52  1.25e+36
2123.67  1.40e+36
2136.92  1.07e+36
2150.24  7.94e+35
2163.64  4.81e+35
2177.13  5.52e+35
2190.71  3.63e+35
2204.36  2.71e+35
2218.11  3.18e+35
2231.93  2.05e+35
2245.84  2.25e+35
2259.84  2.40e+35
2273.93  2.12e+35
2288.11  1.89e+35
2302.38  3.76e+35
2316.72  6.77e+35
2331.16  7.93e+35
2345.70  1.03e+36
2360.33  1.15e+36
2375.05  1.12e+36
2389.85  1.03e+36
2404.75  1.08e+36
2419.73  8.92e+35
2434.82  9.64e+35
2450.01  7.47e+35
2465.28  6.13e+35
2480.64  4.74e+35
2496.11  5.43e+35
2511.67  9.44e+35
2527.31  6.39e+35
2543.07  3.66e+35
2558.94  3.85e+35
2574.87  5.52e+35
2590.94  7.98e+35
2607.09  7.98e+35
2623.34  8.16e+35
2639.69  9.40e+35
2656.16  1.21e+36
2672.71  1.32e+36
2689.37  1.76e+36
2706.12  1.99e+36
2723.01  3.90e+36
2739.98  5.76e+36
2757.07  6.09e+36
2774.24  5.61e+36
2791.55  6.21e+36
2808.94  7.29e+36
2826.44  7.62e+36
2844.06  7.22e+36
2861.79  6.46e+36
2879.63  6.75e+36
2897.58  8.17e+36
2915.65  9.53e+36
2933.82  1.13e+37
2952.14  1.50e+37
2970.54  1.71e+37
2989.05  1.87e+37
3007.68  1.91e+37
3026.43  1.85e+37
3045.29  1.70e+37
3064.28  1.31e+37
3083.38  9.13e+36
3102.60  7.26e+36
3121.94  7.92e+36
3141.41  1.10e+37
3160.99  1.32e+37
3180.69  1.69e+37
3200.52  1.90e+37
3220.48  1.83e+37
3240.55  1.51e+37
3260.75  1.07e+37
3281.08  1.16e+37
3301.53  1.59e+37
3322.12  1.75e+37
3342.83  1.61e+37
3363.67  1.50e+37
3384.64  1.28e+37
3405.73  9.31e+36
3426.96  7.97e+36
3448.33  9.48e+36
3469.82  1.04e+37
3491.46  9.12e+36
3513.22  9.16e+36
3535.12  9.05e+36
3557.16  8.46e+36
3579.34  7.92e+36
3601.65  7.44e+36
3624.10  6.69e+36
3646.69  7.10e+36
3669.43  6.66e+36
3692.30  6.55e+36
3715.32  6.07e+36
3738.48  3.35e+36
3761.79  1.79e+36
3785.24  1.47e+36
3808.84  1.62e+36
3832.58  2.07e+36
3856.47  2.75e+36
3880.51  3.40e+36
3904.70  5.00e+36
3929.05  8.14e+36
3953.54  1.12e+37
3978.19  1.23e+37
4002.99  1.17e+37
4027.94  1.19e+37
4053.05  1.24e+37
4078.32  1.21e+37
4103.74  9.90e+36
4129.32  9.19e+36
4155.06  9.99e+36
4180.97  1.05e+37
4207.03  1.21e+37
4233.26  1.42e+37
4259.65  1.54e+37
4286.20  1.36e+37
4312.92  1.45e+37
4339.81  1.54e+37
4366.86  1.41e+37
4394.08  1.39e+37
4421.48  1.43e+37
4449.04  1.24e+37
4476.78  1.14e+37
4504.68  1.31e+37
4532.76  1.83e+37
4561.02  3.10e+37
4589.46  4.79e+37
4618.07  6.78e+37
4646.86  7.85e+37
4675.83  8.47e+37
4704.97  8.25e+37
4734.31  7.06e+37
4763.82  5.34e+37
4793.51  3.96e+37
4823.40  2.83e+37
4853.47  1.97e+37
4883.72  1.96e+37
4914.17  2.51e+37
4944.80  2.56e+37
4975.63  2.27e+37
5006.65  2.34e+37
5037.86  2.32e+37
5069.26  2.02e+37
5100.86  1.51e+37
5132.66  1.72e+37
5164.66  2.49e+37
5196.85  3.07e+37
5229.25  3.47e+37
5261.85  3.42e+37
5294.66  3.05e+37
5327.66  2.63e+37
5360.87  1.96e+37
5394.29  1.33e+37
5427.92  1.02e+37
5461.76  8.06e+36
5495.81  6.44e+36
5530.06  5.18e+36
5564.54  3.36e+36
5599.23  2.00e+36
5634.14  1.47e+36
5669.25  1.24e+36
5704.60  1.36e+36
5740.16  1.76e+36
5775.95  2.76e+36
5811.96  4.95e+36
5848.18  8.40e+36
5884.64  9.18e+36
5921.32  9.33e+36
5958.24  7.60e+36
5995.38  5.23e+36
6032.76  4.13e+36
6070.37  3.70e+36
6108.20  4.63e+36
6146.29  6.14e+36
6184.60  7.02e+36
6223.16  7.49e+36
6261.96  7.33e+36
6300.99  5.86e+36
6340.27  4.99e+36
6379.80  5.76e+36
6419.57  5.79e+36
6459.58  6.03e+36
6499.85  6.45e+36
6540.37  5.77e+36
6581.15  4.53e+36
6622.17  3.54e+36
6663.46  2.89e+36
6705.00  2.03e+36
6746.79  1.38e+36
6788.86  1.44e+36
6831.18  1.76e+36
6873.77  2.78e+36
6916.62  6.57e+36
6959.73  1.17e+37
7003.12  1.62e+37
7046.78  2.27e+37
7090.70  2.60e+37
7134.91  2.88e+37
7179.39  2.87e+37
7224.14  2.39e+37
7269.18  1.55e+37
7314.49  1.13e+37
7360.09  8.89e+36
7405.98  6.40e+36
7452.15  3.91e+36
7498.60  2.57e+36
7545.35  2.65e+36
7592.37  3.74e+36
7639.72  5.44e+36
7687.34  6.38e+36
7735.26  6.20e+36
7783.48  6.08e+36
7832.00  8.55e+36
7880.83  8.79e+36
7929.95  7.00e+36
7979.38  3.20e+36
8029.13  1.00e+36
8079.18  5.20e+35
8129.55  3.96e+35
8180.23  3.49e+35
8231.22  3.45e+35
8282.54  6.42e+35
8334.17  8.07e+35
8386.13  9.96e+35
8438.39  1.31e+36
8491.02  1.87e+36
8543.94  2.13e+36
8597.21  2.16e+36
8650.80  2.80e+36
8704.72  2.87e+36
8759.00  3.48e+36
8813.59  5.98e+36
8868.55  8.17e+36
8923.83  1.02e+37
8979.45  1.17e+37
9035.45  1.18e+37
9091.76  1.19e+37
9148.44  1.21e+37
9205.46  1.43e+37
9262.86  1.82e+37
9320.60  2.13e+37
9378.71  2.47e+37
9437.17  2.77e+37
9496.00  2.73e+37
9555.20  2.66e+37
9614.77  2.59e+37
9674.72  2.23e+37
9735.01  1.66e+37
9795.70  1.16e+37
9856.76  5.49e+36
9918.23  2.42e+36
9980.04  1.44e+36
10042.26  1.10e+36
10104.88  9.24e+35
10167.87  1.18e+36
10231.23  1.42e+36
10295.04  1.35e+36
10359.21  1.36e+36
10423.79  1.29e+36
10488.78  1.04e+36
10554.14  7.91e+35
10619.94  7.62e+35
10686.15  7.28e+35
10752.76  5.41e+35
10819.79  4.22e+35
10887.25  3.65e+35
10955.12  2.92e+35
11023.40  2.37e+35
11092.13  2.01e+35
11161.30  1.47e+35
11230.87  1.51e+35
11300.85  1.44e+35
11371.32  1.60e+35
11442.20  1.58e+35
11513.52  1.36e+35
11585.33  1.86e+35
11657.55  2.39e+35
11730.21  1.52e+35
11803.32  1.56e+35
11876.92  2.48e+35
11950.97  3.25e+35
12025.47  1.97e+35
12100.41  4.59e+34
12175.85  3.27e+34
12251.78  2.68e+34
12328.16  2.77e+34
12404.98  7.34e+34
12482.30  4.76e+35
12560.12  7.96e+35
12638.43  7.67e+35
12717.24  3.79e+35
12796.50  3.01e+35
12876.30  3.14e+35
12956.55  2.90e+35
13037.35  2.27e+35
13118.58  1.87e+35
13200.38  3.10e+35
13282.67  2.79e+35
13365.45  1.18e+35
13448.79  4.58e+34
13532.63  3.12e+34
13616.96  3.89e+34
13701.85  3.40e+34
13787.30  2.90e+34
13873.24  2.24e+34
13959.74  2.39e+34
14046.74  2.87e+34
14134.29  3.74e+34
14222.46  2.91e+34
14311.06  2.67e+34
14400.29  2.81e+34
14490.08  2.60e+34
14580.42  2.57e+34
14671.33  3.30e+34
14762.79  2.65e+34
14854.82  2.39e+34
14947.40  2.58e+34
15040.61  2.90e+34
15134.31  5.07e+34
15228.71  1.67e+35
15323.60  2.97e+35
15419.12  2.83e+35
15515.28  1.66e+35
15612.00  1.18e+35
15709.35  8.09e+34
15807.25  7.09e+34
15905.80  1.33e+35
16004.98  1.55e+35
16104.71  1.13e+35
16205.09  4.96e+34
16306.10  2.62e+35
16407.83  5.32e+35
16510.03  4.92e+35
16612.96  2.23e+35
16716.52  2.00e+35
16820.82  1.79e+35
16925.67  6.34e+34
17031.15  5.04e+34
17137.36  6.39e+34
17244.12  7.65e+34
17351.61  1.16e+35
17459.84  1.27e+35
17568.71  9.17e+34
17678.21  8.00e+34
17788.35  1.37e+35
17899.34  2.41e+35
18010.85  3.09e+35
18123.11  3.16e+35
18236.11  3.12e+35
18349.85  2.28e+35
18464.22  2.05e+35
18579.34  1.96e+35
18695.08  1.45e+35
18811.69  9.57e+34
18928.92  7.94e+34
19046.90  5.23e+34
19165.74  2.86e+34
19285.21  1.30e+35
19405.42  2.11e+35
19526.38  1.38e+35
19648.09  5.44e+34
19770.53  8.07e+34
19893.86  8.70e+34
20017.79  1.17e+35
20142.60  1.31e+35
20268.16  1.09e+35
20394.60  8.91e+34
20521.64  8.36e+34
20649.57  4.23e+34
20778.37  3.44e+34
20907.92  4.62e+34
21038.21  8.79e+34
21169.39  1.14e+35
21301.31  1.49e+35
21434.11  1.46e+35
21567.80  1.22e+35
21702.23  1.63e+35
21837.55  2.19e+35
21973.60  2.42e+35
22110.55  2.60e+35
22248.38  2.89e+35
22387.11  3.08e+35
22526.73  2.14e+35
22667.07  1.56e+35
22808.49  8.41e+34
22950.62  9.60e+34
23093.64  9.73e+34
23237.74  1.22e+35
23382.56  1.22e+35
23528.27  1.16e+35
23675.05  1.06e+35
23822.55  9.02e+34
23971.12  4.02e+34
24120.40  1.98e+34
24270.96  9.89e+33
24422.21  1.13e+34
24574.36  1.42e+34
24727.60  1.59e+34
24881.73  1.52e+34
25036.95  1.42e+34
25192.86  5.45e+33
25350.07  6.21e+33
25507.96  3.63e+33
25666.94  2.19e+33
25827.03  4.46e+33
25988.01  4.51e+33
26150.09  4.44e+33
26313.05  4.78e+33
26477.12  6.15e+33
26642.30  8.23e+33
26808.35  3.87e+33
26975.28  4.26e+33
27143.56  3.77e+33
27312.71  5.43e+33
27482.97  5.51e+33
27654.35  7.87e+33
27826.84  6.76e+33
28000.19  1.09e+34
28174.66  2.28e+34
28350.51  4.40e+34
28527.21  6.95e+34
28705.03  8.66e+34
28883.97  8.74e+34
29064.02  8.91e+34
29245.19  6.61e+34
29427.48  5.02e+34
29610.89  3.37e+34
29795.41  3.62e+34
29981.28  3.49e+34
30168.19  3.86e+34
30356.24  4.60e+34
30545.50  3.57e+34
30735.90  3.76e+34
30927.51  2.51e+34
31120.34  1.21e+34
31314.33  1.01e+34
31509.54  3.63e+33
31705.95  8.70e+33
31903.61  1.50e+34
32102.51  2.47e+34
32302.65  2.07e+34
32503.99  2.41e+34
32706.62  1.09e+34
32910.52  4.18e+33
33115.70  3.11e+33
33322.12  6.97e+32
33529.86  6.61e+33
33738.87  2.55e+34
33949.20  2.45e+34
34160.84  2.28e+34
34373.80  6.05e+33
34588.07  4.71e+33
34803.70  2.62e+33
35020.68  2.65e+33
35238.98  4.25e+33
35458.67  2.27e+33
35679.72  5.12e+33
35902.13  1.24e+33
36125.97  1.89e+33
36351.17  6.34e+32
36577.76  8.98e+32
36805.80  1.25e+33
37035.24  2.18e+33
37266.11  1.86e+33
37498.43  4.29e+33
37732.19  2.10e+34
37967.44  3.05e+34
38204.09  2.45e+34
38442.27  1.02e+34
38681.90  3.57e+33
38923.07  2.94e+33
39165.72  2.66e+33
39409.87  1.17e+33
39655.56  1.75e+33
39902.74  2.32e+33
40151.51  1.14e+33
40401.83  8.63e+32
40653.68  1.08e+33
40907.08  1.66e+33
41162.13  1.12e+33
41418.72  1.38e+33
41676.91  1.37e+33
41936.76  8.08e+32
42198.14  8.30e+32
42461.24  1.35e+33
42725.93  8.07e+32
42992.28  1.08e+33
43260.28  8.11e+32
43529.94  7.95e+32
43801.32  2.12e+33
44074.42  1.32e+33
44349.18  1.06e+33
44625.65  2.59e+33
44903.85  1.56e+33
45183.76  1.30e+33
45465.40  1.76e+33
45748.82  2.49e+33
46034.03  7.56e+32
46321.03  1.27e+33
46609.81  2.49e+33
46900.32  1.45e+33
47192.76  9.92e+32
47486.91  1.93e+33
47782.92  4.61e+32
48080.80  1.18e+33
48380.54  1.21e+33
48682.15  1.19e+33
48985.62  1.19e+33
49291.03  9.04e+32
49598.30  4.36e+32
49907.52  2.32e+32
50218.60  1.35e+33
50531.70  1.13e+33
50846.67  1.13e+33
51163.66  1.13e+33
51482.60  0.00e+00
51803.57  6.69e+32
52126.49  2.21e+32
52451.43  1.08e+33
52778.41  1.30e+33
53107.42  6.37e+32
53438.56  2.16e+32
53771.63  8.57e+32
54106.84  8.56e+32
54444.17  1.27e+33
54783.53  4.28e+32
55125.12  8.44e+32
55468.74  6.24e+32
55814.49  6.08e+32
56162.47  3.81e+32
56512.58  1.43e+33
56864.93  1.41e+33
57219.40  2.84e+33
57576.11  1.41e+33
57935.05  8.11e+32
58296.12  9.93e+32
58659.53  9.70e+32
59025.30  7.89e+32
59393.19  5.74e+32
59763.42  5.88e+32
60136.01  7.79e+32
60510.96  3.86e+32
60888.13  1.13e+33
61267.78  1.11e+33
61649.67  7.51e+32
62034.03  2.02e+33
62420.74  3.67e+32
62809.81  9.14e+32
63201.35  5.52e+32
63595.38  1.08e+33
63991.90  2.34e+33
64390.77  1.05e+33
64792.11  5.33e+32
65196.08  8.83e+32
65602.54  7.85e+33
66011.48  1.49e+35
66423.05  1.92e+35
66837.10  8.38e+34
67253.78  5.98e+33
67672.94  3.09e+33
68094.88  4.06e+33
68519.29  4.23e+33
68946.49  8.40e+33
69376.33  1.25e+34
69808.79  1.20e+34
70244.05  8.68e+33
70681.93  8.56e+33
71122.44  6.90e+33
71565.91  1.09e+34
72012.01  1.77e+34
72460.89  4.38e+34
72912.58  2.88e+35
73367.23  4.57e+35
73824.51  4.11e+35
74284.75  1.32e+35
74747.79  2.26e+34
75213.81  1.47e+34
75682.81  8.14e+33
76154.59  3.90e+33
76629.36  3.87e+33
77106.92  6.17e+33
77587.65  5.63e+33
78071.36  5.04e+33
78558.05  4.99e+33
79047.73  2.44e+33
79540.59  1.85e+33
80036.43  1.01e+33
80535.25  5.68e+32
81037.47  6.94e+32
81542.67  4.25e+32
82050.85  1.42e+32
82562.44  8.29e+32
83076.99  1.40e+32
83594.97  4.18e+32
84116.14  5.34e+32
84640.51  6.80e+32
85168.07  2.33e+33
85699.06  1.03e+34
86233.24  2.88e+34
86770.86  7.00e+34
87311.92  1.21e+35
87856.16  1.56e+35
88403.84  2.00e+35
88954.96  2.47e+35
89509.52  2.29e+35
90067.52  2.36e+35
90628.96  2.13e+35
91193.84  2.03e+35
91762.43  1.50e+35
92334.46  1.16e+35
92909.93  6.66e+34
93489.40  2.73e+34
94072.01  1.19e+34
94658.65  3.55e+33
95248.71  1.48e+33
95842.50  4.79e+32
96440.01  1.04e+33
97040.94  4.65e+32
97645.91  8.33e+32
98254.60  1.40e+33
98867.34  3.18e+33
99483.48  3.51e+33
100103.66  9.32e+33
100727.91  1.39e+34
101355.88  2.37e+34
101987.57  4.47e+34
102623.31  6.21e+34
103263.12  7.16e+34
103906.99  7.93e+34
104554.57  9.31e+34
105206.58  8.93e+34
105862.28  8.43e+34
106522.05  7.75e+34
107186.26  6.45e+34
107854.53  4.51e+34
108526.87  3.33e+34
109203.27  5.00e+34
109884.12  7.55e+34
110569.03  5.23e+34
111258.41  1.91e+34
111951.83  3.95e+33
112649.72  1.50e+33
113352.08  7.00e+32
114058.92  1.81e+33
114769.79  5.92e+33
115485.13  1.81e+34
116205.38  2.76e+34
116929.66  4.86e+34
117658.41  9.19e+34
118392.09  1.23e+35
119130.25  1.32e+35
119872.87  1.03e+35
120619.96  5.33e+34
121371.99  3.12e+34
122128.49  1.72e+34
122889.94  6.77e+33
123655.84  1.95e+33
124426.70  4.40e+32
125202.53  3.58e+32
125983.33  1.16e+33
126768.57  2.54e+33
127558.77  3.17e+33
128353.94  8.94e+32
129154.08  4.41e+32
129959.19  4.38e+32
130769.26  3.49e+32
131584.88  0.00e+00
132404.88  1.76e+32
133230.43  8.08e+31
134060.95  0.00e+00
134896.42  0.00e+00
135737.46  2.49e+32
136583.44  8.74e+31
137435.00  1.72e+32
138292.14  0.00e+00
139154.22  7.79e+31
140021.23  3.26e+32
140894.48  0.00e+00
141772.66  8.14e+31
142656.42  0.00e+00
143545.76  1.58e+32
144440.70  7.79e+31
145341.23  7.82e+31
146247.36  5.57e+32
147159.07  1.72e+33
148076.37  7.77e+32
148999.25  7.62e+31
149928.46  2.30e+32
150863.26  1.56e+32
151803.64  1.44e+32
152749.59  2.25e+32
153701.89  1.36e+33
154659.75  1.86e+33
155623.97  1.17e+33
156594.56  2.26e+32
157570.71  7.39e+32
158553.24  1.64e+33
159541.30  4.02e+33
160535.73  6.99e+33
161536.55  1.18e+34
162543.76  2.28e+34
163557.36  2.76e+34
164576.45  2.56e+34
165602.83  2.08e+34
166634.68  8.47e+33
167673.85  5.13e+33
168719.41  2.71e+33
169770.40  1.30e+33
170828.73  6.65e+31
171894.42  3.94e+32
172965.50  1.98e+32
174043.96  5.23e+32
175128.78  4.58e+32
176221.00  5.91e+32
177319.59  4.53e+33
178424.53  1.64e+34
179536.87  2.41e+34
180655.55  2.40e+34
181782.74  2.57e+34
182915.16  2.70e+34
184056.13  3.25e+34
185203.41  3.62e+34
186358.13  3.62e+34
187519.13  3.35e+34
188688.75  3.31e+34
189864.63  2.94e+34
191047.96  2.19e+34
192238.73  2.04e+34
193438.20  1.30e+34
194643.88  6.42e+33
195857.02  3.35e+33
197077.59  1.45e+33
198306.91  5.37e+32
199542.37  3.14e+32
200786.60  2.19e+32
202038.26  4.93e+31
203297.36  0.00e+00
204565.28  0.00e+00
205840.62  5.16e+31
207123.38  0.00e+00
208414.99  5.61e+31
209714.00  1.12e+32
211021.88  6.74e+32
212337.15  1.39e+33
213661.31  1.16e+33
214992.83  1.95e+33
216333.25  2.55e+33
217681.01  2.61e+33
219039.26  2.21e+33
220404.84  2.25e+33
221777.71  5.55e+33
223161.15  8.30e+33
224551.86  1.28e+34
225951.51  1.86e+34
227360.08  3.16e+34
228777.60  3.66e+34
230204.07  3.31e+34
231639.49  2.26e+34
233082.05  1.29e+34
234535.34  8.41e+33
235997.59  5.40e+33
237468.78  3.05e+33
238948.90  3.78e+33
240439.87  3.27e+33
241937.86  3.00e+33
243446.72  4.21e+33
244964.50  4.67e+33
246491.20  3.49e+33
248026.79  9.15e+32
249573.32  2.21e+32
251128.73  1.35e+32
252695.14  1.71e+32
254270.42  8.87e+31
255854.56  1.35e+32
257449.71  2.08e+33
259055.92  4.56e+33
260670.96  5.11e+33
262294.79  1.39e+33
263929.69  2.59e+32
265575.69  2.48e+32
267230.43  2.01e+32
268896.28  0.00e+00
270573.25  4.33e+31
272261.39  4.00e+31
273958.20  1.23e+32
275666.16  4.33e+31
277385.28  4.26e+31
279112.98  0.00e+00
280854.44  1.24e+32
282604.46  1.64e+32
284365.62  8.20e+31
286137.95  3.99e+31
287921.46  3.83e+31
289716.13  0.00e+00
291521.98  0.00e+00
293341.87  0.00e+00
295170.09  0.00e+00
297009.48  0.00e+00
298860.01  0.00e+00
