#NTIMES:  59
#NVEL:   115
#TIMES: 9.76000e-01 1.07400e+00 1.18100e+00 1.30000e+00 1.43000e+00 1.57300e+00 1.73000e+00 1.90000e+00 2.09000e+00 2.30000e+00 2.53000e+00 2.78300e+00 3.06100e+00 3.36700e+00 3.70400e+00 4.07400e+00 4.48100e+00 4.92900e+00 5.42200e+00 5.96400e+00 6.56000e+00 7.21600e+00 7.93800e+00 8.73200e+00 9.60000e+00 1.05600e+01 1.16200e+01 1.27800e+01 1.40600e+01 1.54700e+01 1.70200e+01 1.87200e+01 2.05900e+01 2.26500e+01 2.49100e+01 2.74000e+01 3.01400e+01 3.31500e+01 3.64600e+01 4.01100e+01 4.41200e+01 4.85300e+01 5.33800e+01 5.87200e+01 6.45900e+01 7.10500e+01 7.82000e+01 8.60000e+01 9.46000e+01 1.04100e+02 1.14500e+02 1.26000e+02 1.38600e+02 1.52500e+02 1.67800e+02 1.84600e+02 2.03100e+02 2.23400e+02 2.45700e+02
#vel_mid[km/s] Tgas_t0[K] Tgas_t1[K] ... Tgas_tn[K]
8.77213e+02 7.47641e+04 -9.99999e+99 6.70818e+04 6.34779e+04 6.00825e+04 -9.99999e+99 -9.99999e+99 -9.99999e+99 -9.99999e+99 -9.99999e+99 -9.99999e+99 -9.99999e+99 -9.99999e+99 -9.99999e+99 -9.99999e+99 -9.99999e+99 -9.99999e+99 -9.99999e+99 -9.99999e+99 -9.99999e+99 -9.99999e+99 -9.99999e+99 -9.99999e+99 -9.99999e+99 -9.99999e+99 -9.99999e+99 -9.99999e+99 -9.99999e+99 -9.99999e+99 -9.99999e+99 -9.99999e+99 -9.99999e+99 1.79440e+04 1.64335e+04 1.48831e+04 1.31958e+04 1.13977e+04 9.75184e+03 8.37324e+03 7.59738e+03 6.96198e+03 6.38241e+03 6.04826e+03 5.97109e+03 5.92208e+03 5.91795e+03 5.88055e+03 5.87052e+03 5.68918e+03 5.68014e+03 5.50348e+03 5.17346e+03 5.05889e+03 4.84866e+03 4.57590e+03 4.27308e+03 4.25721e+03 3.85110e+03 3.40015e+03
8.83179e+02 7.47641e+04 7.08245e+04 6.70818e+04 6.34779e+04 6.00825e+04 5.68621e+04 5.38073e+04 5.09411e+04 4.81716e+04 4.55414e+04 4.30765e+04 4.07778e+04 3.86619e+04 3.67499e+04 3.50654e+04 3.36309e+04 3.24349e+04 3.14751e+04 3.07368e+04 3.01970e+04 2.97784e+04 2.94089e+04 2.90250e+04 2.85481e+04 2.79455e+04 2.71600e+04 2.61070e+04 2.48761e+04 2.35453e+04 2.21653e+04 2.08547e+04 1.94427e+04 1.79438e+04 1.64331e+04 1.48830e+04 1.31959e+04 1.13977e+04 9.75198e+03 8.37305e+03 7.59742e+03 6.96203e+03 6.38246e+03 6.04820e+03 5.97111e+03 5.92204e+03 5.91798e+03 5.88057e+03 5.87057e+03 5.68919e+03 5.68006e+03 5.51186e+03 5.17939e+03 5.05672e+03 4.84851e+03 4.57913e+03 4.27812e+03 4.24309e+03 3.78709e+03 3.42931e+03
9.01324e+02 7.47642e+04 7.08246e+04 6.70820e+04 6.34781e+04 6.00830e+04 5.68630e+04 5.38085e+04 5.09431e+04 4.81749e+04 4.55449e+04 4.30821e+04 4.07834e+04 3.86695e+04 3.67596e+04 3.50767e+04 3.36405e+04 3.24459e+04 3.14880e+04 3.07501e+04 3.02079e+04 2.97885e+04 2.94175e+04 2.90302e+04 2.85531e+04 2.79496e+04 2.71631e+04 2.61095e+04 2.48777e+04 2.35467e+04 2.21660e+04 2.08553e+04 1.94430e+04 1.79438e+04 1.64328e+04 1.48827e+04 1.31956e+04 1.13982e+04 9.75266e+03 8.37368e+03 7.59809e+03 6.96265e+03 6.38296e+03 6.04821e+03 5.97082e+03 5.92161e+03 5.91748e+03 5.88003e+03 5.87000e+03 5.68881e+03 5.67944e+03 5.53250e+03 5.23790e+03 5.05150e+03 4.84539e+03 4.58863e+03 4.29815e+03 4.17151e+03 3.69117e+03 3.53028e+03
9.38739e+02 7.47644e+04 7.08253e+04 6.70832e+04 6.34798e+04 6.00863e+04 5.68690e+04 5.38170e+04 5.09565e+04 4.81954e+04 4.55682e+04 4.31161e+04 4.08203e+04 3.87165e+04 3.68171e+04 3.51424e+04 3.37040e+04 3.25156e+04 3.15647e+04 3.08272e+04 3.02749e+04 2.98483e+04 2.94676e+04 2.90651e+04 2.85833e+04 2.79736e+04 2.71813e+04 2.61237e+04 2.48875e+04 2.35542e+04 2.21707e+04 2.08585e+04 1.94447e+04 1.79437e+04 1.64319e+04 1.48820e+04 1.31939e+04 1.14004e+04 9.75523e+03 8.37574e+03 7.59977e+03 6.96403e+03 6.38435e+03 6.04873e+03 5.97056e+03 5.92103e+03 5.91679e+03 5.87929e+03 5.86918e+03 5.69010e+03 5.67863e+03 5.50730e+03 5.33219e+03 5.07699e+03 4.79481e+03 4.58686e+03 4.34075e+03 4.05600e+03 3.73983e+03 3.63715e+03
9.98902e+02 7.47668e+04 7.08296e+04 6.70898e+04 6.34883e+04 6.01012e+04 5.68935e+04 5.38518e+04 5.10083e+04 4.82691e+04 4.56572e+04 4.32324e+04 4.09532e+04 3.88759e+04 3.70000e+04 3.53438e+04 3.39163e+04 3.27411e+04 3.17968e+04 3.10530e+04 3.04816e+04 3.00281e+04 2.96168e+04 2.91825e+04 2.86766e+04 2.80463e+04 2.72368e+04 2.61664e+04 2.49192e+04 2.35773e+04 2.21867e+04 2.08686e+04 1.94505e+04 1.79457e+04 1.64318e+04 1.48830e+04 1.31918e+04 1.14051e+04 9.75998e+03 8.37858e+03 7.60178e+03 6.96550e+03 6.38929e+03 6.05051e+03 5.97050e+03 5.91905e+03 5.91626e+03 5.87870e+03 5.86846e+03 5.73562e+03 5.67819e+03 5.54352e+03 5.31887e+03 5.12433e+03 4.72181e+03 4.47387e+03 4.30880e+03 3.97407e+03 3.79346e+03 3.64946e+03
1.05989e+03 7.47771e+04 7.08458e+04 6.71125e+04 6.35161e+04 6.01461e+04 5.69602e+04 5.39397e+04 5.11315e+04 4.84310e+04 4.58499e+04 4.34656e+04 4.12109e+04 3.91703e+04 3.73199e+04 3.56823e+04 3.42662e+04 3.31057e+04 3.21602e+04 3.14013e+04 3.08015e+04 3.03055e+04 2.98476e+04 2.93698e+04 2.88237e+04 2.81610e+04 2.73250e+04 2.62343e+04 2.49706e+04 2.36146e+04 2.22135e+04 2.08852e+04 1.94606e+04 1.79501e+04 1.64334e+04 1.48854e+04 1.31902e+04 1.14111e+04 9.76408e+03 8.38053e+03 7.60236e+03 6.96569e+03 6.39612e+03 6.05753e+03 5.97057e+03 5.91745e+03 5.91613e+03 5.87840e+03 5.86802e+03 5.74832e+03 5.67995e+03 5.52719e+03 5.31034e+03 5.10788e+03 4.84003e+03 4.52922e+03 4.32179e+03 4.00047e+03 3.77279e+03 3.68838e+03
1.12463e+03 7.48138e+04 7.09020e+04 6.71893e+04 6.36061e+04 6.02796e+04 5.71399e+04 5.41554e+04 5.14093e+04 4.87711e+04 4.62347e+04 4.39047e+04 4.16788e+04 3.96698e+04 3.78364e+04 3.62050e+04 3.47887e+04 3.36270e+04 3.26670e+04 3.18789e+04 3.12361e+04 3.06826e+04 3.01629e+04 2.96268e+04 2.90273e+04 2.83208e+04 2.74487e+04 2.63299e+04 2.50435e+04 2.36681e+04 2.22523e+04 2.09091e+04 1.94763e+04 1.79572e+04 1.64365e+04 1.48893e+04 1.31888e+04 1.14195e+04 9.76673e+03 8.38197e+03 7.60095e+03 6.96434e+03 6.39947e+03 6.07477e+03 5.97043e+03 5.91995e+03 5.91896e+03 5.87766e+03 5.86723e+03 5.76537e+03 5.68541e+03 5.50492e+03 5.34445e+03 5.09595e+03 4.79422e+03 4.56859e+03 4.30153e+03 3.98334e+03 3.78076e+03 3.62835e+03
1.19333e+03 7.49412e+04 7.11055e+04 6.74561e+04 6.39019e+04 6.06698e+04 5.76084e+04 5.46655e+04 5.20008e+04 4.94358e+04 4.69494e+04 4.46715e+04 4.24664e+04 4.04675e+04 3.86246e+04 3.69685e+04 3.55213e+04 3.43266e+04 3.33255e+04 3.24853e+04 3.17817e+04 3.11547e+04 3.05586e+04 2.99507e+04 2.92860e+04 2.85252e+04 2.76080e+04 2.64535e+04 2.51385e+04 2.37389e+04 2.23043e+04 2.09412e+04 1.94981e+04 1.79670e+04 1.64415e+04 1.48944e+04 1.31884e+04 1.14252e+04 9.76698e+03 8.38165e+03 7.59592e+03 6.96188e+03 6.40010e+03 6.08558e+03 5.96876e+03 5.92390e+03 5.91953e+03 5.87524e+03 5.86717e+03 5.77388e+03 5.68720e+03 5.51206e+03 5.32058e+03 5.08481e+03 4.83797e+03 4.56065e+03 4.24014e+03 4.00511e+03 3.77137e+03 3.59362e+03
1.26622e+03 7.54557e+04 7.18634e+04 6.83660e+04 6.48411e+04 6.17042e+04 5.87033e+04 5.57619e+04 5.31372e+04 5.06060e+04 4.81449e+04 4.58883e+04 4.36873e+04 4.16652e+04 3.97763e+04 3.80516e+04 3.65243e+04 3.52476e+04 3.41626e+04 3.32351e+04 3.24450e+04 3.17247e+04 3.10360e+04 3.03425e+04 2.96011e+04 2.87757e+04 2.78043e+04 2.66066e+04 2.52574e+04 2.38291e+04 2.23712e+04 2.09833e+04 1.95275e+04 1.79810e+04 1.64511e+04 1.49020e+04 1.31872e+04 1.14265e+04 9.77161e+03 8.38159e+03 7.58716e+03 6.96020e+03 6.39723e+03 6.08850e+03 5.96435e+03 5.92581e+03 5.91149e+03 5.87523e+03 5.87556e+03 5.77877e+03 5.67649e+03 5.48263e+03 5.31360e+03 5.09592e+03 4.87931e+03 4.53584e+03 4.26396e+03 4.03401e+03 3.82698e+03 3.69015e+03
1.34357e+03 7.75812e+04 7.40776e+04 7.06326e+04 6.70818e+04 6.38583e+04 6.07721e+04 5.77400e+04 5.50150e+04 5.24060e+04 4.99006e+04 4.76020e+04 4.53859e+04 4.33147e+04 4.13574e+04 3.95338e+04 3.78796e+04 3.64592e+04 3.52313e+04 3.41651e+04 3.32485e+04 3.24062e+04 3.16038e+04 3.08077e+04 2.99765e+04 2.90759e+04 2.80408e+04 2.67921e+04 2.54026e+04 2.39408e+04 2.24556e+04 2.10365e+04 1.95655e+04 1.80011e+04 1.64663e+04 1.49108e+04 1.31842e+04 1.14308e+04 9.77997e+03 8.38612e+03 7.58170e+03 6.95496e+03 6.39374e+03 6.08393e+03 5.96111e+03 5.92724e+03 5.91713e+03 5.87907e+03 5.86061e+03 5.79859e+03 5.66033e+03 5.48433e+03 5.31724e+03 5.09662e+03 4.88367e+03 4.46776e+03 4.25454e+03 4.05761e+03 3.82216e+03 3.54858e+03
1.42564e+03 8.20510e+04 7.80545e+04 7.42827e+04 7.05951e+04 6.70891e+04 6.37527e+04 6.05603e+04 5.76053e+04 5.47975e+04 5.21544e+04 4.97369e+04 4.74698e+04 4.53415e+04 4.33216e+04 4.14077e+04 3.96211e+04 3.80142e+04 3.65848e+04 3.53181e+04 3.42201e+04 3.32136e+04 3.22675e+04 3.13481e+04 3.04117e+04 2.94246e+04 2.83163e+04 2.70091e+04 2.55733e+04 2.40750e+04 2.25584e+04 2.11027e+04 1.96094e+04 1.80254e+04 1.64827e+04 1.49192e+04 1.31819e+04 1.14379e+04 9.78777e+03 8.40117e+03 7.58045e+03 6.94734e+03 6.39330e+03 6.08537e+03 5.96020e+03 5.93510e+03 5.93626e+03 5.89423e+03 5.85222e+03 5.79472e+03 5.65657e+03 5.47688e+03 5.31546e+03 5.07886e+03 4.78835e+03 4.54552e+03 4.29864e+03 4.03963e+03 3.76799e+03 3.55470e+03
1.51272e+03 8.70903e+04 8.25553e+04 7.83717e+04 7.44607e+04 7.07032e+04 6.71368e+04 6.37910e+04 6.06261e+04 5.76071e+04 5.47804e+04 5.21882e+04 4.98029e+04 4.75931e+04 4.55143e+04 4.35391e+04 4.16570e+04 3.98784e+04 3.82298e+04 3.67199e+04 3.53826e+04 3.41603e+04 3.30301e+04 3.19606e+04 3.09013e+04 2.98159e+04 2.86255e+04 2.72529e+04 2.57662e+04 2.42281e+04 2.26775e+04 2.11831e+04 1.96574e+04 1.80550e+04 1.64991e+04 1.49293e+04 1.31837e+04 1.14510e+04 9.79181e+03 8.41920e+03 7.58196e+03 6.94601e+03 6.39738e+03 6.09827e+03 5.98450e+03 5.94977e+03 5.93252e+03 5.91604e+03 5.85980e+03 5.78777e+03 5.66860e+03 5.47047e+03 5.31901e+03 5.08226e+03 4.81400e+03 4.63858e+03 4.35379e+03 4.09011e+03 3.81789e+03 3.60161e+03
1.60513e+03 9.13627e+04 8.66657e+04 8.22752e+04 7.81518e+04 7.42576e+04 7.05667e+04 6.71032e+04 6.38319e+04 6.06785e+04 5.77031e+04 5.49309e+04 5.23678e+04 5.00117e+04 4.78233e+04 4.57679e+04 4.38162e+04 4.19172e+04 4.00913e+04 3.83525e+04 3.67437e+04 3.52608e+04 3.39008e+04 3.26467e+04 3.14425e+04 3.02455e+04 2.89637e+04 2.75192e+04 2.59774e+04 2.43959e+04 2.28101e+04 2.12748e+04 1.97117e+04 1.80874e+04 1.65162e+04 1.49396e+04 1.31857e+04 1.14680e+04 9.80770e+03 8.43969e+03 7.58361e+03 6.94660e+03 6.40351e+03 6.10757e+03 5.99325e+03 5.96490e+03 5.93536e+03 5.92634e+03 5.87076e+03 5.79603e+03 5.68280e+03 5.50723e+03 5.32501e+03 5.08281e+03 4.87143e+03 4.62584e+03 4.39698e+03 4.13185e+03 3.89328e+03 3.67584e+03
1.70317e+03 9.54949e+04 9.07282e+04 8.62207e+04 8.19148e+04 7.78972e+04 7.41015e+04 7.05313e+04 6.71922e+04 6.39582e+04 6.08828e+04 5.79697e+04 5.52266e+04 5.26642e+04 5.02790e+04 4.80564e+04 4.59832e+04 4.39780e+04 4.20263e+04 4.01236e+04 3.82698e+04 3.65164e+04 3.48903e+04 3.34130e+04 3.20363e+04 3.07110e+04 2.93277e+04 2.78043e+04 2.62036e+04 2.45770e+04 2.29547e+04 2.13771e+04 1.97714e+04 1.81219e+04 1.65332e+04 1.49483e+04 1.31878e+04 1.14818e+04 9.84135e+03 8.45393e+03 7.58464e+03 6.94098e+03 6.40731e+03 6.12379e+03 6.01152e+03 5.98270e+03 5.95527e+03 5.94234e+03 5.89432e+03 5.83507e+03 5.69833e+03 5.56004e+03 5.32398e+03 5.10162e+03 4.90725e+03 4.63401e+03 4.42092e+03 4.13414e+03 3.95365e+03 3.73118e+03
1.80721e+03 1.00238e+05 9.52705e+04 9.05841e+04 8.60914e+04 8.19012e+04 7.79486e+04 7.42330e+04 7.07895e+04 6.74605e+04 6.42921e+04 6.12613e+04 5.83676e+04 5.55958e+04 5.29672e+04 5.04886e+04 4.81879e+04 4.60098e+04 4.39223e+04 4.18993e+04 3.98734e+04 3.78950e+04 3.60001e+04 3.42672e+04 3.26878e+04 3.12136e+04 2.97159e+04 2.81061e+04 2.64424e+04 2.47716e+04 2.31119e+04 2.14885e+04 1.98375e+04 1.81601e+04 1.65475e+04 1.49582e+04 1.31862e+04 1.14967e+04 9.87775e+03 8.47060e+03 7.58766e+03 6.93523e+03 6.41366e+03 6.14534e+03 6.03094e+03 6.00632e+03 5.97874e+03 5.96162e+03 5.91773e+03 5.85225e+03 5.71190e+03 5.55545e+03 5.34658e+03 5.12966e+03 4.92628e+03 4.64079e+03 4.46314e+03 4.22332e+03 4.02399e+03 3.74029e+03
1.91760e+03 1.05596e+05 1.00408e+05 9.55097e+04 9.08109e+04 8.64060e+04 8.22435e+04 7.83257e+04 7.46957e+04 7.12027e+04 6.78874e+04 6.47143e+04 6.16709e+04 5.87116e+04 5.58563e+04 5.31101e+04 5.05084e+04 4.80668e+04 4.57725e+04 4.35992e+04 4.14468e+04 3.93165e+04 3.72033e+04 3.52069e+04 3.34003e+04 3.17540e+04 3.01263e+04 2.84218e+04 2.66908e+04 2.49747e+04 2.32804e+04 2.16070e+04 1.99108e+04 1.82004e+04 1.65635e+04 1.49687e+04 1.31874e+04 1.15195e+04 9.91827e+03 8.51114e+03 7.59110e+03 6.93171e+03 6.42111e+03 6.17003e+03 6.05908e+03 6.03431e+03 6.00864e+03 5.98575e+03 5.93247e+03 5.85732e+03 5.73257e+03 5.58847e+03 5.35511e+03 5.17459e+03 4.95448e+03 4.69953e+03 4.51123e+03 4.26558e+03 4.03829e+03 3.75453e+03
2.03474e+03 1.11648e+05 1.06156e+05 1.00994e+05 9.60640e+04 9.14045e+04 8.69887e+04 8.28301e+04 7.89304e+04 7.51811e+04 7.16189e+04 6.82281e+04 6.49857e+04 6.18320e+04 5.87748e+04 5.58024e+04 5.29155e+04 5.01783e+04 4.76146e+04 4.52260e+04 4.29259e+04 4.06795e+04 3.84193e+04 3.62016e+04 3.41655e+04 3.23254e+04 3.05517e+04 2.87443e+04 2.69425e+04 2.51779e+04 2.34547e+04 2.17311e+04 1.99836e+04 1.82385e+04 1.65813e+04 1.49769e+04 1.31843e+04 1.15483e+04 9.96579e+03 8.55887e+03 7.59570e+03 6.92586e+03 6.43066e+03 6.19554e+03 6.09528e+03 6.07168e+03 6.04462e+03 6.02496e+03 5.96448e+03 5.88990e+03 5.78297e+03 5.60331e+03 5.41181e+03 5.21263e+03 4.99163e+03 4.75833e+03 4.55825e+03 4.34746e+03 4.12389e+03 3.83144e+03
2.15903e+03 1.18245e+05 1.12393e+05 1.06902e+05 1.01696e+05 9.67428e+04 9.20302e+04 8.75953e+04 8.33752e+04 7.93022e+04 7.54143e+04 7.17157e+04 6.81898e+04 6.47968e+04 6.15306e+04 5.83603e+04 5.52455e+04 5.22576e+04 4.94281e+04 4.67860e+04 4.42930e+04 4.19147e+04 3.95441e+04 3.71819e+04 3.49524e+04 3.29097e+04 3.09770e+04 2.90603e+04 2.71864e+04 2.53725e+04 2.36270e+04 2.18518e+04 2.00478e+04 1.82705e+04 1.66006e+04 1.49827e+04 1.31808e+04 1.15879e+04 1.00496e+04 8.61741e+03 7.60242e+03 6.92592e+03 6.45100e+03 6.23059e+03 6.14072e+03 6.11431e+03 6.09861e+03 6.08542e+03 6.01854e+03 5.95016e+03 5.83394e+03 5.65016e+03 5.47348e+03 5.26535e+03 5.04624e+03 4.81329e+03 4.62737e+03 4.42801e+03 4.16080e+03 3.95995e+03
2.29091e+03 1.25198e+05 1.18983e+05 1.13116e+05 1.07528e+05 1.02202e+05 9.71320e+04 9.23661e+04 8.77915e+04 8.33624e+04 7.91189e+04 7.50694e+04 7.12036e+04 6.75168e+04 6.40061e+04 6.06348e+04 5.73295e+04 5.41531e+04 5.11172e+04 4.82415e+04 4.55368e+04 4.29974e+04 4.05133e+04 3.80650e+04 3.57073e+04 3.34797e+04 3.13821e+04 2.93538e+04 2.74093e+04 2.55490e+04 2.37837e+04 2.19620e+04 2.00976e+04 1.82945e+04 1.66153e+04 1.49789e+04 1.31678e+04 1.16296e+04 1.01720e+04 8.68635e+03 7.61035e+03 6.93341e+03 6.47737e+03 6.27741e+03 6.20116e+03 6.17003e+03 6.16126e+03 6.15165e+03 6.08926e+03 5.99885e+03 5.90327e+03 5.73024e+03 5.53800e+03 5.33839e+03 5.12571e+03 4.90949e+03 4.68726e+03 4.49754e+03 4.26659e+03 4.08436e+03
2.43085e+03 1.32717e+05 1.25900e+05 1.19508e+05 1.13426e+05 1.07601e+05 1.02083e+05 9.69066e+04 9.19442e+04 8.71442e+04 8.25352e+04 7.81430e+04 7.39410e+04 6.99478e+04 6.61684e+04 6.25762e+04 5.90893e+04 5.57616e+04 5.25785e+04 4.95258e+04 4.66331e+04 4.39233e+04 4.13117e+04 3.87985e+04 3.63675e+04 3.40045e+04 3.17472e+04 2.96093e+04 2.75995e+04 2.56927e+04 2.39050e+04 2.20437e+04 2.01271e+04 1.82979e+04 1.66078e+04 1.49550e+04 1.31446e+04 1.16757e+04 1.03020e+04 8.75397e+03 7.62326e+03 6.94145e+03 6.50419e+03 6.32452e+03 6.26245e+03 6.23640e+03 6.23026e+03 6.21723e+03 6.17315e+03 6.06784e+03 6.00035e+03 5.82178e+03 5.61442e+03 5.42158e+03 5.20668e+03 5.00778e+03 4.77891e+03 4.60719e+03 4.42487e+03 4.21189e+03
2.57933e+03 1.40084e+05 1.32589e+05 1.25609e+05 1.19020e+05 1.12654e+05 1.06640e+05 1.01010e+05 9.56269e+04 9.04529e+04 8.54867e+04 8.07819e+04 7.62770e+04 7.20163e+04 6.79887e+04 6.41761e+04 6.05006e+04 5.70408e+04 5.37490e+04 5.05711e+04 4.75394e+04 4.46687e+04 4.19363e+04 3.93634e+04 3.68911e+04 3.44478e+04 3.20495e+04 2.98105e+04 2.77415e+04 2.57919e+04 2.39786e+04 2.20830e+04 2.01259e+04 1.82671e+04 1.65781e+04 1.49146e+04 1.31055e+04 1.17188e+04 1.04024e+04 8.81691e+03 7.62477e+03 6.94180e+03 6.53506e+03 6.37285e+03 6.31937e+03 6.29862e+03 6.29682e+03 6.28933e+03 6.25205e+03 6.16329e+03 6.07467e+03 5.89734e+03 5.71344e+03 5.50034e+03 5.30026e+03 5.08941e+03 4.90835e+03 4.73960e+03 4.55778e+03 4.36341e+03
2.73689e+03 1.46129e+05 1.38127e+05 1.30669e+05 1.23667e+05 1.16839e+05 1.10385e+05 1.04358e+05 9.85728e+04 9.30501e+04 8.77667e+04 8.28007e+04 7.80477e+04 7.35813e+04 6.93637e+04 6.53702e+04 6.15158e+04 5.79439e+04 5.45729e+04 5.13061e+04 4.81873e+04 4.51916e+04 4.23607e+04 3.97407e+04 3.72433e+04 3.47624e+04 3.22566e+04 2.99350e+04 2.78194e+04 2.58331e+04 2.39926e+04 2.20626e+04 2.00738e+04 1.81951e+04 1.65096e+04 1.48438e+04 1.30436e+04 1.17380e+04 1.04895e+04 8.86475e+03 7.61629e+03 6.93712e+03 6.56355e+03 6.42165e+03 6.37192e+03 6.36046e+03 6.35635e+03 6.35378e+03 6.32066e+03 6.23220e+03 6.15571e+03 5.96225e+03 5.79955e+03 5.58305e+03 5.39731e+03 5.18949e+03 5.02270e+03 4.86967e+03 4.67950e+03 4.49356e+03
2.90407e+03 1.50053e+05 1.41695e+05 1.33905e+05 1.26635e+05 1.19503e+05 1.12749e+05 1.06462e+05 1.00395e+05 9.46160e+04 8.91108e+04 8.39656e+04 7.90514e+04 7.44549e+04 7.01223e+04 6.60171e+04 6.20364e+04 5.83899e+04 5.49722e+04 5.16491e+04 4.84900e+04 4.54186e+04 4.25351e+04 3.98969e+04 3.73896e+04 3.48968e+04 3.23288e+04 2.99553e+04 2.78107e+04 2.57972e+04 2.39299e+04 2.19688e+04 1.99536e+04 1.80823e+04 1.63979e+04 1.47308e+04 1.29570e+04 1.17478e+04 1.05758e+04 8.92352e+03 7.60398e+03 6.93816e+03 6.59248e+03 6.47437e+03 6.42677e+03 6.42954e+03 6.43626e+03 6.42660e+03 6.39854e+03 6.30994e+03 6.23951e+03 6.05923e+03 5.89232e+03 5.68346e+03 5.48783e+03 5.30942e+03 5.14160e+03 4.99315e+03 4.81989e+03 4.63234e+03
3.08146e+03 1.51102e+05 1.42642e+05 1.34734e+05 1.27369e+05 1.20143e+05 1.13291e+05 1.06903e+05 1.00740e+05 9.48686e+04 8.92825e+04 8.40809e+04 7.91141e+04 7.44818e+04 7.01166e+04 6.59770e+04 6.19629e+04 5.83024e+04 5.48786e+04 5.15377e+04 4.83787e+04 4.52928e+04 4.24186e+04 3.98022e+04 3.73041e+04 3.48132e+04 3.22342e+04 2.98488e+04 2.76966e+04 2.56697e+04 2.37797e+04 2.17902e+04 1.97681e+04 1.79182e+04 1.62439e+04 1.45726e+04 1.28513e+04 1.17591e+04 1.06650e+04 8.98705e+03 7.60654e+03 6.94843e+03 6.63489e+03 6.53922e+03 6.50047e+03 6.51753e+03 6.53257e+03 6.52468e+03 6.49180e+03 6.40591e+03 6.33544e+03 6.18684e+03 5.98795e+03 5.80973e+03 5.59780e+03 5.45047e+03 5.29833e+03 5.14163e+03 4.98807e+03 4.80365e+03
3.26969e+03 1.49131e+05 1.40874e+05 1.33106e+05 1.25778e+05 1.18673e+05 1.11906e+05 1.05566e+05 9.94998e+04 9.37045e+04 8.82073e+04 8.30736e+04 7.81810e+04 7.36060e+04 6.92920e+04 6.51942e+04 6.12626e+04 5.76558e+04 5.42706e+04 5.09609e+04 4.78320e+04 4.48127e+04 4.20106e+04 3.94529e+04 3.69838e+04 3.45068e+04 3.19695e+04 2.96102e+04 2.74726e+04 2.54471e+04 2.35375e+04 2.15236e+04 1.95238e+04 1.77110e+04 1.60519e+04 1.43809e+04 1.27453e+04 1.17709e+04 1.07525e+04 9.09180e+03 7.66662e+03 6.98786e+03 6.69893e+03 6.62958e+03 6.61056e+03 6.64759e+03 6.66633e+03 6.66757e+03 6.63184e+03 6.56534e+03 6.48765e+03 6.33635e+03 6.14060e+03 5.97339e+03 5.77849e+03 5.60586e+03 5.47136e+03 5.30112e+03 5.19539e+03 5.03261e+03
3.46941e+03 1.44971e+05 1.36933e+05 1.29367e+05 1.22256e+05 1.15344e+05 1.08780e+05 1.02671e+05 9.68289e+04 9.12549e+04 8.60008e+04 8.10428e+04 7.63437e+04 7.19116e+04 6.77292e+04 6.37672e+04 6.00102e+04 5.65116e+04 5.31969e+04 4.99907e+04 4.69441e+04 4.40516e+04 4.13713e+04 3.88890e+04 3.64692e+04 3.40275e+04 3.15768e+04 2.92664e+04 2.71602e+04 2.51495e+04 2.32249e+04 2.11973e+04 1.92457e+04 1.74800e+04 1.58398e+04 1.41783e+04 1.26490e+04 1.17881e+04 1.08877e+04 9.28611e+03 7.84555e+03 7.08135e+03 6.81694e+03 6.77359e+03 6.78620e+03 6.84437e+03 6.87276e+03 6.88626e+03 6.86348e+03 6.80121e+03 6.71791e+03 6.55674e+03 6.34977e+03 6.18464e+03 6.01389e+03 5.82092e+03 5.69833e+03 5.53455e+03 5.41031e+03 5.28906e+03
3.68134e+03 1.38819e+05 1.31157e+05 1.23905e+05 1.17095e+05 1.10578e+05 1.04381e+05 9.86153e+04 9.31757e+04 8.79341e+04 8.30212e+04 7.83176e+04 7.39122e+04 6.96969e+04 6.57087e+04 6.19610e+04 5.84331e+04 5.50748e+04 5.18743e+04 4.88182e+04 4.58968e+04 4.31656e+04 4.06290e+04 3.82284e+04 3.58576e+04 3.34753e+04 3.11322e+04 2.88741e+04 2.68068e+04 2.48222e+04 2.28879e+04 2.08598e+04 1.89630e+04 1.72480e+04 1.56280e+04 1.39786e+04 1.25744e+04 1.18195e+04 1.10815e+04 9.58907e+03 8.23101e+03 7.26681e+03 7.01086e+03 7.00031e+03 7.04752e+03 7.11737e+03 7.15385e+03 7.17792e+03 7.17279e+03 7.07937e+03 6.98909e+03 6.82446e+03 6.61773e+03 6.45115e+03 6.24783e+03 6.06338e+03 5.93524e+03 5.78259e+03 5.64148e+03 5.56381e+03
3.90621e+03 1.31434e+05 1.24540e+05 1.17882e+05 1.11435e+05 1.05482e+05 9.97944e+04 9.44025e+04 8.94184e+04 8.45513e+04 7.99633e+04 7.55478e+04 7.14347e+04 6.74683e+04 6.37019e+04 6.01833e+04 5.68591e+04 5.36499e+04 5.05875e+04 4.76784e+04 4.48985e+04 4.23200e+04 3.99120e+04 3.75790e+04 3.52454e+04 3.29323e+04 3.06888e+04 2.84777e+04 2.64514e+04 2.44977e+04 2.25540e+04 2.05335e+04 1.86916e+04 1.70272e+04 1.54232e+04 1.37878e+04 1.25203e+04 1.18511e+04 1.12466e+04 9.90941e+03 8.73386e+03 7.52112e+03 7.25369e+03 7.28268e+03 7.35845e+03 7.41531e+03 7.46484e+03 7.47793e+03 7.45664e+03 7.35823e+03 7.24120e+03 7.03917e+03 6.84145e+03 6.67566e+03 6.46660e+03 6.29622e+03 6.16240e+03 5.99598e+03 5.84260e+03 5.74233e+03
4.14482e+03 1.25863e+05 1.19481e+05 1.13338e+05 1.07185e+05 1.01603e+05 9.62751e+04 9.11382e+04 8.64372e+04 8.18295e+04 7.74588e+04 7.32658e+04 6.93598e+04 6.55985e+04 6.20228e+04 5.86816e+04 5.54960e+04 5.24168e+04 4.94808e+04 4.66885e+04 4.40355e+04 4.15768e+04 3.92570e+04 3.69651e+04 3.46618e+04 3.24133e+04 3.02465e+04 2.80793e+04 2.60962e+04 2.41682e+04 2.22100e+04 2.02124e+04 1.84277e+04 1.68055e+04 1.52127e+04 1.35987e+04 1.24522e+04 1.18597e+04 1.13200e+04 1.01003e+04 9.04429e+03 7.75047e+03 7.46473e+03 7.50697e+03 7.58766e+03 7.64549e+03 7.69362e+03 7.70701e+03 7.61652e+03 7.51350e+03 7.38999e+03 7.18144e+03 6.96798e+03 6.82505e+03 6.62542e+03 6.42826e+03 6.32062e+03 6.15011e+03 5.97860e+03 5.83272e+03
4.39800e+03 1.23698e+05 1.17349e+05 1.11233e+05 1.05087e+05 9.95456e+04 9.42587e+04 8.91703e+04 8.45241e+04 7.99929e+04 7.57039e+04 7.16131e+04 6.78118e+04 6.41654e+04 6.07068e+04 5.74695e+04 5.43713e+04 5.13850e+04 4.85450e+04 4.58403e+04 4.32849e+04 4.09119e+04 3.86414e+04 3.63718e+04 3.41015e+04 3.19092e+04 2.97961e+04 2.76700e+04 2.57292e+04 2.38144e+04 2.18440e+04 1.98845e+04 1.81573e+04 1.65727e+04 1.49896e+04 1.34079e+04 1.23722e+04 1.18420e+04 1.13199e+04 1.01813e+04 9.11344e+03 7.85485e+03 7.56759e+03 7.60886e+03 7.68028e+03 7.76575e+03 7.79501e+03 7.78836e+03 7.68808e+03 7.54396e+03 7.44190e+03 7.24105e+03 7.05329e+03 6.85730e+03 6.68158e+03 6.49221e+03 6.35622e+03 6.22307e+03 6.04705e+03 5.87159e+03
4.66664e+03 1.24314e+05 1.17421e+05 1.10978e+05 1.04712e+05 9.89359e+04 9.34879e+04 8.82938e+04 8.35452e+04 7.89623e+04 7.46345e+04 7.05466e+04 6.67521e+04 6.31363e+04 5.97223e+04 5.65195e+04 5.34639e+04 5.05309e+04 4.77518e+04 4.51066e+04 4.26199e+04 4.03057e+04 3.80626e+04 3.58094e+04 3.35728e+04 3.14272e+04 2.93521e+04 2.72571e+04 2.53515e+04 2.34426e+04 2.14672e+04 1.95549e+04 1.78783e+04 1.63272e+04 1.47477e+04 1.32207e+04 1.23028e+04 1.18344e+04 1.13250e+04 1.02499e+04 9.16976e+03 7.90265e+03 7.62749e+03 7.65981e+03 7.73085e+03 7.81058e+03 7.81322e+03 7.78981e+03 7.70044e+03 7.58675e+03 7.46735e+03 7.24730e+03 7.08688e+03 6.88416e+03 6.70109e+03 6.54681e+03 6.37340e+03 6.25029e+03 6.08896e+03 5.91590e+03
4.95170e+03 1.25414e+05 1.18228e+05 1.11501e+05 1.05077e+05 9.90638e+04 9.34118e+04 8.80838e+04 8.31792e+04 7.84903e+04 7.40702e+04 6.99324e+04 6.60791e+04 6.24394e+04 5.90166e+04 5.58029e+04 5.27532e+04 4.98415e+04 4.70860e+04 4.44739e+04 4.20342e+04 3.97617e+04 3.75361e+04 3.52954e+04 3.30862e+04 3.09788e+04 2.89317e+04 2.68521e+04 2.49707e+04 2.30621e+04 2.10936e+04 1.92280e+04 1.75936e+04 1.60710e+04 1.44956e+04 1.30519e+04 1.22542e+04 1.18494e+04 1.13686e+04 1.03832e+04 9.22682e+03 7.98865e+03 7.70635e+03 7.73202e+03 7.80978e+03 7.87330e+03 7.86353e+03 7.82741e+03 7.72362e+03 7.62954e+03 7.49383e+03 7.26970e+03 7.12223e+03 6.92610e+03 6.75163e+03 6.60566e+03 6.43380e+03 6.29379e+03 6.15960e+03 5.98769e+03
5.25417e+03 1.26111e+05 1.18796e+05 1.11947e+05 1.05408e+05 9.92618e+04 9.34861e+04 8.80510e+04 8.30349e+04 7.82596e+04 7.37495e+04 6.95581e+04 6.56283e+04 6.19483e+04 5.84930e+04 5.52483e+04 5.21848e+04 4.92729e+04 4.65122e+04 4.39156e+04 4.15119e+04 3.92704e+04 3.70551e+04 3.48200e+04 3.26309e+04 3.05557e+04 2.85303e+04 2.64517e+04 2.45849e+04 2.26747e+04 2.07263e+04 1.89038e+04 1.73098e+04 1.58083e+04 1.42361e+04 1.29056e+04 1.22278e+04 1.18804e+04 1.14410e+04 1.05734e+04 9.30603e+03 8.10844e+03 7.81464e+03 7.83551e+03 7.92798e+03 7.97642e+03 7.95567e+03 7.90574e+03 7.77404e+03 7.65489e+03 7.52417e+03 7.32433e+03 7.18473e+03 6.98719e+03 6.85201e+03 6.68029e+03 6.51719e+03 6.38626e+03 6.27020e+03 6.12086e+03
5.57512e+03 1.26204e+05 1.18815e+05 1.11908e+05 1.05353e+05 9.91566e+04 9.33293e+04 8.78568e+04 8.27871e+04 7.79699e+04 7.34100e+04 6.91900e+04 6.52037e+04 6.14952e+04 5.80094e+04 5.47371e+04 5.16595e+04 4.87345e+04 4.59625e+04 4.33797e+04 4.10116e+04 3.87946e+04 3.65811e+04 3.43445e+04 3.21739e+04 3.01291e+04 2.81203e+04 2.60370e+04 2.41780e+04 2.22687e+04 2.03463e+04 1.85746e+04 1.70198e+04 1.55334e+04 1.39651e+04 1.27739e+04 1.22084e+04 1.19129e+04 1.15164e+04 1.07484e+04 9.37237e+03 8.18421e+03 7.90421e+03 7.94538e+03 8.02921e+03 8.06377e+03 8.02136e+03 7.95657e+03 7.84117e+03 7.71011e+03 7.55399e+03 7.36908e+03 7.21003e+03 7.05116e+03 6.93917e+03 6.76193e+03 6.64853e+03 6.50759e+03 6.37501e+03 6.28527e+03
5.91567e+03 1.25165e+05 1.17918e+05 1.11093e+05 1.04620e+05 9.84791e+04 9.26866e+04 8.72535e+04 8.21991e+04 7.73926e+04 7.28381e+04 6.86246e+04 6.46252e+04 6.09168e+04 5.74233e+04 5.41443e+04 5.10654e+04 4.81301e+04 4.53602e+04 4.28063e+04 4.04803e+04 3.82799e+04 3.60578e+04 3.38162e+04 3.16719e+04 2.96592e+04 2.76621e+04 2.55801e+04 2.37256e+04 2.18213e+04 1.99394e+04 1.82249e+04 1.67065e+04 1.52304e+04 1.36763e+04 1.26493e+04 1.21862e+04 1.19401e+04 1.15528e+04 1.08313e+04 9.40166e+03 8.25301e+03 7.98043e+03 8.02004e+03 8.08496e+03 8.10739e+03 8.06272e+03 7.97412e+03 7.86254e+03 7.73777e+03 7.56432e+03 7.39910e+03 7.22470e+03 7.10578e+03 6.97208e+03 6.84232e+03 6.74539e+03 6.62277e+03 6.48906e+03 6.40865e+03
6.27702e+03 1.23299e+05 1.16267e+05 1.09618e+05 1.03244e+05 9.72215e+04 9.15290e+04 8.61683e+04 8.11844e+04 7.64352e+04 7.19245e+04 6.77516e+04 6.37803e+04 6.01068e+04 5.66349e+04 5.33737e+04 5.03117e+04 4.73816e+04 4.46409e+04 4.21412e+04 3.98614e+04 3.76606e+04 3.54176e+04 3.31796e+04 3.10784e+04 2.90984e+04 2.71119e+04 2.50505e+04 2.31996e+04 2.13087e+04 1.94824e+04 1.78297e+04 1.63538e+04 1.48742e+04 1.33737e+04 1.25326e+04 1.21507e+04 1.19313e+04 1.15259e+04 1.07858e+04 9.37070e+03 8.28035e+03 8.03181e+03 8.03982e+03 8.10318e+03 8.12393e+03 8.08818e+03 7.98625e+03 7.87684e+03 7.72732e+03 7.56419e+03 7.42912e+03 7.25579e+03 7.12680e+03 7.00233e+03 6.89708e+03 6.80630e+03 6.70441e+03 6.59782e+03 6.48818e+03
6.66044e+03 1.21215e+05 1.14245e+05 1.07689e+05 1.01408e+05 9.54814e+04 8.98881e+04 8.46167e+04 7.97196e+04 7.50537e+04 7.06125e+04 6.65102e+04 6.26011e+04 5.89939e+04 5.55711e+04 5.23478e+04 4.93203e+04 4.64278e+04 4.37544e+04 4.13351e+04 3.90919e+04 3.68634e+04 3.45970e+04 3.23934e+04 3.03554e+04 2.84020e+04 2.64408e+04 2.44187e+04 2.25732e+04 2.06949e+04 1.89530e+04 1.73727e+04 1.59391e+04 1.44304e+04 1.30751e+04 1.24153e+04 1.21011e+04 1.18924e+04 1.14342e+04 1.05851e+04 9.28281e+03 8.26525e+03 8.05224e+03 8.05830e+03 8.10790e+03 8.13298e+03 8.08226e+03 7.97721e+03 7.87098e+03 7.70128e+03 7.55880e+03 7.43094e+03 7.27417e+03 7.15933e+03 7.02641e+03 6.93902e+03 6.85274e+03 6.75993e+03 6.63785e+03 6.57008e+03
7.06729e+03 1.18513e+05 1.11596e+05 1.05110e+05 9.89723e+04 9.31509e+04 8.76669e+04 8.25275e+04 7.77348e+04 7.31699e+04 6.88358e+04 6.48252e+04 6.10296e+04 5.75119e+04 5.41701e+04 5.10070e+04 4.80371e+04 4.52341e+04 4.26736e+04 4.03460e+04 3.81050e+04 3.58299e+04 3.35714e+04 3.14514e+04 2.94857e+04 2.75581e+04 2.56417e+04 2.36622e+04 2.18233e+04 1.99729e+04 1.83466e+04 1.68470e+04 1.54350e+04 1.39087e+04 1.28017e+04 1.22954e+04 1.20328e+04 1.18175e+04 1.12373e+04 1.02553e+04 9.15832e+03 8.24634e+03 8.08772e+03 8.09898e+03 8.12884e+03 8.13845e+03 8.08762e+03 7.97870e+03 7.85167e+03 7.69345e+03 7.55887e+03 7.41056e+03 7.27858e+03 7.19614e+03 7.06575e+03 6.97270e+03 6.86289e+03 6.80495e+03 6.68421e+03 6.59992e+03
7.49899e+03 1.14657e+05 1.08039e+05 1.01780e+05 9.58170e+04 9.01867e+04 8.48742e+04 7.98903e+04 7.52438e+04 7.08080e+04 6.66144e+04 6.27288e+04 5.90798e+04 5.56707e+04 5.24262e+04 4.93504e+04 4.64797e+04 4.38188e+04 4.13951e+04 3.91263e+04 3.68398e+04 3.45442e+04 3.23669e+04 3.03624e+04 2.84579e+04 2.65728e+04 2.47099e+04 2.27576e+04 2.09209e+04 1.91743e+04 1.76810e+04 1.62525e+04 1.48269e+04 1.33848e+04 1.25580e+04 1.21567e+04 1.19226e+04 1.16736e+04 1.08904e+04 9.87546e+03 8.99573e+03 8.23187e+03 8.12534e+03 8.13733e+03 8.15279e+03 8.13263e+03 8.06881e+03 7.97850e+03 7.83404e+03 7.67391e+03 7.55828e+03 7.41148e+03 7.28524e+03 7.17649e+03 7.08285e+03 6.98009e+03 6.89623e+03 6.80441e+03 6.70478e+03 6.60020e+03
7.95706e+03 1.10425e+05 1.04052e+05 9.80327e+04 9.22369e+04 8.68089e+04 8.16862e+04 7.68484e+04 7.23639e+04 6.80850e+04 6.40467e+04 6.03162e+04 5.68135e+04 5.35132e+04 5.03705e+04 4.74175e+04 4.46998e+04 4.22028e+04 3.98745e+04 3.75882e+04 3.52651e+04 3.30448e+04 3.10178e+04 2.91117e+04 2.72638e+04 2.54453e+04 2.36199e+04 2.16766e+04 1.99030e+04 1.83331e+04 1.69538e+04 1.55681e+04 1.41149e+04 1.29232e+04 1.23248e+04 1.19842e+04 1.17328e+04 1.14031e+04 1.03260e+04 9.53158e+03 8.77255e+03 8.18404e+03 8.12680e+03 8.12193e+03 8.13281e+03 8.11466e+03 8.03448e+03 7.93925e+03 7.78849e+03 7.64366e+03 7.53481e+03 7.40613e+03 7.26349e+03 7.13518e+03 7.06248e+03 6.95825e+03 6.85145e+03 6.74379e+03 6.67637e+03 6.53164e+03
8.44310e+03 1.06106e+05 9.97888e+04 9.38975e+04 8.82983e+04 8.30294e+04 7.80711e+04 7.33986e+04 6.90761e+04 6.49808e+04 6.11221e+04 5.75579e+04 5.41918e+04 5.10019e+04 4.79957e+04 4.52192e+04 4.26868e+04 4.03047e+04 3.79756e+04 3.56602e+04 3.34305e+04 3.13901e+04 2.95087e+04 2.76845e+04 2.59151e+04 2.41431e+04 2.23230e+04 2.04474e+04 1.88681e+04 1.74492e+04 1.61500e+04 1.47565e+04 1.33733e+04 1.25223e+04 1.20649e+04 1.17350e+04 1.14125e+04 1.09052e+04 9.77985e+03 9.25080e+03 8.50706e+03 8.09860e+03 8.07904e+03 8.08505e+03 8.08230e+03 8.07591e+03 7.97738e+03 7.86681e+03 7.72440e+03 7.57863e+03 7.48450e+03 7.36186e+03 7.20440e+03 7.08435e+03 6.99583e+03 6.89165e+03 6.75416e+03 6.63333e+03 6.55399e+03 6.37421e+03
8.95884e+03 1.00669e+05 9.45753e+04 8.89061e+04 8.35758e+04 7.85187e+04 7.37706e+04 6.93326e+04 6.52299e+04 6.13656e+04 5.77053e+04 5.43059e+04 5.10947e+04 4.80736e+04 4.52790e+04 4.27047e+04 4.03060e+04 3.79409e+04 3.56253e+04 3.34311e+04 3.14262e+04 2.95756e+04 2.78110e+04 2.60930e+04 2.43749e+04 2.25983e+04 2.08324e+04 1.91823e+04 1.78177e+04 1.64955e+04 1.52264e+04 1.38171e+04 1.27414e+04 1.21384e+04 1.17408e+04 1.13393e+04 1.08438e+04 1.02258e+04 9.41218e+03 8.95199e+03 8.26037e+03 8.00787e+03 8.01299e+03 8.01427e+03 8.02418e+03 8.00107e+03 7.91352e+03 7.78812e+03 7.64882e+03 7.51679e+03 7.40676e+03 7.27580e+03 7.14114e+03 6.99319e+03 6.89083e+03 6.77770e+03 6.61922e+03 6.49510e+03 6.36749e+03 6.15794e+03
9.50608e+03 9.36727e+04 8.80291e+04 8.27513e+04 7.77732e+04 7.30543e+04 6.86385e+04 6.45116e+04 6.07029e+04 5.70982e+04 5.36499e+04 5.04616e+04 4.74960e+04 4.47181e+04 4.21283e+04 3.96745e+04 3.73472e+04 3.50755e+04 3.29674e+04 3.10434e+04 2.92671e+04 2.75803e+04 2.59306e+04 2.42563e+04 2.25352e+04 2.08353e+04 1.92976e+04 1.79184e+04 1.67003e+04 1.54149e+04 1.41491e+04 1.29230e+04 1.21891e+04 1.16912e+04 1.12467e+04 1.07044e+04 1.01295e+04 9.70136e+03 9.12980e+03 8.59559e+03 8.07275e+03 7.91817e+03 7.93851e+03 7.95355e+03 7.96827e+03 7.92917e+03 7.84498e+03 7.71836e+03 7.58386e+03 7.46468e+03 7.31908e+03 7.18884e+03 7.05571e+03 6.91802e+03 6.75327e+03 6.63604e+03 6.44734e+03 6.29134e+03 6.11238e+03 5.90694e+03
1.00868e+04 8.53017e+04 8.01277e+04 7.53282e+04 7.08289e+04 6.65518e+04 6.25460e+04 5.87934e+04 5.53020e+04 5.20077e+04 4.88932e+04 4.60036e+04 4.33573e+04 4.07544e+04 3.83063e+04 3.60099e+04 3.39029e+04 3.19504e+04 3.01687e+04 2.85104e+04 2.69170e+04 2.53464e+04 2.37166e+04 2.20650e+04 2.04686e+04 1.90505e+04 1.77962e+04 1.65971e+04 1.54431e+04 1.41889e+04 1.30663e+04 1.21932e+04 1.16108e+04 1.11107e+04 1.05496e+04 1.00391e+04 9.67120e+03 9.39969e+03 8.80295e+03 8.27546e+03 7.93448e+03 7.84827e+03 7.90528e+03 7.91164e+03 7.92587e+03 7.88506e+03 7.80227e+03 7.68442e+03 7.55984e+03 7.40879e+03 7.27425e+03 7.12428e+03 6.96535e+03 6.78386e+03 6.62218e+03 6.48324e+03 6.26960e+03 6.07017e+03 5.88612e+03 5.65615e+03
1.07029e+04 7.51079e+04 7.06322e+04 6.64307e+04 6.25626e+04 5.88030e+04 5.52751e+04 5.19985e+04 4.89299e+04 4.60486e+04 4.32678e+04 4.07028e+04 3.82819e+04 3.60183e+04 3.39437e+04 3.20527e+04 3.03210e+04 2.87287e+04 2.72033e+04 2.57179e+04 2.41994e+04 2.26766e+04 2.11499e+04 1.97104e+04 1.84738e+04 1.73476e+04 1.62722e+04 1.51391e+04 1.40434e+04 1.30043e+04 1.22454e+04 1.14798e+04 1.09232e+04 1.04032e+04 9.93526e+03 9.63268e+03 9.43812e+03 9.21734e+03 8.56740e+03 8.10107e+03 7.90803e+03 7.86616e+03 7.91987e+03 7.94237e+03 7.95206e+03 7.86442e+03 7.81103e+03 7.69152e+03 7.58073e+03 7.38191e+03 7.22870e+03 7.08707e+03 6.89365e+03 6.69623e+03 6.53806e+03 6.33074e+03 6.12098e+03 5.84404e+03 5.65763e+03 5.43381e+03
1.13567e+04 6.32510e+04 5.96798e+04 5.62432e+04 5.30161e+04 4.98883e+04 4.69005e+04 4.42264e+04 4.16102e+04 3.91110e+04 3.68749e+04 3.48490e+04 3.28724e+04 3.11892e+04 2.96104e+04 2.81151e+04 2.66816e+04 2.52846e+04 2.38906e+04 2.25037e+04 2.11081e+04 1.98470e+04 1.86944e+04 1.76318e+04 1.66386e+04 1.56566e+04 1.46589e+04 1.36084e+04 1.27552e+04 1.20616e+04 1.15075e+04 1.07569e+04 1.02416e+04 9.85429e+03 9.60474e+03 9.46942e+03 9.34314e+03 9.10923e+03 8.45657e+03 8.11206e+03 8.01742e+03 8.01517e+03 8.04748e+03 8.04961e+03 8.06391e+03 7.97480e+03 7.87680e+03 7.77511e+03 7.65727e+03 7.44193e+03 7.29449e+03 7.07253e+03 6.89035e+03 6.65362e+03 6.47745e+03 6.17550e+03 5.95946e+03 5.72381e+03 5.49690e+03 5.25556e+03
1.20504e+04 5.11184e+04 4.86101e+04 4.60274e+04 4.33693e+04 4.09516e+04 3.86260e+04 3.65030e+04 3.45364e+04 3.26058e+04 3.09987e+04 2.94553e+04 2.80169e+04 2.66550e+04 2.53239e+04 2.40250e+04 2.27728e+04 2.15377e+04 2.03848e+04 1.93782e+04 1.84014e+04 1.74895e+04 1.66026e+04 1.57230e+04 1.48282e+04 1.39316e+04 1.30846e+04 1.22999e+04 1.17157e+04 1.12609e+04 1.08313e+04 1.01027e+04 9.77221e+03 9.56584e+03 9.45028e+03 9.39748e+03 9.29081e+03 9.02763e+03 8.41112e+03 8.14071e+03 8.13996e+03 8.14244e+03 8.16413e+03 8.17596e+03 8.18213e+03 8.10413e+03 8.00838e+03 7.85236e+03 7.72169e+03 7.49233e+03 7.27728e+03 7.08978e+03 6.85415e+03 6.61230e+03 6.29454e+03 6.04649e+03 5.79670e+03 5.54696e+03 5.32367e+03 5.09507e+03
1.27870e+04 4.14913e+04 3.94751e+04 3.74969e+04 3.53058e+04 3.34899e+04 3.17670e+04 3.00514e+04 2.85399e+04 2.70610e+04 2.56801e+04 2.43748e+04 2.31638e+04 2.20130e+04 2.09193e+04 2.00017e+04 1.91090e+04 1.83448e+04 1.75936e+04 1.68455e+04 1.61105e+04 1.53590e+04 1.46042e+04 1.38291e+04 1.30971e+04 1.24251e+04 1.18245e+04 1.12395e+04 1.07777e+04 1.05408e+04 1.02499e+04 9.65350e+03 9.49550e+03 9.43401e+03 9.40150e+03 9.32353e+03 9.20201e+03 8.86796e+03 8.38381e+03 8.23906e+03 8.24273e+03 8.28656e+03 8.30245e+03 8.31190e+03 8.33080e+03 8.24359e+03 8.13289e+03 7.96470e+03 7.79172e+03 7.58675e+03 7.32615e+03 7.06977e+03 6.75597e+03 6.45764e+03 6.20474e+03 5.94014e+03 5.64620e+03 5.39779e+03 5.18114e+03 4.93746e+03
1.35494e+04 3.46726e+04 3.27383e+04 3.09408e+04 2.91631e+04 2.75357e+04 2.59672e+04 2.44663e+04 2.31054e+04 2.18932e+04 2.07818e+04 1.97515e+04 1.89275e+04 1.82251e+04 1.75649e+04 1.69320e+04 1.63440e+04 1.57577e+04 1.51551e+04 1.45921e+04 1.39981e+04 1.34212e+04 1.28434e+04 1.22524e+04 1.17409e+04 1.12531e+04 1.08067e+04 1.03530e+04 9.99930e+03 1.00711e+04 9.98927e+03 9.50069e+03 9.47193e+03 9.49078e+03 9.49525e+03 9.41659e+03 9.20375e+03 8.87576e+03 8.56158e+03 8.49366e+03 8.52542e+03 8.63126e+03 8.66642e+03 8.70645e+03 8.71584e+03 8.57207e+03 8.39154e+03 8.26569e+03 8.00925e+03 7.73345e+03 7.37533e+03 7.02692e+03 6.67460e+03 6.37795e+03 6.13104e+03 5.86244e+03 5.53721e+03 5.30906e+03 5.00149e+03 4.84600e+03
1.42287e+04 2.91876e+04 2.73723e+04 2.57031e+04 2.41424e+04 2.26384e+04 2.14063e+04 2.02487e+04 1.92833e+04 1.83523e+04 1.75586e+04 1.68857e+04 1.62584e+04 1.57258e+04 1.52248e+04 1.47444e+04 1.43305e+04 1.38888e+04 1.34237e+04 1.30266e+04 1.25552e+04 1.21282e+04 1.16989e+04 1.12342e+04 1.08614e+04 1.04859e+04 1.01314e+04 9.76917e+03 9.49549e+03 9.91246e+03 9.89380e+03 9.48030e+03 9.53829e+03 9.52796e+03 9.50129e+03 9.35518e+03 9.13892e+03 8.79892e+03 8.62400e+03 8.56887e+03 8.70833e+03 8.78859e+03 8.84513e+03 8.78408e+03 8.79726e+03 8.62380e+03 8.48084e+03 8.35957e+03 7.99806e+03 7.75799e+03 7.30637e+03 6.92878e+03 6.59695e+03 6.23378e+03 5.98358e+03 5.68884e+03 5.42689e+03 5.17552e+03 4.85366e+03 4.67277e+03
1.47721e+04 2.43441e+04 2.30397e+04 2.17717e+04 2.06023e+04 1.95260e+04 1.86071e+04 1.77207e+04 1.69548e+04 1.62253e+04 1.55846e+04 1.50316e+04 1.45210e+04 1.41309e+04 1.37750e+04 1.34370e+04 1.30737e+04 1.27626e+04 1.24414e+04 1.20928e+04 1.17444e+04 1.13820e+04 1.10171e+04 1.06702e+04 1.03336e+04 1.00077e+04 9.70281e+03 9.38102e+03 9.12271e+03 9.74942e+03 9.79536e+03 9.40455e+03 9.39184e+03 9.36197e+03 9.26250e+03 9.00565e+03 8.74336e+03 8.49479e+03 8.35842e+03 8.34896e+03 8.46926e+03 8.59656e+03 8.67923e+03 8.62520e+03 8.67788e+03 8.47873e+03 8.33343e+03 8.16298e+03 7.84274e+03 7.58511e+03 7.16852e+03 6.76282e+03 6.42717e+03 6.13599e+03 5.81409e+03 5.56946e+03 5.23460e+03 5.05357e+03 4.70768e+03 4.51386e+03
1.52581e+04 2.03844e+04 1.95571e+04 1.87300e+04 1.79102e+04 1.71382e+04 1.64097e+04 1.57260e+04 1.51201e+04 1.45703e+04 1.40706e+04 1.36285e+04 1.32592e+04 1.29391e+04 1.26662e+04 1.24121e+04 1.21410e+04 1.18859e+04 1.16335e+04 1.13744e+04 1.10791e+04 1.07890e+04 1.04900e+04 1.01740e+04 9.87993e+03 9.58861e+03 9.31134e+03 9.01878e+03 8.78924e+03 9.54427e+03 9.66421e+03 9.24138e+03 9.25527e+03 9.09050e+03 8.90155e+03 8.53941e+03 8.28944e+03 8.09644e+03 8.05608e+03 8.20297e+03 8.34357e+03 8.41295e+03 8.53009e+03 8.45867e+03 8.50712e+03 8.35224e+03 8.19860e+03 7.98726e+03 7.71560e+03 7.52758e+03 7.10120e+03 6.72133e+03 6.37311e+03 6.10984e+03 5.77225e+03 5.48083e+03 5.17399e+03 4.94910e+03 4.68797e+03 4.48702e+03
1.56736e+04 1.74057e+04 1.67706e+04 1.62116e+04 1.56330e+04 1.50955e+04 1.45468e+04 1.40549e+04 1.35969e+04 1.31939e+04 1.28177e+04 1.25167e+04 1.22248e+04 1.20003e+04 1.18015e+04 1.16136e+04 1.13830e+04 1.11914e+04 1.09962e+04 1.07800e+04 1.05478e+04 1.02974e+04 1.00322e+04 9.75840e+03 9.49843e+03 9.23265e+03 8.97125e+03 8.68518e+03 8.44522e+03 9.30021e+03 9.37130e+03 8.97448e+03 8.91915e+03 8.62055e+03 8.32971e+03 7.96902e+03 7.77154e+03 7.65890e+03 7.70308e+03 7.88533e+03 8.00143e+03 8.10004e+03 8.23399e+03 8.25816e+03 8.30444e+03 8.24401e+03 8.10325e+03 7.87637e+03 7.60361e+03 7.43611e+03 7.07329e+03 6.69544e+03 6.30222e+03 6.07361e+03 5.73868e+03 5.42878e+03 5.14376e+03 4.87988e+03 4.65492e+03 4.55250e+03
1.59827e+04 1.49611e+04 1.44956e+04 1.41148e+04 1.37375e+04 1.33956e+04 1.30476e+04 1.27145e+04 1.23916e+04 1.20737e+04 1.18236e+04 1.15722e+04 1.13877e+04 1.12132e+04 1.10641e+04 1.09247e+04 1.07888e+04 1.06294e+04 1.04603e+04 1.02780e+04 1.00866e+04 9.87037e+03 9.64135e+03 9.41113e+03 9.16517e+03 8.92147e+03 8.68702e+03 8.42694e+03 8.19082e+03 9.05748e+03 9.09577e+03 8.65962e+03 8.46154e+03 8.16882e+03 7.83681e+03 7.53049e+03 7.44475e+03 7.38527e+03 7.52576e+03 7.69316e+03 7.79449e+03 7.96683e+03 8.10697e+03 8.19654e+03 8.09589e+03 8.13985e+03 8.04164e+03 7.84598e+03 7.63817e+03 7.38434e+03 7.09105e+03 6.72275e+03 6.33464e+03 6.07314e+03 5.76884e+03 5.43972e+03 5.14837e+03 4.98565e+03 4.70703e+03 4.62495e+03
1.62022e+04 1.28529e+04 1.25645e+04 1.23537e+04 1.21635e+04 1.19662e+04 1.17661e+04 1.15605e+04 1.13583e+04 1.11694e+04 1.09938e+04 1.08439e+04 1.07176e+04 1.06093e+04 1.05144e+04 1.04221e+04 1.03143e+04 1.01959e+04 1.00651e+04 9.92106e+03 9.75497e+03 9.56712e+03 9.36306e+03 9.15040e+03 8.92676e+03 8.69902e+03 8.47659e+03 8.23523e+03 8.01597e+03 8.84205e+03 8.84784e+03 8.40416e+03 8.11153e+03 7.83121e+03 7.53348e+03 7.28616e+03 7.24368e+03 7.25617e+03 7.39893e+03 7.61233e+03 7.69173e+03 7.90475e+03 8.04974e+03 8.15458e+03 8.04742e+03 8.16116e+03 8.15697e+03 7.91518e+03 7.68530e+03 7.40027e+03 7.13352e+03 6.80794e+03 6.49875e+03 6.08748e+03 5.82702e+03 5.46219e+03 5.17305e+03 5.04851e+03 4.75434e+03 4.66991e+03
1.63625e+04 1.10482e+04 1.09497e+04 1.09119e+04 1.08957e+04 1.08443e+04 1.07645e+04 1.06863e+04 1.05772e+04 1.04595e+04 1.03751e+04 1.02745e+04 1.02216e+04 1.01600e+04 1.01053e+04 1.00485e+04 9.97347e+03 9.88695e+03 9.78379e+03 9.65808e+03 9.51622e+03 9.34559e+03 9.15653e+03 8.96236e+03 8.75378e+03 8.53862e+03 8.32502e+03 8.09520e+03 7.88825e+03 8.68468e+03 8.68743e+03 8.19797e+03 7.87143e+03 7.58106e+03 7.33642e+03 7.16017e+03 7.11216e+03 7.21419e+03 7.30234e+03 7.56361e+03 7.67398e+03 7.89919e+03 8.08511e+03 8.12422e+03 8.02066e+03 8.17672e+03 8.24024e+03 7.98201e+03 7.71793e+03 7.43465e+03 7.13829e+03 6.88150e+03 6.52928e+03 6.08034e+03 5.86035e+03 5.47485e+03 5.17652e+03 5.06344e+03 4.77954e+03 4.68535e+03
1.64894e+04 9.51889e+03 9.61292e+03 9.74391e+03 9.87627e+03 9.96125e+03 9.99789e+03 9.99194e+03 9.96222e+03 9.92142e+03 9.88169e+03 9.83676e+03 9.82746e+03 9.80369e+03 9.78144e+03 9.75297e+03 9.72279e+03 9.65396e+03 9.56418e+03 9.45004e+03 9.32773e+03 9.17034e+03 8.99314e+03 8.81757e+03 8.61739e+03 8.41264e+03 8.20983e+03 7.98948e+03 7.78789e+03 8.61501e+03 8.58815e+03 8.03373e+03 7.71547e+03 7.43592e+03 7.20143e+03 7.06697e+03 7.11502e+03 7.19686e+03 7.32290e+03 7.64424e+03 7.65994e+03 7.89478e+03 8.11309e+03 8.23101e+03 8.19750e+03 8.31959e+03 8.29286e+03 8.07557e+03 7.74373e+03 7.51971e+03 7.15231e+03 6.95824e+03 6.52417e+03 6.11349e+03 5.87757e+03 5.52463e+03 5.18219e+03 5.04869e+03 4.78265e+03 4.68987e+03
1.65954e+04 8.40534e+03 8.59704e+03 8.84367e+03 9.07080e+03 9.25761e+03 9.38642e+03 9.48468e+03 9.51989e+03 9.52833e+03 9.53746e+03 9.53418e+03 9.53768e+03 9.54016e+03 9.53921e+03 9.52755e+03 9.51320e+03 9.45917e+03 9.38057e+03 9.27611e+03 9.17014e+03 9.02382e+03 8.85654e+03 8.69651e+03 8.50336e+03 8.30731e+03 8.11353e+03 7.90213e+03 7.70540e+03 8.56909e+03 8.50513e+03 7.96864e+03 7.61368e+03 7.35243e+03 7.13221e+03 7.08252e+03 7.11741e+03 7.28081e+03 7.38556e+03 7.71432e+03 7.85885e+03 8.06125e+03 8.20219e+03 8.34701e+03 8.37798e+03 8.43962e+03 8.33686e+03 8.15379e+03 7.82842e+03 7.59083e+03 7.23190e+03 7.02240e+03 6.57975e+03 6.17210e+03 5.92370e+03 5.59937e+03 5.23386e+03 5.06800e+03 4.78931e+03 4.68188e+03
1.66923e+04 7.67207e+03 7.87242e+03 8.15383e+03 8.45849e+03 8.72406e+03 8.92093e+03 9.05134e+03 9.13161e+03 9.18459e+03 9.23664e+03 9.25791e+03 9.30620e+03 9.33405e+03 9.35495e+03 9.36242e+03 9.32184e+03 9.28410e+03 9.23308e+03 9.16226e+03 9.04385e+03 8.90905e+03 8.75449e+03 8.58598e+03 8.39924e+03 8.21114e+03 8.02559e+03 7.82237e+03 7.63008e+03 8.52715e+03 8.46270e+03 7.90922e+03 7.57538e+03 7.28581e+03 7.15838e+03 7.12073e+03 7.18177e+03 7.35747e+03 7.44277e+03 7.80526e+03 8.04896e+03 8.28938e+03 8.44865e+03 8.45292e+03 8.54276e+03 8.54922e+03 8.38319e+03 8.24880e+03 7.96624e+03 7.65759e+03 7.30457e+03 7.09011e+03 6.65534e+03 6.23098e+03 6.02862e+03 5.66856e+03 5.28104e+03 5.14865e+03 4.90548e+03 4.67459e+03
1.67880e+04 7.19804e+03 7.35476e+03 7.60859e+03 7.94110e+03 8.24522e+03 8.48978e+03 8.67691e+03 8.80944e+03 8.90427e+03 8.97199e+03 9.02824e+03 9.07723e+03 9.13018e+03 9.17270e+03 9.19908e+03 9.19311e+03 9.16643e+03 9.12056e+03 9.04979e+03 8.94447e+03 8.81523e+03 8.66476e+03 8.48909e+03 8.32028e+03 8.13396e+03 7.94001e+03 7.74348e+03 7.55558e+03 8.48567e+03 8.47895e+03 7.87925e+03 7.53750e+03 7.30761e+03 7.18426e+03 7.15852e+03 7.30516e+03 7.46021e+03 7.65369e+03 8.00970e+03 8.23700e+03 8.51501e+03 8.69242e+03 8.64774e+03 8.77462e+03 8.71450e+03 8.50003e+03 8.38371e+03 8.10256e+03 7.78860e+03 7.39777e+03 7.15943e+03 6.73669e+03 6.32933e+03 6.13240e+03 5.77183e+03 5.34565e+03 5.22842e+03 5.02039e+03 4.71522e+03
1.68860e+04 6.87263e+03 6.99169e+03 7.19761e+03 7.50259e+03 7.81026e+03 8.09108e+03 8.32662e+03 8.49276e+03 8.62085e+03 8.73426e+03 8.81699e+03 8.88862e+03 8.94899e+03 8.99567e+03 9.03192e+03 9.06185e+03 9.04601e+03 9.00541e+03 8.93469e+03 8.84276e+03 8.71921e+03 8.57293e+03 8.41217e+03 8.24437e+03 8.06399e+03 7.87742e+03 7.67284e+03 7.47934e+03 8.46469e+03 8.49558e+03 7.87485e+03 7.54783e+03 7.32991e+03 7.22727e+03 7.25073e+03 7.43145e+03 7.65270e+03 7.90482e+03 8.21892e+03 8.51279e+03 8.76678e+03 8.94191e+03 8.87073e+03 9.03464e+03 8.89221e+03 8.61960e+03 8.52178e+03 8.23904e+03 7.92268e+03 7.51932e+03 7.23038e+03 6.85776e+03 6.42999e+03 6.26498e+03 5.87752e+03 5.42299e+03 5.32822e+03 5.12100e+03 4.77585e+03
1.69934e+04 6.61473e+03 6.71034e+03 6.88124e+03 7.12780e+03 7.40485e+03 7.71435e+03 7.96761e+03 8.18163e+03 8.35189e+03 8.48433e+03 8.59202e+03 8.69699e+03 8.78243e+03 8.85086e+03 8.89785e+03 8.91812e+03 8.91414e+03 8.87932e+03 8.80865e+03 8.73139e+03 8.61407e+03 8.47237e+03 8.32793e+03 8.16124e+03 7.98738e+03 7.80888e+03 7.61149e+03 7.41779e+03 8.47384e+03 8.51379e+03 7.87693e+03 7.56323e+03 7.38868e+03 7.28816e+03 7.35194e+03 7.61308e+03 7.86348e+03 8.17982e+03 8.46912e+03 8.83393e+03 9.10227e+03 9.21779e+03 9.11490e+03 9.31937e+03 9.08682e+03 8.75054e+03 8.65608e+03 8.34382e+03 8.06950e+03 7.65243e+03 7.28719e+03 6.99034e+03 6.52779e+03 6.42212e+03 5.98557e+03 5.55215e+03 5.44756e+03 5.19127e+03 4.84531e+03
1.71224e+04 6.37973e+03 6.46299e+03 6.60385e+03 6.80037e+03 7.04129e+03 7.32815e+03 7.59866e+03 7.84161e+03 8.04196e+03 8.21757e+03 8.35889e+03 8.47595e+03 8.58225e+03 8.67682e+03 8.74604e+03 8.76785e+03 8.77297e+03 8.75127e+03 8.70307e+03 8.60898e+03 8.49954e+03 8.36758e+03 8.22669e+03 8.06134e+03 7.89530e+03 7.72651e+03 7.53776e+03 7.34972e+03 8.48485e+03 8.51813e+03 7.93897e+03 7.58982e+03 7.50320e+03 7.36768e+03 7.50470e+03 7.86677e+03 8.16833e+03 8.52764e+03 8.89549e+03 9.21881e+03 9.50548e+03 9.55010e+03 9.35594e+03 9.52284e+03 9.20556e+03 8.92644e+03 8.72876e+03 8.46974e+03 8.17361e+03 7.74832e+03 7.35506e+03 7.08877e+03 6.63628e+03 6.55312e+03 6.10492e+03 5.89593e+03 5.60531e+03 5.27737e+03 4.97715e+03
1.73474e+04 6.07457e+03 6.14824e+03 6.26204e+03 6.42238e+03 6.59882e+03 6.82645e+03 7.06874e+03 7.33454e+03 7.57357e+03 7.79645e+03 7.98090e+03 8.14081e+03 8.28633e+03 8.40575e+03 8.49545e+03 8.55476e+03 8.58194e+03 8.57540e+03 8.53375e+03 8.46041e+03 8.36086e+03 8.23735e+03 8.08452e+03 7.93781e+03 7.77503e+03 7.60070e+03 7.41010e+03 7.23099e+03 8.49495e+03 8.52508e+03 8.02482e+03 7.64612e+03 7.68298e+03 7.65033e+03 7.87452e+03 8.26399e+03 8.79859e+03 9.12696e+03 9.56879e+03 9.83490e+03 9.93893e+03 9.93534e+03 9.75197e+03 9.75778e+03 9.33364e+03 9.22529e+03 8.84983e+03 8.58344e+03 8.28268e+03 7.87488e+03 7.48670e+03 7.21406e+03 6.90295e+03 6.62206e+03 6.35078e+03 6.17667e+03 5.93010e+03 5.59697e+03 5.22340e+03
1.78438e+04 5.61413e+03 5.67996e+03 5.77437e+03 5.90833e+03 6.04516e+03 6.19852e+03 6.36063e+03 6.57340e+03 6.79798e+03 7.05141e+03 7.28744e+03 7.51620e+03 7.71394e+03 7.89491e+03 8.03910e+03 8.14229e+03 8.20734e+03 8.23293e+03 8.21856e+03 8.16439e+03 8.08593e+03 7.98141e+03 7.84628e+03 7.71035e+03 7.56125e+03 7.40244e+03 7.22576e+03 7.04391e+03 8.33046e+03 8.42470e+03 8.04219e+03 7.77312e+03 7.90699e+03 8.10374e+03 8.51644e+03 9.02064e+03 9.74188e+03 9.90272e+03 1.02544e+04 1.04179e+04 1.03688e+04 1.01966e+04 1.00365e+04 9.86896e+03 9.49971e+03 9.30539e+03 8.97095e+03 8.63527e+03 8.34540e+03 7.94682e+03 7.63636e+03 7.32353e+03 7.40555e+03 6.83730e+03 6.66171e+03 6.19454e+03 6.10785e+03 6.01362e+03 5.63311e+03
1.85175e+04 5.19559e+03 5.26300e+03 5.35040e+03 5.45881e+03 5.57392e+03 5.69930e+03 5.83733e+03 5.98543e+03 6.15577e+03 6.36671e+03 6.58856e+03 6.83531e+03 7.07619e+03 7.30449e+03 7.51545e+03 7.67129e+03 7.78577e+03 7.85275e+03 7.87242e+03 7.84824e+03 7.79377e+03 7.71038e+03 7.59880e+03 7.47356e+03 7.33547e+03 7.18205e+03 7.00766e+03 6.82726e+03 8.06506e+03 8.16745e+03 7.82038e+03 7.80379e+03 8.04043e+03 8.41904e+03 8.98609e+03 9.72239e+03 1.01606e+04 1.02379e+04 1.04869e+04 1.04783e+04 1.04108e+04 1.01855e+04 1.00348e+04 9.81014e+03 9.47946e+03 9.10817e+03 8.93400e+03 8.62311e+03 8.32175e+03 8.01784e+03 7.52534e+03 7.30998e+03 7.49328e+03 6.95132e+03 6.70499e+03 6.32595e+03 6.20856e+03 6.28478e+03 5.79334e+03
1.92507e+04 4.85555e+03 4.92213e+03 5.00348e+03 5.09787e+03 5.19966e+03 5.30951e+03 5.43021e+03 5.56069e+03 5.71070e+03 5.87745e+03 6.06945e+03 6.28587e+03 6.51345e+03 6.74879e+03 6.99745e+03 7.21366e+03 7.37776e+03 7.48859e+03 7.54349e+03 7.54833e+03 7.51574e+03 7.45026e+03 7.35413e+03 7.23930e+03 7.10755e+03 6.95664e+03 6.78673e+03 6.61103e+03 7.83988e+03 7.96828e+03 7.75473e+03 7.67937e+03 8.23198e+03 8.76421e+03 9.55649e+03 9.98179e+03 1.03455e+04 1.04372e+04 1.05119e+04 1.06385e+04 1.02914e+04 1.01417e+04 1.00101e+04 9.62911e+03 9.31010e+03 9.01883e+03 9.00020e+03 8.54361e+03 8.41362e+03 7.97614e+03 7.43263e+03 7.27137e+03 7.48746e+03 6.97690e+03 6.82139e+03 6.37031e+03 6.25999e+03 6.34675e+03 5.84979e+03
2.00242e+04 4.56886e+03 4.63102e+03 4.70219e+03 4.78198e+03 4.86915e+03 4.96556e+03 5.07607e+03 5.19539e+03 5.33579e+03 5.49862e+03 5.67949e+03 5.87135e+03 6.07317e+03 6.28467e+03 6.51997e+03 6.76676e+03 6.98376e+03 7.13540e+03 7.22538e+03 7.25552e+03 7.23954e+03 7.18609e+03 7.09866e+03 6.98971e+03 6.86248e+03 6.71714e+03 6.55747e+03 6.39261e+03 7.57647e+03 7.80664e+03 7.92056e+03 8.03818e+03 8.65004e+03 9.65773e+03 1.00528e+04 1.03827e+04 1.04960e+04 1.06768e+04 1.04131e+04 1.04340e+04 1.04093e+04 1.00713e+04 1.00967e+04 9.70211e+03 9.54673e+03 9.03546e+03 8.87302e+03 8.56429e+03 8.53690e+03 7.98718e+03 7.47651e+03 7.36126e+03 7.62563e+03 7.12209e+03 7.06712e+03 6.51389e+03 6.39745e+03 6.49833e+03 5.97442e+03
2.08373e+04 4.33254e+03 4.39066e+03 4.45007e+03 4.51355e+03 4.58435e+03 4.66667e+03 4.76694e+03 4.87707e+03 5.00968e+03 5.17000e+03 5.35259e+03 5.54075e+03 5.72166e+03 5.90999e+03 6.12360e+03 6.36388e+03 6.60377e+03 6.79584e+03 6.91445e+03 6.96506e+03 6.96123e+03 6.91634e+03 6.83516e+03 6.73205e+03 6.61146e+03 6.47498e+03 6.32879e+03 6.17666e+03 7.25689e+03 7.48978e+03 7.88462e+03 8.77792e+03 8.72450e+03 1.00154e+04 1.02257e+04 1.05667e+04 1.07133e+04 1.02369e+04 9.99340e+03 1.06690e+04 1.03771e+04 1.01645e+04 9.70487e+03 9.87311e+03 9.78494e+03 9.13288e+03 8.79161e+03 8.32914e+03 8.91732e+03 8.70295e+03 7.62266e+03 7.53894e+03 7.86512e+03 7.35475e+03 7.41128e+03 6.72527e+03 6.59438e+03 6.70846e+03 6.14691e+03
2.16532e+04 4.13712e+03 4.19710e+03 4.25111e+03 4.30324e+03 4.36239e+03 4.43487e+03 4.52634e+03 4.63051e+03 4.75524e+03 4.90722e+03 5.08428e+03 5.27546e+03 5.44268e+03 5.59855e+03 5.79114e+03 6.01922e+03 6.26213e+03 6.47054e+03 6.61291e+03 6.68014e+03 6.68786e+03 6.65170e+03 6.57945e+03 6.48519e+03 6.37516e+03 6.25060e+03 6.11541e+03 5.96917e+03 6.93724e+03 7.29191e+03 7.88924e+03 8.89627e+03 8.60963e+03 9.77226e+03 1.05845e+04 1.05154e+04 1.08026e+04 9.87192e+03 9.56039e+03 1.06983e+04 1.05283e+04 1.01080e+04 9.92843e+03 9.95666e+03 9.68608e+03 9.40204e+03 9.11776e+03 8.11219e+03 9.38630e+03 9.20744e+03 7.85133e+03 7.77790e+03 8.15297e+03 7.63106e+03 7.80403e+03 6.96648e+03 6.81772e+03 6.93751e+03 6.34133e+03
2.24482e+04 3.96404e+03 4.02715e+03 4.08149e+03 4.13082e+03 4.18679e+03 4.25570e+03 4.34376e+03 4.44780e+03 4.57083e+03 4.71506e+03 4.88085e+03 5.06507e+03 5.22301e+03 5.34742e+03 5.51005e+03 5.72487e+03 5.96403e+03 6.17884e+03 6.32727e+03 6.40530e+03 6.42267e+03 6.39567e+03 6.33544e+03 6.25177e+03 6.15268e+03 6.03838e+03 5.91011e+03 5.76619e+03 6.72507e+03 7.33502e+03 8.09078e+03 8.87772e+03 8.57792e+03 9.63145e+03 1.04320e+04 1.03160e+04 1.05788e+04 9.54214e+03 9.25279e+03 1.03969e+04 1.04381e+04 1.04033e+04 1.03968e+04 9.87047e+03 1.01813e+04 9.77771e+03 9.07013e+03 8.09136e+03 9.79683e+03 9.37913e+03 8.27608e+03 8.20111e+03 8.65277e+03 8.08057e+03 8.40187e+03 7.35509e+03 7.18148e+03 7.32168e+03 6.66604e+03
2.32422e+04 3.81198e+03 3.87748e+03 3.93411e+03 3.98446e+03 4.04060e+03 4.10804e+03 4.19571e+03 4.30294e+03 4.43057e+03 4.56988e+03 4.72001e+03 4.88555e+03 5.03367e+03 5.13774e+03 5.27170e+03 5.47534e+03 5.70658e+03 5.92476e+03 6.07586e+03 6.15575e+03 6.17770e+03 6.15399e+03 6.10366e+03 6.02871e+03 5.93789e+03 5.83000e+03 5.70646e+03 5.56700e+03 6.63302e+03 7.38029e+03 8.04606e+03 8.95999e+03 8.67558e+03 9.59353e+03 1.03088e+04 1.01759e+04 1.04243e+04 9.37251e+03 9.07119e+03 1.02696e+04 1.02396e+04 1.09660e+04 1.07735e+04 1.01736e+04 1.05566e+04 1.11010e+04 9.30360e+03 8.28396e+03 1.09628e+04 9.73509e+03 8.95309e+03 8.91476e+03 9.46217e+03 8.80107e+03 9.32221e+03 7.99164e+03 7.77559e+03 7.93207e+03 7.21773e+03
2.40510e+04 3.68314e+03 3.75338e+03 3.81541e+03 3.86975e+03 3.92656e+03 3.99242e+03 4.07772e+03 4.18702e+03 4.31914e+03 4.45091e+03 4.57632e+03 4.71155e+03 4.84355e+03 4.94540e+03 5.05823e+03 5.24551e+03 5.47913e+03 5.70025e+03 5.85602e+03 5.93680e+03 5.95972e+03 5.93960e+03 5.88965e+03 5.81871e+03 5.73109e+03 5.62598e+03 5.50668e+03 5.37515e+03 6.59274e+03 7.59082e+03 7.88452e+03 8.93287e+03 8.68945e+03 9.49873e+03 1.01670e+04 1.00345e+04 1.02675e+04 9.22276e+03 8.92907e+03 1.01516e+04 1.01653e+04 1.18048e+04 1.10338e+04 1.02464e+04 1.15719e+04 1.16370e+04 9.56178e+03 8.48741e+03 1.17190e+04 1.01305e+04 9.74671e+03 9.73491e+03 1.04115e+04 9.65540e+03 1.04422e+04 8.73654e+03 8.47342e+03 8.65896e+03 7.86802e+03
2.48658e+04 3.57824e+03 3.65481e+03 3.72396e+03 3.78418e+03 3.84303e+03 3.90564e+03 3.98171e+03 4.08464e+03 4.21755e+03 4.34197e+03 4.44414e+03 4.54340e+03 4.64940e+03 4.74966e+03 4.85601e+03 5.02193e+03 5.25239e+03 5.48132e+03 5.64654e+03 5.73084e+03 5.75359e+03 5.73566e+03 5.68649e+03 5.61644e+03 5.53012e+03 5.42847e+03 5.31551e+03 5.19324e+03 6.56823e+03 7.92563e+03 7.62834e+03 8.70104e+03 8.57535e+03 9.35005e+03 9.97899e+03 9.84812e+03 1.00615e+04 9.04910e+03 8.78924e+03 9.97328e+03 1.00178e+04 1.18300e+04 1.09161e+04 1.01800e+04 1.19510e+04 1.17622e+04 9.63767e+03 8.56191e+03 1.19968e+04 1.02962e+04 1.04289e+04 1.04293e+04 1.11908e+04 1.03984e+04 1.14472e+04 9.42697e+03 9.11039e+03 9.32036e+03 8.47674e+03
2.56884e+04 3.49113e+03 3.57136e+03 3.64625e+03 3.71333e+03 3.77216e+03 3.82490e+03 3.88574e+03 3.96922e+03 4.09444e+03 4.21545e+03 4.30639e+03 4.38076e+03 4.46315e+03 4.55145e+03 4.65269e+03 4.79701e+03 5.01032e+03 5.24319e+03 5.41732e+03 5.50806e+03 5.53388e+03 5.51617e+03 5.46976e+03 5.40356e+03 5.32283e+03 5.22895e+03 5.12515e+03 5.01198e+03 6.59232e+03 8.21430e+03 7.41394e+03 8.42312e+03 8.44361e+03 9.21609e+03 9.83298e+03 9.70310e+03 9.90003e+03 8.92509e+03 8.69134e+03 9.88306e+03 9.94488e+03 1.17222e+04 1.08008e+04 1.00913e+04 1.18976e+04 1.21857e+04 9.66744e+03 8.57045e+03 1.36020e+04 1.03956e+04 1.10717e+04 1.11037e+04 1.19345e+04 1.11096e+04 1.24298e+04 1.01253e+04 9.76649e+03 9.99140e+03 9.10286e+03
2.65529e+04 3.40662e+03 3.48282e+03 3.56059e+03 3.63270e+03 3.68931e+03 3.73506e+03 3.78037e+03 3.84325e+03 3.95089e+03 4.05971e+03 4.14467e+03 4.20976e+03 4.28057e+03 4.35748e+03 4.44637e+03 4.56793e+03 4.74772e+03 4.97101e+03 5.15634e+03 5.25846e+03 5.28940e+03 5.27575e+03 5.23302e+03 5.17221e+03 5.09912e+03 5.01391e+03 4.91958e+03 4.81638e+03 6.72325e+03 8.47064e+03 7.35439e+03 8.21209e+03 8.35665e+03 9.15216e+03 9.77250e+03 9.65516e+03 9.84864e+03 8.93853e+03 8.72437e+03 9.95683e+03 1.00358e+04 1.17788e+04 1.08474e+04 1.01582e+04 1.19659e+04 1.22015e+04 9.75160e+03 8.63337e+03 1.54076e+04 1.05733e+04 1.18314e+04 1.19272e+04 1.28343e+04 1.19874e+04 1.35886e+04 1.09986e+04 1.06274e+04 1.08253e+04 9.89048e+03
2.75544e+04 3.29300e+03 3.35673e+03 3.43247e+03 3.50686e+03 3.56780e+03 3.61880e+03 3.65898e+03 3.71078e+03 3.79729e+03 3.89778e+03 3.97996e+03 4.04109e+03 4.09931e+03 4.16007e+03 4.22851e+03 4.31956e+03 4.45319e+03 4.64053e+03 4.83212e+03 4.95251e+03 4.99621e+03 4.99062e+03 4.95293e+03 4.89634e+03 4.82822e+03 4.74987e+03 4.66687e+03 4.57565e+03 6.99250e+03 8.98062e+03 7.50425e+03 8.04949e+03 8.27011e+03 9.11301e+03 9.76909e+03 9.67768e+03 9.94632e+03 9.08561e+03 8.89724e+03 1.01590e+04 1.02901e+04 1.20271e+04 1.11163e+04 1.03954e+04 1.21373e+04 1.23697e+04 9.92832e+03 8.75398e+03 1.57277e+04 1.07382e+04 1.27636e+04 1.29213e+04 1.38905e+04 1.30413e+04 1.49394e+04 1.20788e+04 1.16544e+04 1.18409e+04 1.08755e+04
2.88884e+04 3.12785e+03 3.15949e+03 3.22071e+03 3.30348e+03 3.38279e+03 3.44634e+03 3.49622e+03 3.54480e+03 3.61566e+03 3.71875e+03 3.80905e+03 3.87214e+03 3.91661e+03 3.95607e+03 3.99967e+03 4.04955e+03 4.11478e+03 4.20312e+03 4.32997e+03 4.45190e+03 4.51796e+03 4.53446e+03 4.50576e+03 4.46139e+03 4.40560e+03 4.33426e+03 4.26097e+03 4.18137e+03 7.30613e+03 9.65795e+03 7.86172e+03 7.99943e+03 8.13250e+03 9.01863e+03 9.76115e+03 9.72781e+03 1.00639e+04 9.26289e+03 9.12572e+03 1.04373e+04 1.06683e+04 1.24988e+04 1.16453e+04 1.08857e+04 1.25592e+04 1.26875e+04 1.01758e+04 8.89967e+03 1.57234e+04 1.08914e+04 1.38352e+04 1.40701e+04 1.51437e+04 1.43037e+04 1.65798e+04 1.33702e+04 1.28924e+04 1.30812e+04 1.20671e+04
3.06167e+04 3.04624e+03 2.96957e+03 2.97714e+03 3.04256e+03 3.12964e+03 3.21415e+03 3.28800e+03 3.34935e+03 3.41344e+03 3.49946e+03 3.58933e+03 3.65320e+03 3.68793e+03 3.70832e+03 3.72744e+03 3.76324e+03 3.80169e+03 3.82283e+03 3.81954e+03 3.81726e+03 3.81551e+03 3.81198e+03 3.78525e+03 3.75711e+03 3.72260e+03 3.68912e+03 3.66109e+03 3.61851e+03 7.67344e+03 1.04357e+04 8.50879e+03 8.49349e+03 8.33009e+03 9.14325e+03 9.95381e+03 1.00414e+04 1.04373e+04 9.64645e+03 9.58483e+03 1.10133e+04 1.13679e+04 1.34063e+04 1.26751e+04 1.19791e+04 1.38144e+04 1.39774e+04 1.12461e+04 9.74876e+03 1.66743e+04 1.17841e+04 1.58433e+04 1.62839e+04 1.75043e+04 1.66589e+04 1.93389e+04 1.61316e+04 1.56326e+04 1.56255e+04 1.43673e+04
3.24869e+04 2.99466e+03 2.85918e+03 2.80307e+03 2.81840e+03 2.88376e+03 2.97144e+03 3.06145e+03 3.13572e+03 3.20033e+03 3.27581e+03 3.35964e+03 3.42117e+03 3.44634e+03 3.44455e+03 3.43171e+03 3.43492e+03 3.46341e+03 3.49647e+03 3.48719e+03 3.43579e+03 3.37229e+03 3.32671e+03 3.29474e+03 3.24949e+03 3.18769e+03 3.10914e+03 3.03390e+03 2.96121e+03 8.55637e+03 1.19525e+04 9.59477e+03 9.50569e+03 9.07896e+03 9.85624e+03 1.07420e+04 1.08913e+04 1.14568e+04 1.06120e+04 1.06266e+04 1.23402e+04 1.28483e+04 1.52874e+04 1.46202e+04 1.38578e+04 1.60896e+04 1.62775e+04 1.33867e+04 1.16900e+04 1.93455e+04 1.41132e+04 1.97800e+04 2.02244e+04 2.17826e+04 2.06821e+04 2.43111e+04 2.01766e+04 1.92650e+04 1.91609e+04 1.76685e+04
3.44717e+04 2.99160e+03 2.80526e+03 2.69240e+03 2.66166e+03 2.68557e+03 2.74824e+03 2.83049e+03 2.90523e+03 2.97638e+03 3.05280e+03 3.13644e+03 3.20366e+03 3.23334e+03 3.22783e+03 3.20337e+03 3.18518e+03 3.20757e+03 3.26314e+03 3.29389e+03 3.24532e+03 3.15244e+03 3.04643e+03 2.92859e+03 2.82636e+03 2.74049e+03 2.66298e+03 2.61850e+03 2.56806e+03 1.02973e+04 1.41483e+04 1.08903e+04 1.07922e+04 1.02688e+04 1.09868e+04 1.19732e+04 1.22226e+04 1.29440e+04 1.21539e+04 1.21940e+04 1.42211e+04 1.48848e+04 1.79635e+04 1.72600e+04 1.63318e+04 1.91223e+04 1.95309e+04 1.60781e+04 1.41153e+04 2.28934e+04 1.71055e+04 2.49805e+04 2.55894e+04 2.73189e+04 2.60094e+04 3.10913e+04 2.53929e+04 2.39954e+04 2.35610e+04 2.17676e+04
3.64065e+04 3.02123e+03 2.79149e+03 2.63394e+03 2.59109e+03 2.59486e+03 2.62271e+03 2.66394e+03 2.71739e+03 2.78296e+03 2.85577e+03 2.93319e+03 2.99974e+03 3.03520e+03 3.03599e+03 3.01607e+03 3.00191e+03 3.02428e+03 3.08747e+03 3.14672e+03 3.14788e+03 3.07431e+03 2.95084e+03 2.81247e+03 2.67625e+03 2.56218e+03 2.54188e+03 2.53378e+03 2.52992e+03 1.15309e+04 1.57461e+04 1.20850e+04 1.19890e+04 1.13936e+04 1.22848e+04 1.32337e+04 1.35078e+04 1.43891e+04 1.35905e+04 1.36097e+04 1.60220e+04 1.67326e+04 2.02897e+04 1.97007e+04 1.85714e+04 2.16668e+04 2.22707e+04 1.84304e+04 1.61717e+04 2.62136e+04 1.96936e+04 2.99691e+04 3.08224e+04 3.25867e+04 3.09602e+04 3.78736e+04 3.07038e+04 2.83291e+04 2.76635e+04 2.56062e+04
3.81996e+04 3.06547e+03 2.79530e+03 2.60786e+03 2.58152e+03 2.57990e+03 2.58191e+03 2.58881e+03 2.61265e+03 2.64705e+03 2.69506e+03 2.75125e+03 2.80776e+03 2.84152e+03 2.84794e+03 2.83558e+03 2.82516e+03 2.84306e+03 2.89857e+03 2.95956e+03 2.97525e+03 2.92115e+03 2.81391e+03 2.67745e+03 2.55576e+03 2.53640e+03 2.53193e+03 2.52885e+03 2.52634e+03 1.18574e+04 1.66478e+04 1.29261e+04 1.28543e+04 1.21332e+04 1.33198e+04 1.41729e+04 1.44594e+04 1.54935e+04 1.44530e+04 1.44414e+04 1.71879e+04 1.80460e+04 2.20250e+04 2.12990e+04 1.99567e+04 2.33862e+04 2.41840e+04 1.98557e+04 1.72403e+04 2.79647e+04 2.14447e+04 3.34780e+04 3.51183e+04 3.70144e+04 3.50750e+04 4.36981e+04 3.49225e+04 3.18309e+04 3.08307e+04 2.85054e+04
3.97968e+04 3.07696e+03 2.78016e+03 2.59432e+03 2.57755e+03 2.57502e+03 2.57430e+03 2.57503e+03 2.57783e+03 2.58495e+03 2.59930e+03 2.62685e+03 2.65536e+03 2.67413e+03 2.67770e+03 2.67058e+03 2.66672e+03 2.67783e+03 2.72379e+03 2.78474e+03 2.80828e+03 2.77255e+03 2.68785e+03 2.57731e+03 2.54223e+03 2.53527e+03 2.53145e+03 2.52853e+03 2.52605e+03 1.16649e+04 1.72015e+04 1.35852e+04 1.34765e+04 1.27160e+04 1.39187e+04 1.47967e+04 1.50661e+04 1.60974e+04 1.50124e+04 1.49500e+04 1.78013e+04 1.89185e+04 2.31167e+04 2.23342e+04 2.06836e+04 2.45677e+04 2.54141e+04 2.06873e+04 1.76885e+04 2.84988e+04 2.22468e+04 3.64749e+04 3.84503e+04 4.05545e+04 3.83397e+04 4.83676e+04 3.84104e+04 3.45137e+04 3.30721e+04 3.04745e+04
4.12054e+04 3.04249e+03 2.73721e+03 2.58550e+03 2.57474e+03 2.57218e+03 2.57077e+03 2.56994e+03 2.56991e+03 2.57081e+03 2.57219e+03 2.57459e+03 2.57583e+03 2.57686e+03 2.57498e+03 2.57139e+03 2.56763e+03 2.57353e+03 2.60892e+03 2.66931e+03 2.70167e+03 2.68253e+03 2.61820e+03 2.55528e+03 2.54067e+03 2.53535e+03 2.53158e+03 2.52855e+03 2.52594e+03 1.16301e+04 1.80430e+04 1.43813e+04 1.42583e+04 1.36336e+04 1.49386e+04 1.60889e+04 1.62060e+04 1.73212e+04 -9.99999e+99 -9.99999e+99 -9.99999e+99 -9.99999e+99 -9.99999e+99 -9.99999e+99 -9.99999e+99 -9.99999e+99 -9.99999e+99 -9.99999e+99 -9.99999e+99 -9.99999e+99 -9.99999e+99 -9.99999e+99 -9.99999e+99 -9.99999e+99 -9.99999e+99 -9.99999e+99 -9.99999e+99 -9.99999e+99 -9.99999e+99 -9.99999e+99
4.24865e+04 2.95877e+03 2.66150e+03 2.57807e+03 2.57211e+03 2.56978e+03 2.56795e+03 2.56630e+03 2.56518e+03 2.56468e+03 2.56440e+03 2.56392e+03 2.56272e+03 2.56105e+03 2.55908e+03 2.55726e+03 2.55611e+03 2.55820e+03 2.57081e+03 2.60972e+03 2.63159e+03 2.60942e+03 2.56310e+03 2.54542e+03 2.53840e+03 2.53402e+03 2.53046e+03 2.52743e+03 2.52476e+03 1.21317e+04 1.94340e+04 1.57416e+04 1.55751e+04 1.46599e+04 1.60956e+04 1.75481e+04 1.75535e+04 1.88737e+04 -9.99999e+99 -9.99999e+99 -9.99999e+99 -9.99999e+99 -9.99999e+99 -9.99999e+99 -9.99999e+99 -9.99999e+99 -9.99999e+99 -9.99999e+99 -9.99999e+99 -9.99999e+99 -9.99999e+99 -9.99999e+99 -9.99999e+99 -9.99999e+99 -9.99999e+99 -9.99999e+99 -9.99999e+99 -9.99999e+99 -9.99999e+99 -9.99999e+99
4.36908e+04 2.84271e+03 2.59242e+03 2.57244e+03 2.56923e+03 2.56706e+03 2.56495e+03 2.56290e+03 2.56131e+03 2.56018e+03 2.55918e+03 2.55798e+03 2.55635e+03 2.55453e+03 2.55276e+03 2.55130e+03 2.55054e+03 2.55197e+03 2.55803e+03 2.56916e+03 2.56971e+03 2.55792e+03 2.54604e+03 2.53919e+03 2.53464e+03 2.53100e+03 2.52781e+03 2.52497e+03 2.52239e+03 1.30887e+04 2.13187e+04 1.73903e+04 1.72904e+04 1.63157e+04 1.79788e+04 1.98989e+04 2.01761e+04 2.17648e+04 -9.99999e+99 -9.99999e+99 -9.99999e+99 -9.99999e+99 -9.99999e+99 -9.99999e+99 -9.99999e+99 -9.99999e+99 -9.99999e+99 -9.99999e+99 -9.99999e+99 -9.99999e+99 -9.99999e+99 -9.99999e+99 -9.99999e+99 -9.99999e+99 -9.99999e+99 -9.99999e+99 -9.99999e+99 -9.99999e+99 -9.99999e+99 -9.99999e+99
4.48835e+04 2.71610e+03 2.57659e+03 2.56859e+03 2.56602e+03 2.56385e+03 2.56159e+03 2.55946e+03 2.55771e+03 2.55625e+03 2.55485e+03 2.55332e+03 2.55155e+03 2.54976e+03 2.54814e+03 2.54690e+03 2.54632e+03 2.54721e+03 2.54987e+03 2.55148e+03 2.54913e+03 2.54326e+03 2.53796e+03 2.53374e+03 2.53021e+03 2.52713e+03 2.52431e+03 2.52170e+03 2.51926e+03 1.42363e+04 2.34549e+04 1.93111e+04 1.92604e+04 1.80035e+04 1.99077e+04 2.22992e+04 2.28615e+04 2.47994e+04 -9.99999e+99 -9.99999e+99 -9.99999e+99 -9.99999e+99 -9.99999e+99 -9.99999e+99 -9.99999e+99 -9.99999e+99 -9.99999e+99 -9.99999e+99 -9.99999e+99 -9.99999e+99 -9.99999e+99 -9.99999e+99 -9.99999e+99 -9.99999e+99 -9.99999e+99 -9.99999e+99 -9.99999e+99 -9.99999e+99 -9.99999e+99 -9.99999e+99
4.60810e+04 2.60460e+03 2.56858e+03 2.56496e+03 2.56261e+03 2.56037e+03 2.55811e+03 2.55605e+03 2.55428e+03 2.55265e+03 2.55103e+03 2.54934e+03 2.54754e+03 2.54581e+03 2.54428e+03 2.54312e+03 2.54247e+03 2.54262e+03 2.54301e+03 2.54205e+03 2.53940e+03 2.53569e+03 2.53206e+03 2.52880e+03 2.52585e+03 2.52316e+03 2.52063e+03 2.51821e+03 2.51592e+03 1.53484e+04 2.56354e+04 2.13934e+04 2.14100e+04 1.99914e+04 2.22333e+04 2.53007e+04 2.62808e+04 2.86657e+04 -9.99999e+99 -9.99999e+99 -9.99999e+99 -9.99999e+99 -9.99999e+99 -9.99999e+99 -9.99999e+99 -9.99999e+99 -9.99999e+99 -9.99999e+99 -9.99999e+99 -9.99999e+99 -9.99999e+99 -9.99999e+99 -9.99999e+99 -9.99999e+99 -9.99999e+99 -9.99999e+99 -9.99999e+99 -9.99999e+99 -9.99999e+99 -9.99999e+99
4.72917e+04 2.57749e+03 2.56410e+03 2.56136e+03 2.55905e+03 2.55679e+03 2.55461e+03 2.55265e+03 2.55089e+03 2.54917e+03 2.54744e+03 2.54567e+03 2.54388e+03 2.54218e+03 2.54067e+03 2.53943e+03 2.53850e+03 2.53784e+03 2.53689e+03 2.53513e+03 2.53272e+03 2.52987e+03 2.52702e+03 2.52430e+03 2.52174e+03 2.51933e+03 2.51700e+03 2.51473e+03 2.51255e+03 1.64080e+04 2.80423e+04 2.35613e+04 2.36364e+04 2.20079e+04 2.45892e+04 2.83350e+04 2.97374e+04 3.25901e+04 -9.99999e+99 -9.99999e+99 -9.99999e+99 -9.99999e+99 -9.99999e+99 -9.99999e+99 -9.99999e+99 -9.99999e+99 -9.99999e+99 -9.99999e+99 -9.99999e+99 -9.99999e+99 -9.99999e+99 -9.99999e+99 -9.99999e+99 -9.99999e+99 -9.99999e+99 -9.99999e+99 -9.99999e+99 -9.99999e+99 -9.99999e+99 -9.99999e+99
4.85124e+04 2.56738e+03 2.56016e+03 2.55771e+03 2.55542e+03 2.55321e+03 2.55112e+03 2.54922e+03 2.54746e+03 2.54568e+03 2.54388e+03 2.54208e+03 2.54032e+03 2.53862e+03 2.53705e+03 2.53563e+03 2.53437e+03 2.53311e+03 2.53153e+03 2.52956e+03 2.52734e+03 2.52493e+03 2.52249e+03 2.52012e+03 2.51781e+03 2.51558e+03 2.51339e+03 2.51123e+03 2.50913e+03 1.74804e+04 3.09890e+04 2.63026e+04 2.61218e+04 2.50634e+04 2.76796e+04 3.20622e+04 3.38652e+04 3.72104e+04 -9.99999e+99 -9.99999e+99 -9.99999e+99 -9.99999e+99 -9.99999e+99 -9.99999e+99 -9.99999e+99 -9.99999e+99 -9.99999e+99 -9.99999e+99 -9.99999e+99 -9.99999e+99 -9.99999e+99 -9.99999e+99 -9.99999e+99 -9.99999e+99 -9.99999e+99 -9.99999e+99 -9.99999e+99 -9.99999e+99 -9.99999e+99 -9.99999e+99
4.97498e+04 2.56015e+03 2.55630e+03 2.55402e+03 2.55179e+03 2.54965e+03 2.54763e+03 2.54575e+03 2.54397e+03 2.54214e+03 2.54030e+03 2.53849e+03 2.53674e+03 2.53502e+03 2.53335e+03 2.53176e+03 2.53022e+03 2.52860e+03 2.52678e+03 2.52478e+03 2.52268e+03 2.52049e+03 2.51828e+03 2.51610e+03 2.51394e+03 2.51184e+03 2.50975e+03 2.50767e+03 2.50563e+03 1.85781e+04 3.46611e+04 2.98274e+04 3.01004e+04 2.83662e+04 3.14320e+04 3.66339e+04 3.88875e+04 4.28410e+04 -9.99999e+99 -9.99999e+99 -9.99999e+99 -9.99999e+99 -9.99999e+99 -9.99999e+99 -9.99999e+99 -9.99999e+99 -9.99999e+99 -9.99999e+99 -9.99999e+99 -9.99999e+99 -9.99999e+99 -9.99999e+99 -9.99999e+99 -9.99999e+99 -9.99999e+99 -9.99999e+99 -9.99999e+99 -9.99999e+99 -9.99999e+99 -9.99999e+99
5.10070e+04 2.55527e+03 2.55254e+03 2.55035e+03 2.54819e+03 2.54612e+03 2.54414e+03 2.54226e+03 2.54043e+03 2.53856e+03 2.53670e+03 2.53488e+03 2.53312e+03 2.53137e+03 2.52962e+03 2.52787e+03 2.52614e+03 2.52434e+03 2.52245e+03 2.52047e+03 2.51844e+03 2.51636e+03 2.51428e+03 2.51220e+03 2.51015e+03 2.50812e+03 2.50610e+03 2.50409e+03 2.50211e+03 1.96785e+04 3.91301e+04 -9.99999e+99 -9.99999e+99 -9.99999e+99 -9.99999e+99 -9.99999e+99 -9.99999e+99 -9.99999e+99 -9.99999e+99 -9.99999e+99 -9.99999e+99 -9.99999e+99 -9.99999e+99 -9.99999e+99 -9.99999e+99 -9.99999e+99 -9.99999e+99 -9.99999e+99 -9.99999e+99 -9.99999e+99 -9.99999e+99 -9.99999e+99 -9.99999e+99 -9.99999e+99 -9.99999e+99 -9.99999e+99 -9.99999e+99 -9.99999e+99 -9.99999e+99 -9.99999e+99
5.22868e+04 2.55127e+03 2.54882e+03 2.54670e+03 2.54459e+03 2.54257e+03 2.54062e+03 2.53872e+03 2.53687e+03 2.53496e+03 2.53308e+03 2.53125e+03 2.52948e+03 2.52770e+03 2.52587e+03 2.52402e+03 2.52216e+03 2.52028e+03 2.51838e+03 2.51643e+03 2.51446e+03 2.51245e+03 2.51044e+03 2.50843e+03 2.50643e+03 2.50447e+03 2.50249e+03 2.50052e+03 2.49858e+03 2.07636e+04 4.45143e+04 -9.99999e+99 -9.99999e+99 -9.99999e+99 -9.99999e+99 -9.99999e+99 -9.99999e+99 -9.99999e+99 -9.99999e+99 -9.99999e+99 -9.99999e+99 -9.99999e+99 -9.99999e+99 -9.99999e+99 -9.99999e+99 -9.99999e+99 -9.99999e+99 -9.99999e+99 -9.99999e+99 -9.99999e+99 -9.99999e+99 -9.99999e+99 -9.99999e+99 -9.99999e+99 -9.99999e+99 -9.99999e+99 -9.99999e+99 -9.99999e+99 -9.99999e+99 -9.99999e+99
5.35901e+04 2.54744e+03 2.54515e+03 2.54306e+03 2.54100e+03 2.53902e+03 2.53708e+03 2.53516e+03 2.53329e+03 2.53137e+03 2.52947e+03 2.52764e+03 2.52585e+03 2.52403e+03 2.52214e+03 2.52022e+03 2.51831e+03 2.51640e+03 2.51450e+03 2.51259e+03 2.51065e+03 2.50869e+03 2.50672e+03 2.50476e+03 2.50280e+03 2.50087e+03 2.49893e+03 2.49698e+03 2.49506e+03 2.17926e+04 5.08769e+04 -9.99999e+99 -9.99999e+99 -9.99999e+99 -9.99999e+99 -9.99999e+99 -9.99999e+99 -9.99999e+99 -9.99999e+99 -9.99999e+99 -9.99999e+99 -9.99999e+99 -9.99999e+99 -9.99999e+99 -9.99999e+99 -9.99999e+99 -9.99999e+99 -9.99999e+99 -9.99999e+99 -9.99999e+99 -9.99999e+99 -9.99999e+99 -9.99999e+99 -9.99999e+99 -9.99999e+99 -9.99999e+99 -9.99999e+99 -9.99999e+99 -9.99999e+99 -9.99999e+99
5.49157e+04 2.54372e+03 2.54152e+03 2.53947e+03 2.53744e+03 2.53547e+03 2.53353e+03 2.53161e+03 2.52972e+03 2.52780e+03 2.52590e+03 2.52405e+03 2.52224e+03 2.52039e+03 2.51847e+03 2.51651e+03 2.51457e+03 2.51266e+03 2.51078e+03 2.50889e+03 2.50698e+03 2.50505e+03 2.50311e+03 2.50117e+03 2.49924e+03 2.49733e+03 2.49540e+03 2.49347e+03 2.49156e+03 2.27135e+04 5.80810e+04 -9.99999e+99 -9.99999e+99 -9.99999e+99 -9.99999e+99 -9.99999e+99 -9.99999e+99 -9.99999e+99 -9.99999e+99 -9.99999e+99 -9.99999e+99 -9.99999e+99 -9.99999e+99 -9.99999e+99 -9.99999e+99 -9.99999e+99 -9.99999e+99 -9.99999e+99 -9.99999e+99 -9.99999e+99 -9.99999e+99 -9.99999e+99 -9.99999e+99 -9.99999e+99 -9.99999e+99 -9.99999e+99 -9.99999e+99 -9.99999e+99 -9.99999e+99 -9.99999e+99
5.62620e+04 2.54009e+03 2.53794e+03 2.53592e+03 2.53391e+03 2.53195e+03 2.53001e+03 2.52808e+03 2.52619e+03 2.52427e+03 2.52237e+03 2.52051e+03 2.51868e+03 2.51682e+03 2.51487e+03 2.51290e+03 2.51096e+03 2.50906e+03 2.50719e+03 2.50531e+03 2.50341e+03 2.50150e+03 2.49958e+03 2.49766e+03 2.49574e+03 2.49384e+03 2.49192e+03 2.49000e+03 2.48809e+03 2.34994e+04 6.58540e+04 -9.99999e+99 -9.99999e+99 -9.99999e+99 -9.99999e+99 -9.99999e+99 -9.99999e+99 -9.99999e+99 -9.99999e+99 -9.99999e+99 -9.99999e+99 -9.99999e+99 -9.99999e+99 -9.99999e+99 -9.99999e+99 -9.99999e+99 -9.99999e+99 -9.99999e+99 -9.99999e+99 -9.99999e+99 -9.99999e+99 -9.99999e+99 -9.99999e+99 -9.99999e+99 -9.99999e+99 -9.99999e+99 -9.99999e+99 -9.99999e+99 -9.99999e+99 -9.99999e+99
5.76208e+04 2.53656e+03 2.53444e+03 2.53244e+03 2.53044e+03 2.52849e+03 2.52654e+03 2.52462e+03 2.52273e+03 2.52080e+03 2.51890e+03 2.51704e+03 2.51520e+03 2.51332e+03 2.51136e+03 2.50939e+03 2.50747e+03 2.50558e+03 2.50371e+03 2.50183e+03 2.49994e+03 2.49804e+03 2.49613e+03 2.49422e+03 2.49230e+03 2.49041e+03 2.48849e+03 2.48657e+03 2.48466e+03 2.41359e+04 7.36192e+04 -9.99999e+99 -9.99999e+99 -9.99999e+99 -9.99999e+99 -9.99999e+99 -9.99999e+99 -9.99999e+99 -9.99999e+99 -9.99999e+99 -9.99999e+99 -9.99999e+99 -9.99999e+99 -9.99999e+99 -9.99999e+99 -9.99999e+99 -9.99999e+99 -9.99999e+99 -9.99999e+99 -9.99999e+99 -9.99999e+99 -9.99999e+99 -9.99999e+99 -9.99999e+99 -9.99999e+99 -9.99999e+99 -9.99999e+99 -9.99999e+99 -9.99999e+99 -9.99999e+99
5.89874e+04 2.53312e+03 2.53103e+03 2.52903e+03 2.52704e+03 2.52509e+03 2.52314e+03 2.52122e+03 2.51933e+03 2.51740e+03 2.51550e+03 2.51364e+03 2.51179e+03 2.50990e+03 2.50794e+03 2.50599e+03 2.50408e+03 2.50219e+03 2.50032e+03 2.49844e+03 2.49655e+03 2.49465e+03 2.49275e+03 2.49084e+03 2.48893e+03 2.48703e+03 2.48512e+03 2.48319e+03 2.48129e+03 2.46295e+04 8.07058e+04 -9.99999e+99 -9.99999e+99 -9.99999e+99 -9.99999e+99 -9.99999e+99 -9.99999e+99 -9.99999e+99 -9.99999e+99 -9.99999e+99 -9.99999e+99 -9.99999e+99 -9.99999e+99 -9.99999e+99 -9.99999e+99 -9.99999e+99 -9.99999e+99 -9.99999e+99 -9.99999e+99 -9.99999e+99 -9.99999e+99 -9.99999e+99 -9.99999e+99 -9.99999e+99 -9.99999e+99 -9.99999e+99 -9.99999e+99 -9.99999e+99 -9.99999e+99 -9.99999e+99
6.03450e+04 2.52978e+03 2.52771e+03 2.52572e+03 2.52373e+03 2.52178e+03 2.51983e+03 2.51791e+03 2.51602e+03 2.51410e+03 2.51220e+03 2.51033e+03 2.50847e+03 2.50657e+03 2.50463e+03 2.50270e+03 2.50079e+03 2.49891e+03 2.49703e+03 2.49515e+03 2.49326e+03 2.49136e+03 2.48945e+03 2.48754e+03 2.48563e+03 2.48373e+03 2.48182e+03 2.47990e+03 2.47799e+03 2.49996e+04 8.70115e+04 -9.99999e+99 -9.99999e+99 -9.99999e+99 -9.99999e+99 -9.99999e+99 -9.99999e+99 -9.99999e+99 -9.99999e+99 -9.99999e+99 -9.99999e+99 -9.99999e+99 -9.99999e+99 -9.99999e+99 -9.99999e+99 -9.99999e+99 -9.99999e+99 -9.99999e+99 -9.99999e+99 -9.99999e+99 -9.99999e+99 -9.99999e+99 -9.99999e+99 -9.99999e+99 -9.99999e+99 -9.99999e+99 -9.99999e+99 -9.99999e+99 -9.99999e+99 -9.99999e+99
6.16860e+04 2.52654e+03 2.52448e+03 2.52249e+03 2.52051e+03 2.51856e+03 2.51662e+03 2.51469e+03 2.51281e+03 2.51089e+03 2.50899e+03 2.50712e+03 2.50525e+03 2.50335e+03 2.50142e+03 2.49950e+03 2.49760e+03 2.49571e+03 2.49383e+03 2.49195e+03 2.49005e+03 2.48815e+03 2.48624e+03 2.48433e+03 2.48242e+03 2.48053e+03 2.47862e+03 2.47670e+03 2.47480e+03 2.52717e+04 9.22264e+04 -9.99999e+99 -9.99999e+99 -9.99999e+99 -9.99999e+99 -9.99999e+99 -9.99999e+99 -9.99999e+99 -9.99999e+99 -9.99999e+99 -9.99999e+99 -9.99999e+99 -9.99999e+99 -9.99999e+99 -9.99999e+99 -9.99999e+99 -9.99999e+99 -9.99999e+99 -9.99999e+99 -9.99999e+99 -9.99999e+99 -9.99999e+99 -9.99999e+99 -9.99999e+99 -9.99999e+99 -9.99999e+99 -9.99999e+99 -9.99999e+99 -9.99999e+99 -9.99999e+99
6.29884e+04 2.52343e+03 2.52138e+03 2.51941e+03 2.51742e+03 2.51548e+03 2.51354e+03 2.51162e+03 2.50974e+03 2.50782e+03 2.50592e+03 2.50404e+03 2.50216e+03 2.50027e+03 2.49835e+03 2.49644e+03 2.49454e+03 2.49265e+03 2.49077e+03 2.48888e+03 2.48698e+03 2.48508e+03 2.48317e+03 2.48126e+03 2.47935e+03 2.47746e+03 2.47555e+03 2.47363e+03 2.47173e+03 2.54686e+04 9.66193e+04 -9.99999e+99 -9.99999e+99 -9.99999e+99 -9.99999e+99 -9.99999e+99 -9.99999e+99 -9.99999e+99 -9.99999e+99 -9.99999e+99 -9.99999e+99 -9.99999e+99 -9.99999e+99 -9.99999e+99 -9.99999e+99 -9.99999e+99 -9.99999e+99 -9.99999e+99 -9.99999e+99 -9.99999e+99 -9.99999e+99 -9.99999e+99 -9.99999e+99 -9.99999e+99 -9.99999e+99 -9.99999e+99 -9.99999e+99 -9.99999e+99 -9.99999e+99 -9.99999e+99
6.42373e+04 2.52048e+03 2.51845e+03 2.51649e+03 2.51451e+03 2.51257e+03 2.51064e+03 2.50872e+03 2.50684e+03 2.50493e+03 2.50302e+03 2.50114e+03 2.49925e+03 2.49736e+03 2.49545e+03 2.49354e+03 2.49165e+03 2.48975e+03 2.48786e+03 2.48597e+03 2.48407e+03 2.48217e+03 2.48027e+03 2.47836e+03 2.47645e+03 2.47456e+03 2.47265e+03 2.47074e+03 2.46884e+03 2.56114e+04 9.92571e+04 -9.99999e+99 -9.99999e+99 -9.99999e+99 -9.99999e+99 -9.99999e+99 -9.99999e+99 -9.99999e+99 -9.99999e+99 -9.99999e+99 -9.99999e+99 -9.99999e+99 -9.99999e+99 -9.99999e+99 -9.99999e+99 -9.99999e+99 -9.99999e+99 -9.99999e+99 -9.99999e+99 -9.99999e+99 -9.99999e+99 -9.99999e+99 -9.99999e+99 -9.99999e+99 -9.99999e+99 -9.99999e+99 -9.99999e+99 -9.99999e+99 -9.99999e+99 -9.99999e+99
6.54120e+04 2.51776e+03 2.51574e+03 2.51379e+03 2.51182e+03 2.50988e+03 2.50795e+03 2.50604e+03 2.50416e+03 2.50224e+03 2.50034e+03 2.49845e+03 2.49656e+03 2.49466e+03 2.49276e+03 2.49086e+03 2.48896e+03 2.48707e+03 2.48517e+03 2.48328e+03 2.48138e+03 2.47948e+03 2.47757e+03 2.47567e+03 2.47376e+03 2.47187e+03 2.46997e+03 2.46805e+03 2.46616e+03 2.57129e+04 1.01738e+05 -9.99999e+99 -9.99999e+99 -9.99999e+99 -9.99999e+99 -9.99999e+99 -9.99999e+99 -9.99999e+99 -9.99999e+99 -9.99999e+99 -9.99999e+99 -9.99999e+99 -9.99999e+99 -9.99999e+99 -9.99999e+99 -9.99999e+99 -9.99999e+99 -9.99999e+99 -9.99999e+99 -9.99999e+99 -9.99999e+99 -9.99999e+99 -9.99999e+99 -9.99999e+99 -9.99999e+99 -9.99999e+99 -9.99999e+99 -9.99999e+99 -9.99999e+99 -9.99999e+99
6.64883e+04 2.51529e+03 2.51329e+03 2.51135e+03 2.50939e+03 2.50746e+03 2.50553e+03 2.50361e+03 2.50173e+03 2.49982e+03 2.49791e+03 2.49601e+03 2.49412e+03 2.49223e+03 2.49033e+03 2.48843e+03 2.48653e+03 2.48464e+03 2.48274e+03 2.48084e+03 2.47895e+03 2.47705e+03 2.47514e+03 2.47324e+03 2.47133e+03 2.46944e+03 2.46754e+03 2.46563e+03 2.46373e+03 2.57876e+04 1.03743e+05 -9.99999e+99 -9.99999e+99 -9.99999e+99 -9.99999e+99 -9.99999e+99 -9.99999e+99 -9.99999e+99 -9.99999e+99 -9.99999e+99 -9.99999e+99 -9.99999e+99 -9.99999e+99 -9.99999e+99 -9.99999e+99 -9.99999e+99 -9.99999e+99 -9.99999e+99 -9.99999e+99 -9.99999e+99 -9.99999e+99 -9.99999e+99 -9.99999e+99 -9.99999e+99 -9.99999e+99 -9.99999e+99 -9.99999e+99 -9.99999e+99 -9.99999e+99 -9.99999e+99
6.74553e+04 2.51311e+03 2.51112e+03 2.50918e+03 2.50722e+03 2.50529e+03 2.50336e+03 2.50145e+03 2.49957e+03 2.49766e+03 2.49574e+03 2.49385e+03 2.49195e+03 2.49006e+03 2.48816e+03 2.48626e+03 2.48436e+03 2.48247e+03 2.48057e+03 2.47868e+03 2.47678e+03 2.47488e+03 2.47297e+03 2.47107e+03 2.46917e+03 2.46728e+03 2.46538e+03 2.46347e+03 2.46157e+03 2.58476e+04 1.04806e+05 -9.99999e+99 -9.99999e+99 -9.99999e+99 -9.99999e+99 -9.99999e+99 -9.99999e+99 -9.99999e+99 -9.99999e+99 -9.99999e+99 -9.99999e+99 -9.99999e+99 -9.99999e+99 -9.99999e+99 -9.99999e+99 -9.99999e+99 -9.99999e+99 -9.99999e+99 -9.99999e+99 -9.99999e+99 -9.99999e+99 -9.99999e+99 -9.99999e+99 -9.99999e+99 -9.99999e+99 -9.99999e+99 -9.99999e+99 -9.99999e+99 -9.99999e+99 -9.99999e+99
6.82887e+04 2.51124e+03 2.50926e+03 2.50733e+03 2.50538e+03 2.50345e+03 2.50152e+03 2.49960e+03 2.49773e+03 2.49581e+03 2.49390e+03 2.49200e+03 2.49011e+03 2.48821e+03 2.48632e+03 2.48441e+03 2.48252e+03 2.48062e+03 2.47873e+03 2.47683e+03 2.47493e+03 2.47303e+03 2.47113e+03 2.46923e+03 2.46732e+03 2.46544e+03 2.46353e+03 2.46162e+03 2.45973e+03 2.58914e+04 1.05677e+05 -9.99999e+99 -9.99999e+99 -9.99999e+99 -9.99999e+99 -9.99999e+99 -9.99999e+99 -9.99999e+99 -9.99999e+99 -9.99999e+99 -9.99999e+99 -9.99999e+99 -9.99999e+99 -9.99999e+99 -9.99999e+99 -9.99999e+99 -9.99999e+99 -9.99999e+99 -9.99999e+99 -9.99999e+99 -9.99999e+99 -9.99999e+99 -9.99999e+99 -9.99999e+99 -9.99999e+99 -9.99999e+99 -9.99999e+99 -9.99999e+99 -9.99999e+99 -9.99999e+99
6.89946e+04 2.50967e+03 2.50769e+03 2.50577e+03 2.50381e+03 2.50188e+03 2.49996e+03 2.49804e+03 2.49617e+03 2.49425e+03 2.49234e+03 2.49044e+03 2.48855e+03 2.48665e+03 2.48476e+03 2.48285e+03 2.48096e+03 2.47906e+03 2.47717e+03 2.47527e+03 2.47337e+03 2.47147e+03 2.46957e+03 2.46767e+03 2.46577e+03 2.46388e+03 2.46198e+03 2.46007e+03 2.45817e+03 2.59307e+04 1.06229e+05 -9.99999e+99 -9.99999e+99 -9.99999e+99 -9.99999e+99 -9.99999e+99 -9.99999e+99 -9.99999e+99 -9.99999e+99 -9.99999e+99 -9.99999e+99 -9.99999e+99 -9.99999e+99 -9.99999e+99 -9.99999e+99 -9.99999e+99 -9.99999e+99 -9.99999e+99 -9.99999e+99 -9.99999e+99 -9.99999e+99 -9.99999e+99 -9.99999e+99 -9.99999e+99 -9.99999e+99 -9.99999e+99 -9.99999e+99 -9.99999e+99 -9.99999e+99 -9.99999e+99
6.95598e+04 2.50837e+03 2.50640e+03 2.50448e+03 2.50253e+03 2.50060e+03 2.49867e+03 2.49676e+03 2.49488e+03 2.49297e+03 2.49106e+03 2.48916e+03 2.48726e+03 2.48537e+03 2.48347e+03 2.48157e+03 2.47967e+03 2.47778e+03 2.47588e+03 2.47398e+03 2.47208e+03 2.47019e+03 2.46829e+03 2.46638e+03 2.46448e+03 2.46260e+03 2.46069e+03 2.45878e+03 2.45689e+03 2.59833e+04 1.06720e+05 -9.99999e+99 -9.99999e+99 -9.99999e+99 -9.99999e+99 -9.99999e+99 -9.99999e+99 -9.99999e+99 -9.99999e+99 -9.99999e+99 -9.99999e+99 -9.99999e+99 -9.99999e+99 -9.99999e+99 -9.99999e+99 -9.99999e+99 -9.99999e+99 -9.99999e+99 -9.99999e+99 -9.99999e+99 -9.99999e+99 -9.99999e+99 -9.99999e+99 -9.99999e+99 -9.99999e+99 -9.99999e+99 -9.99999e+99 -9.99999e+99 -9.99999e+99 -9.99999e+99
6.97867e+04 2.50781e+03 2.50584e+03 2.50392e+03 2.50197e+03 2.50004e+03 2.49811e+03 2.49620e+03 2.49433e+03 2.49241e+03 2.49050e+03 2.48860e+03 2.48671e+03 2.48481e+03 2.48291e+03 2.48101e+03 2.47912e+03 2.47722e+03 2.47532e+03 2.47343e+03 2.47153e+03 2.46963e+03 2.46773e+03 2.46583e+03 2.46393e+03 2.46204e+03 2.46014e+03 2.45823e+03 2.45633e+03 2.60263e+04 1.07028e+05 -9.99999e+99 -9.99999e+99 -9.99999e+99 -9.99999e+99 -9.99999e+99 -9.99999e+99 -9.99999e+99 -9.99999e+99 -9.99999e+99 -9.99999e+99 -9.99999e+99 -9.99999e+99 -9.99999e+99 -9.99999e+99 -9.99999e+99 -9.99999e+99 -9.99999e+99 -9.99999e+99 -9.99999e+99 -9.99999e+99 -9.99999e+99 -9.99999e+99 -9.99999e+99 -9.99999e+99 -9.99999e+99 -9.99999e+99 -9.99999e+99 -9.99999e+99 -9.99999e+99
6.99003e+04 2.50746e+03 2.50550e+03 2.50357e+03 2.50162e+03 2.49969e+03 2.49777e+03 2.49586e+03 2.49398e+03 2.49207e+03 2.49016e+03 2.48826e+03 2.48636e+03 2.48447e+03 2.48257e+03 2.48067e+03 2.47877e+03 2.47688e+03 2.47498e+03 2.47308e+03 2.47119e+03 2.46929e+03 2.46739e+03 2.46548e+03 2.46358e+03 2.46170e+03 2.45979e+03 2.45789e+03 2.45599e+03 2.60813e+04 1.07321e+05 -9.99999e+99 -9.99999e+99 -9.99999e+99 -9.99999e+99 -9.99999e+99 -9.99999e+99 -9.99999e+99 -9.99999e+99 -9.99999e+99 -9.99999e+99 -9.99999e+99 -9.99999e+99 -9.99999e+99 -9.99999e+99 -9.99999e+99 -9.99999e+99 -9.99999e+99 -9.99999e+99 -9.99999e+99 -9.99999e+99 -9.99999e+99 -9.99999e+99 -9.99999e+99 -9.99999e+99 -9.99999e+99 -9.99999e+99 -9.99999e+99 -9.99999e+99 -9.99999e+99
6.99573e+04 2.50721e+03 2.50524e+03 2.50332e+03 2.50137e+03 2.49944e+03 2.49752e+03 2.49560e+03 2.49373e+03 2.49182e+03 2.48991e+03 2.48801e+03 2.48611e+03 2.48422e+03 2.48232e+03 2.48042e+03 2.47852e+03 2.47663e+03 2.47473e+03 2.47283e+03 2.47093e+03 2.46904e+03 2.46714e+03 2.46523e+03 2.46333e+03 2.46145e+03 2.45954e+03 2.45764e+03 2.45574e+03 2.61495e+04 1.07673e+05 -9.99999e+99 -9.99999e+99 -9.99999e+99 -9.99999e+99 -9.99999e+99 -9.99999e+99 -9.99999e+99 -9.99999e+99 -9.99999e+99 -9.99999e+99 -9.99999e+99 -9.99999e+99 -9.99999e+99 -9.99999e+99 -9.99999e+99 -9.99999e+99 -9.99999e+99 -9.99999e+99 -9.99999e+99 -9.99999e+99 -9.99999e+99 -9.99999e+99 -9.99999e+99 -9.99999e+99 -9.99999e+99 -9.99999e+99 -9.99999e+99 -9.99999e+99 -9.99999e+99
6.99857e+04 2.50702e+03 2.50505e+03 2.50313e+03 2.50118e+03 2.49925e+03 2.49733e+03 2.49542e+03 2.49355e+03 2.49163e+03 2.48972e+03 2.48782e+03 2.48592e+03 2.48403e+03 2.48213e+03 2.48023e+03 2.47834e+03 2.47644e+03 2.47454e+03 2.47265e+03 2.47075e+03 2.46885e+03 2.46695e+03 2.46505e+03 2.46315e+03 2.46126e+03 2.45936e+03 2.45745e+03 2.45555e+03 2.62149e+04 1.07849e+05 -9.99999e+99 -9.99999e+99 -9.99999e+99 -9.99999e+99 -9.99999e+99 -9.99999e+99 -9.99999e+99 -9.99999e+99 -9.99999e+99 -9.99999e+99 -9.99999e+99 -9.99999e+99 -9.99999e+99 -9.99999e+99 -9.99999e+99 -9.99999e+99 -9.99999e+99 -9.99999e+99 -9.99999e+99 -9.99999e+99 -9.99999e+99 -9.99999e+99 -9.99999e+99 -9.99999e+99 -9.99999e+99 -9.99999e+99 -9.99999e+99 -9.99999e+99 -9.99999e+99
6.99993e+04 2.50684e+03 2.50487e+03 2.50295e+03 2.50100e+03 2.49908e+03 2.49715e+03 2.49524e+03 2.49337e+03 2.49146e+03 2.48954e+03 2.48765e+03 2.48575e+03 2.48386e+03 2.48196e+03 2.48006e+03 2.47816e+03 2.47627e+03 2.47437e+03 2.47247e+03 2.47057e+03 2.46868e+03 2.46678e+03 2.46487e+03 2.46297e+03 2.46109e+03 2.45918e+03 2.45728e+03 2.45538e+03 2.62890e+04 1.08086e+05 -9.99999e+99 -9.99999e+99 -9.99999e+99 -9.99999e+99 -9.99999e+99 -9.99999e+99 -9.99999e+99 -9.99999e+99 -9.99999e+99 -9.99999e+99 -9.99999e+99 -9.99999e+99 -9.99999e+99 -9.99999e+99 -9.99999e+99 -9.99999e+99 -9.99999e+99 -9.99999e+99 -9.99999e+99 -9.99999e+99 -9.99999e+99 -9.99999e+99 -9.99999e+99 -9.99999e+99 -9.99999e+99 -9.99999e+99 -9.99999e+99 -9.99999e+99 -9.99999e+99
7.00000e+04 2.50681e+03 2.50485e+03 2.50293e+03 2.50098e+03 2.49905e+03 2.49713e+03 2.49521e+03 2.49334e+03 2.49143e+03 2.48952e+03 2.48762e+03 2.48572e+03 2.48383e+03 2.48193e+03 2.48003e+03 2.47814e+03 2.47624e+03 2.47434e+03 2.47245e+03 2.47055e+03 2.46865e+03 2.46675e+03 2.46485e+03 2.46295e+03 2.46106e+03 2.45916e+03 2.45725e+03 2.45536e+03 2.63038e+04 1.08110e+05 -9.99999e+99 -9.99999e+99 -9.99999e+99 -9.99999e+99 -9.99999e+99 -9.99999e+99 -9.99999e+99 -9.99999e+99 -9.99999e+99 -9.99999e+99 -9.99999e+99 -9.99999e+99 -9.99999e+99 -9.99999e+99 -9.99999e+99 -9.99999e+99 -9.99999e+99 -9.99999e+99 -9.99999e+99 -9.99999e+99 -9.99999e+99 -9.99999e+99 -9.99999e+99 -9.99999e+99 -9.99999e+99 -9.99999e+99 -9.99999e+99 -9.99999e+99 -9.99999e+99
