#NTIMES: 50
#NVEL 78
#TIMES[d]: 199.16 202.03 204.93 207.87 210.86 213.89 216.97 220.09 223.25 226.46 229.71 233.01 236.36 239.76 243.21 246.70 250.25 253.85 257.50 261.20 264.95 268.76 272.62 276.54 280.51 284.55 288.64 292.79 296.99 301.26 305.59 309.99 314.44 318.96 323.55 328.19 332.91 337.70 342.55 347.48 352.47 357.54 362.68 367.89 373.18 378.54 383.98 389.50 395.10 400.78
#vel_mid[km/s] Tgas_t0[K] Tgas_t1[K] ... Tgas_tn[K]
440.10 4.42e+03 4.38e+03 4.35e+03 4.33e+03 4.29e+03 4.26e+03 4.21e+03 4.17e+03 4.13e+03 4.09e+03 4.04e+03 4.00e+03 3.95e+03 3.91e+03 3.86e+03 3.82e+03 3.77e+03 6.76e+03 4.48e+03 4.22e+03 4.02e+03 3.82e+03 3.71e+03 3.58e+03 5.39e+03 4.27e+03 3.97e+03 3.75e+03 3.58e+03 5.92e+03 3.94e+03 3.67e+03 3.39e+03 4.94e+03 3.71e+03 3.45e+03 3.86e+03 3.40e+03 3.87e+03 3.50e+03 3.11e+03 3.08e+03 3.01e+03 2.92e+03 2.75e+03 2.64e+03 2.62e+03 2.48e+03 2.29e+03 2.05e+03
886.22 4.38e+03 4.35e+03 4.33e+03 4.29e+03 4.24e+03 4.22e+03 4.18e+03 4.14e+03 4.11e+03 4.05e+03 3.99e+03 3.96e+03 3.93e+03 3.88e+03 3.83e+03 7.45e+03 4.66e+03 4.25e+03 4.06e+03 3.89e+03 7.62e+03 4.37e+03 4.02e+03 3.90e+03 3.69e+03 7.79e+03 4.16e+03 3.78e+03 3.66e+03 3.48e+03 4.88e+03 3.91e+03 3.39e+03 3.38e+03 3.26e+03 3.05e+03 4.48e+03 3.44e+03 3.05e+03 2.45e+03 2.41e+03 2.33e+03 2.82e+03 2.29e+03 2.28e+03 1.84e+03 1.66e+03 1.71e+03 1.54e+03 1.45e+03
906.14 4.40e+03 4.37e+03 4.33e+03 4.28e+03 4.25e+03 4.20e+03 4.17e+03 4.13e+03 4.10e+03 4.07e+03 4.05e+03 4.02e+03 3.97e+03 3.92e+03 3.87e+03 3.82e+03 3.77e+03 8.24e+03 4.49e+03 4.23e+03 3.96e+03 3.86e+03 3.77e+03 3.63e+03 6.29e+03 4.15e+03 3.88e+03 3.44e+03 4.28e+03 3.65e+03 3.39e+03 3.71e+03 3.39e+03 2.90e+03 2.83e+03 2.88e+03 3.01e+03 3.06e+03 2.97e+03 3.03e+03 2.93e+03 2.95e+03 2.66e+03 2.52e+03 2.53e+03 4.54e+03 2.49e+03 2.30e+03 2.03e+03 2.04e+03
944.43 4.39e+03 4.36e+03 4.33e+03 4.30e+03 4.26e+03 4.24e+03 4.20e+03 4.17e+03 4.13e+03 4.10e+03 4.05e+03 4.01e+03 3.96e+03 3.92e+03 3.86e+03 3.81e+03 3.77e+03 6.72e+03 4.65e+03 4.23e+03 4.03e+03 3.83e+03 3.74e+03 7.15e+03 4.28e+03 3.88e+03 3.70e+03 3.51e+03 6.72e+03 3.94e+03 3.57e+03 3.38e+03 3.18e+03 3.94e+03 3.38e+03 3.19e+03 3.01e+03 2.94e+03 2.85e+03 2.91e+03 2.90e+03 2.93e+03 3.12e+03 2.99e+03 2.16e+03 2.14e+03 2.12e+03 1.66e+03 2.33e+03 1.90e+03
999.11 4.42e+03 4.37e+03 4.34e+03 4.31e+03 4.27e+03 4.23e+03 4.19e+03 4.16e+03 4.11e+03 4.08e+03 4.04e+03 3.99e+03 3.96e+03 3.91e+03 3.87e+03 3.83e+03 7.76e+03 4.64e+03 4.33e+03 4.12e+03 3.90e+03 3.79e+03 3.65e+03 5.83e+03 4.22e+03 3.93e+03 3.67e+03 3.52e+03 4.93e+03 4.01e+03 3.74e+03 3.44e+03 3.28e+03 3.82e+03 3.54e+03 3.33e+03 3.10e+03 3.24e+03 3.35e+03 3.51e+03 4.06e+03 3.29e+03 3.40e+03 3.33e+03 3.02e+03 2.51e+03 2.39e+03 2.32e+03 1.95e+03 1.90e+03
1060.83 4.42e+03 4.39e+03 4.35e+03 4.32e+03 4.28e+03 4.25e+03 4.20e+03 4.16e+03 4.12e+03 4.08e+03 4.04e+03 4.01e+03 3.97e+03 3.92e+03 3.87e+03 3.83e+03 3.79e+03 7.86e+03 4.62e+03 4.31e+03 4.01e+03 3.86e+03 3.74e+03 3.62e+03 6.68e+03 4.25e+03 3.96e+03 3.74e+03 3.57e+03 4.61e+03 4.16e+03 3.73e+03 3.42e+03 3.43e+03 4.97e+03 3.49e+03 3.26e+03 3.24e+03 3.50e+03 3.23e+03 3.13e+03 2.96e+03 4.09e+03 3.13e+03 2.98e+03 2.79e+03 2.48e+03 2.47e+03 2.47e+03 1.63e+03
1125.62 4.43e+03 4.40e+03 4.37e+03 4.33e+03 4.29e+03 4.26e+03 4.21e+03 4.17e+03 4.14e+03 4.10e+03 4.06e+03 4.02e+03 3.97e+03 3.93e+03 3.89e+03 3.84e+03 3.80e+03 3.75e+03 8.00e+03 4.60e+03 4.29e+03 4.14e+03 3.88e+03 3.74e+03 3.59e+03 6.10e+03 4.12e+03 3.85e+03 3.58e+03 5.22e+03 3.91e+03 3.65e+03 3.45e+03 3.86e+03 3.58e+03 3.35e+03 4.24e+03 3.49e+03 3.14e+03 3.16e+03 2.97e+03 2.84e+03 2.95e+03 2.70e+03 2.76e+03 2.51e+03 2.72e+03 2.53e+03 2.32e+03 2.24e+03
1194.38 4.43e+03 4.40e+03 4.35e+03 4.32e+03 4.28e+03 4.24e+03 4.19e+03 4.16e+03 4.12e+03 4.08e+03 4.04e+03 4.00e+03 3.96e+03 3.92e+03 3.88e+03 3.84e+03 3.79e+03 3.74e+03 6.33e+03 4.55e+03 4.26e+03 4.04e+03 3.83e+03 3.71e+03 3.58e+03 5.53e+03 4.15e+03 3.87e+03 3.60e+03 5.28e+03 3.93e+03 3.65e+03 3.45e+03 3.51e+03 3.24e+03 3.05e+03 3.11e+03 4.27e+03 3.48e+03 3.77e+03 3.41e+03 3.40e+03 3.36e+03 3.47e+03 2.20e+03 2.21e+03 2.25e+03 2.13e+03 2.04e+03 1.87e+03
1267.34 4.44e+03 4.41e+03 4.37e+03 4.33e+03 4.29e+03 4.25e+03 4.21e+03 4.18e+03 4.14e+03 4.11e+03 4.06e+03 4.02e+03 3.97e+03 3.93e+03 3.88e+03 3.84e+03 7.90e+03 4.67e+03 4.26e+03 4.08e+03 3.92e+03 3.77e+03 3.67e+03 5.69e+03 4.25e+03 3.89e+03 3.71e+03 3.57e+03 4.76e+03 4.09e+03 3.80e+03 3.50e+03 4.00e+03 3.48e+03 3.35e+03 3.47e+03 3.82e+03 3.49e+03 3.24e+03 3.06e+03 3.14e+03 2.82e+03 2.78e+03 2.75e+03 2.59e+03 2.49e+03 2.51e+03 2.47e+03 2.28e+03 2.05e+03
1344.75 4.42e+03 4.39e+03 4.36e+03 4.33e+03 4.29e+03 4.25e+03 4.21e+03 4.17e+03 4.13e+03 4.09e+03 4.05e+03 4.01e+03 3.97e+03 3.93e+03 3.89e+03 3.84e+03 7.88e+03 4.65e+03 4.35e+03 4.13e+03 3.97e+03 3.84e+03 3.70e+03 6.84e+03 4.27e+03 3.98e+03 3.78e+03 3.56e+03 5.95e+03 4.01e+03 3.75e+03 3.47e+03 3.97e+03 3.68e+03 3.45e+03 3.96e+03 3.62e+03 3.26e+03 3.41e+03 3.42e+03 2.97e+03 2.90e+03 2.82e+03 2.88e+03 2.97e+03 3.20e+03 3.06e+03 2.81e+03 2.59e+03 2.31e+03
1426.89 4.40e+03 4.36e+03 4.32e+03 4.29e+03 4.25e+03 4.21e+03 4.18e+03 4.14e+03 4.10e+03 4.06e+03 4.02e+03 3.97e+03 3.93e+03 3.89e+03 3.84e+03 3.80e+03 7.42e+03 4.60e+03 4.21e+03 4.08e+03 3.93e+03 3.80e+03 3.69e+03 6.51e+03 4.29e+03 4.01e+03 3.74e+03 3.59e+03 4.62e+03 4.03e+03 3.77e+03 3.56e+03 4.45e+03 3.69e+03 3.36e+03 3.44e+03 3.88e+03 3.55e+03 3.20e+03 3.14e+03 3.14e+03 3.01e+03 2.89e+03 2.88e+03 3.00e+03 2.94e+03 2.82e+03 2.65e+03 2.59e+03 2.24e+03
1514.05 4.35e+03 4.32e+03 4.29e+03 4.26e+03 4.22e+03 4.19e+03 4.15e+03 4.11e+03 4.08e+03 4.04e+03 4.00e+03 3.95e+03 3.91e+03 3.87e+03 3.82e+03 7.67e+03 4.68e+03 4.38e+03 4.16e+03 3.95e+03 3.86e+03 3.75e+03 3.65e+03 6.86e+03 4.33e+03 4.04e+03 3.82e+03 3.65e+03 5.66e+03 4.09e+03 3.80e+03 3.57e+03 3.39e+03 5.09e+03 3.78e+03 3.51e+03 3.30e+03 4.05e+03 3.51e+03 3.26e+03 3.28e+03 3.38e+03 3.38e+03 3.25e+03 3.01e+03 2.87e+03 2.59e+03 2.64e+03 2.59e+03 2.32e+03
1606.54 4.35e+03 4.32e+03 4.28e+03 4.25e+03 4.21e+03 4.18e+03 4.14e+03 4.11e+03 4.07e+03 4.03e+03 3.99e+03 3.94e+03 3.90e+03 3.86e+03 3.82e+03 7.90e+03 4.71e+03 4.40e+03 4.17e+03 4.00e+03 3.82e+03 3.72e+03 6.99e+03 4.39e+03 4.09e+03 3.80e+03 3.64e+03 3.47e+03 5.54e+03 4.08e+03 3.79e+03 3.50e+03 3.34e+03 3.57e+03 3.37e+03 4.15e+03 3.75e+03 3.46e+03 3.98e+03 3.46e+03 3.60e+03 3.17e+03 3.13e+03 2.95e+03 2.89e+03 2.65e+03 2.67e+03 2.59e+03 2.54e+03 2.35e+03
1704.67 4.34e+03 4.31e+03 4.27e+03 4.24e+03 4.20e+03 4.16e+03 4.13e+03 4.09e+03 4.05e+03 4.01e+03 3.97e+03 3.93e+03 3.89e+03 3.85e+03 8.36e+03 4.62e+03 4.35e+03 4.14e+03 3.99e+03 3.86e+03 3.73e+03 6.54e+03 4.36e+03 4.09e+03 3.88e+03 3.72e+03 3.54e+03 5.68e+03 4.15e+03 3.86e+03 3.56e+03 4.37e+03 3.96e+03 3.56e+03 3.36e+03 3.66e+03 3.31e+03 3.54e+03 3.20e+03 3.29e+03 3.32e+03 3.25e+03 3.19e+03 3.03e+03 2.85e+03 2.74e+03 2.58e+03 2.53e+03 2.48e+03 2.31e+03
1808.80 4.34e+03 4.31e+03 4.27e+03 4.23e+03 4.19e+03 4.16e+03 4.12e+03 4.08e+03 4.04e+03 4.00e+03 3.96e+03 3.92e+03 3.88e+03 3.84e+03 7.99e+03 4.76e+03 4.44e+03 4.21e+03 4.03e+03 3.89e+03 3.75e+03 3.66e+03 6.55e+03 4.32e+03 4.04e+03 3.83e+03 3.61e+03 5.54e+03 4.10e+03 3.82e+03 3.60e+03 3.43e+03 5.05e+03 3.81e+03 3.45e+03 4.22e+03 3.65e+03 3.29e+03 3.18e+03 3.20e+03 3.42e+03 3.64e+03 3.17e+03 3.11e+03 3.01e+03 2.94e+03 2.92e+03 2.67e+03 2.58e+03 2.38e+03
1919.29 4.33e+03 4.29e+03 4.25e+03 4.22e+03 4.18e+03 4.14e+03 4.11e+03 4.07e+03 4.04e+03 4.00e+03 3.96e+03 3.92e+03 3.88e+03 3.83e+03 8.42e+03 4.65e+03 4.36e+03 4.16e+03 3.99e+03 3.83e+03 3.73e+03 6.86e+03 4.39e+03 4.10e+03 3.88e+03 3.71e+03 3.57e+03 6.16e+03 4.08e+03 3.81e+03 3.59e+03 5.15e+03 3.87e+03 3.60e+03 3.39e+03 4.63e+03 3.71e+03 3.43e+03 3.66e+03 3.36e+03 3.64e+03 3.31e+03 3.21e+03 3.22e+03 3.22e+03 3.20e+03 3.12e+03 2.81e+03 2.52e+03 2.44e+03
2036.53 4.33e+03 4.30e+03 4.26e+03 4.23e+03 4.19e+03 4.15e+03 4.11e+03 4.07e+03 4.04e+03 4.00e+03 3.96e+03 3.92e+03 3.88e+03 3.84e+03 8.11e+03 4.78e+03 4.45e+03 4.22e+03 4.04e+03 3.86e+03 3.75e+03 7.51e+03 4.33e+03 4.06e+03 3.78e+03 3.64e+03 6.36e+03 4.14e+03 3.86e+03 3.57e+03 5.50e+03 3.99e+03 3.69e+03 3.47e+03 4.58e+03 3.70e+03 3.43e+03 3.92e+03 3.43e+03 3.90e+03 3.38e+03 3.47e+03 3.06e+03 3.14e+03 3.08e+03 3.16e+03 3.07e+03 2.97e+03 2.92e+03 2.94e+03
2160.92 4.37e+03 4.33e+03 4.30e+03 4.26e+03 4.22e+03 4.19e+03 4.15e+03 4.11e+03 4.08e+03 4.04e+03 4.00e+03 3.96e+03 3.92e+03 3.88e+03 3.83e+03 8.32e+03 4.61e+03 4.33e+03 4.13e+03 3.93e+03 3.81e+03 3.68e+03 7.48e+03 4.29e+03 4.02e+03 3.81e+03 3.61e+03 6.54e+03 4.16e+03 3.86e+03 3.56e+03 5.71e+03 3.86e+03 3.59e+03 3.39e+03 5.94e+03 3.61e+03 3.36e+03 4.28e+03 3.47e+03 3.86e+03 3.33e+03 3.58e+03 3.24e+03 3.75e+03 3.05e+03 3.11e+03 3.22e+03 3.18e+03 3.10e+03
2292.92 4.46e+03 4.42e+03 4.38e+03 4.34e+03 4.31e+03 4.27e+03 4.23e+03 4.19e+03 4.16e+03 4.12e+03 4.08e+03 4.04e+03 4.00e+03 3.96e+03 3.92e+03 3.88e+03 3.83e+03 8.38e+03 4.56e+03 4.29e+03 4.09e+03 3.89e+03 3.77e+03 7.61e+03 4.28e+03 4.01e+03 3.81e+03 3.65e+03 7.32e+03 4.08e+03 3.80e+03 3.53e+03 6.94e+03 3.87e+03 3.60e+03 5.89e+03 3.63e+03 3.38e+03 4.41e+03 3.55e+03 3.28e+03 4.43e+03 3.33e+03 4.11e+03 3.15e+03 3.51e+03 2.92e+03 3.29e+03 3.41e+03 3.62e+03
2432.98 4.58e+03 4.55e+03 4.51e+03 4.47e+03 4.44e+03 4.40e+03 4.37e+03 4.32e+03 4.28e+03 4.25e+03 4.21e+03 4.18e+03 4.14e+03 4.10e+03 4.06e+03 4.02e+03 3.98e+03 3.94e+03 3.89e+03 3.85e+03 8.62e+03 4.52e+03 4.25e+03 4.05e+03 3.86e+03 3.75e+03 7.57e+03 4.23e+03 3.96e+03 3.77e+03 3.57e+03 6.90e+03 3.98e+03 3.72e+03 3.53e+03 6.90e+03 3.82e+03 3.55e+03 6.41e+03 3.63e+03 3.36e+03 5.45e+03 3.38e+03 4.94e+03 3.34e+03 4.76e+03 3.08e+03 4.13e+03 2.96e+03 3.66e+03
2581.60 4.74e+03 4.70e+03 4.67e+03 4.63e+03 4.60e+03 4.57e+03 4.53e+03 4.49e+03 4.46e+03 4.43e+03 4.40e+03 4.36e+03 4.32e+03 4.29e+03 4.25e+03 4.21e+03 4.17e+03 4.13e+03 4.09e+03 4.05e+03 4.01e+03 3.97e+03 3.93e+03 3.88e+03 3.84e+03 3.79e+03 8.07e+03 4.36e+03 4.10e+03 3.92e+03 3.77e+03 3.64e+03 7.87e+03 4.12e+03 3.85e+03 3.65e+03 7.03e+03 3.89e+03 3.63e+03 6.42e+03 3.72e+03 3.47e+03 6.18e+03 3.56e+03 5.33e+03 3.49e+03 4.86e+03 3.31e+03 4.86e+03 3.10e+03
2739.29 4.91e+03 4.88e+03 4.85e+03 4.82e+03 4.78e+03 4.76e+03 4.73e+03 4.69e+03 4.67e+03 4.64e+03 4.60e+03 4.57e+03 4.53e+03 4.50e+03 4.46e+03 4.44e+03 4.40e+03 4.36e+03 4.33e+03 4.29e+03 4.25e+03 4.22e+03 4.17e+03 4.13e+03 4.09e+03 4.05e+03 4.01e+03 3.97e+03 3.92e+03 3.87e+03 3.82e+03 3.78e+03 3.73e+03 7.32e+03 4.32e+03 4.04e+03 3.84e+03 3.65e+03 7.32e+03 3.99e+03 3.73e+03 3.50e+03 6.71e+03 3.78e+03 3.53e+03 6.13e+03 3.58e+03 5.43e+03 3.53e+03 5.85e+03
2906.62 5.11e+03 5.08e+03 5.06e+03 5.03e+03 5.00e+03 4.97e+03 4.95e+03 4.92e+03 4.89e+03 4.86e+03 4.83e+03 4.80e+03 4.77e+03 4.75e+03 4.72e+03 4.68e+03 4.66e+03 4.63e+03 4.59e+03 4.56e+03 4.52e+03 4.49e+03 4.47e+03 4.43e+03 4.40e+03 4.35e+03 4.31e+03 4.27e+03 4.24e+03 4.19e+03 4.15e+03 4.12e+03 4.07e+03 4.02e+03 3.97e+03 3.92e+03 3.87e+03 3.82e+03 3.77e+03 3.71e+03 6.98e+03 4.21e+03 3.94e+03 3.75e+03 3.58e+03 6.80e+03 3.99e+03 3.70e+03 3.50e+03 5.95e+03
3084.17 5.36e+03 5.34e+03 5.32e+03 5.30e+03 5.27e+03 5.24e+03 5.22e+03 5.19e+03 5.16e+03 5.14e+03 5.11e+03 5.09e+03 5.06e+03 5.03e+03 5.01e+03 4.98e+03 4.95e+03 4.92e+03 4.89e+03 4.87e+03 4.84e+03 4.81e+03 4.78e+03 4.75e+03 4.72e+03 4.69e+03 4.65e+03 4.62e+03 4.58e+03 4.55e+03 4.51e+03 4.47e+03 4.43e+03 4.40e+03 4.36e+03 4.32e+03 4.28e+03 4.24e+03 4.18e+03 4.15e+03 4.09e+03 4.04e+03 3.99e+03 3.93e+03 3.88e+03 3.83e+03 3.76e+03 3.70e+03 3.63e+03 6.05e+03
3272.56 5.64e+03 5.62e+03 5.60e+03 5.58e+03 5.55e+03 5.53e+03 5.50e+03 5.48e+03 5.45e+03 5.42e+03 5.40e+03 5.37e+03 5.34e+03 5.32e+03 5.30e+03 5.28e+03 5.25e+03 5.22e+03 5.20e+03 5.17e+03 5.14e+03 5.12e+03 5.09e+03 5.06e+03 5.03e+03 5.00e+03 4.97e+03 4.94e+03 4.92e+03 4.89e+03 4.85e+03 4.82e+03 4.79e+03 4.75e+03 4.71e+03 4.67e+03 4.64e+03 4.60e+03 4.56e+03 4.51e+03 4.47e+03 4.43e+03 4.39e+03 4.34e+03 4.30e+03 4.25e+03 4.20e+03 4.14e+03 4.09e+03 4.04e+03
3472.46 5.90e+03 5.87e+03 5.85e+03 5.83e+03 5.81e+03 5.78e+03 5.76e+03 5.73e+03 5.71e+03 5.68e+03 5.66e+03 5.64e+03 5.61e+03 5.58e+03 5.56e+03 5.53e+03 5.51e+03 5.48e+03 5.45e+03 5.43e+03 5.40e+03 5.38e+03 5.35e+03 5.32e+03 5.29e+03 5.26e+03 5.24e+03 5.21e+03 5.18e+03 5.15e+03 5.12e+03 5.09e+03 5.06e+03 5.02e+03 4.99e+03 4.95e+03 4.91e+03 4.87e+03 4.84e+03 4.80e+03 4.76e+03 4.73e+03 4.68e+03 4.63e+03 4.58e+03 4.53e+03 4.49e+03 4.44e+03 4.39e+03 4.33e+03
3684.57 6.15e+03 6.12e+03 6.09e+03 6.06e+03 6.04e+03 6.01e+03 5.98e+03 5.96e+03 5.93e+03 5.91e+03 5.88e+03 5.85e+03 5.83e+03 5.80e+03 5.77e+03 5.75e+03 5.72e+03 5.69e+03 5.67e+03 5.64e+03 5.61e+03 5.58e+03 5.55e+03 5.53e+03 5.50e+03 5.47e+03 5.44e+03 5.41e+03 5.38e+03 5.35e+03 5.32e+03 5.28e+03 5.26e+03 5.23e+03 5.19e+03 5.16e+03 5.12e+03 5.08e+03 5.04e+03 5.00e+03 4.95e+03 4.91e+03 4.86e+03 4.82e+03 4.77e+03 4.73e+03 4.68e+03 4.62e+03 4.57e+03 4.52e+03
3909.64 6.34e+03 6.31e+03 6.28e+03 6.25e+03 6.22e+03 6.19e+03 6.16e+03 6.13e+03 6.11e+03 6.08e+03 6.05e+03 6.02e+03 5.99e+03 5.96e+03 5.93e+03 5.90e+03 5.86e+03 5.83e+03 5.80e+03 5.77e+03 5.74e+03 5.71e+03 5.68e+03 5.64e+03 5.61e+03 5.57e+03 5.55e+03 5.51e+03 5.47e+03 5.44e+03 5.40e+03 5.37e+03 5.33e+03 5.30e+03 5.26e+03 5.22e+03 5.19e+03 5.15e+03 5.11e+03 5.07e+03 5.03e+03 4.98e+03 4.95e+03 4.91e+03 4.87e+03 4.82e+03 4.77e+03 4.72e+03 4.67e+03 4.62e+03
4148.46 6.32e+03 6.29e+03 6.25e+03 6.22e+03 6.19e+03 6.16e+03 6.12e+03 6.09e+03 6.06e+03 6.03e+03 5.99e+03 5.96e+03 5.92e+03 5.89e+03 5.85e+03 5.82e+03 5.78e+03 5.75e+03 5.71e+03 5.67e+03 5.64e+03 5.61e+03 5.58e+03 5.54e+03 5.50e+03 5.46e+03 5.43e+03 5.39e+03 5.35e+03 5.31e+03 5.27e+03 5.24e+03 5.19e+03 5.16e+03 5.12e+03 5.09e+03 5.05e+03 5.00e+03 4.97e+03 4.94e+03 4.90e+03 4.86e+03 4.81e+03 4.76e+03 4.72e+03 4.68e+03 4.64e+03 4.59e+03 4.55e+03 4.49e+03
4401.86 6.18e+03 6.15e+03 6.11e+03 6.07e+03 6.04e+03 6.01e+03 5.97e+03 5.93e+03 5.90e+03 5.87e+03 5.83e+03 5.80e+03 5.76e+03 5.72e+03 5.69e+03 5.66e+03 5.62e+03 5.59e+03 5.55e+03 5.52e+03 5.48e+03 5.45e+03 5.41e+03 5.37e+03 5.33e+03 5.30e+03 5.26e+03 5.23e+03 5.19e+03 5.15e+03 5.11e+03 5.07e+03 5.03e+03 4.99e+03 4.96e+03 4.91e+03 4.88e+03 4.84e+03 4.81e+03 4.77e+03 4.73e+03 4.67e+03 4.63e+03 4.59e+03 4.54e+03 4.49e+03 4.45e+03 4.41e+03 4.37e+03 4.32e+03
4670.75 6.19e+03 6.16e+03 6.13e+03 6.10e+03 6.06e+03 6.03e+03 5.99e+03 5.96e+03 5.92e+03 5.89e+03 5.86e+03 5.82e+03 5.79e+03 5.75e+03 5.72e+03 5.69e+03 5.65e+03 5.61e+03 5.58e+03 5.54e+03 5.51e+03 5.47e+03 5.44e+03 5.40e+03 5.37e+03 5.33e+03 5.29e+03 5.26e+03 5.22e+03 5.18e+03 5.15e+03 5.11e+03 5.07e+03 5.04e+03 4.99e+03 4.95e+03 4.91e+03 4.86e+03 4.83e+03 4.79e+03 4.75e+03 4.71e+03 4.67e+03 4.63e+03 4.59e+03 4.55e+03 4.50e+03 4.45e+03 4.41e+03 4.36e+03
4956.05 6.47e+03 6.44e+03 6.40e+03 6.37e+03 6.34e+03 6.30e+03 6.27e+03 6.24e+03 6.21e+03 6.17e+03 6.14e+03 6.10e+03 6.07e+03 6.04e+03 6.01e+03 5.98e+03 5.95e+03 5.91e+03 5.88e+03 5.84e+03 5.81e+03 5.77e+03 5.73e+03 5.69e+03 5.66e+03 5.62e+03 5.58e+03 5.55e+03 5.52e+03 5.48e+03 5.44e+03 5.40e+03 5.36e+03 5.33e+03 5.28e+03 5.24e+03 5.21e+03 5.17e+03 5.13e+03 5.09e+03 5.04e+03 5.00e+03 4.97e+03 4.93e+03 4.88e+03 4.83e+03 4.79e+03 4.74e+03 4.70e+03 4.66e+03
5258.79 6.88e+03 6.85e+03 6.82e+03 6.79e+03 6.76e+03 6.73e+03 6.70e+03 6.67e+03 6.64e+03 6.61e+03 6.58e+03 6.55e+03 6.53e+03 6.49e+03 6.46e+03 6.43e+03 6.39e+03 6.36e+03 6.33e+03 6.30e+03 6.26e+03 6.22e+03 6.19e+03 6.15e+03 6.12e+03 6.09e+03 6.05e+03 6.01e+03 5.97e+03 5.94e+03 5.90e+03 5.86e+03 5.82e+03 5.78e+03 5.74e+03 5.70e+03 5.66e+03 5.63e+03 5.59e+03 5.55e+03 5.51e+03 5.47e+03 5.42e+03 5.38e+03 5.33e+03 5.28e+03 5.23e+03 5.19e+03 5.15e+03 5.10e+03
5580.02 7.27e+03 7.24e+03 7.21e+03 7.19e+03 7.16e+03 7.14e+03 7.11e+03 7.08e+03 7.05e+03 7.03e+03 7.01e+03 6.98e+03 6.95e+03 6.92e+03 6.89e+03 6.86e+03 6.83e+03 6.79e+03 6.77e+03 6.74e+03 6.71e+03 6.68e+03 6.65e+03 6.62e+03 6.59e+03 6.55e+03 6.51e+03 6.47e+03 6.44e+03 6.41e+03 6.37e+03 6.34e+03 6.29e+03 6.26e+03 6.22e+03 6.19e+03 6.14e+03 6.10e+03 6.05e+03 6.02e+03 5.98e+03 5.93e+03 5.88e+03 5.84e+03 5.79e+03 5.74e+03 5.70e+03 5.65e+03 5.61e+03 5.56e+03
5920.87 7.60e+03 7.59e+03 7.56e+03 7.55e+03 7.53e+03 7.50e+03 7.47e+03 7.45e+03 7.43e+03 7.41e+03 7.38e+03 7.34e+03 7.32e+03 7.30e+03 7.28e+03 7.25e+03 7.22e+03 7.19e+03 7.16e+03 7.14e+03 7.11e+03 7.08e+03 7.05e+03 7.03e+03 7.00e+03 6.96e+03 6.93e+03 6.88e+03 6.86e+03 6.84e+03 6.80e+03 6.76e+03 6.72e+03 6.67e+03 6.64e+03 6.61e+03 6.57e+03 6.53e+03 6.47e+03 6.44e+03 6.40e+03 6.36e+03 6.32e+03 6.28e+03 6.23e+03 6.18e+03 6.13e+03 6.08e+03 6.03e+03 5.98e+03
6282.54 7.86e+03 7.84e+03 7.81e+03 7.79e+03 7.78e+03 7.76e+03 7.75e+03 7.73e+03 7.70e+03 7.67e+03 7.64e+03 7.62e+03 7.60e+03 7.58e+03 7.56e+03 7.54e+03 7.51e+03 7.48e+03 7.45e+03 7.42e+03 7.41e+03 7.39e+03 7.36e+03 7.33e+03 7.29e+03 7.25e+03 7.23e+03 7.20e+03 7.17e+03 7.14e+03 7.09e+03 7.06e+03 7.03e+03 6.99e+03 6.97e+03 6.93e+03 6.90e+03 6.85e+03 6.80e+03 6.76e+03 6.73e+03 6.69e+03 6.64e+03 6.60e+03 6.54e+03 6.50e+03 6.43e+03 6.38e+03 6.32e+03 6.27e+03
6666.30 7.95e+03 7.93e+03 7.90e+03 7.89e+03 7.88e+03 7.86e+03 7.84e+03 7.81e+03 7.79e+03 7.78e+03 7.75e+03 7.73e+03 7.71e+03 7.69e+03 7.67e+03 7.64e+03 7.63e+03 7.61e+03 7.57e+03 7.55e+03 7.52e+03 7.50e+03 7.47e+03 7.45e+03 7.42e+03 7.39e+03 7.36e+03 7.32e+03 7.29e+03 7.26e+03 7.21e+03 7.17e+03 7.14e+03 7.10e+03 7.08e+03 7.05e+03 7.01e+03 6.96e+03 6.92e+03 6.88e+03 6.84e+03 6.79e+03 6.76e+03 6.71e+03 6.66e+03 6.60e+03 6.55e+03 6.50e+03 6.45e+03 6.40e+03
7073.50 7.96e+03 7.94e+03 7.92e+03 7.89e+03 7.88e+03 7.87e+03 7.85e+03 7.83e+03 7.81e+03 7.79e+03 7.77e+03 7.74e+03 7.72e+03 7.70e+03 7.67e+03 7.65e+03 7.64e+03 7.62e+03 7.60e+03 7.57e+03 7.54e+03 7.51e+03 7.47e+03 7.44e+03 7.41e+03 7.39e+03 7.37e+03 7.33e+03 7.30e+03 7.27e+03 7.23e+03 7.20e+03 7.15e+03 7.12e+03 7.08e+03 7.05e+03 7.01e+03 6.96e+03 6.92e+03 6.89e+03 6.84e+03 6.79e+03 6.75e+03 6.70e+03 6.64e+03 6.60e+03 6.55e+03 6.50e+03 6.44e+03 6.39e+03
7505.58 7.98e+03 7.97e+03 7.95e+03 7.93e+03 7.90e+03 7.88e+03 7.86e+03 7.85e+03 7.83e+03 7.81e+03 7.79e+03 7.77e+03 7.75e+03 7.74e+03 7.72e+03 7.69e+03 7.65e+03 7.62e+03 7.60e+03 7.58e+03 7.55e+03 7.52e+03 7.49e+03 7.46e+03 7.43e+03 7.39e+03 7.38e+03 7.34e+03 7.31e+03 7.27e+03 7.23e+03 7.19e+03 7.16e+03 7.13e+03 7.09e+03 7.04e+03 7.00e+03 6.96e+03 6.91e+03 6.87e+03 6.82e+03 6.76e+03 6.73e+03 6.68e+03 6.63e+03 6.58e+03 6.53e+03 6.46e+03 6.41e+03 6.36e+03
7964.05 7.86e+03 7.83e+03 7.80e+03 7.78e+03 7.76e+03 7.75e+03 7.74e+03 7.71e+03 7.69e+03 7.67e+03 7.63e+03 7.61e+03 7.59e+03 7.58e+03 7.56e+03 7.52e+03 7.49e+03 7.47e+03 7.44e+03 7.40e+03 7.38e+03 7.37e+03 7.33e+03 7.29e+03 7.26e+03 7.23e+03 7.20e+03 7.17e+03 7.13e+03 7.08e+03 7.04e+03 7.00e+03 6.95e+03 6.91e+03 6.88e+03 6.84e+03 6.81e+03 6.75e+03 6.70e+03 6.66e+03 6.61e+03 6.57e+03 6.52e+03 6.46e+03 6.40e+03 6.36e+03 6.30e+03 6.24e+03 6.19e+03 6.13e+03
8450.53 7.47e+03 7.44e+03 7.42e+03 7.40e+03 7.38e+03 7.35e+03 7.33e+03 7.31e+03 7.29e+03 7.25e+03 7.22e+03 7.20e+03 7.18e+03 7.15e+03 7.12e+03 7.10e+03 7.06e+03 7.03e+03 6.99e+03 6.96e+03 6.93e+03 6.89e+03 6.87e+03 6.83e+03 6.80e+03 6.77e+03 6.73e+03 6.68e+03 6.64e+03 6.61e+03 6.58e+03 6.54e+03 6.50e+03 6.46e+03 6.41e+03 6.36e+03 6.33e+03 6.29e+03 6.24e+03 6.19e+03 6.15e+03 6.10e+03 6.05e+03 6.01e+03 5.95e+03 5.90e+03 5.86e+03 5.79e+03 5.75e+03 5.70e+03
8966.72 7.01e+03 6.98e+03 6.96e+03 6.93e+03 6.90e+03 6.87e+03 6.85e+03 6.82e+03 6.80e+03 6.76e+03 6.73e+03 6.70e+03 6.68e+03 6.64e+03 6.61e+03 6.58e+03 6.55e+03 6.51e+03 6.48e+03 6.45e+03 6.41e+03 6.38e+03 6.34e+03 6.31e+03 6.27e+03 6.23e+03 6.20e+03 6.16e+03 6.13e+03 6.08e+03 6.05e+03 6.02e+03 5.97e+03 5.94e+03 5.90e+03 5.86e+03 5.82e+03 5.78e+03 5.74e+03 5.69e+03 5.65e+03 5.60e+03 5.56e+03 5.52e+03 5.47e+03 5.42e+03 5.38e+03 5.33e+03 5.28e+03 5.24e+03
9514.44 6.55e+03 6.51e+03 6.49e+03 6.45e+03 6.42e+03 6.38e+03 6.36e+03 6.33e+03 6.30e+03 6.27e+03 6.23e+03 6.21e+03 6.19e+03 6.15e+03 6.12e+03 6.09e+03 6.06e+03 6.02e+03 5.98e+03 5.95e+03 5.91e+03 5.89e+03 5.85e+03 5.82e+03 5.79e+03 5.76e+03 5.72e+03 5.68e+03 5.65e+03 5.62e+03 5.58e+03 5.54e+03 5.51e+03 5.46e+03 5.42e+03 5.39e+03 5.35e+03 5.31e+03 5.27e+03 5.24e+03 5.20e+03 5.16e+03 5.12e+03 5.08e+03 5.04e+03 5.00e+03 4.96e+03 4.91e+03 4.87e+03 4.83e+03
10095.62 6.06e+03 6.03e+03 5.99e+03 5.96e+03 5.93e+03 5.91e+03 5.88e+03 5.85e+03 5.81e+03 5.78e+03 5.75e+03 5.73e+03 5.69e+03 5.66e+03 5.64e+03 5.60e+03 5.57e+03 5.53e+03 5.49e+03 5.46e+03 5.44e+03 5.41e+03 5.39e+03 5.34e+03 5.31e+03 5.28e+03 5.25e+03 5.22e+03 5.18e+03 5.15e+03 5.13e+03 5.09e+03 5.05e+03 5.01e+03 4.97e+03 4.93e+03 4.90e+03 4.86e+03 4.83e+03 4.79e+03 4.76e+03 4.73e+03 4.70e+03 4.65e+03 4.60e+03 4.57e+03 4.54e+03 4.51e+03 4.45e+03 4.42e+03
10712.30 5.65e+03 5.61e+03 5.59e+03 5.56e+03 5.53e+03 5.50e+03 5.47e+03 5.43e+03 5.40e+03 5.37e+03 5.35e+03 5.32e+03 5.29e+03 5.26e+03 5.23e+03 5.20e+03 5.16e+03 5.13e+03 5.11e+03 5.08e+03 5.06e+03 5.02e+03 4.98e+03 4.95e+03 4.93e+03 4.90e+03 4.86e+03 4.84e+03 4.82e+03 4.79e+03 4.75e+03 4.71e+03 4.68e+03 4.66e+03 4.62e+03 4.58e+03 4.53e+03 4.48e+03 4.44e+03 4.41e+03 4.39e+03 4.37e+03 4.33e+03 4.26e+03 4.23e+03 4.19e+03 4.15e+03 4.10e+03 4.06e+03 4.08e+03
11366.65 5.36e+03 5.32e+03 5.28e+03 5.25e+03 5.21e+03 5.18e+03 5.16e+03 5.13e+03 5.10e+03 5.07e+03 5.04e+03 5.01e+03 4.98e+03 4.95e+03 4.92e+03 4.89e+03 4.87e+03 4.84e+03 4.80e+03 4.77e+03 4.74e+03 4.71e+03 4.69e+03 4.65e+03 4.62e+03 4.59e+03 4.58e+03 4.54e+03 4.51e+03 4.49e+03 4.46e+03 4.43e+03 4.40e+03 4.36e+03 4.30e+03 4.26e+03 4.23e+03 4.20e+03 4.16e+03 4.13e+03 4.08e+03 4.01e+03 4.00e+03 3.95e+03 3.91e+03 3.89e+03 3.85e+03 3.79e+03 3.72e+03 3.72e+03
12061.10 5.18e+03 5.16e+03 5.13e+03 5.09e+03 5.04e+03 5.02e+03 5.00e+03 4.97e+03 4.93e+03 4.90e+03 4.86e+03 4.83e+03 4.82e+03 4.80e+03 4.77e+03 4.73e+03 4.69e+03 4.66e+03 4.64e+03 4.61e+03 4.58e+03 4.53e+03 4.50e+03 4.47e+03 4.45e+03 4.44e+03 4.41e+03 4.37e+03 4.33e+03 4.29e+03 4.26e+03 4.20e+03 4.17e+03 4.15e+03 4.11e+03 4.06e+03 4.01e+03 4.00e+03 3.94e+03 3.91e+03 3.85e+03 3.81e+03 3.75e+03 3.68e+03 3.70e+03 3.63e+03 3.58e+03 3.49e+03 3.51e+03 3.49e+03
12793.43 5.07e+03 5.05e+03 5.03e+03 5.00e+03 4.96e+03 4.92e+03 4.88e+03 4.84e+03 4.81e+03 4.80e+03 4.78e+03 4.74e+03 4.71e+03 4.70e+03 4.65e+03 4.62e+03 4.59e+03 4.54e+03 4.52e+03 4.48e+03 4.45e+03 4.43e+03 4.39e+03 4.36e+03 4.32e+03 4.29e+03 4.23e+03 4.20e+03 4.22e+03 4.20e+03 4.12e+03 4.07e+03 4.02e+03 3.98e+03 3.98e+03 3.92e+03 3.87e+03 3.86e+03 3.73e+03 3.72e+03 3.74e+03 3.66e+03 3.54e+03 3.51e+03 3.40e+03 3.44e+03 3.78e+03 3.38e+03 3.63e+03 3.32e+03
13528.61 5.01e+03 4.98e+03 4.94e+03 4.91e+03 4.87e+03 4.85e+03 4.81e+03 4.80e+03 4.76e+03 4.73e+03 4.71e+03 4.69e+03 4.66e+03 4.62e+03 4.57e+03 4.53e+03 4.51e+03 4.49e+03 4.44e+03 4.40e+03 4.36e+03 4.35e+03 4.28e+03 4.23e+03 4.25e+03 4.25e+03 4.19e+03 4.12e+03 4.11e+03 4.03e+03 4.03e+03 3.98e+03 3.93e+03 3.86e+03 3.81e+03 3.76e+03 3.72e+03 3.62e+03 3.58e+03 3.56e+03 3.55e+03 3.49e+03 3.34e+03 3.10e+03 3.27e+03 3.49e+03 3.17e+03 3.54e+03 3.19e+03 3.45e+03
14194.74 5.04e+03 5.01e+03 4.97e+03 4.95e+03 4.91e+03 4.87e+03 4.81e+03 4.76e+03 4.68e+03 4.65e+03 4.63e+03 4.61e+03 4.60e+03 4.60e+03 4.58e+03 4.53e+03 4.48e+03 4.47e+03 4.38e+03 4.37e+03 4.30e+03 4.31e+03 4.31e+03 4.26e+03 4.21e+03 4.14e+03 4.13e+03 4.06e+03 3.99e+03 3.93e+03 3.82e+03 3.78e+03 3.74e+03 3.79e+03 3.67e+03 3.61e+03 3.58e+03 3.53e+03 3.43e+03 4.04e+03 3.50e+03 3.24e+03 3.32e+03 3.38e+03 3.63e+03 3.06e+03 3.35e+03 3.34e+03 3.30e+03 3.12e+03
14757.77 5.04e+03 5.00e+03 4.96e+03 4.95e+03 4.92e+03 4.85e+03 4.84e+03 4.79e+03 4.74e+03 4.73e+03 4.73e+03 4.68e+03 4.69e+03 4.61e+03 4.56e+03 4.53e+03 4.49e+03 4.46e+03 4.44e+03 4.37e+03 4.31e+03 4.34e+03 4.28e+03 4.20e+03 4.09e+03 4.04e+03 4.01e+03 3.97e+03 3.93e+03 3.86e+03 3.90e+03 3.78e+03 3.78e+03 3.77e+03 3.65e+03 3.52e+03 3.48e+03 4.16e+03 3.49e+03 3.25e+03 3.96e+03 3.25e+03 3.20e+03 3.26e+03 3.65e+03 2.96e+03 3.68e+03 3.02e+03 2.99e+03 2.98e+03
15240.48 4.96e+03 4.95e+03 4.91e+03 4.90e+03 4.83e+03 4.75e+03 4.74e+03 4.73e+03 4.72e+03 4.60e+03 4.54e+03 4.57e+03 4.55e+03 4.50e+03 4.39e+03 4.41e+03 4.49e+03 4.42e+03 4.36e+03 4.36e+03 4.31e+03 4.29e+03 4.13e+03 4.09e+03 4.06e+03 3.90e+03 3.94e+03 3.89e+03 3.89e+03 3.85e+03 3.77e+03 3.71e+03 3.53e+03 3.54e+03 3.60e+03 3.47e+03 4.64e+03 3.50e+03 3.13e+03 4.79e+03 3.27e+03 4.12e+03 3.41e+03 4.14e+03 2.88e+03 3.89e+03 3.14e+03 3.10e+03 3.71e+03 2.82e+03
15646.99 4.89e+03 4.88e+03 4.83e+03 4.74e+03 4.72e+03 4.70e+03 4.69e+03 4.64e+03 4.59e+03 4.56e+03 4.55e+03 4.52e+03 4.47e+03 4.43e+03 4.42e+03 4.41e+03 4.31e+03 4.24e+03 4.22e+03 4.24e+03 4.18e+03 4.23e+03 4.13e+03 4.12e+03 4.03e+03 3.95e+03 4.00e+03 3.89e+03 3.89e+03 3.87e+03 3.78e+03 3.78e+03 3.72e+03 3.80e+03 3.67e+03 3.59e+03 3.59e+03 3.42e+03 4.87e+03 3.53e+03 3.33e+03 4.46e+03 3.61e+03 3.25e+03 4.45e+03 3.58e+03 3.09e+03 4.35e+03 3.03e+03 3.75e+03
15960.30 4.83e+03 4.80e+03 4.77e+03 4.73e+03 4.70e+03 4.65e+03 4.63e+03 4.59e+03 4.55e+03 4.57e+03 4.53e+03 4.45e+03 4.39e+03 4.36e+03 4.46e+03 4.40e+03 4.34e+03 4.28e+03 4.24e+03 4.19e+03 4.12e+03 4.14e+03 4.20e+03 4.15e+03 4.07e+03 4.05e+03 3.96e+03 3.93e+03 3.83e+03 3.86e+03 3.94e+03 3.88e+03 3.79e+03 3.78e+03 3.65e+03 3.78e+03 3.67e+03 3.68e+03 3.57e+03 3.45e+03 3.42e+03 3.28e+03 5.31e+03 3.62e+03 3.37e+03 4.99e+03 3.43e+03 3.02e+03 4.47e+03 3.69e+03
16187.41 4.98e+03 4.94e+03 4.91e+03 4.86e+03 4.84e+03 4.82e+03 4.77e+03 4.72e+03 4.68e+03 4.62e+03 4.58e+03 4.57e+03 4.58e+03 4.60e+03 4.61e+03 4.52e+03 4.40e+03 4.52e+03 4.47e+03 4.37e+03 4.45e+03 4.36e+03 4.44e+03 4.30e+03 4.21e+03 4.13e+03 4.15e+03 4.09e+03 4.17e+03 4.11e+03 4.21e+03 4.11e+03 4.11e+03 4.05e+03 3.96e+03 3.83e+03 3.75e+03 3.72e+03 3.76e+03 3.77e+03 3.76e+03 3.59e+03 3.51e+03 3.52e+03 3.42e+03 3.31e+03 5.42e+03 4.12e+03 3.72e+03 3.43e+03
16354.17 5.12e+03 5.10e+03 5.07e+03 5.00e+03 4.95e+03 4.94e+03 4.93e+03 4.89e+03 4.81e+03 4.83e+03 4.72e+03 4.76e+03 4.63e+03 4.62e+03 4.77e+03 4.78e+03 4.72e+03 4.60e+03 4.57e+03 4.53e+03 4.51e+03 4.52e+03 4.37e+03 4.37e+03 4.52e+03 4.54e+03 4.42e+03 4.28e+03 4.20e+03 4.14e+03 4.20e+03 4.08e+03 3.97e+03 3.97e+03 4.12e+03 4.18e+03 4.08e+03 4.08e+03 4.19e+03 3.99e+03 4.00e+03 3.87e+03 3.64e+03 3.52e+03 3.79e+03 3.77e+03 3.70e+03 3.83e+03 3.64e+03 3.64e+03
16484.18 5.30e+03 5.25e+03 5.20e+03 5.17e+03 5.11e+03 5.08e+03 5.09e+03 5.05e+03 5.04e+03 5.00e+03 4.99e+03 4.99e+03 4.93e+03 4.85e+03 4.82e+03 4.93e+03 4.89e+03 4.85e+03 4.83e+03 4.83e+03 4.84e+03 4.69e+03 4.64e+03 4.61e+03 4.50e+03 4.44e+03 4.33e+03 4.62e+03 4.51e+03 4.52e+03 4.48e+03 4.61e+03 4.50e+03 4.35e+03 4.23e+03 4.22e+03 4.21e+03 4.13e+03 4.00e+03 4.11e+03 4.13e+03 4.11e+03 3.98e+03 3.98e+03 4.00e+03 3.87e+03 3.71e+03 3.79e+03 3.91e+03 3.90e+03
16593.12 5.37e+03 5.31e+03 5.30e+03 5.32e+03 5.30e+03 5.30e+03 5.26e+03 5.26e+03 5.25e+03 5.17e+03 5.14e+03 5.11e+03 5.03e+03 4.99e+03 4.93e+03 4.94e+03 5.12e+03 5.00e+03 4.88e+03 4.84e+03 4.85e+03 4.71e+03 4.74e+03 4.70e+03 4.81e+03 4.66e+03 4.60e+03 4.51e+03 4.65e+03 4.67e+03 4.58e+03 4.48e+03 4.48e+03 4.42e+03 4.35e+03 4.28e+03 4.31e+03 4.46e+03 4.29e+03 4.35e+03 4.43e+03 4.30e+03 4.16e+03 4.10e+03 3.84e+03 3.95e+03 3.77e+03 3.88e+03 3.56e+03 3.84e+03
16691.99 5.53e+03 5.51e+03 5.52e+03 5.47e+03 5.40e+03 5.36e+03 5.41e+03 5.49e+03 5.44e+03 5.36e+03 5.20e+03 5.18e+03 5.05e+03 5.12e+03 5.06e+03 4.96e+03 4.96e+03 4.93e+03 4.86e+03 4.86e+03 4.89e+03 4.86e+03 4.77e+03 4.88e+03 4.98e+03 4.85e+03 4.86e+03 4.68e+03 4.65e+03 4.71e+03 4.69e+03 4.48e+03 4.65e+03 4.49e+03 4.55e+03 4.58e+03 4.73e+03 4.59e+03 4.38e+03 4.33e+03 4.52e+03 4.48e+03 4.71e+03 3.90e+03 4.44e+03 4.32e+03 4.23e+03 4.19e+03 4.08e+03 4.14e+03
16788.59 5.60e+03 5.45e+03 5.48e+03 5.45e+03 5.48e+03 5.51e+03 5.47e+03 5.35e+03 5.43e+03 5.32e+03 5.30e+03 5.30e+03 5.37e+03 5.35e+03 5.24e+03 5.25e+03 5.12e+03 5.15e+03 5.07e+03 5.13e+03 5.12e+03 5.05e+03 4.88e+03 4.84e+03 4.88e+03 4.73e+03 4.99e+03 4.88e+03 4.69e+03 4.58e+03 4.63e+03 4.54e+03 4.55e+03 4.70e+03 4.63e+03 4.39e+03 4.52e+03 4.59e+03 4.45e+03 4.54e+03 4.60e+03 4.51e+03 4.37e+03 4.18e+03 4.26e+03 4.02e+03 4.21e+03 4.20e+03 4.20e+03 4.02e+03
16888.37 5.65e+03 5.60e+03 5.55e+03 5.53e+03 5.58e+03 5.52e+03 5.46e+03 5.49e+03 5.43e+03 5.45e+03 5.45e+03 5.40e+03 5.37e+03 5.27e+03 5.19e+03 5.23e+03 5.23e+03 5.18e+03 5.15e+03 5.18e+03 5.06e+03 5.06e+03 5.17e+03 5.05e+03 4.99e+03 4.89e+03 4.97e+03 4.82e+03 4.76e+03 4.67e+03 4.71e+03 4.67e+03 4.71e+03 4.54e+03 4.51e+03 4.65e+03 4.73e+03 4.70e+03 4.71e+03 4.70e+03 4.49e+03 4.23e+03 4.16e+03 4.07e+03 4.22e+03 4.16e+03 4.26e+03 4.07e+03 4.21e+03 4.18e+03
16998.79 5.69e+03 5.65e+03 5.62e+03 5.64e+03 5.52e+03 5.58e+03 5.59e+03 5.59e+03 5.51e+03 5.46e+03 5.48e+03 5.51e+03 5.41e+03 5.37e+03 5.38e+03 5.36e+03 5.30e+03 5.40e+03 5.29e+03 5.25e+03 5.24e+03 5.06e+03 5.18e+03 5.01e+03 5.02e+03 5.02e+03 4.95e+03 4.90e+03 4.84e+03 4.87e+03 4.72e+03 4.63e+03 4.65e+03 4.60e+03 4.53e+03 4.73e+03 4.57e+03 4.56e+03 4.68e+03 4.46e+03 4.52e+03 4.39e+03 4.61e+03 4.56e+03 4.38e+03 4.25e+03 4.34e+03 4.44e+03 4.11e+03 4.35e+03
17146.37 5.74e+03 5.74e+03 5.68e+03 5.69e+03 5.73e+03 5.58e+03 5.65e+03 5.58e+03 5.61e+03 5.48e+03 5.48e+03 5.41e+03 5.47e+03 5.31e+03 5.36e+03 5.29e+03 5.36e+03 5.44e+03 5.30e+03 5.19e+03 5.20e+03 5.27e+03 5.22e+03 5.14e+03 5.12e+03 5.05e+03 4.95e+03 5.01e+03 5.02e+03 4.90e+03 4.84e+03 4.81e+03 4.83e+03 4.77e+03 4.88e+03 4.72e+03 4.78e+03 4.61e+03 4.85e+03 4.89e+03 4.72e+03 4.45e+03 4.20e+03 4.37e+03 4.53e+03 4.33e+03 4.33e+03 4.39e+03 4.29e+03 4.20e+03
17415.23 5.82e+03 5.77e+03 5.78e+03 5.73e+03 5.72e+03 5.72e+03 5.75e+03 5.67e+03 5.66e+03 5.51e+03 5.55e+03 5.52e+03 5.49e+03 5.50e+03 5.50e+03 5.44e+03 5.38e+03 5.36e+03 5.35e+03 5.31e+03 5.32e+03 5.32e+03 5.28e+03 5.26e+03 5.08e+03 5.14e+03 5.17e+03 5.16e+03 5.09e+03 4.90e+03 4.93e+03 4.91e+03 4.93e+03 4.97e+03 4.88e+03 4.83e+03 4.81e+03 4.73e+03 4.60e+03 4.49e+03 4.44e+03 4.36e+03 4.67e+03 4.52e+03 4.34e+03 4.04e+03 3.99e+03 4.17e+03 4.50e+03 3.96e+03
17888.12 5.83e+03 5.89e+03 5.87e+03 5.85e+03 5.87e+03 5.81e+03 5.80e+03 5.79e+03 5.75e+03 5.74e+03 5.76e+03 5.65e+03 5.65e+03 5.66e+03 5.59e+03 5.57e+03 5.58e+03 5.54e+03 5.48e+03 5.42e+03 5.41e+03 5.34e+03 5.36e+03 5.34e+03 5.33e+03 5.29e+03 5.27e+03 5.24e+03 5.17e+03 5.10e+03 5.08e+03 5.10e+03 4.95e+03 4.90e+03 4.84e+03 4.88e+03 4.87e+03 4.75e+03 4.63e+03 4.58e+03 4.75e+03 4.61e+03 4.55e+03 4.50e+03 4.53e+03 4.55e+03 4.22e+03 4.17e+03 4.18e+03 4.06e+03
18532.37 5.97e+03 5.94e+03 5.93e+03 5.92e+03 5.89e+03 5.84e+03 5.80e+03 5.78e+03 5.78e+03 5.73e+03 5.74e+03 5.71e+03 5.67e+03 5.68e+03 5.58e+03 5.60e+03 5.59e+03 5.59e+03 5.56e+03 5.52e+03 5.47e+03 5.42e+03 5.37e+03 5.44e+03 5.34e+03 5.23e+03 5.23e+03 5.21e+03 5.13e+03 5.04e+03 5.09e+03 5.03e+03 4.94e+03 4.97e+03 4.98e+03 4.83e+03 4.71e+03 4.74e+03 4.56e+03 4.53e+03 4.70e+03 4.70e+03 4.41e+03 4.41e+03 4.35e+03 4.41e+03 4.26e+03 3.70e+03 4.09e+03 3.75e+03
19260.76 6.10e+03 6.03e+03 5.99e+03 6.01e+03 5.91e+03 5.90e+03 5.94e+03 5.91e+03 5.73e+03 5.78e+03 5.80e+03 5.71e+03 5.75e+03 5.77e+03 5.70e+03 5.72e+03 5.51e+03 5.59e+03 5.52e+03 5.53e+03 5.50e+03 5.39e+03 5.39e+03 5.37e+03 5.37e+03 5.34e+03 5.19e+03 5.14e+03 5.18e+03 5.14e+03 5.01e+03 5.04e+03 5.05e+03 4.89e+03 4.87e+03 4.87e+03 4.76e+03 4.73e+03 4.56e+03 4.45e+03 4.34e+03 4.45e+03 4.30e+03 4.31e+03 4.46e+03 4.22e+03 3.99e+03 4.03e+03 4.04e+03 3.83e+03
20034.10 6.19e+03 6.29e+03 6.26e+03 6.20e+03 6.17e+03 5.98e+03 6.07e+03 6.06e+03 5.99e+03 6.02e+03 6.00e+03 5.91e+03 5.84e+03 5.85e+03 5.79e+03 5.71e+03 5.82e+03 5.78e+03 5.69e+03 5.63e+03 5.61e+03 5.72e+03 5.56e+03 5.43e+03 5.43e+03 5.46e+03 5.35e+03 5.19e+03 5.17e+03 5.23e+03 5.29e+03 5.07e+03 5.06e+03 5.09e+03 5.02e+03 4.86e+03 5.23e+03 5.15e+03 5.09e+03 4.57e+03 4.53e+03 4.56e+03 4.18e+03 4.18e+03 4.02e+03 4.21e+03 4.00e+03 3.56e+03 3.01e+03 6.62e+03
20838.00 6.42e+03 6.37e+03 6.39e+03 6.36e+03 6.34e+03 6.28e+03 6.28e+03 6.17e+03 6.17e+03 6.15e+03 6.20e+03 6.16e+03 6.16e+03 6.29e+03 6.05e+03 5.99e+03 6.01e+03 6.09e+03 5.80e+03 5.82e+03 5.74e+03 5.77e+03 5.67e+03 5.72e+03 5.55e+03 5.55e+03 5.65e+03 5.47e+03 5.46e+03 5.31e+03 5.28e+03 5.15e+03 4.97e+03 5.38e+03 4.96e+03 5.00e+03 4.79e+03 4.72e+03 4.94e+03 4.80e+03 4.69e+03 4.54e+03 4.24e+03 4.22e+03 3.96e+03 3.76e+03 3.90e+03 4.01e+03 3.58e+03 3.73e+03
21647.97 6.79e+03 6.58e+03 6.54e+03 6.55e+03 6.48e+03 6.45e+03 6.34e+03 6.34e+03 6.43e+03 6.34e+03 6.38e+03 6.16e+03 6.03e+03 6.00e+03 6.05e+03 6.10e+03 6.12e+03 6.03e+03 6.01e+03 5.96e+03 6.04e+03 5.93e+03 5.70e+03 5.57e+03 5.62e+03 5.68e+03 5.39e+03 5.66e+03 5.42e+03 5.43e+03 5.23e+03 5.36e+03 4.97e+03 5.27e+03 5.60e+03 5.32e+03 5.15e+03 4.76e+03 4.97e+03 4.88e+03 4.19e+03 4.22e+03 4.22e+03 4.71e+03 4.51e+03 4.16e+03 2.06e+03 4.13e+03 3.48e+03 3.15e+03
22447.94 7.17e+03 7.07e+03 6.80e+03 6.91e+03 6.93e+03 6.81e+03 6.82e+03 6.72e+03 6.73e+03 6.85e+03 6.67e+03 6.63e+03 6.38e+03 6.49e+03 6.55e+03 6.47e+03 6.43e+03 6.31e+03 6.22e+03 6.30e+03 6.19e+03 6.12e+03 5.96e+03 5.84e+03 5.86e+03 5.89e+03 5.97e+03 5.63e+03 5.62e+03 5.47e+03 5.59e+03 5.59e+03 5.73e+03 5.45e+03 5.41e+03 5.31e+03 5.34e+03 5.23e+03 5.17e+03 4.87e+03 4.99e+03 5.00e+03 5.36e+03 5.26e+03 4.56e+03 4.17e+03 3.86e+03 3.81e+03 4.56e+03 3.55e+03
23245.88 7.44e+03 7.39e+03 7.15e+03 7.35e+03 7.21e+03 7.31e+03 7.39e+03 7.29e+03 7.32e+03 7.22e+03 7.15e+03 6.88e+03 7.02e+03 6.90e+03 6.82e+03 7.01e+03 6.90e+03 6.73e+03 6.53e+03 6.71e+03 6.23e+03 6.34e+03 6.76e+03 6.43e+03 6.45e+03 6.31e+03 6.05e+03 6.50e+03 5.89e+03 6.37e+03 6.14e+03 5.72e+03 6.05e+03 5.94e+03 5.78e+03 5.79e+03 5.83e+03 5.64e+03 5.44e+03 5.01e+03 5.59e+03 5.40e+03 5.15e+03 5.02e+03 4.84e+03 4.67e+03 4.65e+03 4.82e+03 4.68e+03 4.38e+03
24052.47 7.94e+03 7.87e+03 7.80e+03 7.85e+03 7.68e+03 7.73e+03 7.62e+03 7.64e+03 7.69e+03 7.43e+03 7.45e+03 7.43e+03 7.43e+03 7.39e+03 7.33e+03 7.34e+03 7.08e+03 7.17e+03 7.12e+03 7.13e+03 6.93e+03 6.74e+03 6.81e+03 6.61e+03 7.19e+03 6.67e+03 6.65e+03 6.69e+03 6.68e+03 6.52e+03 6.78e+03 6.16e+03 6.64e+03 6.24e+03 6.03e+03 6.39e+03 6.05e+03 6.33e+03 5.92e+03 5.76e+03 5.97e+03 5.80e+03 5.74e+03 5.50e+03 5.90e+03 5.67e+03 4.84e+03 4.59e+03 4.86e+03 4.99e+03
24867.72 8.19e+03 8.20e+03 8.56e+03 8.57e+03 8.32e+03 8.16e+03 8.31e+03 8.27e+03 8.16e+03 7.91e+03 7.98e+03 7.92e+03 7.67e+03 7.56e+03 7.75e+03 7.55e+03 7.64e+03 7.95e+03 7.81e+03 7.95e+03 7.91e+03 7.78e+03 7.36e+03 7.44e+03 7.52e+03 7.38e+03 7.20e+03 6.92e+03 7.23e+03 7.07e+03 6.98e+03 7.04e+03 7.00e+03 6.79e+03 6.62e+03 6.85e+03 6.40e+03 6.18e+03 6.61e+03 6.39e+03 6.30e+03 6.06e+03 6.28e+03 6.01e+03 6.13e+03 6.02e+03 5.34e+03 5.21e+03 4.88e+03 5.45e+03
25698.86 8.95e+03 9.06e+03 8.80e+03 8.98e+03 8.73e+03 8.64e+03 8.80e+03 8.58e+03 8.47e+03 8.23e+03 8.54e+03 8.33e+03 8.10e+03 8.08e+03 8.32e+03 8.50e+03 8.30e+03 8.47e+03 8.27e+03 8.27e+03 8.30e+03 7.97e+03 7.69e+03 7.94e+03 7.47e+03 7.81e+03 7.62e+03 7.83e+03 7.92e+03 7.50e+03 7.61e+03 7.42e+03 7.04e+03 7.53e+03 6.37e+03 6.54e+03 6.67e+03 7.07e+03 7.00e+03 6.89e+03 6.93e+03 6.13e+03 6.73e+03 6.49e+03 6.46e+03 6.38e+03 6.32e+03 4.99e+03 5.44e+03 5.92e+03
26587.16 9.63e+03 9.66e+03 9.63e+03 9.56e+03 9.54e+03 9.69e+03 9.46e+03 9.67e+03 9.37e+03 9.58e+03 9.58e+03 9.35e+03 9.12e+03 8.83e+03 9.00e+03 8.94e+03 9.24e+03 9.03e+03 8.99e+03 8.94e+03 8.96e+03 8.74e+03 8.53e+03 8.36e+03 8.30e+03 8.31e+03 8.24e+03 8.25e+03 8.13e+03 8.33e+03 8.13e+03 8.24e+03 8.13e+03 7.95e+03 8.01e+03 7.78e+03 7.55e+03 7.49e+03 7.52e+03 7.56e+03 7.00e+03 6.38e+03 7.21e+03 7.03e+03 6.96e+03 6.74e+03 6.70e+03 6.17e+03 6.64e+03 6.39e+03
27637.54 1.09e+04 1.07e+04 1.08e+04 1.08e+04 1.05e+04 1.07e+04 1.08e+04 1.07e+04 1.08e+04 1.05e+04 1.05e+04 1.02e+04 9.94e+03 1.03e+04 1.02e+04 1.02e+04 9.85e+03 9.76e+03 9.84e+03 9.90e+03 9.62e+03 9.39e+03 9.65e+03 9.69e+03 9.42e+03 9.03e+03 9.38e+03 9.13e+03 8.95e+03 9.10e+03 9.05e+03 8.71e+03 8.41e+03 8.73e+03 8.50e+03 8.15e+03 8.35e+03 8.41e+03 8.30e+03 8.17e+03 7.42e+03 7.84e+03 7.61e+03 6.31e+03 6.94e+03 6.92e+03 6.82e+03 7.32e+03 7.05e+03 6.78e+03
28986.97 1.29e+04 1.27e+04 1.30e+04 1.30e+04 1.23e+04 1.22e+04 1.22e+04 1.21e+04 1.23e+04 1.23e+04 1.19e+04 1.17e+04 1.19e+04 1.18e+04 1.15e+04 1.18e+04 1.17e+04 1.14e+04 1.10e+04 1.14e+04 1.13e+04 1.10e+04 1.12e+04 1.09e+04 1.09e+04 1.09e+04 1.04e+04 1.05e+04 1.05e+04 1.02e+04 9.91e+03 1.00e+04 1.00e+04 9.68e+03 9.46e+03 9.58e+03 9.29e+03 9.23e+03 8.92e+03 8.91e+03 8.61e+03 8.72e+03 8.49e+03 8.36e+03 8.06e+03 8.09e+03 7.87e+03 7.67e+03 7.62e+03 7.63e+03
