#Magnitudes for spectra_ddc10_urilight calculated by wsynphot
#with vega calibration file: https://archive.stsci.edu/hlsps/reference-atlases/cdbs/calspec/alpha_lyr_stis_003.fits 
#and with scipy 1D interpolation kind='cubic'.
#U,B,V,R,I are Generic Bessell filters and J, H, K are 2MASS filters, taken from http://svo2.cab.inta-csic.es/theory/fps/index.php 
#The spectra file used was last modified at: 2021-12-09 12:54:17 UTC
#and had md5 hash: a9f2e902a04b05bb582dfadabebf6139
#
#NTIMES: 108
#NBANDS: 8
#time[d] U B V R I J H K
2.037028e+00 NaN -3.512764 -11.010384 -12.526268 -13.055097 -13.499330 -14.673557 -14.155353
2.112455e+00 NaN -10.489348 -12.387236 -13.435544 -13.541185 -14.119691 -14.389773 -14.034745
2.190675e+00 NaN -11.127452 -12.452800 -13.771310 -14.144417 -14.099709 -14.478559 -14.868812
2.271792e+00 -7.601084 -11.502050 -13.106104 -14.078184 -14.120973 -14.367891 -15.168204 -15.188700
2.355913e+00 -10.317008 -12.787047 -13.817996 -14.355067 -14.364278 -14.790286 -15.212274 -15.316684
2.443148e+00 -11.672019 -13.117763 -14.173480 -14.684529 -14.767296 -15.153138 -15.288497 -15.881521
2.533613e+00 -12.641864 -13.424204 -14.181009 -14.499312 -14.794587 -15.397172 -15.045351 -15.285464
2.627428e+00 -12.503999 -13.575638 -14.537512 -14.826131 -14.919626 -15.299035 -15.284907 -15.700093
2.724717e+00 -13.163296 -13.989412 -14.669432 -15.085832 -15.136043 -15.524417 -15.860849 -15.915183
2.825608e+00 -13.776977 -14.130409 -14.899445 -15.192387 -15.145956 -15.593407 -15.907694 -15.450548
2.930235e+00 -14.119980 -14.245382 -15.113859 -15.377659 -15.306847 -15.683817 -15.762812 -16.005698
3.038736e+00 -14.433822 -14.486029 -15.207954 -15.457474 -15.435466 -15.817325 -16.170524 -15.906367
3.151255e+00 -14.798144 -14.650396 -15.428938 -15.588201 -15.648860 -15.839801 -15.948901 -16.010076
3.267940e+00 -15.033193 -14.837573 -15.472588 -15.694313 -15.664812 -15.988782 -16.288591 -16.298856
3.388946e+00 -15.252922 -14.936491 -15.603305 -15.851713 -15.941018 -16.053662 -16.156550 -16.527209
3.514432e+00 -15.471318 -15.118227 -15.700190 -15.985037 -16.046923 -16.340909 -16.370412 -16.422869
3.644565e+00 -15.822664 -15.351043 -15.918847 -16.131790 -16.063347 -16.297334 -16.465167 -16.588691
3.779516e+00 -16.003324 -15.457959 -15.973276 -16.251093 -16.216149 -16.516419 -16.528960 -16.658201
3.919465e+00 -16.198686 -15.603581 -16.147971 -16.345512 -16.357119 -16.650771 -16.587588 -16.578598
4.064595e+00 -16.429020 -15.788893 -16.314455 -16.520690 -16.482184 -16.704289 -16.833499 -16.988131
4.215100e+00 -16.594633 -15.933517 -16.417245 -16.606624 -16.650138 -16.878215 -16.947837 -16.914547
4.371177e+00 -16.795144 -16.061063 -16.506646 -16.743423 -16.754050 -16.956492 -17.012639 -17.223348
4.533034e+00 -16.937467 -16.227195 -16.649302 -16.862147 -16.854099 -17.022431 -16.997800 -17.059337
4.700883e+00 -17.094466 -16.380905 -16.751610 -16.997837 -17.018226 -17.203514 -17.082384 -17.301335
4.874948e+00 -17.277368 -16.498323 -16.906905 -17.122571 -17.107586 -17.250199 -17.195300 -17.417758
5.055458e+00 -17.425596 -16.686914 -16.986345 -17.218161 -17.244352 -17.322265 -17.401700 -17.428182
5.242653e+00 -17.579114 -16.804025 -17.127853 -17.303503 -17.376825 -17.404124 -17.452551 -17.451597
5.436778e+00 -17.698843 -16.924957 -17.226726 -17.429286 -17.467755 -17.523043 -17.555356 -17.613899
5.638092e+00 -17.846259 -17.062050 -17.336933 -17.534193 -17.594209 -17.599272 -17.700002 -17.646037
5.846861e+00 -17.957187 -17.192972 -17.433402 -17.632483 -17.691288 -17.715938 -17.730862 -17.754788
6.063359e+00 -18.066905 -17.322151 -17.548648 -17.732654 -17.798388 -17.812611 -17.807292 -17.828132
6.287873e+00 -18.184048 -17.443349 -17.638297 -17.821034 -17.883168 -17.844230 -17.897386 -17.959865
6.520702e+00 -18.285895 -17.545752 -17.729535 -17.906983 -17.972384 -17.959162 -18.013858 -18.088719
6.762152e+00 -18.389837 -17.663326 -17.840367 -18.006652 -18.053459 -18.020952 -18.103547 -18.053104
7.012541e+00 -18.510065 -17.769174 -17.920186 -18.067405 -18.115884 -18.120782 -18.211625 -18.156890
7.272203e+00 -18.600155 -17.864361 -18.018017 -18.161156 -18.207790 -18.162043 -18.245377 -18.283150
7.541479e+00 -18.690034 -17.970449 -18.097701 -18.243159 -18.273115 -18.198225 -18.324506 -18.274231
7.820726e+00 -18.784654 -18.071460 -18.186326 -18.316824 -18.326147 -18.256067 -18.381388 -18.413811
8.110313e+00 -18.884351 -18.155857 -18.274414 -18.392005 -18.405659 -18.347653 -18.441639 -18.478459
8.410623e+00 -18.963065 -18.244038 -18.355685 -18.474133 -18.459038 -18.387102 -18.463385 -18.525436
8.722052e+00 -19.034872 -18.328530 -18.427192 -18.528588 -18.516879 -18.430554 -18.545792 -18.632044
9.045013e+00 -19.118148 -18.409354 -18.504610 -18.590479 -18.573001 -18.489840 -18.583061 -18.623583
9.379933e+00 -19.178455 -18.486594 -18.582959 -18.658921 -18.624143 -18.521737 -18.636139 -18.698877
9.727255e+00 -19.251173 -18.559896 -18.647863 -18.720894 -18.684784 -18.553481 -18.670403 -18.788895
1.008744e+01 -19.313087 -18.624099 -18.726702 -18.787286 -18.722900 -18.597750 -18.717559 -18.786870
1.046096e+01 -19.372069 -18.693533 -18.782294 -18.840766 -18.783677 -18.642328 -18.739189 -18.905934
1.084831e+01 -19.416453 -18.748217 -18.851744 -18.892048 -18.820728 -18.651245 -18.744293 -18.888080
1.125000e+01 -19.462164 -18.810919 -18.903962 -18.939649 -18.848985 -18.684476 -18.781838 -18.873346
1.166656e+01 -19.504953 -18.866934 -18.968847 -18.985996 -18.890527 -18.712071 -18.783119 -18.943837
1.209856e+01 -19.548492 -18.923636 -19.017348 -19.032243 -18.911819 -18.701404 -18.781449 -18.987532
1.254655e+01 -19.578027 -18.972638 -19.081570 -19.066171 -18.945891 -18.732586 -18.787840 -18.947975
1.301112e+01 -19.604880 -19.015540 -19.123128 -19.103351 -18.968238 -18.743484 -18.802217 -18.978802
1.349289e+01 -19.617059 -19.057377 -19.169923 -19.140221 -18.988227 -18.730193 -18.779992 -19.009624
1.399251e+01 -19.635942 -19.098102 -19.219680 -19.169658 -19.006593 -18.727503 -18.778105 -19.013950
1.451063e+01 -19.641277 -19.133604 -19.253687 -19.196569 -19.014670 -18.736773 -18.788316 -19.004349
1.504793e+01 -19.644589 -19.163044 -19.293684 -19.222680 -19.027507 -18.719513 -18.770489 -19.007664
1.560513e+01 -19.629652 -19.185735 -19.334063 -19.252646 -19.016393 -18.720801 -18.725254 -18.987026
1.618296e+01 -19.613719 -19.214139 -19.361059 -19.264177 -19.028698 -18.706630 -18.723746 -18.950352
1.678218e+01 -19.590441 -19.228939 -19.391363 -19.284486 -19.016742 -18.678148 -18.693148 -18.976282
1.740360e+01 -19.558882 -19.246797 -19.415774 -19.298055 -19.013085 -18.662310 -18.656959 -18.948366
1.804802e+01 -19.517711 -19.249519 -19.443367 -19.318518 -19.011935 -18.631082 -18.625060 -18.886489
1.871630e+01 -19.468428 -19.256659 -19.454992 -19.322345 -19.000942 -18.585700 -18.561071 -18.860545
1.940933e+01 -19.412989 -19.255389 -19.471313 -19.334055 -18.984720 -18.552313 -18.544575 -18.768502
2.012802e+01 -19.343560 -19.238240 -19.477910 -19.329032 -18.982570 -18.510365 -18.528063 -18.771896
2.087333e+01 -19.266055 -19.218603 -19.485288 -19.331644 -18.959625 -18.480347 -18.483017 -18.715757
2.164623e+01 -19.185483 -19.191415 -19.487317 -19.322678 -18.936059 -18.418005 -18.449505 -18.680737
2.244774e+01 -19.097890 -19.153748 -19.479140 -19.312362 -18.909409 -18.375322 -18.422293 -18.633934
2.327894e+01 -18.993488 -19.098214 -19.473664 -19.296825 -18.890531 -18.314904 -18.433259 -18.561689
2.414092e+01 -18.874281 -19.030564 -19.459359 -19.271845 -18.857830 -18.252415 -18.419157 -18.554342
2.503481e+01 -18.755485 -18.949929 -19.429646 -19.239052 -18.819908 -18.182874 -18.433892 -18.553276
2.596181e+01 -18.633137 -18.855895 -19.397704 -19.205059 -18.782711 -18.070593 -18.448648 -18.511559
2.692312e+01 -18.493100 -18.753635 -19.354929 -19.165053 -18.750716 -17.955584 -18.481006 -18.509834
2.792004e+01 -18.341711 -18.637737 -19.310738 -19.122275 -18.714858 -17.824161 -18.507547 -18.445400
2.895387e+01 -18.161400 -18.510914 -19.242263 -19.082556 -18.695403 -17.664548 -18.542254 -18.490833
3.002597e+01 -17.960635 -18.379211 -19.168821 -19.041353 -18.705306 -17.549467 -18.603823 -18.518602
3.113778e+01 -17.730631 -18.223264 -19.086955 -19.023836 -18.753210 -17.513093 -18.683558 -18.546304
3.229075e+01 -17.507050 -18.071420 -18.995534 -19.012678 -18.812282 -17.552607 -18.755878 -18.595061
3.348642e+01 -17.270404 -17.907690 -18.898532 -18.999539 -18.874038 -17.616757 -18.830086 -18.642749
3.472636e+01 -17.032044 -17.738899 -18.791532 -18.983865 -18.924414 -17.683463 -18.896285 -18.663176
3.601222e+01 -16.816018 -17.571910 -18.682442 -18.961510 -18.962660 -17.789468 -18.929764 -18.725436
3.734568e+01 -16.598486 -17.413342 -18.574128 -18.914017 -18.982342 -17.872470 -18.979876 -18.757554
3.872852e+01 -16.396169 -17.263009 -18.458147 -18.856772 -18.970010 -17.950721 -18.969746 -18.793949
4.016256e+01 -16.210068 -17.134811 -18.353855 -18.795408 -18.941776 -18.038347 -18.981855 -18.773954
4.164970e+01 -16.040340 -17.010462 -18.254512 -18.710360 -18.881763 -18.110607 -18.918718 -18.745403
4.319192e+01 -15.909093 -16.925397 -18.155472 -18.619808 -18.794180 -18.083502 -18.889250 -18.694640
4.479123e+01 -15.753338 -16.842086 -18.080120 -18.531642 -18.700675 -18.074169 -18.840613 -18.625604
4.644977e+01 -15.597325 -16.770297 -18.001419 -18.436612 -18.590662 -17.961311 -18.764587 -18.557441
4.816972e+01 -15.498734 -16.716266 -17.941228 -18.354506 -18.477070 -17.847913 -18.701049 -18.449407
4.995336e+01 -15.312264 -16.670796 -17.879260 -18.262817 -18.361244 -17.719935 -18.630322 -18.308969
5.180304e+01 -15.125709 -16.615250 -17.826376 -18.172103 -18.238114 -17.521154 -18.522343 -18.236133
5.372120e+01 -14.928711 -16.575375 -17.780581 -18.094198 -18.124388 -17.335418 -18.397670 -18.051599
5.571040e+01 -14.780037 -16.541367 -17.739844 -18.021473 -17.999034 -17.141612 -18.275169 -17.958446
5.777325e+01 -14.673094 -16.496388 -17.702858 -17.952066 -17.905648 -16.967343 -18.141587 -17.791833
5.991249e+01 -14.521841 -16.447741 -17.654363 -17.871489 -17.782588 -16.836066 -18.024874 -17.676048
6.213094e+01 -14.336449 -16.397140 -17.608559 -17.794692 -17.691855 -16.750950 -17.870742 -17.483542
6.443153e+01 -14.167203 -16.342511 -17.553965 -17.714564 -17.593066 -16.642879 -17.758263 -17.336511
6.681731e+01 -13.957393 -16.277775 -17.500510 -17.626543 -17.475158 -16.595890 -17.604085 -17.199792
6.929144e+01 -13.762023 -16.202973 -17.439155 -17.535205 -17.363260 -16.563199 -17.448914 -17.042078
7.185717e+01 -13.484187 -16.125712 -17.380240 -17.449108 -17.254997 -16.530935 -17.294627 -16.797894
7.451791e+01 -13.285483 -16.043562 -17.310926 -17.355716 -17.172052 -16.518564 -17.117218 -16.644033
7.727716e+01 -13.039279 -15.932236 -17.217048 -17.258482 -17.072324 -16.534623 -16.983083 -16.379524
8.013859e+01 -12.800416 -15.823444 -17.126753 -17.158434 -16.981801 -16.575537 -16.805812 -16.173631
8.310597e+01 -12.437068 -15.670119 -17.023525 -17.064043 -16.902860 -16.617492 -16.721650 -15.904887
8.618323e+01 -12.132929 -15.532450 -16.896739 -16.970781 -16.834927 -16.687263 -16.601157 -15.662705
8.937444e+01 -11.720458 -15.331901 -16.754774 -16.883675 -16.789682 -16.794359 -16.507350 -15.395961
9.268381e+01 -11.435365 -15.072196 -16.589799 -16.806642 -16.779468 -16.911948 -16.453774 -15.130943
9.611572e+01 -11.106919 -14.706389 -16.410066 -16.740280 -16.791479 -17.043377 -16.411616 -14.778323
9.967470e+01 -10.644846 -14.169268 -16.166258 -16.675507 -16.848891 -17.187449 -16.460246 -14.651815
