#NTIMES:  59
#NVEL:   115
#TIMES: 9.76000e-01 1.07400e+00 1.18100e+00 1.30000e+00 1.43000e+00 1.57300e+00 1.73000e+00 1.90000e+00 2.09000e+00 2.30000e+00 2.53000e+00 2.78300e+00 3.06100e+00 3.36700e+00 3.70400e+00 4.07400e+00 4.48100e+00 4.92900e+00 5.42200e+00 5.96400e+00 6.56000e+00 7.21600e+00 7.93800e+00 8.73200e+00 9.60000e+00 1.05600e+01 1.16200e+01 1.27800e+01 1.40600e+01 1.54700e+01 1.70200e+01 1.87200e+01 2.05900e+01 2.26500e+01 2.49100e+01 2.74000e+01 3.01400e+01 3.31500e+01 3.64600e+01 4.01100e+01 4.41200e+01 4.85300e+01 5.33800e+01 5.87200e+01 6.45900e+01 7.10500e+01 7.82000e+01 8.60000e+01 9.46000e+01 1.04100e+02 1.14500e+02 1.26000e+02 1.38600e+02 1.52500e+02 1.67800e+02 1.84600e+02 2.03100e+02 2.23400e+02 2.45700e+02
#vel_mid[km/s] ne_t0[/cm^3] ne_t1[/cm^3] ... ne_tn[/cm^3]
8.77213e+02 2.44029e+14 -9.99999e+99 1.32958e+14 9.80817e+13 7.21075e+13 -9.99999e+99 -9.99999e+99 -9.99999e+99 -9.99999e+99 -9.99999e+99 -9.99999e+99 -9.99999e+99 -9.99999e+99 -9.99999e+99 -9.99999e+99 -9.99999e+99 -9.99999e+99 -9.99999e+99 -9.99999e+99 -9.99999e+99 -9.99999e+99 -9.99999e+99 -9.99999e+99 -9.99999e+99 -9.99999e+99 -9.99999e+99 -9.99999e+99 -9.99999e+99 -9.99999e+99 -9.99999e+99 -9.99999e+99 -9.99999e+99 1.40853e+10 1.05399e+10 7.71040e+09 4.87374e+09 3.02858e+09 2.25866e+09 1.69147e+09 1.23647e+09 8.39696e+08 5.19626e+08 3.67795e+08 2.86263e+08 2.19613e+08 1.69414e+08 1.28987e+08 9.92846e+07 7.34522e+07 5.69664e+07 4.13119e+07 3.03373e+07 2.40202e+07 1.79991e+07 1.32180e+07 9.68508e+06 7.65080e+06 5.66775e+06 3.72069e+06
8.83179e+02 2.44029e+14 1.79596e+14 1.32958e+14 9.80817e+13 7.21075e+13 5.26359e+13 3.84005e+13 2.83478e+13 2.10029e+13 1.55910e+13 1.15433e+13 8.46412e+12 6.15122e+12 4.47059e+12 3.28068e+12 2.43441e+12 1.81753e+12 1.36072e+12 1.02019e+12 7.65833e+11 5.75302e+11 4.32195e+11 3.24600e+11 2.43676e+11 1.83074e+11 1.37060e+11 1.01916e+11 7.48097e+10 5.32530e+10 3.68231e+10 2.59070e+10 1.88793e+10 1.40853e+10 1.05399e+10 7.71038e+09 4.87380e+09 3.02858e+09 2.25866e+09 1.69147e+09 1.23648e+09 8.39708e+08 5.19641e+08 3.67789e+08 2.86262e+08 2.19612e+08 1.69414e+08 1.28987e+08 9.92846e+07 7.34522e+07 5.69662e+07 4.17721e+07 3.06129e+07 2.39684e+07 1.79962e+07 1.32555e+07 9.72661e+06 7.59496e+06 5.50837e+06 3.77907e+06
9.01324e+02 2.44029e+14 1.79596e+14 1.32958e+14 9.80818e+13 7.21079e+13 5.26365e+13 3.84010e+13 2.83483e+13 2.10033e+13 1.55914e+13 1.15440e+13 8.46495e+12 6.15229e+12 4.47152e+12 3.28124e+12 2.43463e+12 1.81766e+12 1.36082e+12 1.02027e+12 7.65879e+11 5.75334e+11 4.32215e+11 3.24609e+11 2.43683e+11 1.83079e+11 1.37064e+11 1.01921e+11 7.48139e+10 5.32575e+10 3.68252e+10 2.59077e+10 1.88794e+10 1.40853e+10 1.05399e+10 7.71030e+09 4.87352e+09 3.02863e+09 2.25866e+09 1.69148e+09 1.23655e+09 8.39856e+08 5.19737e+08 3.67792e+08 2.86257e+08 2.19607e+08 1.69410e+08 1.28984e+08 9.92822e+07 7.34511e+07 5.69649e+07 4.29885e+07 3.14568e+07 2.38275e+07 1.79788e+07 1.33656e+07 9.83893e+06 7.44542e+06 5.25379e+06 3.92213e+06
9.38739e+02 2.44030e+14 1.79597e+14 1.32959e+14 9.80830e+13 7.21104e+13 5.26406e+13 3.84049e+13 2.83514e+13 2.10056e+13 1.55935e+13 1.15480e+13 8.47042e+12 6.15891e+12 4.47705e+12 3.28454e+12 2.43613e+12 1.81853e+12 1.36142e+12 1.02070e+12 7.66160e+11 5.75521e+11 4.32333e+11 3.24671e+11 2.43724e+11 1.83108e+11 1.37087e+11 1.01945e+11 7.48398e+10 5.32833e+10 3.68376e+10 2.59112e+10 1.88798e+10 1.40853e+10 1.05399e+10 7.71006e+09 4.87205e+09 3.02880e+09 2.25867e+09 1.69153e+09 1.23672e+09 8.40169e+08 5.19986e+08 3.67818e+08 2.86249e+08 2.19597e+08 1.69401e+08 1.28977e+08 9.92765e+07 7.34503e+07 5.69625e+07 4.26850e+07 3.22450e+07 2.39702e+07 1.77901e+07 1.33644e+07 9.92329e+06 7.28520e+06 5.30132e+06 4.00517e+06
9.98902e+02 2.44034e+14 1.79603e+14 1.32965e+14 9.80894e+13 7.21222e+13 5.26580e+13 3.84211e+13 2.83637e+13 2.10142e+13 1.56018e+13 1.15616e+13 8.48984e+12 6.18132e+12 4.49514e+12 3.29527e+12 2.44152e+12 1.82152e+12 1.36331e+12 1.02197e+12 7.67024e+11 5.76082e+11 4.32679e+11 3.24877e+11 2.43854e+11 1.83195e+11 1.37156e+11 1.02016e+11 7.49232e+10 5.33621e+10 3.68800e+10 2.59225e+10 1.88813e+10 1.40855e+10 1.05400e+10 7.71031e+09 4.86998e+09 3.02921e+09 2.25872e+09 1.69161e+09 1.23692e+09 8.40446e+08 5.21254e+08 3.67937e+08 2.86232e+08 2.19444e+08 1.69382e+08 1.28962e+08 9.92639e+07 7.44017e+07 5.69584e+07 4.31008e+07 3.21098e+07 2.42158e+07 1.74976e+07 1.30511e+07 9.85689e+06 7.16853e+06 5.35412e+06 4.01493e+06
1.05989e+03 2.44066e+14 1.79638e+14 1.32996e+14 9.81148e+13 7.21621e+13 5.27090e+13 3.84645e+13 2.83953e+13 2.10350e+13 1.56200e+13 1.15881e+13 8.52624e+12 6.22247e+12 4.52834e+12 3.31541e+12 2.45175e+12 1.82717e+12 1.36666e+12 1.02409e+12 7.68423e+11 5.76977e+11 4.33234e+11 3.25217e+11 2.44067e+11 1.83338e+11 1.37268e+11 1.02132e+11 7.50586e+10 5.34901e+10 3.69521e+10 2.59420e+10 1.88846e+10 1.40868e+10 1.05410e+10 7.71133e+09 4.86816e+09 3.02997e+09 2.25891e+09 1.69177e+09 1.23698e+09 8.40330e+08 5.23173e+08 3.69001e+08 2.86199e+08 2.19281e+08 1.69353e+08 1.28939e+08 9.92432e+07 7.45941e+07 5.69764e+07 4.29301e+07 3.20390e+07 2.41227e+07 1.79562e+07 1.32070e+07 9.88190e+06 7.20513e+06 5.33128e+06 4.04258e+06
1.12463e+03 2.44248e+14 1.79812e+14 1.33141e+14 9.82233e+13 7.22986e+13 5.28607e+13 3.85827e+13 2.84786e+13 2.10872e+13 1.56598e+13 1.16373e+13 8.58908e+12 6.29140e+12 4.58567e+12 3.35198e+12 2.47110e+12 1.83784e+12 1.37276e+12 1.02771e+12 7.70756e+11 5.78452e+11 4.34148e+11 3.25795e+11 2.44446e+11 1.83593e+11 1.37464e+11 1.02318e+11 7.52714e+10 5.36870e+10 3.70683e+10 2.59771e+10 1.88966e+10 1.40942e+10 1.05472e+10 7.71577e+09 4.86755e+09 3.03236e+09 2.26015e+09 1.69269e+09 1.23729e+09 8.39918e+08 5.24108e+08 3.72170e+08 2.86171e+08 2.19519e+08 1.69516e+08 1.28931e+08 9.92210e+07 7.49123e+07 5.70660e+07 4.27154e+07 3.22979e+07 2.40720e+07 1.77727e+07 1.33103e+07 9.84360e+06 7.17821e+06 5.33803e+06 3.99685e+06
1.19333e+03 2.45064e+14 1.80472e+14 1.33642e+14 9.86206e+13 7.27344e+13 5.32967e+13 3.89075e+13 2.87076e+13 2.12292e+13 1.57533e+13 1.17310e+13 8.69160e+12 6.40214e+12 4.68211e+12 3.41893e+12 2.50971e+12 1.86056e+12 1.38611e+12 1.03544e+12 7.76082e+11 5.81889e+11 4.36332e+11 3.27343e+11 2.45578e+11 1.84353e+11 1.38024e+11 1.02776e+11 7.57483e+10 5.40732e+10 3.73225e+10 2.60739e+10 1.89692e+10 1.41454e+10 1.05892e+10 7.74406e+09 4.88123e+09 3.04460e+09 2.26925e+09 1.69942e+09 1.24108e+09 8.41589e+08 5.25809e+08 3.75043e+08 2.86602e+08 2.20589e+08 1.69980e+08 1.29216e+08 9.94688e+07 7.52437e+07 5.72954e+07 4.29675e+07 3.22170e+07 2.41004e+07 1.79913e+07 1.33330e+07 9.75167e+06 7.22661e+06 5.34121e+06 3.98123e+06
1.26622e+03 2.47498e+14 1.82748e+14 1.35464e+14 9.99565e+13 7.40222e+13 5.45106e+13 3.98159e+13 2.93562e+13 2.16626e+13 1.60160e+13 1.19527e+13 8.88124e+12 6.58734e+12 4.85036e+12 3.55047e+12 2.59596e+12 1.91498e+12 1.42097e+12 1.05808e+12 7.90844e+11 5.92218e+11 4.43650e+11 3.32307e+11 2.49330e+11 1.87203e+11 1.40164e+11 1.04420e+11 7.70068e+10 5.50861e+10 3.79694e+10 2.64770e+10 1.92403e+10 1.43414e+10 1.07380e+10 7.84842e+09 4.93730e+09 3.08825e+09 2.30205e+09 1.72350e+09 1.25607e+09 8.50895e+08 5.30553e+08 3.79842e+08 2.89589e+08 2.23241e+08 1.71564e+08 1.30722e+08 1.00944e+08 7.62321e+07 5.78131e+07 4.31528e+07 3.25441e+07 2.44296e+07 1.83398e+07 1.34109e+07 9.90300e+06 7.34629e+06 5.45938e+06 4.10006e+06
1.34357e+03 2.57022e+14 1.89943e+14 1.40801e+14 1.03819e+14 7.70494e+13 5.70369e+13 4.19361e+13 3.08566e+13 2.26586e+13 1.66543e+13 1.23760e+13 9.21208e+12 6.85929e+12 5.08739e+12 3.75057e+12 2.74913e+12 2.01682e+12 1.48661e+12 1.10115e+12 8.17820e+11 6.10357e+11 4.56387e+11 3.40953e+11 2.55402e+11 1.91803e+11 1.43636e+11 1.07074e+11 7.89089e+10 5.65774e+10 3.89230e+10 2.70823e+10 1.96589e+10 1.46427e+10 1.09603e+10 8.00425e+09 5.01774e+09 3.15198e+09 2.34957e+09 1.75831e+09 1.27854e+09 8.62520e+08 5.37209e+08 3.85074e+08 2.94237e+08 2.26725e+08 1.74746e+08 1.32933e+08 1.02200e+08 7.79077e+07 5.84668e+07 4.38421e+07 3.30672e+07 2.48013e+07 1.86340e+07 1.34115e+07 1.00203e+07 7.47869e+06 5.53044e+06 4.04847e+06
1.42564e+03 2.76335e+14 2.03021e+14 1.49503e+14 1.09929e+14 8.12056e+13 6.00500e+13 4.45127e+13 3.28228e+13 2.39787e+13 1.75149e+13 1.28767e+13 9.54349e+12 7.10159e+12 5.28481e+12 3.92289e+12 2.90253e+12 2.13138e+12 1.56301e+12 1.14795e+12 8.46877e+11 6.27207e+11 4.66268e+11 3.47589e+11 2.59444e+11 1.94450e+11 1.45550e+11 1.08543e+11 8.01672e+10 5.75400e+10 3.95956e+10 2.74424e+10 1.98814e+10 1.48157e+10 1.10812e+10 8.08913e+09 5.04873e+09 3.18353e+09 2.37426e+09 1.77689e+09 1.29049e+09 8.64809e+08 5.40470e+08 3.88210e+08 2.96205e+08 2.29029e+08 1.77127e+08 1.34523e+08 1.02705e+08 7.83886e+07 5.88461e+07 4.41050e+07 3.33189e+07 2.48973e+07 1.84071e+07 1.37099e+07 1.01699e+07 7.49778e+06 5.50548e+06 4.07760e+06
1.51272e+03 2.89926e+14 2.13543e+14 1.57138e+14 1.15361e+14 8.45338e+13 6.22154e+13 4.60916e+13 3.41763e+13 2.51008e+13 1.83505e+13 1.33964e+13 9.82625e+12 7.26446e+12 5.39695e+12 4.01841e+12 2.99205e+12 2.21433e+12 1.63054e+12 1.19628e+12 8.75699e+11 6.42824e+11 4.73768e+11 3.50833e+11 2.60969e+11 1.95130e+11 1.45891e+11 1.08798e+11 8.05167e+10 5.79727e+10 3.98866e+10 2.75202e+10 1.98986e+10 1.48181e+10 1.10857e+10 8.08538e+09 5.03320e+09 3.18539e+09 2.37591e+09 1.77832e+09 1.28864e+09 8.60831e+08 5.40007e+08 3.89610e+08 2.98375e+08 2.29712e+08 1.76452e+08 1.35060e+08 1.02717e+08 7.80969e+07 5.89799e+07 4.40130e+07 3.33229e+07 2.48899e+07 1.84637e+07 1.39312e+07 1.02510e+07 7.55118e+06 5.54455e+06 4.10604e+06
1.60513e+03 2.91953e+14 2.17548e+14 1.61431e+14 1.18876e+14 8.72591e+13 6.40216e+13 4.70898e+13 3.50047e+13 2.58750e+13 1.90645e+13 1.39592e+13 1.01944e+13 7.46621e+12 5.49780e+12 4.07194e+12 3.03417e+12 2.25923e+12 1.67605e+12 1.23731e+12 9.05884e+11 6.60736e+11 4.81959e+11 3.53858e+11 2.61386e+11 1.94662e+11 1.45300e+11 1.08343e+11 8.03729e+10 5.80447e+10 3.99942e+10 2.74511e+10 1.97928e+10 1.47435e+10 1.10270e+10 8.03679e+09 4.98645e+09 3.16851e+09 2.36358e+09 1.76918e+09 1.27988e+09 8.51903e+08 5.37177e+08 3.88336e+08 2.97026e+08 2.29175e+08 1.75343e+08 1.34507e+08 1.02326e+08 7.77504e+07 5.88159e+07 4.41173e+07 3.31819e+07 2.47546e+07 1.85603e+07 1.38032e+07 1.02600e+07 7.55497e+06 5.58464e+06 4.13879e+06
1.70317e+03 2.94751e+14 2.20326e+14 1.64593e+14 1.22065e+14 9.01355e+13 6.62567e+13 4.85819e+13 3.59123e+13 2.65163e+13 1.95904e+13 1.44661e+13 1.06326e+13 7.77132e+12 5.67665e+12 4.15869e+12 3.07342e+12 2.28436e+12 1.70049e+12 1.26384e+12 9.32052e+11 6.81203e+11 4.93808e+11 3.58644e+11 2.62362e+11 1.94149e+11 1.44510e+11 1.07691e+11 8.00596e+10 5.80098e+10 4.00551e+10 2.73423e+10 1.96531e+10 1.46398e+10 1.09492e+10 7.97111e+09 4.92884e+09 3.14567e+09 2.34755e+09 1.75656e+09 1.26766e+09 8.39002e+08 5.32332e+08 3.87011e+08 2.95752e+08 2.28144e+08 1.74555e+08 1.33741e+08 1.01927e+08 7.77432e+07 5.84921e+07 4.42294e+07 3.28868e+07 2.46186e+07 1.85089e+07 1.36813e+07 1.01971e+07 7.47839e+06 5.58876e+06 4.14124e+06
1.80721e+03 2.98905e+14 2.23597e+14 1.67466e+14 1.24927e+14 9.28721e+13 6.86791e+13 5.06302e+13 3.73079e+13 2.73983e+13 2.01471e+13 1.48970e+13 1.10229e+13 8.11776e+12 5.94317e+12 4.32850e+12 3.15870e+12 2.32422e+12 1.72215e+12 1.28143e+12 9.51457e+11 7.01006e+11 5.09442e+11 3.66938e+11 2.65407e+11 1.94695e+11 1.44273e+11 1.07364e+11 7.99146e+10 5.81304e+10 4.02380e+10 2.73203e+10 1.95630e+10 1.45671e+10 1.08958e+10 7.92108e+09 4.87806e+09 3.13082e+09 2.33678e+09 1.74768e+09 1.25765e+09 8.27326e+08 5.28991e+08 3.87062e+08 2.95060e+08 2.27719e+08 1.74149e+08 1.33227e+08 1.01651e+08 7.74058e+07 5.81995e+07 4.38262e+07 3.27850e+07 2.45474e+07 1.84118e+07 1.35677e+07 1.01751e+07 7.52664e+06 5.60512e+06 4.11110e+06
1.91760e+03 3.00283e+14 2.25184e+14 1.69119e+14 1.26558e+14 9.46116e+13 7.04949e+13 5.24126e+13 3.88167e+13 2.85177e+13 2.08773e+13 1.53521e+13 1.13252e+13 8.37817e+12 6.18300e+12 4.53240e+12 3.29089e+12 2.39264e+12 1.75226e+12 1.29619e+12 9.63065e+11 7.14653e+11 5.24076e+11 3.76875e+11 2.70102e+11 1.95926e+11 1.44176e+11 1.07028e+11 7.97385e+10 5.82148e+10 4.04422e+10 2.73006e+10 1.94661e+10 1.44861e+10 1.08386e+10 7.86663e+09 4.82593e+09 3.11593e+09 2.32520e+09 1.73874e+09 1.24644e+09 8.15833e+08 5.25667e+08 3.87240e+08 2.95106e+08 2.27314e+08 1.73935e+08 1.32750e+08 1.01074e+08 7.68010e+07 5.79622e+07 4.37635e+07 3.25628e+07 2.45324e+07 1.83316e+07 1.35754e+07 1.01599e+07 7.50451e+06 5.56152e+06 4.08001e+06
2.03474e+03 3.00931e+14 2.25430e+14 1.69403e+14 1.27033e+14 9.51612e+13 7.12003e+13 5.33129e+13 3.97611e+13 2.93890e+13 2.15892e+13 1.58131e+13 1.15821e+13 8.52362e+12 6.29780e+12 4.65278e+12 3.40192e+12 2.46646e+12 1.78560e+12 1.30511e+12 9.63307e+11 7.16353e+11 5.29658e+11 3.83104e+11 2.73665e+11 1.96057e+11 1.42900e+11 1.05677e+11 7.87919e+10 5.77081e+10 4.02987e+10 2.70584e+10 1.91954e+10 1.42701e+10 1.06801e+10 7.73975e+09 4.72532e+09 3.07091e+09 2.29200e+09 1.71385e+09 1.22442e+09 7.97025e+08 5.18888e+08 3.84389e+08 2.93543e+08 2.25723e+08 1.72578e+08 1.31722e+08 1.00121e+08 7.60836e+07 5.76500e+07 4.31637e+07 3.23981e+07 2.42963e+07 1.81437e+07 1.34785e+07 1.00579e+07 7.47254e+06 5.54525e+06 4.06368e+06
2.15903e+03 2.96490e+14 2.21735e+14 1.66317e+14 1.24890e+14 9.35927e+13 7.00892e+13 5.26661e+13 3.94844e+13 2.93696e+13 2.17550e+13 1.59843e+13 1.16970e+13 8.54390e+12 6.26876e+12 4.62606e+12 3.40933e+12 2.49031e+12 1.79916e+12 1.29797e+12 9.47385e+11 7.01535e+11 5.20395e+11 3.80233e+11 2.72415e+11 1.93198e+11 1.39213e+11 1.02404e+11 7.63979e+10 5.61358e+10 3.94508e+10 2.63852e+10 1.86001e+10 1.38123e+10 1.03340e+10 7.48309e+09 4.55008e+09 2.97488e+09 2.22016e+09 1.66063e+09 1.18440e+09 7.69022e+08 5.08029e+08 3.77742e+08 2.88669e+08 2.21450e+08 1.69692e+08 1.29632e+08 9.83119e+07 7.47956e+07 5.65335e+07 4.22835e+07 3.18126e+07 2.38189e+07 1.77817e+07 1.32010e+07 9.86665e+06 7.34194e+06 5.40891e+06 4.02631e+06
2.29091e+03 2.82171e+14 2.11734e+14 1.59071e+14 1.19288e+14 8.95574e+13 6.71847e+13 5.04767e+13 3.80081e+13 2.84146e+13 2.11861e+13 1.56868e+13 1.15451e+13 8.42422e+12 6.13741e+12 4.49392e+12 3.31695e+12 2.44148e+12 1.77590e+12 1.27536e+12 9.19727e+11 6.74535e+11 5.00096e+11 3.68601e+11 2.65836e+11 1.87793e+11 1.33738e+11 9.77238e+10 7.28808e+10 5.37641e+10 3.79955e+10 2.53426e+10 1.77375e+10 1.31675e+10 9.84483e+09 7.12275e+09 4.31760e+09 2.84224e+09 2.11901e+09 1.58586e+09 1.13110e+09 7.35527e+08 4.93385e+08 3.68702e+08 2.81892e+08 2.15695e+08 1.65294e+08 1.26318e+08 9.57877e+07 7.24841e+07 5.49823e+07 4.12456e+07 3.09183e+07 2.31801e+07 1.73076e+07 1.28822e+07 9.56316e+06 7.12349e+06 5.27579e+06 3.93792e+06
2.43085e+03 2.66812e+14 2.00579e+14 1.50969e+14 1.13036e+14 8.49889e+13 6.38731e+13 4.79425e+13 3.61973e+13 2.71519e+13 2.03029e+13 1.51395e+13 1.12168e+13 8.22679e+12 5.98439e+12 4.35048e+12 3.19713e+12 2.35911e+12 1.72961e+12 1.24775e+12 8.92970e+11 6.47373e+11 4.78429e+11 3.54213e+11 2.57393e+11 1.82078e+11 1.28352e+11 9.31167e+10 6.93789e+10 5.13598e+10 3.64610e+10 2.42913e+10 1.69041e+10 1.25317e+10 9.37234e+09 6.76740e+09 4.08728e+09 2.71452e+09 2.02163e+09 1.51222e+09 1.07932e+09 7.03906e+08 4.78920e+08 3.59361e+08 2.74929e+08 2.10442e+08 1.61023e+08 1.22851e+08 9.34462e+07 7.04410e+07 5.36883e+07 4.02420e+07 3.00616e+07 2.25445e+07 1.68229e+07 1.25439e+07 9.29962e+06 6.94172e+06 5.17674e+06 3.84252e+06
2.57933e+03 2.55824e+14 1.92197e+14 1.44710e+14 1.08364e+14 8.14747e+13 6.12679e+13 4.59958e+13 3.47409e+13 2.61012e+13 1.95337e+13 1.46250e+13 1.08815e+13 8.03254e+12 5.86162e+12 4.24940e+12 3.10019e+12 2.28430e+12 1.68344e+12 1.22286e+12 8.73814e+11 6.27894e+11 4.61220e+11 3.41772e+11 2.49914e+11 1.77335e+11 1.24055e+11 8.94284e+10 6.66639e+10 4.93738e+10 3.51718e+10 2.34133e+10 1.62357e+10 1.20295e+10 8.99319e+09 6.47457e+09 3.88754e+09 2.61316e+09 1.94464e+09 1.45393e+09 1.03538e+09 6.77732e+08 4.68670e+08 3.52438e+08 2.69484e+08 2.06118e+08 1.57661e+08 1.20299e+08 9.15516e+07 6.92092e+07 5.24743e+07 3.93192e+07 2.94819e+07 2.20311e+07 1.64676e+07 1.22454e+07 9.13788e+06 6.81729e+06 5.07885e+06 3.77645e+06
2.73689e+03 2.47421e+14 1.85476e+14 1.39513e+14 1.04627e+14 7.85705e+13 5.90401e+13 4.43806e+13 3.34776e+13 2.51530e+13 1.88324e+13 1.41204e+13 1.05276e+13 7.80598e+12 5.72117e+12 4.15016e+12 3.00622e+12 2.20912e+12 1.63232e+12 1.19114e+12 8.53156e+11 6.09439e+11 4.44946e+11 3.29609e+11 2.41849e+11 1.72085e+11 1.19792e+11 8.59953e+10 6.41645e+10 4.74876e+10 3.38849e+10 2.25179e+10 1.56110e+10 1.15710e+10 8.63704e+09 6.18770e+09 3.69205e+09 2.51835e+09 1.87436e+09 1.40043e+09 9.93727e+08 6.53730e+08 4.58918e+08 3.46163e+08 2.64322e+08 2.02082e+08 1.54341e+08 1.17725e+08 8.96325e+07 6.77214e+07 5.14306e+07 3.83860e+07 2.88793e+07 2.15682e+07 1.61474e+07 1.20095e+07 8.97392e+06 6.70243e+06 4.98117e+06 3.70443e+06
2.90407e+03 2.35442e+14 1.76135e+14 1.32224e+14 9.93125e+13 7.44918e+13 5.58946e+13 4.20710e+13 3.16955e+13 2.37905e+13 1.78304e+13 1.33665e+13 9.98206e+12 7.41504e+12 5.44833e+12 3.95600e+12 2.85598e+12 2.09446e+12 1.54886e+12 1.13289e+12 8.13677e+11 5.79475e+11 4.21839e+11 3.12536e+11 2.29638e+11 1.63701e+11 1.13720e+11 8.15727e+10 6.09043e+10 4.50720e+10 3.21410e+10 2.13309e+10 1.48343e+10 1.09899e+10 8.19227e+09 5.82246e+09 3.46155e+09 2.40041e+09 1.78652e+09 1.33281e+09 9.42947e+08 6.25597e+08 4.44556e+08 3.36622e+08 2.56560e+08 1.96314e+08 1.50172e+08 1.14161e+08 8.69699e+07 6.56734e+07 4.98847e+07 3.73015e+07 2.80377e+07 2.09582e+07 1.56645e+07 1.16952e+07 8.74177e+06 6.52608e+06 4.85376e+06 3.60521e+06
3.08146e+03 2.14732e+14 1.60914e+14 1.20830e+14 9.07207e+13 6.80903e+13 5.10946e+13 3.84550e+13 2.89931e+13 2.17583e+13 1.63228e+13 1.22352e+13 9.15026e+12 6.79919e+12 4.99533e+12 3.62458e+12 2.62205e+12 1.92354e+12 1.42280e+12 1.04187e+12 7.48743e+11 5.33550e+11 3.89014e+11 2.88499e+11 2.12023e+11 1.51193e+11 1.05165e+11 7.56922e+10 5.65247e+10 4.18417e+10 2.97382e+10 1.97366e+10 1.38105e+10 1.02128e+10 7.60127e+09 5.33879e+09 3.17956e+09 2.24182e+09 1.66708e+09 1.24014e+09 8.77059e+08 5.87625e+08 4.22692e+08 3.20674e+08 2.44244e+08 1.86948e+08 1.43026e+08 1.08572e+08 8.25743e+07 6.23502e+07 4.73164e+07 3.55739e+07 2.66201e+07 1.99706e+07 1.48981e+07 1.11664e+07 8.35742e+06 6.24000e+06 4.64433e+06 3.44662e+06
3.26969e+03 1.88889e+14 1.41901e+14 1.06788e+14 8.00658e+13 6.01826e+13 4.52419e+13 3.40093e+13 2.56823e+13 1.93014e+13 1.44658e+13 1.08533e+13 8.10712e+12 6.01997e+12 4.41540e+12 3.20063e+12 2.32334e+12 1.71024e+12 1.26642e+12 9.25226e+11 6.63933e+11 4.75153e+11 3.47988e+11 2.58499e+11 1.89513e+11 1.34841e+11 9.42792e+10 6.83209e+10 5.10131e+10 3.77065e+10 2.66503e+10 1.77090e+10 1.24784e+10 9.20931e+09 6.83694e+09 4.72933e+09 2.84218e+09 2.03151e+09 1.50852e+09 1.11855e+09 7.95014e+08 5.38294e+08 3.90177e+08 2.96379e+08 2.25969e+08 1.72920e+08 1.32063e+08 1.00190e+08 7.60760e+07 5.75810e+07 4.35913e+07 3.27904e+07 2.45721e+07 1.84442e+07 1.38039e+07 1.03080e+07 7.72788e+06 5.75954e+06 4.31829e+06 3.21062e+06
3.46941e+03 1.62768e+14 1.22163e+14 9.19430e+13 6.89026e+13 5.17560e+13 3.88897e+13 2.92154e+13 2.20339e+13 1.65456e+13 1.23841e+13 9.27577e+12 6.90819e+12 5.10964e+12 3.73349e+12 2.70823e+12 1.97387e+12 1.45813e+12 1.07869e+12 7.84949e+11 5.62543e+11 4.05766e+11 2.98709e+11 2.21694e+11 1.62125e+11 1.14964e+11 8.10808e+10 5.92001e+10 4.42251e+10 3.25746e+10 2.29069e+10 1.52793e+10 1.08223e+10 7.97420e+09 5.89890e+09 4.01453e+09 2.44581e+09 1.76747e+09 1.31150e+09 9.69577e+08 6.96294e+08 4.76614e+08 3.47823e+08 2.64351e+08 2.01840e+08 1.54252e+08 1.17591e+08 8.91450e+07 6.76965e+07 5.12388e+07 3.87264e+07 2.90937e+07 2.17839e+07 1.63806e+07 1.22964e+07 9.17593e+06 6.89443e+06 5.14760e+06 3.85665e+06 2.88533e+06
3.68134e+03 1.34820e+14 1.01004e+14 7.56296e+13 5.66486e+13 4.24954e+13 3.17972e+13 2.38967e+13 1.79924e+13 1.34397e+13 1.00895e+13 7.50084e+12 5.59635e+12 4.10552e+12 2.97835e+12 2.17062e+12 1.60038e+12 1.18179e+12 8.70423e+11 6.34458e+11 4.54927e+11 3.32059e+11 2.45856e+11 1.81807e+11 1.33090e+11 9.43337e+10 6.72372e+10 4.93930e+10 3.69497e+10 2.71260e+10 1.90240e+10 1.27689e+10 9.06024e+09 6.66852e+09 4.91470e+09 3.29266e+09 2.03782e+09 1.48733e+09 1.10434e+09 8.15304e+08 5.91648e+08 4.11328e+08 3.01514e+08 2.29654e+08 1.75157e+08 1.33672e+08 1.01591e+08 7.70713e+07 5.84996e+07 4.41307e+07 3.33568e+07 2.50185e+07 1.87679e+07 1.41177e+07 1.05601e+07 7.91207e+06 5.95671e+06 4.46299e+06 3.33438e+06 2.51226e+06
3.90621e+03 1.04841e+14 7.95451e+13 5.98774e+13 4.46002e+13 3.36407e+13 2.52525e+13 1.89302e+13 1.43263e+13 1.06997e+13 8.05186e+12 5.95951e+12 4.46063e+12 3.25505e+12 2.35174e+12 1.73214e+12 1.29563e+12 9.55621e+11 7.02427e+11 5.14404e+11 3.70414e+11 2.73521e+11 2.03657e+11 1.50168e+11 1.10032e+11 7.83050e+10 5.64443e+10 4.16632e+10 3.11635e+10 2.28287e+10 1.59566e+10 1.07739e+10 7.64324e+09 5.62250e+09 4.13069e+09 2.72445e+09 1.71821e+09 1.26339e+09 9.38292e+08 6.93453e+08 5.05077e+08 3.57196e+08 2.62518e+08 2.00461e+08 1.52396e+08 1.16161e+08 8.80584e+07 6.67738e+07 5.05339e+07 3.81424e+07 2.88240e+07 2.15585e+07 1.62127e+07 1.21437e+07 9.13105e+06 6.82982e+06 5.15612e+06 3.87045e+06 2.89179e+06 2.16739e+06
4.14482e+03 8.87914e+13 6.73057e+13 5.11382e+13 3.80321e+13 2.87438e+13 2.17489e+13 1.62211e+13 1.23284e+13 9.27995e+12 6.93033e+12 5.15017e+12 3.82382e+12 2.79917e+12 2.03743e+12 1.51266e+12 1.13198e+12 8.36569e+11 6.14342e+11 4.49202e+11 3.25981e+11 2.42188e+11 1.80796e+11 1.33122e+11 9.70381e+10 6.94748e+10 5.06229e+10 3.75103e+10 2.79573e+10 2.04289e+10 1.41687e+10 9.63230e+09 6.83714e+09 5.02612e+09 3.67711e+09 2.38302e+09 1.53787e+09 1.13511e+09 8.41409e+08 6.22352e+08 4.53546e+08 3.24513e+08 2.38655e+08 1.81621e+08 1.37592e+08 1.04856e+08 7.93354e+07 6.02005e+07 4.53072e+07 3.42187e+07 2.58813e+07 1.93831e+07 1.45656e+07 1.09468e+07 8.23787e+06 6.14633e+06 4.63552e+06 3.48702e+06 2.60707e+06 1.94957e+06
4.39800e+03 8.67998e+13 6.51302e+13 4.90528e+13 3.66773e+13 2.75787e+13 2.07574e+13 1.55431e+13 1.17381e+13 8.81386e+12 6.55453e+12 4.87034e+12 3.57964e+12 2.62967e+12 1.93580e+12 1.43594e+12 1.06881e+12 7.91211e+11 5.77999e+11 4.20440e+11 3.07908e+11 2.28956e+11 1.70708e+11 1.25536e+11 9.06739e+10 6.52921e+10 4.79761e+10 3.56381e+10 2.64395e+10 1.92410e+10 1.32078e+10 9.05652e+09 6.44862e+09 4.73373e+09 3.43858e+09 2.18778e+09 1.45208e+09 1.07204e+09 7.92792e+08 5.87376e+08 4.28915e+08 3.07291e+08 2.26115e+08 1.71138e+08 1.29542e+08 9.86836e+07 7.46172e+07 5.64910e+07 4.25486e+07 3.20527e+07 2.42614e+07 1.82192e+07 1.37106e+07 1.02882e+07 7.74100e+06 5.79324e+06 4.35246e+06 3.27635e+06 2.45200e+06 1.83288e+06
4.66664e+03 8.49754e+13 6.31519e+13 4.72116e+13 3.54835e+13 2.65638e+13 1.98987e+13 1.49549e+13 1.12425e+13 8.41325e+12 6.25502e+12 4.63496e+12 3.39486e+12 2.49446e+12 1.84442e+12 1.36741e+12 1.01481e+12 7.49718e+11 5.45113e+11 3.95893e+11 2.91994e+11 2.17074e+11 1.61377e+11 1.18413e+11 8.49230e+10 6.14063e+10 4.53403e+10 3.37143e+10 2.49687e+10 1.80297e+10 1.22748e+10 8.47718e+09 6.08329e+09 4.47071e+09 3.21254e+09 2.01478e+09 1.37353e+09 1.01762e+09 7.52232e+08 5.59062e+08 4.09721e+08 2.93328e+08 2.16262e+08 1.63231e+08 1.23769e+08 9.39983e+07 7.10838e+07 5.36931e+07 4.05470e+07 3.06174e+07 2.31071e+07 1.73523e+07 1.30733e+07 9.81713e+06 7.37341e+06 5.53902e+06 4.15616e+06 3.12529e+06 2.34159e+06 1.75306e+06
4.95170e+03 7.70515e+13 5.79267e+13 4.34903e+13 3.26556e+13 2.45045e+13 1.83615e+13 1.38200e+13 1.03971e+13 7.76241e+12 5.78275e+12 4.26253e+12 3.12647e+12 2.28980e+12 1.69233e+12 1.25787e+12 9.32893e+11 6.85293e+11 4.98057e+11 3.62751e+11 2.68370e+11 1.99740e+11 1.48126e+11 1.08179e+11 7.73081e+10 5.60597e+10 4.14887e+10 3.08519e+10 2.28519e+10 1.62830e+10 1.10367e+10 7.69965e+09 5.57590e+09 4.11448e+09 2.91372e+09 1.81733e+09 1.26919e+09 9.44539e+08 6.99290e+08 5.21985e+08 3.83168e+08 2.75897e+08 2.03730e+08 1.53896e+08 1.16849e+08 8.85963e+07 6.70257e+07 5.05812e+07 3.81992e+07 2.88891e+07 2.17681e+07 1.63412e+07 1.23136e+07 9.25542e+06 6.95148e+06 5.22696e+06 3.92328e+06 2.94736e+06 2.21315e+06 1.65805e+06
5.25417e+03 6.96476e+13 5.25601e+13 3.96934e+13 2.96828e+13 2.23514e+13 1.68205e+13 1.26205e+13 9.52799e+12 7.12696e+12 5.29938e+12 3.89662e+12 2.85220e+12 2.08364e+12 1.53899e+12 1.14497e+12 8.47770e+11 6.19708e+11 4.49546e+11 3.28199e+11 2.43006e+11 1.81042e+11 1.33932e+11 9.70946e+10 6.91980e+10 5.03269e+10 3.73047e+10 2.77327e+10 2.04907e+10 1.43653e+10 9.71704e+09 6.87478e+09 5.02672e+09 3.71643e+09 2.58199e+09 1.61996e+09 1.15642e+09 8.62732e+08 6.39729e+08 4.79439e+08 3.52825e+08 2.56063e+08 1.89397e+08 1.43265e+08 1.08849e+08 8.25169e+07 6.23909e+07 4.70765e+07 3.54910e+07 2.67989e+07 2.02136e+07 1.51905e+07 1.14423e+07 8.60064e+06 6.47102e+06 4.85813e+06 3.64600e+06 2.73847e+06 2.06074e+06 1.54602e+06
5.57512e+03 6.58417e+13 4.93544e+13 3.71219e+13 2.77893e+13 2.08804e+13 1.56921e+13 1.17691e+13 8.87272e+12 6.63733e+12 4.92181e+12 3.61506e+12 2.63227e+12 1.92120e+12 1.41824e+12 1.05332e+12 7.77546e+11 5.65813e+11 4.08661e+11 2.98501e+11 2.21276e+11 1.64744e+11 1.21379e+11 8.72536e+10 6.20295e+10 4.52864e+10 3.36205e+10 2.49803e+10 1.83277e+10 1.26270e+10 8.57386e+09 6.14973e+09 4.53610e+09 3.35066e+09 2.27022e+09 1.45279e+09 1.05463e+09 7.88045e+08 5.84778e+08 4.39324e+08 3.24554e+08 2.36535e+08 1.75525e+08 1.33051e+08 1.00972e+08 7.65382e+07 5.77894e+07 4.36011e+07 3.29017e+07 2.48241e+07 1.87052e+07 1.40619e+07 1.05691e+07 7.96120e+06 5.99135e+06 4.49672e+06 3.38252e+06 2.53760e+06 1.90653e+06 1.43460e+06
5.91567e+03 6.16244e+13 4.61838e+13 3.46675e+13 2.59991e+13 1.95119e+13 1.46352e+13 1.09956e+13 8.27504e+12 6.17761e+12 4.57787e+12 3.35232e+12 2.43501e+12 1.77615e+12 1.31204e+12 9.73292e+11 7.15842e+11 5.18305e+11 3.73592e+11 2.73448e+11 2.03049e+11 1.50926e+11 1.10514e+11 7.87663e+10 5.60459e+10 4.11276e+10 3.05923e+10 2.26963e+10 1.64445e+10 1.11436e+10 7.66385e+09 5.56248e+09 4.12956e+09 3.03642e+09 1.99735e+09 1.31815e+09 9.69183e+08 7.26345e+08 5.38201e+08 4.04843e+08 3.00283e+08 2.19714e+08 1.63473e+08 1.23896e+08 9.39024e+07 7.11541e+07 5.37251e+07 4.04953e+07 3.05692e+07 2.30710e+07 1.73676e+07 1.30657e+07 9.80885e+06 7.39789e+06 5.55982e+06 4.17927e+06 3.14403e+06 2.36114e+06 1.77166e+06 1.33290e+06
6.27702e+03 5.67136e+13 4.26695e+13 3.21376e+13 2.40710e+13 1.80960e+13 1.35971e+13 1.02071e+13 7.68946e+12 5.73795e+12 4.24145e+12 3.09539e+12 2.24648e+12 1.64119e+12 1.21472e+12 9.00284e+11 6.59186e+11 4.74925e+11 3.42888e+11 2.52206e+11 1.87445e+11 1.38981e+11 1.00905e+11 7.13400e+10 5.11365e+10 3.77814e+10 2.81427e+10 2.07815e+10 1.47678e+10 9.91346e+09 6.94935e+09 5.09955e+09 3.79315e+09 2.75693e+09 1.76362e+09 1.20886e+09 8.96582e+08 6.73512e+08 4.98293e+08 3.75011e+08 2.78791e+08 2.04498e+08 1.52610e+08 1.15376e+08 8.74525e+07 6.62640e+07 5.00821e+07 3.77289e+07 2.84924e+07 2.14737e+07 1.61692e+07 1.21821e+07 9.14977e+06 6.88786e+06 5.17985e+06 3.89386e+06 2.92829e+06 2.20100e+06 1.65309e+06 1.24093e+06
6.66044e+03 5.30329e+13 3.97817e+13 2.99493e+13 2.24202e+13 1.68462e+13 1.26639e+13 9.48950e+12 7.14352e+12 5.32752e+12 3.91462e+12 2.85179e+12 2.06698e+12 1.51820e+12 1.12392e+12 8.29830e+11 6.04310e+11 4.33574e+11 3.14504e+11 2.32503e+11 1.72802e+11 1.27391e+11 9.13821e+10 6.45055e+10 4.68311e+10 3.48168e+10 2.59153e+10 1.89509e+10 1.31279e+10 8.86650e+09 6.34122e+09 4.69242e+09 3.48800e+09 2.46940e+09 1.56415e+09 1.11046e+09 8.28304e+08 6.23243e+08 4.60513e+08 3.46352e+08 2.57695e+08 1.89160e+08 1.41517e+08 1.06912e+08 8.10229e+07 6.14058e+07 4.64058e+07 3.49588e+07 2.64196e+07 1.98906e+07 1.49874e+07 1.12949e+07 8.48945e+06 6.39416e+06 4.80413e+06 3.61420e+06 2.71760e+06 2.04271e+06 1.53365e+06 1.15294e+06
7.06729e+03 4.89779e+13 3.65913e+13 2.74151e+13 2.05714e+13 1.54175e+13 1.15501e+13 8.66583e+12 6.49584e+12 4.81749e+12 3.52212e+12 2.55789e+12 1.86253e+12 1.37538e+12 1.01839e+12 7.47007e+11 5.39717e+11 3.88389e+11 2.84291e+11 2.10888e+11 1.56522e+11 1.14052e+11 8.08037e+10 5.77906e+10 4.24871e+10 3.16906e+10 2.35182e+10 1.68847e+10 1.14332e+10 7.91716e+09 5.74931e+09 4.27371e+09 3.15755e+09 2.13106e+09 1.38686e+09 1.01053e+09 7.56911e+08 5.70052e+08 4.20801e+08 3.16145e+08 2.35271e+08 1.72825e+08 1.29565e+08 9.80035e+07 7.42651e+07 5.62617e+07 4.25560e+07 3.20631e+07 2.42198e+07 1.82505e+07 1.37542e+07 1.03504e+07 7.79265e+06 5.87908e+06 4.41794e+06 3.32298e+06 2.49602e+06 1.87962e+06 1.41198e+06 1.06069e+06
7.49899e+03 4.28034e+13 3.21876e+13 2.41912e+13 1.81379e+13 1.36142e+13 1.01973e+13 7.64845e+12 5.71754e+12 4.20584e+12 3.06493e+12 2.22338e+12 1.63608e+12 1.21243e+12 8.97132e+11 6.53117e+11 4.69533e+11 3.42219e+11 2.53371e+11 1.88262e+11 1.38757e+11 9.95033e+10 7.05437e+10 5.16046e+10 3.82383e+10 2.85610e+10 2.10136e+10 1.46625e+10 9.91922e+09 7.06905e+09 5.18407e+09 3.85787e+09 2.79311e+09 1.79580e+09 1.23232e+09 9.12166e+08 6.85502e+08 5.16527e+08 3.81037e+08 2.85368e+08 2.12299e+08 1.56242e+08 1.17297e+08 8.88849e+07 6.73708e+07 5.10135e+07 3.85865e+07 2.91276e+07 2.19927e+07 1.65774e+07 1.25115e+07 9.41710e+06 7.09737e+06 5.34879e+06 4.02827e+06 3.03015e+06 2.28018e+06 1.71486e+06 1.29074e+06 9.69235e+05
7.95706e+03 3.73749e+13 2.81873e+13 2.12776e+13 1.59071e+13 1.19634e+13 8.97957e+12 6.69965e+12 4.99238e+12 3.65082e+12 2.65657e+12 1.94237e+12 1.44040e+12 1.06752e+12 7.83704e+11 5.67367e+11 4.10943e+11 3.03943e+11 2.26476e+11 1.67671e+11 1.21601e+11 8.66922e+10 6.27617e+10 4.66288e+10 3.46763e+10 2.58040e+10 1.85951e+10 1.26660e+10 8.79072e+09 6.36848e+09 4.69973e+09 3.47998e+09 2.39433e+09 1.53880e+09 1.10549e+09 8.25386e+08 6.21090e+08 4.68180e+08 3.43845e+08 2.56839e+08 1.90638e+08 1.40609e+08 1.05774e+08 8.01376e+07 6.07668e+07 4.60784e+07 3.48465e+07 2.63278e+07 1.98815e+07 1.50089e+07 1.13401e+07 8.55105e+06 6.44184e+06 4.85253e+06 3.66048e+06 2.75616e+06 2.07377e+06 1.55884e+06 1.17693e+06 8.83172e+05
8.44310e+03 3.36816e+13 2.52386e+13 1.89718e+13 1.41939e+13 1.06425e+13 7.95779e+12 5.90165e+12 4.35975e+12 3.18110e+12 2.33098e+12 1.72387e+12 1.27948e+12 9.40919e+11 6.84017e+11 4.97990e+11 3.66912e+11 2.73330e+11 2.02795e+11 1.47958e+11 1.06405e+11 7.72629e+10 5.71376e+10 4.26232e+10 3.16953e+10 2.31848e+10 1.62191e+10 1.11154e+10 7.90963e+09 5.79150e+09 4.28118e+09 3.08987e+09 1.98318e+09 1.35546e+09 1.00066e+09 7.50330e+08 5.64701e+08 4.24829e+08 3.08975e+08 2.31321e+08 1.70724e+08 1.26223e+08 9.51768e+07 7.21568e+07 5.47159e+07 4.15681e+07 3.14311e+07 2.37523e+07 1.79601e+07 1.35700e+07 1.02675e+07 7.75511e+06 5.83836e+06 4.40442e+06 3.32212e+06 2.50549e+06 1.88421e+06 1.41864e+06 1.07130e+06 8.03922e+05
8.95884e+03 2.95712e+13 2.21707e+13 1.66323e+13 1.24517e+13 9.29990e+12 6.89943e+12 5.08920e+12 3.74404e+12 2.74905e+12 2.03829e+12 1.51281e+12 1.11354e+12 8.12785e+11 5.95486e+11 4.40602e+11 3.28104e+11 2.43406e+11 1.78095e+11 1.28841e+11 9.44899e+10 7.00194e+10 5.21761e+10 3.88766e+10 2.85472e+10 2.02678e+10 1.40359e+10 9.84929e+09 7.13550e+09 5.26721e+09 3.83542e+09 2.57339e+09 1.67662e+09 1.21396e+09 9.07299e+08 6.81108e+08 5.11441e+08 3.80912e+08 2.76730e+08 2.07129e+08 1.51879e+08 1.12645e+08 8.51217e+07 6.45431e+07 4.90411e+07 3.72666e+07 2.82298e+07 2.13372e+07 1.61544e+07 1.22297e+07 9.25511e+06 6.99483e+06 5.27606e+06 3.97870e+06 3.00677e+06 2.26832e+06 1.70861e+06 1.28835e+06 9.71624e+05 7.29131e+05
9.50608e+03 2.51667e+13 1.89456e+13 1.42524e+13 1.06149e+13 7.89322e+12 5.82733e+12 4.29637e+12 3.19519e+12 2.37211e+12 1.75880e+12 1.29614e+12 9.47095e+11 7.00912e+11 5.22376e+11 3.89245e+11 2.88494e+11 2.11818e+11 1.55110e+11 1.14350e+11 8.51376e+10 6.35294e+10 4.72785e+10 3.46928e+10 2.47102e+10 1.72859e+10 1.21553e+10 8.72981e+09 6.42023e+09 4.68774e+09 3.22130e+09 2.06657e+09 1.46853e+09 1.09202e+09 8.17464e+08 6.11913e+08 4.53396e+08 3.35114e+08 2.45778e+08 1.82699e+08 1.33406e+08 9.92043e+07 7.51225e+07 5.70611e+07 4.34218e+07 3.30088e+07 2.50407e+07 1.89486e+07 1.43661e+07 1.08992e+07 8.24547e+06 6.23963e+06 4.71466e+06 3.56401e+06 2.68772e+06 2.03162e+06 1.53033e+06 1.15416e+06 8.69859e+05 6.53614e+05
1.00868e+04 2.15302e+13 1.60934e+13 1.20225e+13 8.90609e+12 6.59926e+12 4.89688e+12 3.63513e+12 2.72134e+12 2.01883e+12 1.48725e+12 1.09877e+12 8.17735e+11 6.10279e+11 4.53922e+11 3.35886e+11 2.47307e+11 1.83015e+11 1.36335e+11 1.01944e+11 7.59852e+10 5.65462e+10 4.11678e+10 2.92553e+10 2.04956e+10 1.44830e+10 1.04447e+10 7.65659e+09 5.57513e+09 3.82992e+09 2.48161e+09 1.74133e+09 1.29046e+09 9.64316e+08 7.18069e+08 5.29608e+08 3.89012e+08 2.89418e+08 2.12845e+08 1.56618e+08 1.14296e+08 8.52672e+07 6.48418e+07 4.92726e+07 3.75200e+07 2.85602e+07 2.16978e+07 1.64504e+07 1.24929e+07 9.47000e+06 7.18362e+06 5.43470e+06 4.10706e+06 3.10057e+06 2.34194e+06 1.77250e+06 1.33544e+06 1.00604e+06 7.59306e+05 5.70500e+05
1.07029e+04 1.76484e+13 1.31345e+13 9.78370e+12 7.24286e+12 5.39800e+12 4.02181e+12 2.99560e+12 2.23509e+12 1.65943e+12 1.23645e+12 9.21561e+11 6.87309e+11 5.09364e+11 3.77161e+11 2.79841e+11 2.08484e+11 1.55597e+11 1.16068e+11 8.65764e+10 6.34476e+10 4.59143e+10 3.24130e+10 2.26823e+10 1.62082e+10 1.18346e+10 8.69528e+09 6.24220e+09 4.29519e+09 2.81862e+09 1.96332e+09 1.45718e+09 1.08633e+09 8.07214e+08 5.92585e+08 4.32887e+08 3.21187e+08 2.40280e+08 1.76202e+08 1.28076e+08 9.39496e+07 7.04134e+07 5.35824e+07 4.08381e+07 3.11354e+07 2.36441e+07 1.80352e+07 1.36843e+07 1.04184e+07 7.88085e+06 5.97131e+06 4.52572e+06 3.41706e+06 2.58171e+06 1.95509e+06 1.47537e+06 1.11326e+06 8.34818e+05 6.30102e+05 4.73601e+05
1.13567e+04 1.34843e+13 1.00884e+13 7.52737e+12 5.62286e+12 4.19077e+12 3.11467e+12 2.32424e+12 1.73892e+12 1.29264e+12 9.62399e+11 7.17655e+11 5.33579e+11 3.99476e+11 2.98359e+11 2.22403e+11 1.65574e+11 1.22540e+11 8.98046e+10 6.49754e+10 4.60949e+10 3.26726e+10 2.33540e+10 1.69677e+10 1.24857e+10 9.12225e+09 6.45096e+09 4.32369e+09 2.94762e+09 2.07957e+09 1.53666e+09 1.14979e+09 8.51576e+08 6.23643e+08 4.54144e+08 3.36721e+08 2.51596e+08 1.88361e+08 1.37063e+08 9.95272e+07 7.36079e+07 5.55551e+07 4.23207e+07 3.22570e+07 2.46022e+07 1.86815e+07 1.42321e+07 1.08411e+07 8.26876e+06 6.26416e+06 4.75037e+06 3.58984e+06 2.71760e+06 2.05010e+06 1.55436e+06 1.16529e+06 8.79394e+05 6.62985e+05 4.98674e+05 3.74198e+05
1.20504e+04 9.71874e+12 7.35645e+12 5.54713e+12 4.13100e+12 3.10007e+12 2.31478e+12 1.73700e+12 1.30092e+12 9.61839e+11 7.21667e+11 5.38446e+11 4.01432e+11 2.99192e+11 2.21354e+11 1.62192e+11 1.17707e+11 8.41114e+10 5.98483e+10 4.34079e+10 3.14571e+10 2.30985e+10 1.69879e+10 1.24259e+10 8.84342e+09 6.06402e+09 4.07454e+09 2.85468e+09 2.12561e+09 1.56916e+09 1.16921e+09 8.67659e+08 6.35280e+08 4.63157e+08 3.42038e+08 2.55630e+08 1.92713e+08 1.43905e+08 1.03856e+08 7.53262e+07 5.62773e+07 4.27970e+07 3.26248e+07 2.49230e+07 1.90858e+07 1.45843e+07 1.11136e+07 8.45204e+06 6.42702e+06 4.85702e+06 3.68163e+06 2.78995e+06 2.11614e+06 1.60175e+06 1.20126e+06 9.05666e+05 6.81480e+05 5.12161e+05 3.85241e+05 2.88378e+05
1.27870e+04 7.26896e+12 5.48764e+12 4.14390e+12 3.07741e+12 2.31124e+12 1.73287e+12 1.29254e+12 9.69379e+11 7.17973e+11 5.30280e+11 3.85834e+11 2.80458e+11 2.01726e+11 1.43683e+11 1.04695e+11 7.56284e+10 5.62977e+10 4.19197e+10 3.11079e+10 2.28387e+10 1.66017e+10 1.17816e+10 8.09277e+09 5.61071e+09 3.99331e+09 2.91350e+09 2.15619e+09 1.60111e+09 1.19053e+09 8.76292e+08 6.37902e+08 4.66137e+08 3.45433e+08 2.58127e+08 1.93857e+08 1.45454e+08 1.07620e+08 7.71645e+07 5.65996e+07 4.25723e+07 3.23759e+07 2.47383e+07 1.89419e+07 1.45300e+07 1.10829e+07 8.45146e+06 6.41036e+06 4.88189e+06 3.71201e+06 2.79928e+06 2.11843e+06 1.59532e+06 1.20212e+06 9.05468e+05 6.82714e+05 5.11041e+05 3.82896e+05 2.87167e+05 2.13764e+05
1.35494e+04 5.53975e+12 4.14192e+12 3.10254e+12 2.29637e+12 1.70155e+12 1.25636e+12 9.04474e+11 6.54550e+11 4.68555e+11 3.37602e+11 2.41302e+11 1.78807e+11 1.32005e+11 9.74268e+10 7.18776e+10 5.26971e+10 3.83312e+10 2.76923e+10 1.99201e+10 1.40847e+10 9.95940e+09 7.05660e+09 5.04344e+09 3.71508e+09 2.76401e+09 2.06479e+09 1.52998e+09 1.12300e+09 8.34651e+08 6.04466e+08 4.41383e+08 3.23929e+08 2.44312e+08 1.82612e+08 1.37325e+08 1.03275e+08 7.58317e+07 5.52399e+07 4.06896e+07 3.09557e+07 2.39944e+07 1.84203e+07 1.40963e+07 1.07446e+07 8.13091e+06 6.17042e+06 4.65391e+06 3.60924e+06 2.76220e+06 2.05654e+06 1.54876e+06 1.16158e+06 8.77818e+05 6.62483e+05 4.99005e+05 3.71769e+05 2.77055e+05 2.05159e+05 1.54808e+05
1.42287e+04 4.11071e+12 2.96995e+12 2.12650e+12 1.52297e+12 1.06053e+12 7.72245e+11 5.59082e+11 4.10928e+11 2.97570e+11 2.18852e+11 1.61450e+11 1.18150e+11 8.55939e+10 6.11198e+10 4.30705e+10 3.28139e+10 2.30987e+10 1.56450e+10 1.17042e+10 8.45605e+09 6.34961e+09 4.77763e+09 3.47115e+09 2.64117e+09 1.97681e+09 1.46461e+09 1.08351e+09 8.38924e+08 5.96859e+08 4.68573e+08 3.45830e+08 2.52563e+08 1.94337e+08 1.47234e+08 1.10768e+08 8.25112e+07 6.13327e+07 4.45801e+07 3.37673e+07 2.58311e+07 2.01307e+07 1.55080e+07 1.18848e+07 9.10689e+06 6.88130e+06 5.23417e+06 3.92340e+06 3.08741e+06 2.34121e+06 1.75260e+06 1.31759e+06 9.88352e+05 7.48274e+05 5.55643e+05 4.23981e+05 3.12026e+05 2.32988e+05 1.72821e+05 1.30643e+05
1.47721e+04 2.77967e+12 2.08315e+12 1.49183e+12 1.08769e+12 7.74727e+11 5.77846e+11 4.20741e+11 3.08752e+11 2.20969e+11 1.57796e+11 1.14829e+11 8.19515e+10 6.12751e+10 4.56471e+10 3.38770e+10 2.49427e+10 1.87538e+10 1.40975e+10 1.04858e+10 7.90782e+09 5.87985e+09 4.36313e+09 3.36438e+09 2.51080e+09 1.87020e+09 1.39701e+09 1.03405e+09 7.68127e+08 5.79855e+08 4.32073e+08 3.31418e+08 2.49414e+08 1.89359e+08 1.43114e+08 1.07043e+08 7.94366e+07 5.87113e+07 4.35775e+07 3.31776e+07 2.54408e+07 1.97558e+07 1.52234e+07 1.16833e+07 9.02480e+06 6.85367e+06 5.22752e+06 3.98802e+06 3.05091e+06 2.31180e+06 1.74812e+06 1.31455e+06 9.86316e+05 7.44096e+05 5.56910e+05 4.19180e+05 3.12061e+05 2.33127e+05 1.72387e+05 1.28120e+05
1.52581e+04 2.38805e+12 1.77744e+12 1.32228e+12 9.48165e+11 6.96128e+11 5.05380e+11 3.59438e+11 2.62205e+11 1.87438e+11 1.37787e+11 9.86029e+10 7.44089e+10 5.60280e+10 4.35773e+10 3.34471e+10 2.42104e+10 1.89012e+10 1.47321e+10 1.13710e+10 8.43617e+09 6.39535e+09 4.81588e+09 3.55084e+09 2.71068e+09 2.02352e+09 1.48288e+09 1.07472e+09 7.72430e+08 6.10558e+08 4.47191e+08 3.49941e+08 2.61469e+08 1.98487e+08 1.48705e+08 1.10693e+08 8.09197e+07 6.04775e+07 4.50566e+07 3.51041e+07 2.69843e+07 2.06667e+07 1.59405e+07 1.23784e+07 9.59882e+06 7.31832e+06 5.57590e+06 4.23973e+06 3.19659e+06 2.45926e+06 1.84488e+06 1.38162e+06 1.03704e+06 7.86432e+05 5.84817e+05 4.39540e+05 3.25111e+05 2.41382e+05 1.79042e+05 1.33451e+05
1.56736e+04 2.37369e+12 1.77241e+12 1.27592e+12 9.30186e+11 6.53340e+11 4.98742e+11 3.59891e+11 2.79471e+11 2.16524e+11 1.59794e+11 1.22264e+11 9.11969e+10 6.91638e+10 5.20809e+10 3.90649e+10 2.96235e+10 2.25733e+10 1.70152e+10 1.26874e+10 9.52666e+09 7.12160e+09 5.33120e+09 4.01648e+09 2.99078e+09 2.22276e+09 1.65256e+09 1.22341e+09 9.00343e+08 6.89693e+08 5.09082e+08 3.88437e+08 2.93758e+08 2.19482e+08 1.62067e+08 1.18796e+08 8.79056e+07 6.56331e+07 5.01476e+07 3.87471e+07 2.98318e+07 2.29728e+07 1.77065e+07 1.35129e+07 1.03937e+07 7.96079e+06 6.06045e+06 4.59745e+06 3.51279e+06 2.65141e+06 2.00107e+06 1.50151e+06 1.11902e+06 8.44684e+05 6.32643e+05 4.69120e+05 3.47630e+05 2.57582e+05 1.90994e+05 1.42520e+05
1.59827e+04 2.62900e+12 1.93506e+12 1.47188e+12 1.08785e+12 8.28649e+11 6.17752e+11 4.64854e+11 3.46367e+11 2.54710e+11 1.90528e+11 1.41335e+11 1.05018e+11 7.87238e+10 5.92559e+10 4.46363e+10 3.32375e+10 2.48206e+10 1.86073e+10 1.40677e+10 1.04204e+10 7.82340e+09 5.88054e+09 4.27934e+09 3.19194e+09 2.38347e+09 1.76410e+09 1.31060e+09 9.84526e+08 7.32850e+08 5.51163e+08 4.23199e+08 3.17354e+08 2.32668e+08 1.71989e+08 1.24694e+08 9.30855e+07 6.95917e+07 5.36460e+07 4.16198e+07 3.15257e+07 2.43284e+07 1.87400e+07 1.44968e+07 1.10162e+07 8.50204e+06 6.48247e+06 4.89775e+06 3.67448e+06 2.78200e+06 2.09689e+06 1.57101e+06 1.17074e+06 8.77230e+05 6.56036e+05 4.84843e+05 3.59298e+05 2.68126e+05 1.98573e+05 1.47782e+05
1.62022e+04 2.80015e+12 2.06658e+12 1.53961e+12 1.15140e+12 8.62685e+11 6.50555e+11 4.82300e+11 3.64002e+11 2.75804e+11 2.02696e+11 1.52400e+11 1.12979e+11 8.54050e+10 6.45858e+10 4.85841e+10 3.46138e+10 2.60489e+10 1.97125e+10 1.47091e+10 1.10603e+10 8.31583e+09 6.12340e+09 4.43503e+09 3.33454e+09 2.49800e+09 1.83927e+09 1.35318e+09 1.00291e+09 7.52430e+08 5.66531e+08 4.34479e+08 3.19858e+08 2.34560e+08 1.70444e+08 1.25371e+08 9.39588e+07 7.13027e+07 5.45998e+07 4.22748e+07 3.22338e+07 2.49794e+07 1.93715e+07 1.46959e+07 1.11173e+07 8.59185e+06 6.60201e+06 4.97616e+06 3.75519e+06 2.81615e+06 2.12087e+06 1.59417e+06 1.19773e+06 8.86700e+05 6.62641e+05 4.89248e+05 3.62826e+05 2.70969e+05 2.00892e+05 1.49622e+05
1.63625e+04 2.63770e+12 1.93008e+12 1.45579e+12 1.09197e+12 8.20323e+11 6.16712e+11 4.58796e+11 3.44657e+11 2.58101e+11 1.92210e+11 1.43443e+11 1.06825e+11 7.98775e+10 5.97640e+10 4.47183e+10 3.45400e+10 2.55142e+10 1.85961e+10 1.35265e+10 1.02152e+10 7.59501e+09 5.63316e+09 4.35088e+09 3.15622e+09 2.37245e+09 1.82592e+09 1.38428e+09 1.01634e+09 7.66732e+08 5.56933e+08 4.20424e+08 3.12378e+08 2.28688e+08 1.65380e+08 1.22280e+08 9.35760e+07 7.08814e+07 5.44591e+07 4.24965e+07 3.19088e+07 2.46423e+07 1.90094e+07 1.47573e+07 1.11616e+07 8.65745e+06 6.66528e+06 4.97112e+06 3.70084e+06 2.80611e+06 2.10695e+06 1.59592e+06 1.19123e+06 8.83968e+05 6.58147e+05 4.88604e+05 3.59944e+05 2.68635e+05 1.99825e+05 1.49398e+05
1.64894e+04 2.10249e+12 1.61150e+12 1.22943e+12 9.52139e+11 7.22399e+11 5.44261e+11 4.18677e+11 3.16814e+11 2.36620e+11 1.77826e+11 1.34177e+11 9.89014e+10 7.42028e+10 5.56327e+10 4.16602e+10 3.09097e+10 2.29661e+10 1.69461e+10 1.25910e+10 9.40548e+09 7.02479e+09 5.24535e+09 3.96075e+09 2.90538e+09 2.18196e+09 1.66459e+09 1.28093e+09 9.92684e+08 7.12795e+08 5.21553e+08 4.07120e+08 2.94911e+08 2.16289e+08 1.58016e+08 1.19392e+08 8.92177e+07 6.99752e+07 5.24398e+07 4.06204e+07 3.16517e+07 2.43757e+07 1.87229e+07 1.42443e+07 1.08142e+07 8.32617e+06 6.38691e+06 4.81137e+06 3.65784e+06 2.70913e+06 2.08416e+06 1.56069e+06 1.17751e+06 8.63748e+05 6.45789e+05 4.77494e+05 3.56175e+05 2.63011e+05 1.94520e+05 1.46239e+05
1.65954e+04 1.49959e+12 1.19412e+12 9.56639e+11 7.48736e+11 5.83303e+11 4.49244e+11 3.48311e+11 2.66303e+11 2.00578e+11 1.54705e+11 1.15573e+11 8.90311e+10 6.72908e+10 5.08211e+10 3.83430e+10 2.78745e+10 2.08357e+10 1.55666e+10 1.18088e+10 8.72848e+09 6.54805e+09 4.92112e+09 3.63457e+09 2.69567e+09 2.02269e+09 1.52970e+09 1.16840e+09 9.00619e+08 6.53036e+08 4.91973e+08 3.74531e+08 2.76594e+08 2.00358e+08 1.49793e+08 1.12072e+08 8.55738e+07 6.56668e+07 4.98568e+07 3.90059e+07 2.99206e+07 2.32987e+07 1.82135e+07 1.37005e+07 1.04608e+07 8.04749e+06 6.15417e+06 4.67780e+06 3.52737e+06 2.62805e+06 1.98708e+06 1.53123e+06 1.12941e+06 8.32466e+05 6.26584e+05 4.59375e+05 3.39093e+05 2.54576e+05 1.89814e+05 1.39043e+05
1.66923e+04 1.00738e+12 8.72220e+11 7.37032e+11 6.02687e+11 4.81141e+11 3.77640e+11 2.91766e+11 2.23619e+11 1.70185e+11 1.31407e+11 9.85862e+10 7.73147e+10 5.88061e+10 4.46741e+10 3.38856e+10 2.51032e+10 1.88946e+10 1.42458e+10 1.06937e+10 8.04737e+09 6.04151e+09 4.52925e+09 3.33676e+09 2.50418e+09 1.87728e+09 1.40654e+09 1.06565e+09 8.16558e+08 5.98472e+08 4.59043e+08 3.44774e+08 2.52773e+08 1.85616e+08 1.38052e+08 1.04128e+08 8.06881e+07 6.17330e+07 4.74984e+07 3.72799e+07 2.82789e+07 2.19334e+07 1.70704e+07 1.32041e+07 1.01381e+07 7.79304e+06 5.92337e+06 4.48132e+06 3.31762e+06 2.55118e+06 1.89844e+06 1.44532e+06 1.07031e+06 8.00652e+05 5.91487e+05 4.42456e+05 3.23496e+05 2.39443e+05 1.78170e+05 1.32472e+05
1.67880e+04 6.69153e+11 6.04087e+11 5.56729e+11 4.87597e+11 4.00480e+11 3.17487e+11 2.49836e+11 1.95045e+11 1.50019e+11 1.13743e+11 8.67787e+10 6.57258e+10 5.04138e+10 3.85940e+10 2.94766e+10 2.26318e+10 1.70584e+10 1.28378e+10 9.58941e+09 7.28234e+09 5.46663e+09 4.09429e+09 3.05209e+09 2.29617e+09 1.72532e+09 1.28546e+09 9.64015e+08 7.33412e+08 5.44502e+08 4.16139e+08 3.13968e+08 2.29212e+08 1.69244e+08 1.26439e+08 9.62695e+07 7.43580e+07 5.76809e+07 4.42960e+07 3.45024e+07 2.66551e+07 2.05828e+07 1.59397e+07 1.23370e+07 9.52241e+06 7.27005e+06 5.48418e+06 4.15762e+06 3.11015e+06 2.37467e+06 1.78748e+06 1.34519e+06 1.00910e+06 7.44881e+05 5.56772e+05 4.12017e+05 3.03095e+05 2.24475e+05 1.66654e+05 1.23605e+05
1.68860e+04 4.76242e+11 4.21464e+11 3.98889e+11 3.81704e+11 3.33675e+11 2.72546e+11 2.16218e+11 1.68676e+11 1.29983e+11 1.01080e+11 7.74203e+10 5.86120e+10 4.41054e+10 3.29956e+10 2.49644e+10 2.01047e+10 1.51792e+10 1.13968e+10 8.45926e+09 6.49938e+09 4.87828e+09 3.64914e+09 2.77846e+09 2.07948e+09 1.56573e+09 1.17485e+09 8.71503e+08 6.48318e+08 4.94169e+08 3.72230e+08 2.81186e+08 2.06771e+08 1.52488e+08 1.15208e+08 8.80686e+07 6.78797e+07 5.30111e+07 4.08198e+07 3.16598e+07 2.47332e+07 1.91891e+07 1.47825e+07 1.13511e+07 8.79438e+06 6.69394e+06 5.03471e+06 3.82634e+06 2.89720e+06 2.19402e+06 1.64535e+06 1.24271e+06 9.30724e+05 6.87805e+05 5.16789e+05 3.80863e+05 2.79105e+05 2.08063e+05 1.54555e+05 1.13585e+05
1.69934e+04 3.57154e+11 3.05005e+11 2.85332e+11 2.80851e+11 2.63468e+11 2.29350e+11 1.85831e+11 1.47669e+11 1.15247e+11 8.84176e+10 6.77772e+10 5.23693e+10 3.98427e+10 3.00872e+10 2.25715e+10 1.73375e+10 1.31214e+10 9.81883e+09 7.22171e+09 5.64202e+09 4.23403e+09 3.16169e+09 2.47882e+09 1.84220e+09 1.39096e+09 1.05372e+09 7.88418e+08 5.84911e+08 4.46390e+08 3.24148e+08 2.46596e+08 1.82337e+08 1.36590e+08 1.03455e+08 7.90877e+07 6.17745e+07 4.78976e+07 3.70133e+07 2.87012e+07 2.25688e+07 1.76296e+07 1.36040e+07 1.02715e+07 7.99718e+06 6.06309e+06 4.54253e+06 3.47701e+06 2.65476e+06 1.99620e+06 1.48971e+06 1.13309e+06 8.44897e+05 6.28153e+05 4.70983e+05 3.48092e+05 2.54193e+05 1.89486e+05 1.40574e+05 1.02775e+05
1.71224e+04 2.74578e+11 2.27114e+11 2.03665e+11 1.94920e+11 1.90550e+11 1.80232e+11 1.54664e+11 1.25716e+11 9.88011e+10 7.70946e+10 5.97307e+10 4.54839e+10 3.47196e+10 2.65918e+10 2.01806e+10 1.48979e+10 1.11864e+10 8.46715e+09 6.48949e+09 4.76371e+09 3.58231e+09 2.70279e+09 2.11870e+09 1.55703e+09 1.18092e+09 9.08151e+08 6.88565e+08 5.16720e+08 3.88967e+08 2.85969e+08 2.16341e+08 1.59416e+08 1.20610e+08 8.97606e+07 6.97870e+07 5.52449e+07 4.28262e+07 3.35050e+07 2.60634e+07 2.00002e+07 1.57555e+07 1.22119e+07 9.25709e+06 7.19175e+06 5.43998e+06 4.11000e+06 3.12777e+06 2.36339e+06 1.79633e+06 1.33814e+06 1.00139e+06 7.56372e+05 5.58540e+05 4.20360e+05 3.10546e+05 2.30006e+05 1.69260e+05 1.23865e+05 9.23292e+04
1.73474e+04 1.97544e+11 1.56891e+11 1.31269e+11 1.19794e+11 1.11017e+11 1.10754e+11 1.04873e+11 9.33940e+10 7.65477e+10 6.09607e+10 4.77036e+10 3.68291e+10 2.86054e+10 2.18709e+10 1.64877e+10 1.25773e+10 9.52750e+09 7.21113e+09 5.45614e+09 4.09452e+09 3.07808e+09 2.31718e+09 1.69432e+09 1.29247e+09 9.65206e+08 7.08817e+08 5.16801e+08 3.97779e+08 2.95025e+08 2.20065e+08 1.74138e+08 1.27839e+08 9.93308e+07 7.56665e+07 5.85249e+07 4.61290e+07 3.60349e+07 2.78090e+07 2.19154e+07 1.71679e+07 1.33165e+07 1.01853e+07 7.61942e+06 5.91890e+06 4.44583e+06 3.38206e+06 2.55898e+06 1.97090e+06 1.48570e+06 1.10588e+06 8.36758e+05 6.23754e+05 4.67685e+05 3.44270e+05 2.59166e+05 1.92717e+05 1.41260e+05 1.04558e+05 7.66284e+04
1.78438e+04 1.27495e+11 9.66467e+10 7.45643e+10 6.29719e+10 5.29314e+10 4.69766e+10 4.23464e+10 4.36338e+10 4.17580e+10 3.75059e+10 3.09204e+10 2.47455e+10 1.93133e+10 1.51754e+10 1.15967e+10 8.96578e+09 6.82269e+09 5.16136e+09 3.90319e+09 2.91097e+09 2.19008e+09 1.64708e+09 1.20458e+09 9.09542e+08 6.79710e+08 5.11214e+08 3.84506e+08 2.86626e+08 2.15383e+08 1.58234e+08 1.25575e+08 9.47844e+07 7.37096e+07 5.64392e+07 4.42912e+07 3.49815e+07 2.75687e+07 2.13319e+07 1.67098e+07 1.28291e+07 9.97046e+06 7.60503e+06 5.77373e+06 4.38505e+06 3.31278e+06 2.52952e+06 1.91260e+06 1.45158e+06 1.08304e+06 8.11654e+05 6.06045e+05 4.56685e+05 3.47235e+05 2.57800e+05 1.90304e+05 1.39653e+05 1.03989e+05 7.70675e+04 5.67531e+04
1.85175e+04 9.22658e+10 6.94421e+10 5.25163e+10 4.02296e+10 3.10767e+10 2.46869e+10 2.03774e+10 1.79020e+10 1.68531e+10 1.75526e+10 1.71845e+10 1.56795e+10 1.30865e+10 1.03855e+10 8.16657e+09 6.30028e+09 4.84486e+09 3.67887e+09 2.78377e+09 2.08361e+09 1.56673e+09 1.17718e+09 8.78133e+08 6.55378e+08 4.91032e+08 3.69523e+08 2.75346e+08 2.03957e+08 1.54308e+08 1.14494e+08 9.23691e+07 7.12996e+07 5.55505e+07 4.35315e+07 3.42566e+07 2.71076e+07 2.12824e+07 1.63259e+07 1.27810e+07 9.87795e+06 7.58626e+06 5.78135e+06 4.42294e+06 3.36968e+06 2.54871e+06 1.92156e+06 1.45623e+06 1.09992e+06 8.26577e+05 6.20111e+05 4.63968e+05 3.46679e+05 2.63547e+05 1.95912e+05 1.44716e+05 1.06577e+05 7.88906e+04 5.87639e+04 4.33489e+04
1.92507e+04 6.65449e+10 5.00122e+10 3.77061e+10 2.84256e+10 2.14782e+10 1.63244e+10 1.26584e+10 1.01333e+10 8.58351e+09 7.67213e+09 7.72677e+09 8.07414e+09 7.85965e+09 6.91163e+09 5.66294e+09 4.47076e+09 3.45760e+09 2.66051e+09 2.02539e+09 1.53034e+09 1.15344e+09 8.67239e+08 6.46585e+08 4.83528e+08 3.61665e+08 2.69926e+08 1.99993e+08 1.47617e+08 1.11973e+08 8.32483e+07 6.99070e+07 5.37275e+07 4.27352e+07 3.35179e+07 2.67430e+07 2.09513e+07 1.64330e+07 1.27201e+07 9.86298e+06 7.69070e+06 5.83684e+06 4.45637e+06 3.41101e+06 2.57310e+06 1.94451e+06 1.46829e+06 1.12183e+06 8.44508e+05 6.40088e+05 4.76718e+05 3.54809e+05 2.64729e+05 2.00787e+05 1.49431e+05 1.10941e+05 8.17280e+04 6.04624e+04 4.50126e+04 3.32545e+04
2.00242e+04 4.58737e+10 3.45023e+10 2.60367e+10 1.96824e+10 1.48133e+10 1.11461e+10 8.52753e+09 6.54002e+09 5.11711e+09 4.20316e+09 3.81265e+09 3.77060e+09 3.93990e+09 3.89996e+09 3.53390e+09 2.95060e+09 2.35657e+09 1.81313e+09 1.40122e+09 1.07129e+09 8.09877e+08 6.09571e+08 4.51737e+08 3.39128e+08 2.53032e+08 1.88132e+08 1.39689e+08 1.03366e+08 7.77946e+07 5.83184e+07 5.18064e+07 4.03128e+07 3.19921e+07 2.58283e+07 2.02390e+07 1.58696e+07 1.23217e+07 9.63920e+06 7.34183e+06 5.65234e+06 4.37613e+06 3.31899e+06 2.55257e+06 1.93476e+06 1.47253e+06 1.10540e+06 8.35620e+05 6.29978e+05 4.75404e+05 3.54427e+05 2.63666e+05 1.97020e+05 1.48940e+05 1.11108e+05 8.27064e+04 6.10606e+04 4.52075e+04 3.36156e+04 2.49087e+04
2.08373e+04 3.23205e+10 2.43210e+10 1.83581e+10 1.38865e+10 1.04396e+10 7.83868e+09 5.96700e+09 4.52376e+09 3.43858e+09 2.66600e+09 2.18667e+09 1.93236e+09 1.91641e+09 2.02624e+09 2.03697e+09 1.88004e+09 1.56859e+09 1.25136e+09 9.60334e+08 7.40147e+08 5.61652e+08 4.23194e+08 3.14775e+08 2.35962e+08 1.75902e+08 1.29960e+08 9.58808e+07 7.09364e+07 5.36129e+07 3.99026e+07 3.72603e+07 3.05255e+07 2.32330e+07 1.90980e+07 1.49415e+07 1.17549e+07 9.17682e+06 6.93138e+06 5.26505e+06 4.18233e+06 3.21358e+06 2.45949e+06 1.85363e+06 1.42057e+06 1.08897e+06 8.15677e+05 6.10994e+05 4.54943e+05 3.51962e+05 2.65430e+05 1.95367e+05 1.45717e+05 1.09743e+05 8.19638e+04 6.11575e+04 4.52682e+04 3.35544e+04 2.49411e+04 1.85300e+04
2.16532e+04 2.44398e+10 1.83533e+10 1.38126e+10 1.03315e+10 7.76301e+09 5.83403e+09 4.38044e+09 3.31486e+09 2.50538e+09 1.90076e+09 1.47923e+09 1.20293e+09 1.06552e+09 1.03935e+09 1.10513e+09 1.13285e+09 1.04778e+09 8.69290e+08 6.85106e+08 5.24292e+08 3.99472e+08 3.01483e+08 2.25440e+08 1.68740e+08 1.25839e+08 9.31247e+07 6.84050e+07 4.99164e+07 3.79354e+07 2.82814e+07 2.76888e+07 2.28030e+07 1.71697e+07 1.39606e+07 1.14012e+07 8.85767e+06 6.96918e+06 5.14189e+06 3.86573e+06 3.13517e+06 2.43303e+06 1.84618e+06 1.40360e+06 1.07604e+06 8.15330e+05 6.15548e+05 4.62482e+05 3.40445e+05 2.62683e+05 1.99341e+05 1.47062e+05 1.09350e+05 8.23785e+04 6.14701e+04 4.60295e+04 3.41015e+04 2.53135e+04 1.88606e+04 1.40106e+04
2.24482e+04 1.74328e+10 1.31071e+10 9.87649e+09 7.39275e+09 5.55409e+09 4.16807e+09 3.15374e+09 2.38210e+09 1.79369e+09 1.36383e+09 1.04384e+09 8.18756e+08 6.68239e+08 5.79666e+08 5.64109e+08 6.07029e+08 6.35577e+08 5.77612e+08 4.70686e+08 3.67520e+08 2.79611e+08 2.12300e+08 1.59890e+08 1.19633e+08 8.92374e+07 6.59979e+07 4.82699e+07 3.49756e+07 2.64071e+07 1.95341e+07 2.08198e+07 1.68704e+07 1.26944e+07 1.03140e+07 8.41376e+06 6.56221e+06 5.15918e+06 3.79933e+06 2.84144e+06 2.29745e+06 1.79726e+06 1.39086e+06 1.06683e+06 8.03013e+05 6.13219e+05 4.62784e+05 3.44718e+05 2.52710e+05 1.95572e+05 1.47606e+05 1.09984e+05 8.18267e+04 6.18529e+04 4.61538e+04 3.46874e+04 2.57144e+04 1.91335e+04 1.43067e+04 1.06170e+04
2.32422e+04 1.20991e+10 9.10647e+09 6.86813e+09 5.13480e+09 3.85602e+09 2.88993e+09 2.19566e+09 1.65639e+09 1.24466e+09 9.46669e+08 7.21694e+08 5.61742e+08 4.42568e+08 3.56988e+08 3.05668e+08 3.12678e+08 3.33832e+08 3.46819e+08 3.06503e+08 2.46650e+08 1.90296e+08 1.43891e+08 1.09922e+08 8.23038e+07 6.13850e+07 4.53118e+07 3.29719e+07 2.37754e+07 1.78528e+07 1.32363e+07 1.50598e+07 1.23451e+07 9.34709e+06 7.49339e+06 6.12640e+06 4.77186e+06 3.75240e+06 2.78422e+06 2.08627e+06 1.67323e+06 1.31163e+06 1.03038e+06 7.89748e+05 5.92799e+05 4.51142e+05 3.43578e+05 2.54022e+05 1.86841e+05 1.45664e+05 1.09123e+05 8.13550e+04 6.09103e+04 4.59821e+04 3.42905e+04 2.58719e+04 1.92429e+04 1.43361e+04 1.07484e+04 8.01135e+03
2.40510e+04 8.50240e+09 6.39978e+09 4.82491e+09 3.59540e+09 2.69917e+09 2.02352e+09 1.53450e+09 1.15721e+09 8.68770e+08 6.59283e+08 5.00909e+08 3.89069e+08 3.06275e+08 2.43303e+08 1.96858e+08 1.74152e+08 1.79392e+08 1.96659e+08 1.90323e+08 1.61677e+08 1.29842e+08 9.94347e+07 7.56918e+07 5.68122e+07 4.23921e+07 3.12661e+07 2.27035e+07 1.63718e+07 1.22124e+07 9.04490e+06 1.09323e+07 9.05259e+06 6.92461e+06 5.54707e+06 4.50314e+06 3.52850e+06 2.77360e+06 2.05928e+06 1.54708e+06 1.23557e+06 9.64696e+05 7.73487e+05 5.87514e+05 4.43360e+05 3.40452e+05 2.58533e+05 1.90210e+05 1.40474e+05 1.08726e+05 8.12319e+04 6.08709e+04 4.57543e+04 3.43943e+04 2.58855e+04 1.94064e+04 1.45539e+04 1.08717e+04 8.10840e+03 6.08085e+03
2.48658e+04 6.04641e+09 4.54850e+09 3.42625e+09 2.54770e+09 1.91498e+09 1.44021e+09 1.08403e+09 8.17284e+08 6.13329e+08 4.64195e+08 3.51540e+08 2.71448e+08 2.13668e+08 1.72066e+08 1.40773e+08 1.16458e+08 1.06991e+08 1.08148e+08 1.14213e+08 1.05577e+08 8.80554e+07 6.96237e+07 5.31444e+07 4.01416e+07 3.00483e+07 2.22163e+07 1.61764e+07 1.17235e+07 8.70478e+06 6.42244e+06 8.16045e+06 6.87322e+06 5.25687e+06 4.21758e+06 3.40382e+06 2.66785e+06 2.10255e+06 1.57868e+06 1.18923e+06 9.43150e+05 7.36805e+05 5.94171e+05 4.53016e+05 3.39894e+05 2.62076e+05 1.98872e+05 1.46894e+05 1.08509e+05 8.33646e+04 6.25832e+04 4.72089e+04 3.53982e+04 2.67641e+04 2.00481e+04 1.51234e+04 1.12836e+04 8.43968e+03 6.34227e+03 4.73342e+03
2.56884e+04 4.17562e+09 3.14340e+09 2.36714e+09 1.76236e+09 1.32474e+09 9.96150e+08 7.45009e+08 5.61381e+08 4.22980e+08 3.18251e+08 2.40188e+08 1.84276e+08 1.43773e+08 1.15978e+08 9.79341e+07 8.54562e+07 7.44022e+07 6.71036e+07 6.77036e+07 6.43863e+07 5.60326e+07 4.64954e+07 3.65013e+07 2.78952e+07 2.10884e+07 1.57301e+07 1.15501e+07 8.44794e+06 6.27423e+06 4.67031e+06 6.13565e+06 5.23577e+06 4.06519e+06 3.23410e+06 2.62275e+06 2.05937e+06 1.62118e+06 1.22013e+06 9.18943e+05 7.26025e+05 5.69499e+05 4.58442e+05 3.51693e+05 2.64412e+05 2.03571e+05 1.55592e+05 1.15271e+05 8.50751e+04 6.58793e+04 4.94199e+04 3.71239e+04 2.79674e+04 2.10736e+04 1.58193e+04 1.19161e+04 8.92504e+03 6.68172e+03 5.00667e+03 3.75200e+03
2.65529e+04 2.63750e+09 1.99979e+09 1.50794e+09 1.12233e+09 8.44044e+08 6.34946e+08 4.72835e+08 3.57744e+08 2.69692e+08 2.01180e+08 1.52767e+08 1.15079e+08 8.88197e+07 7.04724e+07 5.98598e+07 5.60497e+07 5.37329e+07 4.79062e+07 4.27151e+07 3.80897e+07 3.38397e+07 2.81849e+07 2.30948e+07 1.80355e+07 1.37606e+07 1.03910e+07 7.76880e+06 5.76972e+06 4.30343e+06 3.22892e+06 4.52872e+06 3.94695e+06 3.08502e+06 2.46018e+06 1.98246e+06 1.55740e+06 1.22293e+06 9.28705e+05 7.04303e+05 5.54778e+05 4.32139e+05 3.46832e+05 2.68302e+05 2.03719e+05 1.57126e+05 1.19672e+05 8.87516e+04 6.60299e+04 5.14538e+04 3.83643e+04 2.89411e+04 2.17197e+04 1.63959e+04 1.23273e+04 9.27241e+03 6.98550e+03 5.21282e+03 3.90924e+03 2.92706e+03
2.75544e+04 1.42728e+09 1.11379e+09 8.44036e+08 6.27933e+08 4.71968e+08 3.55110e+08 2.64973e+08 2.00855e+08 1.51514e+08 1.13204e+08 8.59290e+07 6.46775e+07 4.94960e+07 3.86629e+07 3.17082e+07 2.91411e+07 3.19499e+07 3.38223e+07 3.01029e+07 2.50214e+07 2.09571e+07 1.68647e+07 1.36855e+07 1.07799e+07 8.33242e+06 6.29854e+06 4.67646e+06 3.53386e+06 2.64866e+06 1.99177e+06 3.07505e+06 2.81740e+06 2.23338e+06 1.78707e+06 1.44004e+06 1.13251e+06 8.92390e+05 6.78490e+05 5.13393e+05 4.03233e+05 3.16633e+05 2.53385e+05 1.95992e+05 1.49067e+05 1.15646e+05 8.86665e+04 6.61913e+04 4.92735e+04 3.81026e+04 2.85799e+04 2.15578e+04 1.62016e+04 1.22443e+04 9.20320e+03 6.93390e+03 5.22579e+03 3.89902e+03 2.93194e+03 2.19299e+03
2.88884e+04 6.97122e+08 5.48839e+08 4.19271e+08 3.07028e+08 2.29791e+08 1.71648e+08 1.28474e+08 9.68327e+07 7.26386e+07 5.46007e+07 4.12312e+07 3.12133e+07 2.36974e+07 1.82041e+07 1.44588e+07 1.24151e+07 1.27178e+07 1.58822e+07 1.85618e+07 1.73364e+07 1.42120e+07 1.11653e+07 8.62387e+06 6.58201e+06 4.98576e+06 3.81125e+06 2.87406e+06 2.15542e+06 1.63438e+06 1.23569e+06 1.88237e+06 1.84436e+06 1.47656e+06 1.18843e+06 9.53610e+05 7.51048e+05 5.91873e+05 4.52328e+05 3.43480e+05 2.68643e+05 2.09944e+05 1.67784e+05 1.30458e+05 9.96879e+04 7.74464e+04 5.99194e+04 4.50478e+04 3.37074e+04 2.59801e+04 1.95151e+04 1.47354e+04 1.11497e+04 8.45441e+03 6.32046e+03 4.79065e+03 3.62174e+03 2.69302e+03 2.02185e+03 1.51488e+03
3.06167e+04 3.79736e+08 2.83563e+08 2.11091e+08 1.51658e+08 1.12753e+08 8.35193e+07 6.19700e+07 4.65400e+07 3.47256e+07 2.61679e+07 1.96371e+07 1.48610e+07 1.11733e+07 8.45205e+06 6.47810e+06 5.13362e+06 4.57332e+06 4.79864e+06 5.54048e+06 6.24614e+06 6.32935e+06 5.74827e+06 4.80075e+06 3.83566e+06 2.99744e+06 2.30985e+06 1.75030e+06 1.31972e+06 1.01592e+06 7.85930e+05 1.03179e+06 1.02580e+06 8.49876e+05 6.79207e+05 5.48816e+05 4.32793e+05 3.38834e+05 2.59786e+05 1.99869e+05 1.55265e+05 1.20703e+05 9.55145e+04 7.41409e+04 5.71978e+04 4.45963e+04 3.44051e+04 2.60493e+04 1.96697e+04 1.51936e+04 1.15083e+04 8.70306e+03 6.70292e+03 5.00152e+03 3.77332e+03 2.83151e+03 2.23135e+03 1.58338e+03 1.20877e+03 9.05961e+02
3.24869e+04 2.85845e+08 1.98121e+08 1.41621e+08 1.00534e+08 7.32098e+07 5.35807e+07 3.93253e+07 2.92738e+07 2.16988e+07 1.61523e+07 1.20535e+07 9.02446e+06 6.76408e+06 5.06935e+06 3.80900e+06 2.88579e+06 2.24349e+06 1.87550e+06 1.78560e+06 1.69129e+06 1.53264e+06 1.35579e+06 1.36395e+06 1.18112e+06 9.68626e+05 7.93316e+05 6.32918e+05 4.91230e+05 4.35254e+05 4.12504e+05 5.26384e+05 4.99794e+05 4.31957e+05 3.50204e+05 2.83201e+05 2.24703e+05 1.74736e+05 1.33896e+05 1.04120e+05 8.05938e+04 6.23453e+04 4.91342e+04 3.81552e+04 2.92131e+04 2.25958e+04 1.75265e+04 1.33887e+04 1.01774e+04 7.83870e+03 5.94854e+03 4.61911e+03 3.62383e+03 2.70135e+03 1.98572e+03 1.53518e+03 1.21232e+03 8.54691e+02 6.63072e+02 4.97905e+02
3.44717e+04 2.36696e+08 1.63567e+08 1.14915e+08 8.19432e+07 5.89914e+07 4.29271e+07 3.14703e+07 2.32977e+07 1.72352e+07 1.27619e+07 9.49796e+06 7.07407e+06 5.28445e+06 3.95064e+06 2.95570e+06 2.21255e+06 1.66404e+06 1.26466e+06 9.88519e+05 7.86363e+05 6.49218e+05 5.40435e+05 4.19098e+05 3.39883e+05 2.84402e+05 2.34893e+05 1.85319e+05 1.41807e+05 1.43666e+05 1.92715e+05 2.57993e+05 2.39099e+05 2.06755e+05 1.73310e+05 1.40241e+05 1.09042e+05 8.89328e+04 6.92923e+04 5.23583e+04 4.01521e+04 3.07830e+04 2.40909e+04 1.86932e+04 1.43660e+04 1.10768e+04 8.47679e+03 6.46461e+03 4.95868e+03 3.86234e+03 3.07276e+03 2.28811e+03 1.82930e+03 1.38509e+03 1.03620e+03 7.91854e+02 5.80278e+02 4.47762e+02 3.40617e+02 2.55217e+02
3.64065e+04 1.88043e+08 1.32327e+08 9.42315e+07 6.76112e+07 4.89910e+07 3.57402e+07 2.62920e+07 1.94726e+07 1.44003e+07 1.06871e+07 7.94447e+06 5.92894e+06 4.42565e+06 3.30739e+06 2.47343e+06 1.85467e+06 1.38999e+06 1.04368e+06 7.88138e+05 5.99468e+05 4.61562e+05 3.57391e+05 2.72267e+05 2.10156e+05 1.61155e+05 1.25700e+05 9.76317e+04 7.49275e+04 6.82370e+04 1.10173e+05 1.34348e+05 1.27056e+05 1.04330e+05 8.87243e+04 7.33072e+04 5.91870e+04 4.74903e+04 3.67202e+04 2.83535e+04 2.10369e+04 1.61796e+04 1.27393e+04 9.89483e+03 7.52378e+03 5.78645e+03 4.45117e+03 3.38476e+03 2.55480e+03 1.99342e+03 1.61975e+03 1.19180e+03 9.76348e+02 7.50476e+02 5.71240e+02 4.31459e+02 3.27441e+02 2.46681e+02 1.83381e+02 1.36930e+02
3.81996e+04 1.48787e+08 1.06369e+08 7.67231e+07 5.54050e+07 4.04840e+07 2.97228e+07 2.18916e+07 1.62832e+07 1.20842e+07 8.96615e+06 6.68333e+06 4.98271e+06 3.72479e+06 2.78619e+06 2.08492e+06 1.55999e+06 1.16970e+06 8.77485e+05 6.59066e+05 4.95215e+05 3.74100e+05 2.83268e+05 2.13574e+05 1.61866e+05 1.22684e+05 9.34598e+04 7.09586e+04 5.37609e+04 4.43450e+04 7.01908e+04 7.95573e+04 7.49508e+04 6.11225e+04 5.13731e+04 4.37790e+04 3.51208e+04 2.77997e+04 2.11232e+04 1.62320e+04 1.25453e+04 9.74773e+03 7.53425e+03 5.85366e+03 4.46861e+03 3.44082e+03 2.63706e+03 1.99415e+03 1.50810e+03 1.16255e+03 9.04284e+02 7.01728e+02 5.64733e+02 4.37118e+02 3.34456e+02 2.53066e+02 1.98011e+02 1.44779e+02 1.07624e+02 8.05140e+01
3.97968e+04 1.22692e+08 8.78892e+07 6.36550e+07 4.62277e+07 3.38905e+07 2.49650e+07 1.84332e+07 1.37351e+07 1.02111e+07 7.58216e+06 5.65857e+06 4.22000e+06 3.15647e+06 2.36208e+06 1.76807e+06 1.32328e+06 9.92113e+05 7.44088e+05 5.58346e+05 4.19156e+05 3.15198e+05 2.37243e+05 1.78677e+05 1.34636e+05 1.01649e+05 7.66060e+04 5.76236e+04 4.33568e+04 3.40093e+04 4.62611e+04 5.08027e+04 4.87555e+04 3.96253e+04 3.31405e+04 2.83824e+04 2.34088e+04 1.81973e+04 1.38915e+04 1.06484e+04 8.22520e+03 6.34511e+03 4.94584e+03 3.81275e+03 2.91387e+03 2.24080e+03 1.71710e+03 1.29933e+03 9.82570e+02 7.53405e+02 5.74784e+02 4.53166e+02 3.55856e+02 2.76770e+02 2.12339e+02 1.62473e+02 1.23002e+02 9.28694e+01 7.00337e+01 5.27018e+01
4.12054e+04 9.91167e+07 7.14312e+07 5.19394e+07 3.79446e+07 2.78814e+07 2.05709e+07 1.52531e+07 1.13736e+07 8.45660e+06 6.29660e+06 4.69475e+06 3.50922e+06 2.62372e+06 1.96315e+06 1.46940e+06 1.10231e+06 8.26153e+05 6.19313e+05 4.64458e+05 3.49126e+05 2.62237e+05 1.97024e+05 1.47752e+05 1.11095e+05 8.36331e+04 6.28158e+04 4.71341e+04 3.54187e+04 2.71903e+04 3.22300e+04 3.37614e+04 3.27024e+04 2.73251e+04 2.27096e+04 1.92528e+04 1.61495e+04 1.26811e+04 -9.99999e+99 -9.99999e+99 -9.99999e+99 -9.99999e+99 -9.99999e+99 -9.99999e+99 -9.99999e+99 -9.99999e+99 -9.99999e+99 -9.99999e+99 -9.99999e+99 -9.99999e+99 -9.99999e+99 -9.99999e+99 -9.99999e+99 -9.99999e+99 -9.99999e+99 -9.99999e+99 -9.99999e+99 -9.99999e+99 -9.99999e+99 -9.99999e+99
4.24865e+04 7.47774e+07 5.44945e+07 3.99639e+07 2.93275e+07 2.16597e+07 1.60406e+07 1.19158e+07 8.90764e+06 6.63589e+06 4.94517e+06 3.69274e+06 2.76079e+06 2.06584e+06 1.54647e+06 1.15789e+06 8.67514e+05 6.50455e+05 4.87759e+05 3.65838e+05 2.74200e+05 2.05822e+05 1.54515e+05 1.15982e+05 8.71227e+04 6.55754e+04 4.92941e+04 3.70224e+04 2.78499e+04 2.11753e+04 2.31024e+04 2.35859e+04 2.21075e+04 1.78116e+04 1.47047e+04 1.22665e+04 1.04829e+04 8.33328e+03 -9.99999e+99 -9.99999e+99 -9.99999e+99 -9.99999e+99 -9.99999e+99 -9.99999e+99 -9.99999e+99 -9.99999e+99 -9.99999e+99 -9.99999e+99 -9.99999e+99 -9.99999e+99 -9.99999e+99 -9.99999e+99 -9.99999e+99 -9.99999e+99 -9.99999e+99 -9.99999e+99 -9.99999e+99 -9.99999e+99 -9.99999e+99 -9.99999e+99
4.36908e+04 5.37993e+07 3.95651e+07 2.92443e+07 2.15166e+07 1.59745e+07 1.18798e+07 8.82129e+06 6.61446e+06 4.94132e+06 3.67861e+06 2.75423e+06 2.05562e+06 1.54057e+06 1.15419e+06 8.64627e+05 6.45450e+05 4.84327e+05 3.63496e+05 2.72794e+05 2.04639e+05 1.53669e+05 1.15391e+05 8.70001e+04 6.53325e+04 4.91868e+04 3.70034e+04 2.78023e+04 2.09119e+04 1.58521e+04 1.67895e+04 1.65979e+04 1.52598e+04 1.27516e+04 1.05079e+04 8.76700e+03 7.36848e+03 5.80547e+03 -9.99999e+99 -9.99999e+99 -9.99999e+99 -9.99999e+99 -9.99999e+99 -9.99999e+99 -9.99999e+99 -9.99999e+99 -9.99999e+99 -9.99999e+99 -9.99999e+99 -9.99999e+99 -9.99999e+99 -9.99999e+99 -9.99999e+99 -9.99999e+99 -9.99999e+99 -9.99999e+99 -9.99999e+99 -9.99999e+99 -9.99999e+99 -9.99999e+99
4.48835e+04 3.79176e+07 2.80513e+07 2.08359e+07 1.53614e+07 1.14431e+07 8.53355e+06 6.33571e+06 4.76033e+06 3.56319e+06 2.65068e+06 1.98844e+06 1.48226e+06 1.11210e+06 8.33816e+05 6.24977e+05 4.67452e+05 3.50340e+05 2.62522e+05 1.97107e+05 1.48908e+05 1.11838e+05 8.39951e+04 6.33771e+04 4.75898e+04 3.58242e+04 2.69393e+04 2.02259e+04 1.51969e+04 1.15244e+04 1.22688e+04 1.16856e+04 1.02476e+04 8.15667e+03 6.69437e+03 5.52043e+03 4.48799e+03 3.56521e+03 -9.99999e+99 -9.99999e+99 -9.99999e+99 -9.99999e+99 -9.99999e+99 -9.99999e+99 -9.99999e+99 -9.99999e+99 -9.99999e+99 -9.99999e+99 -9.99999e+99 -9.99999e+99 -9.99999e+99 -9.99999e+99 -9.99999e+99 -9.99999e+99 -9.99999e+99 -9.99999e+99 -9.99999e+99 -9.99999e+99 -9.99999e+99 -9.99999e+99
4.60810e+04 2.68322e+07 1.99066e+07 1.48230e+07 1.09507e+07 8.17126e+06 6.10272e+06 4.53481e+06 3.41040e+06 2.55514e+06 1.90170e+06 1.42770e+06 1.06464e+06 7.99275e+05 5.99564e+05 4.49590e+05 3.37987e+05 2.53438e+05 1.90008e+05 1.42498e+05 1.07683e+05 8.08843e+04 6.07505e+04 4.57708e+04 3.43742e+04 2.58684e+04 1.94390e+04 1.45852e+04 1.09525e+04 8.31463e+03 9.04221e+03 8.50352e+03 7.34822e+03 6.07562e+03 4.95151e+03 4.05219e+03 3.26241e+03 2.57182e+03 -9.99999e+99 -9.99999e+99 -9.99999e+99 -9.99999e+99 -9.99999e+99 -9.99999e+99 -9.99999e+99 -9.99999e+99 -9.99999e+99 -9.99999e+99 -9.99999e+99 -9.99999e+99 -9.99999e+99 -9.99999e+99 -9.99999e+99 -9.99999e+99 -9.99999e+99 -9.99999e+99 -9.99999e+99 -9.99999e+99 -9.99999e+99 -9.99999e+99
4.72917e+04 1.89283e+07 1.40729e+07 1.04993e+07 7.76993e+06 5.80599e+06 4.34147e+06 3.23177e+06 2.43090e+06 1.82282e+06 1.35843e+06 1.01989e+06 7.63860e+05 5.71799e+05 4.28907e+05 3.21750e+05 2.42825e+05 1.82180e+05 1.36644e+05 1.02514e+05 7.74017e+04 5.81451e+04 4.36754e+04 3.28862e+04 2.46981e+04 1.85863e+04 1.39653e+04 1.04774e+04 7.86706e+03 5.97968e+03 6.63250e+03 6.00353e+03 5.07961e+03 3.97805e+03 3.19498e+03 2.56789e+03 2.02343e+03 1.57968e+03 -9.99999e+99 -9.99999e+99 -9.99999e+99 -9.99999e+99 -9.99999e+99 -9.99999e+99 -9.99999e+99 -9.99999e+99 -9.99999e+99 -9.99999e+99 -9.99999e+99 -9.99999e+99 -9.99999e+99 -9.99999e+99 -9.99999e+99 -9.99999e+99 -9.99999e+99 -9.99999e+99 -9.99999e+99 -9.99999e+99 -9.99999e+99 -9.99999e+99
4.85124e+04 1.32746e+07 9.88900e+06 7.39134e+06 5.47780e+06 4.09872e+06 3.06858e+06 2.29264e+06 1.72106e+06 1.29166e+06 9.66489e+05 7.23566e+05 5.44153e+05 4.07588e+05 3.05607e+05 2.29210e+05 1.73218e+05 1.29995e+05 9.75324e+04 7.31903e+04 5.52456e+04 4.15058e+04 3.11797e+04 2.34744e+04 1.76317e+04 1.32689e+04 9.96980e+03 7.47998e+03 5.61701e+03 4.27501e+03 4.76814e+03 4.20662e+03 3.50797e+03 2.78771e+03 2.22344e+03 1.77646e+03 1.39437e+03 1.08620e+03 -9.99999e+99 -9.99999e+99 -9.99999e+99 -9.99999e+99 -9.99999e+99 -9.99999e+99 -9.99999e+99 -9.99999e+99 -9.99999e+99 -9.99999e+99 -9.99999e+99 -9.99999e+99 -9.99999e+99 -9.99999e+99 -9.99999e+99 -9.99999e+99 -9.99999e+99 -9.99999e+99 -9.99999e+99 -9.99999e+99 -9.99999e+99 -9.99999e+99
4.97498e+04 9.26742e+06 6.91563e+06 5.17721e+06 3.84824e+06 2.87828e+06 2.15713e+06 1.61688e+06 1.21476e+06 9.10154e+05 6.83242e+05 5.10745e+05 3.85066e+05 2.88585e+05 2.16471e+05 1.62413e+05 1.22716e+05 9.21249e+04 6.91367e+04 5.18921e+04 3.91591e+04 2.94237e+04 2.21049e+04 1.66393e+04 1.24982e+04 9.40577e+03 7.06705e+03 5.30207e+03 3.98134e+03 3.03314e+03 3.34991e+03 2.87941e+03 2.38870e+03 1.89379e+03 1.50416e+03 1.19868e+03 9.41661e+02 7.35475e+02 -9.99999e+99 -9.99999e+99 -9.99999e+99 -9.99999e+99 -9.99999e+99 -9.99999e+99 -9.99999e+99 -9.99999e+99 -9.99999e+99 -9.99999e+99 -9.99999e+99 -9.99999e+99 -9.99999e+99 -9.99999e+99 -9.99999e+99 -9.99999e+99 -9.99999e+99 -9.99999e+99 -9.99999e+99 -9.99999e+99 -9.99999e+99 -9.99999e+99
5.10070e+04 6.45602e+06 4.82484e+06 3.61675e+06 2.69485e+06 2.01527e+06 1.51161e+06 1.13577e+06 8.54109e+05 6.39021e+05 4.80916e+05 3.59784e+05 2.71261e+05 2.03392e+05 1.52621e+05 1.14538e+05 8.65173e+04 6.49617e+04 4.87613e+04 3.66048e+04 2.76146e+04 2.07500e+04 1.55894e+04 1.17332e+04 8.81338e+03 6.63281e+03 4.98366e+03 3.73919e+03 2.80812e+03 2.13992e+03 2.31202e+03 -9.99999e+99 -9.99999e+99 -9.99999e+99 -9.99999e+99 -9.99999e+99 -9.99999e+99 -9.99999e+99 -9.99999e+99 -9.99999e+99 -9.99999e+99 -9.99999e+99 -9.99999e+99 -9.99999e+99 -9.99999e+99 -9.99999e+99 -9.99999e+99 -9.99999e+99 -9.99999e+99 -9.99999e+99 -9.99999e+99 -9.99999e+99 -9.99999e+99 -9.99999e+99 -9.99999e+99 -9.99999e+99 -9.99999e+99 -9.99999e+99 -9.99999e+99 -9.99999e+99
5.22868e+04 4.49092e+06 3.36029e+06 2.52157e+06 1.88254e+06 1.40808e+06 1.05652e+06 7.95399e+05 5.98563e+05 4.48103e+05 3.37301e+05 2.52486e+05 1.90364e+05 1.42783e+05 1.07169e+05 8.04437e+04 6.07507e+04 4.56224e+04 3.42498e+04 2.57141e+04 1.93954e+04 1.45751e+04 1.09507e+04 8.24191e+03 6.19127e+03 4.65960e+03 3.50130e+03 2.62727e+03 1.97341e+03 1.50257e+03 1.57882e+03 -9.99999e+99 -9.99999e+99 -9.99999e+99 -9.99999e+99 -9.99999e+99 -9.99999e+99 -9.99999e+99 -9.99999e+99 -9.99999e+99 -9.99999e+99 -9.99999e+99 -9.99999e+99 -9.99999e+99 -9.99999e+99 -9.99999e+99 -9.99999e+99 -9.99999e+99 -9.99999e+99 -9.99999e+99 -9.99999e+99 -9.99999e+99 -9.99999e+99 -9.99999e+99 -9.99999e+99 -9.99999e+99 -9.99999e+99 -9.99999e+99 -9.99999e+99 -9.99999e+99
5.35901e+04 3.12426e+06 2.33992e+06 1.75728e+06 1.31383e+06 9.83593e+05 7.37778e+05 5.56137e+05 4.18748e+05 3.13659e+05 2.36111e+05 1.76831e+05 1.33317e+05 1.00024e+05 7.50906e+04 5.63728e+04 4.25634e+04 3.19685e+04 2.40021e+04 1.80219e+04 1.35913e+04 1.02136e+04 7.67399e+03 5.77590e+03 4.33883e+03 3.26558e+03 2.45403e+03 1.84168e+03 1.38358e+03 1.05160e+03 1.07212e+03 -9.99999e+99 -9.99999e+99 -9.99999e+99 -9.99999e+99 -9.99999e+99 -9.99999e+99 -9.99999e+99 -9.99999e+99 -9.99999e+99 -9.99999e+99 -9.99999e+99 -9.99999e+99 -9.99999e+99 -9.99999e+99 -9.99999e+99 -9.99999e+99 -9.99999e+99 -9.99999e+99 -9.99999e+99 -9.99999e+99 -9.99999e+99 -9.99999e+99 -9.99999e+99 -9.99999e+99 -9.99999e+99 -9.99999e+99 -9.99999e+99 -9.99999e+99 -9.99999e+99
5.49157e+04 2.17808e+06 1.63236e+06 1.22660e+06 9.18081e+05 6.87833e+05 5.15768e+05 3.89137e+05 2.93142e+05 2.19674e+05 1.65348e+05 1.23883e+05 9.33852e+04 7.00787e+04 5.26180e+04 3.95061e+04 2.98201e+04 2.23988e+04 1.68186e+04 1.26291e+04 9.52260e+03 7.15628e+03 5.37695e+03 4.04716e+03 3.04033e+03 2.28835e+03 1.71982e+03 1.29085e+03 9.69987e+02 7.35562e+02 7.24843e+02 -9.99999e+99 -9.99999e+99 -9.99999e+99 -9.99999e+99 -9.99999e+99 -9.99999e+99 -9.99999e+99 -9.99999e+99 -9.99999e+99 -9.99999e+99 -9.99999e+99 -9.99999e+99 -9.99999e+99 -9.99999e+99 -9.99999e+99 -9.99999e+99 -9.99999e+99 -9.99999e+99 -9.99999e+99 -9.99999e+99 -9.99999e+99 -9.99999e+99 -9.99999e+99 -9.99999e+99 -9.99999e+99 -9.99999e+99 -9.99999e+99 -9.99999e+99 -9.99999e+99
5.62620e+04 1.52382e+06 1.14258e+06 8.58894e+05 6.43323e+05 4.82247e+05 3.61603e+05 2.72909e+05 2.05654e+05 1.54169e+05 1.16023e+05 8.69601e+04 6.55391e+04 4.91923e+04 3.69399e+04 2.77369e+04 2.09302e+04 1.57228e+04 1.18066e+04 8.86616e+03 6.68403e+03 5.02326e+03 3.77433e+03 2.84096e+03 2.13425e+03 1.60643e+03 1.20742e+03 9.06381e+02 6.81221e+02 5.15371e+02 4.87184e+02 -9.99999e+99 -9.99999e+99 -9.99999e+99 -9.99999e+99 -9.99999e+99 -9.99999e+99 -9.99999e+99 -9.99999e+99 -9.99999e+99 -9.99999e+99 -9.99999e+99 -9.99999e+99 -9.99999e+99 -9.99999e+99 -9.99999e+99 -9.99999e+99 -9.99999e+99 -9.99999e+99 -9.99999e+99 -9.99999e+99 -9.99999e+99 -9.99999e+99 -9.99999e+99 -9.99999e+99 -9.99999e+99 -9.99999e+99 -9.99999e+99 -9.99999e+99 -9.99999e+99
5.76208e+04 1.07246e+06 8.04384e+05 6.04818e+05 4.53261e+05 3.39936e+05 2.54967e+05 1.92386e+05 1.45022e+05 1.08752e+05 8.18229e+04 6.13492e+04 4.62239e+04 3.46998e+04 2.60597e+04 1.95684e+04 1.47606e+04 1.10885e+04 8.32717e+03 6.25364e+03 4.71333e+03 3.54215e+03 2.66148e+03 2.00325e+03 1.50493e+03 1.13277e+03 8.51473e+02 6.39252e+02 4.80548e+02 3.62824e+02 3.32834e+02 -9.99999e+99 -9.99999e+99 -9.99999e+99 -9.99999e+99 -9.99999e+99 -9.99999e+99 -9.99999e+99 -9.99999e+99 -9.99999e+99 -9.99999e+99 -9.99999e+99 -9.99999e+99 -9.99999e+99 -9.99999e+99 -9.99999e+99 -9.99999e+99 -9.99999e+99 -9.99999e+99 -9.99999e+99 -9.99999e+99 -9.99999e+99 -9.99999e+99 -9.99999e+99 -9.99999e+99 -9.99999e+99 -9.99999e+99 -9.99999e+99 -9.99999e+99 -9.99999e+99
5.89874e+04 7.59851e+05 5.70042e+05 4.28678e+05 3.21348e+05 2.41083e+05 1.80880e+05 1.36428e+05 1.02861e+05 7.71562e+04 5.80332e+04 4.35241e+04 3.27835e+04 2.46141e+04 1.84867e+04 1.38824e+04 1.04676e+04 7.86406e+03 5.90604e+03 4.43562e+03 3.34226e+03 2.51184e+03 1.88734e+03 1.42052e+03 1.06719e+03 8.03299e+02 6.03847e+02 4.53389e+02 3.40890e+02 2.56968e+02 2.34289e+02 -9.99999e+99 -9.99999e+99 -9.99999e+99 -9.99999e+99 -9.99999e+99 -9.99999e+99 -9.99999e+99 -9.99999e+99 -9.99999e+99 -9.99999e+99 -9.99999e+99 -9.99999e+99 -9.99999e+99 -9.99999e+99 -9.99999e+99 -9.99999e+99 -9.99999e+99 -9.99999e+99 -9.99999e+99 -9.99999e+99 -9.99999e+99 -9.99999e+99 -9.99999e+99 -9.99999e+99 -9.99999e+99 -9.99999e+99 -9.99999e+99 -9.99999e+99 -9.99999e+99
6.03450e+04 5.43530e+05 4.07807e+05 3.06702e+05 2.29957e+05 1.72574e+05 1.29511e+05 9.76403e+04 7.36339e+04 5.52467e+04 4.15409e+04 3.11648e+04 2.34666e+04 1.76216e+04 1.32358e+04 9.93959e+03 7.49157e+03 5.62866e+03 4.22747e+03 3.17512e+03 2.39175e+03 1.79744e+03 1.35055e+03 1.01639e+03 7.63558e+02 5.74753e+02 4.32062e+02 3.24426e+02 2.43948e+02 1.83672e+02 1.62011e+02 -9.99999e+99 -9.99999e+99 -9.99999e+99 -9.99999e+99 -9.99999e+99 -9.99999e+99 -9.99999e+99 -9.99999e+99 -9.99999e+99 -9.99999e+99 -9.99999e+99 -9.99999e+99 -9.99999e+99 -9.99999e+99 -9.99999e+99 -9.99999e+99 -9.99999e+99 -9.99999e+99 -9.99999e+99 -9.99999e+99 -9.99999e+99 -9.99999e+99 -9.99999e+99 -9.99999e+99 -9.99999e+99 -9.99999e+99 -9.99999e+99 -9.99999e+99 -9.99999e+99
6.16860e+04 3.92866e+05 2.94780e+05 2.21703e+05 1.66253e+05 1.24792e+05 9.36722e+04 7.05886e+04 5.32394e+04 3.99535e+04 3.00317e+04 2.25350e+04 1.69629e+04 1.27394e+04 9.56928e+03 7.18639e+03 5.41425e+03 4.06808e+03 3.05554e+03 2.29502e+03 1.72827e+03 1.29884e+03 9.75912e+02 7.34351e+02 5.51695e+02 4.15274e+02 3.12175e+02 2.34414e+02 1.76285e+02 1.32619e+02 1.17626e+02 -9.99999e+99 -9.99999e+99 -9.99999e+99 -9.99999e+99 -9.99999e+99 -9.99999e+99 -9.99999e+99 -9.99999e+99 -9.99999e+99 -9.99999e+99 -9.99999e+99 -9.99999e+99 -9.99999e+99 -9.99999e+99 -9.99999e+99 -9.99999e+99 -9.99999e+99 -9.99999e+99 -9.99999e+99 -9.99999e+99 -9.99999e+99 -9.99999e+99 -9.99999e+99 -9.99999e+99 -9.99999e+99 -9.99999e+99 -9.99999e+99 -9.99999e+99 -9.99999e+99
6.29884e+04 2.88206e+05 2.16258e+05 1.62648e+05 1.21969e+05 9.15705e+04 6.87477e+04 5.17817e+04 3.90615e+04 2.93198e+04 2.20313e+04 1.65360e+04 1.24431e+04 9.34623e+03 7.02084e+03 5.27269e+03 3.97077e+03 2.98365e+03 2.24115e+03 1.68341e+03 1.26727e+03 9.52386e+02 7.15587e+02 5.38357e+02 4.04457e+02 3.04438e+02 2.28847e+02 1.71840e+02 1.29232e+02 9.71697e+01 8.17210e+01 -9.99999e+99 -9.99999e+99 -9.99999e+99 -9.99999e+99 -9.99999e+99 -9.99999e+99 -9.99999e+99 -9.99999e+99 -9.99999e+99 -9.99999e+99 -9.99999e+99 -9.99999e+99 -9.99999e+99 -9.99999e+99 -9.99999e+99 -9.99999e+99 -9.99999e+99 -9.99999e+99 -9.99999e+99 -9.99999e+99 -9.99999e+99 -9.99999e+99 -9.99999e+99 -9.99999e+99 -9.99999e+99 -9.99999e+99 -9.99999e+99 -9.99999e+99 -9.99999e+99
6.42373e+04 2.15198e+05 1.61476e+05 1.21444e+05 9.10700e+04 6.83850e+04 5.13491e+04 3.86590e+04 2.91680e+04 2.18978e+04 1.64488e+04 1.23487e+04 9.28902e+03 6.97785e+03 5.24200e+03 3.93688e+03 2.96349e+03 2.22684e+03 1.67276e+03 1.25653e+03 9.45565e+02 7.10602e+02 5.33912e+02 4.01581e+02 3.01697e+02 2.27083e+02 1.70689e+02 1.28164e+02 9.63831e+01 7.24445e+01 6.41679e+01 -9.99999e+99 -9.99999e+99 -9.99999e+99 -9.99999e+99 -9.99999e+99 -9.99999e+99 -9.99999e+99 -9.99999e+99 -9.99999e+99 -9.99999e+99 -9.99999e+99 -9.99999e+99 -9.99999e+99 -9.99999e+99 -9.99999e+99 -9.99999e+99 -9.99999e+99 -9.99999e+99 -9.99999e+99 -9.99999e+99 -9.99999e+99 -9.99999e+99 -9.99999e+99 -9.99999e+99 -9.99999e+99 -9.99999e+99 -9.99999e+99 -9.99999e+99 -9.99999e+99
6.54120e+04 1.64237e+05 1.23239e+05 9.26831e+04 6.94958e+04 5.21914e+04 3.91949e+04 2.94954e+04 2.22565e+04 1.67120e+04 1.25494e+04 9.42310e+03 7.08597e+03 5.32345e+03 3.99936e+03 3.00370e+03 2.26007e+03 1.69831e+03 1.27581e+03 9.58382e+02 7.20936e+02 5.41780e+02 4.07062e+02 3.06088e+02 2.29961e+02 1.73081e+02 1.30087e+02 9.76704e+01 7.34482e+01 5.51955e+01 4.76581e+01 -9.99999e+99 -9.99999e+99 -9.99999e+99 -9.99999e+99 -9.99999e+99 -9.99999e+99 -9.99999e+99 -9.99999e+99 -9.99999e+99 -9.99999e+99 -9.99999e+99 -9.99999e+99 -9.99999e+99 -9.99999e+99 -9.99999e+99 -9.99999e+99 -9.99999e+99 -9.99999e+99 -9.99999e+99 -9.99999e+99 -9.99999e+99 -9.99999e+99 -9.99999e+99 -9.99999e+99 -9.99999e+99 -9.99999e+99 -9.99999e+99 -9.99999e+99 -9.99999e+99
6.64883e+04 1.28675e+05 9.65522e+04 7.26104e+04 5.44433e+04 4.08925e+04 3.07133e+04 2.31037e+04 1.74358e+04 1.30944e+04 9.83021e+03 7.38289e+03 5.55015e+03 4.17019e+03 3.13305e+03 2.35312e+03 1.76987e+03 1.33004e+03 9.99207e+02 7.50623e+02 5.64452e+02 4.24172e+02 3.18694e+02 2.39572e+02 1.79985e+02 1.35461e+02 1.01801e+02 7.64263e+01 5.74662e+01 4.31793e+01 3.44707e+01 -9.99999e+99 -9.99999e+99 -9.99999e+99 -9.99999e+99 -9.99999e+99 -9.99999e+99 -9.99999e+99 -9.99999e+99 -9.99999e+99 -9.99999e+99 -9.99999e+99 -9.99999e+99 -9.99999e+99 -9.99999e+99 -9.99999e+99 -9.99999e+99 -9.99999e+99 -9.99999e+99 -9.99999e+99 -9.99999e+99 -9.99999e+99 -9.99999e+99 -9.99999e+99 -9.99999e+99 -9.99999e+99 -9.99999e+99 -9.99999e+99 -9.99999e+99 -9.99999e+99
6.74553e+04 1.03583e+05 7.77246e+04 5.84499e+04 4.38219e+04 3.29169e+04 2.47251e+04 1.85937e+04 1.40331e+04 1.05403e+04 7.91105e+03 5.94219e+03 4.46607e+03 3.35584e+03 2.52132e+03 1.89371e+03 1.42391e+03 1.07005e+03 8.03916e+02 6.03933e+02 4.54019e+02 3.41176e+02 2.56333e+02 1.92650e+02 1.44731e+02 1.08924e+02 8.18519e+01 6.14447e+01 4.61970e+01 3.47091e+01 2.79534e+01 -9.99999e+99 -9.99999e+99 -9.99999e+99 -9.99999e+99 -9.99999e+99 -9.99999e+99 -9.99999e+99 -9.99999e+99 -9.99999e+99 -9.99999e+99 -9.99999e+99 -9.99999e+99 -9.99999e+99 -9.99999e+99 -9.99999e+99 -9.99999e+99 -9.99999e+99 -9.99999e+99 -9.99999e+99 -9.99999e+99 -9.99999e+99 -9.99999e+99 -9.99999e+99 -9.99999e+99 -9.99999e+99 -9.99999e+99 -9.99999e+99 -9.99999e+99 -9.99999e+99
6.82887e+04 8.61187e+04 6.46196e+04 4.85937e+04 3.64311e+04 2.73671e+04 2.05579e+04 1.54563e+04 1.16661e+04 8.76331e+03 6.57628e+03 4.94016e+03 3.71228e+03 2.78964e+03 2.09597e+03 1.57427e+03 1.18343e+03 8.89349e+02 6.68184e+02 5.01974e+02 3.77281e+02 2.83510e+02 2.13006e+02 1.60053e+02 1.20243e+02 9.04907e+01 6.79941e+01 5.10376e+01 3.83690e+01 2.88270e+01 2.26256e+01 -9.99999e+99 -9.99999e+99 -9.99999e+99 -9.99999e+99 -9.99999e+99 -9.99999e+99 -9.99999e+99 -9.99999e+99 -9.99999e+99 -9.99999e+99 -9.99999e+99 -9.99999e+99 -9.99999e+99 -9.99999e+99 -9.99999e+99 -9.99999e+99 -9.99999e+99 -9.99999e+99 -9.99999e+99 -9.99999e+99 -9.99999e+99 -9.99999e+99 -9.99999e+99 -9.99999e+99 -9.99999e+99 -9.99999e+99 -9.99999e+99 -9.99999e+99 -9.99999e+99
6.89946e+04 7.37161e+04 5.53132e+04 4.15947e+04 3.11827e+04 2.34252e+04 1.75976e+04 1.32286e+04 9.98507e+03 7.50110e+03 5.62847e+03 4.22842e+03 3.17704e+03 2.38752e+03 1.79387e+03 1.34739e+03 1.01271e+03 7.61052e+02 5.71806e+02 4.29576e+02 3.22813e+02 2.42578e+02 1.82252e+02 1.36923e+02 1.02865e+02 7.74109e+01 5.81625e+01 4.36552e+01 3.28162e+01 2.46547e+01 1.92997e+01 -9.99999e+99 -9.99999e+99 -9.99999e+99 -9.99999e+99 -9.99999e+99 -9.99999e+99 -9.99999e+99 -9.99999e+99 -9.99999e+99 -9.99999e+99 -9.99999e+99 -9.99999e+99 -9.99999e+99 -9.99999e+99 -9.99999e+99 -9.99999e+99 -9.99999e+99 -9.99999e+99 -9.99999e+99 -9.99999e+99 -9.99999e+99 -9.99999e+99 -9.99999e+99 -9.99999e+99 -9.99999e+99 -9.99999e+99 -9.99999e+99 -9.99999e+99 -9.99999e+99
6.95598e+04 6.49710e+04 4.87515e+04 3.66601e+04 2.74830e+04 2.06463e+04 1.55105e+04 1.16587e+04 8.80031e+03 6.61140e+03 4.96059e+03 3.72680e+03 2.79995e+03 2.10419e+03 1.58101e+03 1.18752e+03 8.92467e+02 6.70693e+02 5.03925e+02 3.78582e+02 2.84465e+02 2.13761e+02 1.60601e+02 1.20645e+02 9.06358e+01 6.82067e+01 5.12449e+01 3.84614e+01 2.89104e+01 2.17204e+01 1.69402e+01 -9.99999e+99 -9.99999e+99 -9.99999e+99 -9.99999e+99 -9.99999e+99 -9.99999e+99 -9.99999e+99 -9.99999e+99 -9.99999e+99 -9.99999e+99 -9.99999e+99 -9.99999e+99 -9.99999e+99 -9.99999e+99 -9.99999e+99 -9.99999e+99 -9.99999e+99 -9.99999e+99 -9.99999e+99 -9.99999e+99 -9.99999e+99 -9.99999e+99 -9.99999e+99 -9.99999e+99 -9.99999e+99 -9.99999e+99 -9.99999e+99 -9.99999e+99 -9.99999e+99
6.97867e+04 6.16087e+04 4.62285e+04 3.47627e+04 2.60608e+04 1.95780e+04 1.47081e+04 1.10553e+04 8.34498e+03 6.26941e+03 4.70394e+03 3.53402e+03 2.65507e+03 1.99533e+03 1.49922e+03 1.12609e+03 8.46282e+02 6.35986e+02 4.77850e+02 3.58993e+02 2.69740e+02 2.02695e+02 1.52287e+02 1.14397e+02 8.59417e+01 6.46739e+01 4.85902e+01 3.64686e+01 2.74121e+01 2.05948e+01 1.60488e+01 -9.99999e+99 -9.99999e+99 -9.99999e+99 -9.99999e+99 -9.99999e+99 -9.99999e+99 -9.99999e+99 -9.99999e+99 -9.99999e+99 -9.99999e+99 -9.99999e+99 -9.99999e+99 -9.99999e+99 -9.99999e+99 -9.99999e+99 -9.99999e+99 -9.99999e+99 -9.99999e+99 -9.99999e+99 -9.99999e+99 -9.99999e+99 -9.99999e+99 -9.99999e+99 -9.99999e+99 -9.99999e+99 -9.99999e+99 -9.99999e+99 -9.99999e+99 -9.99999e+99
6.99003e+04 5.97612e+04 4.48425e+04 3.37207e+04 2.52795e+04 1.89912e+04 1.42674e+04 1.07239e+04 8.09485e+03 6.08157e+03 4.56295e+03 3.42813e+03 2.57547e+03 1.93553e+03 1.45429e+03 1.09235e+03 8.20906e+02 6.16917e+02 4.63524e+02 3.48231e+02 2.61647e+02 1.96614e+02 1.47718e+02 1.10962e+02 8.33612e+01 6.27317e+01 4.71305e+01 3.53727e+01 2.65879e+01 1.99760e+01 1.55655e+01 -9.99999e+99 -9.99999e+99 -9.99999e+99 -9.99999e+99 -9.99999e+99 -9.99999e+99 -9.99999e+99 -9.99999e+99 -9.99999e+99 -9.99999e+99 -9.99999e+99 -9.99999e+99 -9.99999e+99 -9.99999e+99 -9.99999e+99 -9.99999e+99 -9.99999e+99 -9.99999e+99 -9.99999e+99 -9.99999e+99 -9.99999e+99 -9.99999e+99 -9.99999e+99 -9.99999e+99 -9.99999e+99 -9.99999e+99 -9.99999e+99 -9.99999e+99 -9.99999e+99
6.99573e+04 5.85693e+04 4.39486e+04 3.30488e+04 2.47759e+04 1.86129e+04 1.39832e+04 1.05104e+04 7.93372e+03 5.96052e+03 4.47215e+03 3.35991e+03 2.52423e+03 1.89702e+03 1.42536e+03 1.07062e+03 8.04578e+02 6.04646e+02 4.54305e+02 3.41305e+02 2.56445e+02 1.92705e+02 1.44781e+02 1.08756e+02 8.17042e+01 6.14849e+01 4.61939e+01 3.46698e+01 2.60597e+01 1.95797e+01 1.52541e+01 -9.99999e+99 -9.99999e+99 -9.99999e+99 -9.99999e+99 -9.99999e+99 -9.99999e+99 -9.99999e+99 -9.99999e+99 -9.99999e+99 -9.99999e+99 -9.99999e+99 -9.99999e+99 -9.99999e+99 -9.99999e+99 -9.99999e+99 -9.99999e+99 -9.99999e+99 -9.99999e+99 -9.99999e+99 -9.99999e+99 -9.99999e+99 -9.99999e+99 -9.99999e+99 -9.99999e+99 -9.99999e+99 -9.99999e+99 -9.99999e+99 -9.99999e+99 -9.99999e+99
6.99857e+04 5.77677e+04 4.33474e+04 3.25969e+04 2.44372e+04 1.83586e+04 1.37922e+04 1.03669e+04 7.82539e+03 5.87915e+03 4.41110e+03 3.31405e+03 2.48978e+03 1.87113e+03 1.40591e+03 1.05601e+03 7.93597e+02 5.96394e+02 4.48105e+02 3.36646e+02 2.52945e+02 1.90075e+02 1.42805e+02 1.07272e+02 8.05889e+01 6.06456e+01 4.55633e+01 3.41966e+01 2.57039e+01 1.93129e+01 1.50983e+01 -9.99999e+99 -9.99999e+99 -9.99999e+99 -9.99999e+99 -9.99999e+99 -9.99999e+99 -9.99999e+99 -9.99999e+99 -9.99999e+99 -9.99999e+99 -9.99999e+99 -9.99999e+99 -9.99999e+99 -9.99999e+99 -9.99999e+99 -9.99999e+99 -9.99999e+99 -9.99999e+99 -9.99999e+99 -9.99999e+99 -9.99999e+99 -9.99999e+99 -9.99999e+99 -9.99999e+99 -9.99999e+99 -9.99999e+99 -9.99999e+99 -9.99999e+99 -9.99999e+99
6.99993e+04 5.70886e+04 4.28384e+04 3.22145e+04 2.41508e+04 1.81435e+04 1.36306e+04 1.02456e+04 7.73386e+03 5.81032e+03 4.35952e+03 3.27528e+03 2.46069e+03 1.84926e+03 1.38947e+03 1.04366e+03 7.84335e+02 5.89433e+02 4.42873e+02 3.32716e+02 2.49997e+02 1.87859e+02 1.41141e+02 1.06024e+02 7.96519e+01 5.99407e+01 4.50342e+01 3.37998e+01 2.54061e+01 1.90896e+01 1.49723e+01 -9.99999e+99 -9.99999e+99 -9.99999e+99 -9.99999e+99 -9.99999e+99 -9.99999e+99 -9.99999e+99 -9.99999e+99 -9.99999e+99 -9.99999e+99 -9.99999e+99 -9.99999e+99 -9.99999e+99 -9.99999e+99 -9.99999e+99 -9.99999e+99 -9.99999e+99 -9.99999e+99 -9.99999e+99 -9.99999e+99 -9.99999e+99 -9.99999e+99 -9.99999e+99 -9.99999e+99 -9.99999e+99 -9.99999e+99 -9.99999e+99 -9.99999e+99 -9.99999e+99
7.00000e+04 5.69909e+04 4.27652e+04 3.21595e+04 2.41097e+04 1.81126e+04 1.36074e+04 1.02282e+04 7.72071e+03 5.80050e+03 4.35219e+03 3.26978e+03 2.45659e+03 1.84618e+03 1.38716e+03 1.04193e+03 7.83042e+02 5.88463e+02 4.42145e+02 3.32170e+02 2.49587e+02 1.87552e+02 1.40911e+02 1.05852e+02 7.95225e+01 5.98436e+01 4.49613e+01 3.37452e+01 2.53651e+01 1.90590e+01 1.49617e+01 -9.99999e+99 -9.99999e+99 -9.99999e+99 -9.99999e+99 -9.99999e+99 -9.99999e+99 -9.99999e+99 -9.99999e+99 -9.99999e+99 -9.99999e+99 -9.99999e+99 -9.99999e+99 -9.99999e+99 -9.99999e+99 -9.99999e+99 -9.99999e+99 -9.99999e+99 -9.99999e+99 -9.99999e+99 -9.99999e+99 -9.99999e+99 -9.99999e+99 -9.99999e+99 -9.99999e+99 -9.99999e+99 -9.99999e+99 -9.99999e+99 -9.99999e+99 -9.99999e+99
