#NTIMES: 4
#NVEL: 287
#TIMES[d]: 5.0 10.0 15.0 20.0
#vel_mid[km/s] ne_t0[/cm^3] ne_t1[/cm^3] … ne_tn[/cm^3]
6.681933E+03 1.000000E-99 1.000000E-99 1.000000E-99 2.663333E+09
6.778288E+03 1.000000E-99 1.000000E-99 1.000000E-99 2.615601E+09
6.874644E+03 1.000000E-99 1.000000E-99 1.000000E-99 2.567869E+09
6.970999E+03 1.000000E-99 1.000000E-99 1.000000E-99 2.520137E+09
7.067355E+03 1.000000E-99 1.000000E-99 1.000000E-99 2.472405E+09
7.163711E+03 1.000000E-99 1.000000E-99 1.000000E-99 2.409445E+09
7.260066E+03 1.000000E-99 1.000000E-99 1.000000E-99 2.345447E+09
7.356422E+03 1.000000E-99 1.000000E-99 1.000000E-99 2.281450E+09
7.452778E+03 1.000000E-99 1.000000E-99 1.000000E-99 2.217452E+09
7.549133E+03 1.000000E-99 1.000000E-99 1.000000E-99 2.159522E+09
7.645489E+03 1.000000E-99 1.000000E-99 1.000000E-99 2.108948E+09
7.741845E+03 1.000000E-99 1.000000E-99 1.000000E-99 2.058375E+09
7.838200E+03 1.000000E-99 1.000000E-99 1.000000E-99 2.007802E+09
7.934556E+03 1.000000E-99 1.000000E-99 1.000000E-99 1.957229E+09
8.030912E+03 1.000000E-99 1.000000E-99 1.000000E-99 1.922048E+09
8.127267E+03 1.000000E-99 1.000000E-99 1.000000E-99 1.893658E+09
8.223623E+03 1.000000E-99 1.000000E-99 1.000000E-99 1.865268E+09
8.319979E+03 1.000000E-99 1.000000E-99 1.000000E-99 1.836878E+09
8.416334E+03 1.000000E-99 1.000000E-99 1.000000E-99 1.808488E+09
8.512690E+03 1.000000E-99 1.000000E-99 1.000000E-99 1.779264E+09
8.609046E+03 1.000000E-99 1.000000E-99 1.000000E-99 1.749581E+09
8.705401E+03 1.000000E-99 1.000000E-99 1.000000E-99 1.719898E+09
8.801757E+03 1.000000E-99 1.000000E-99 1.000000E-99 1.690216E+09
8.898113E+03 1.000000E-99 1.000000E-99 1.000000E-99 1.660533E+09
8.994468E+03 1.000000E-99 1.000000E-99 1.000000E-99 1.630410E+09
9.090824E+03 1.000000E-99 1.000000E-99 1.000000E-99 1.599198E+09
9.187180E+03 1.000000E-99 1.000000E-99 1.000000E-99 1.567985E+09
9.283535E+03 1.000000E-99 1.000000E-99 1.000000E-99 1.536773E+09
9.379891E+03 1.000000E-99 1.000000E-99 1.000000E-99 1.505561E+09
9.476247E+03 1.000000E-99 1.000000E-99 1.000000E-99 1.474349E+09
9.572602E+03 1.000000E-99 1.000000E-99 1.000000E-99 1.447595E+09
9.668958E+03 1.000000E-99 1.000000E-99 3.399145E+09 1.423769E+09
9.765313E+03 1.000000E-99 1.000000E-99 3.335826E+09 1.399943E+09
9.861669E+03 1.000000E-99 1.000000E-99 3.272507E+09 1.376117E+09
9.958025E+03 1.000000E-99 1.000000E-99 3.209189E+09 1.352291E+09
1.005438E+04 1.000000E-99 1.000000E-99 3.145870E+09 1.328466E+09
1.015074E+04 1.000000E-99 1.000000E-99 3.085692E+09 1.302874E+09
1.024709E+04 1.000000E-99 1.000000E-99 3.027866E+09 1.275960E+09
1.034345E+04 1.000000E-99 1.000000E-99 2.970041E+09 1.249046E+09
1.043980E+04 1.000000E-99 1.000000E-99 2.912215E+09 1.222132E+09
1.053616E+04 1.000000E-99 1.000000E-99 2.854389E+09 1.195218E+09
1.063251E+04 1.000000E-99 1.000000E-99 2.796564E+09 1.168304E+09
1.072887E+04 1.000000E-99 1.000000E-99 2.735832E+09 1.139507E+09
1.082523E+04 1.000000E-99 1.000000E-99 2.661083E+09 1.101625E+09
1.092158E+04 1.000000E-99 1.000000E-99 2.586333E+09 1.063744E+09
1.101794E+04 1.000000E-99 1.000000E-99 2.511584E+09 1.025862E+09
1.111429E+04 1.000000E-99 1.000000E-99 2.436834E+09 9.879802E+08
1.121065E+04 1.000000E-99 1.000000E-99 2.362084E+09 9.500985E+08
1.130700E+04 1.000000E-99 1.000000E-99 2.287335E+09 9.122168E+08
1.140336E+04 1.000000E-99 1.000000E-99 2.208054E+09 8.717752E+08
1.149972E+04 1.000000E-99 1.000000E-99 2.121404E+09 8.271696E+08
1.159607E+04 1.000000E-99 1.000000E-99 2.034753E+09 7.825641E+08
1.169243E+04 1.000000E-99 1.000000E-99 1.948103E+09 7.379586E+08
1.178878E+04 1.000000E-99 1.000000E-99 1.861452E+09 6.933530E+08
1.188514E+04 1.000000E-99 1.000000E-99 1.774802E+09 6.487475E+08
1.198149E+04 1.000000E-99 1.000000E-99 1.688151E+09 6.041420E+08
1.207785E+04 1.000000E-99 1.000000E-99 1.603491E+09 5.633880E+08
1.217420E+04 1.000000E-99 1.000000E-99 1.528305E+09 5.409731E+08
1.227056E+04 1.000000E-99 1.000000E-99 1.453118E+09 5.185581E+08
1.236692E+04 1.000000E-99 1.000000E-99 1.377932E+09 4.961432E+08
1.246327E+04 1.000000E-99 1.000000E-99 1.302746E+09 4.737283E+08
1.255963E+04 1.000000E-99 1.000000E-99 1.227560E+09 4.513134E+08
1.265598E+04 1.000000E-99 1.000000E-99 1.152374E+09 4.288984E+08
1.275234E+04 1.000000E-99 1.000000E-99 1.077188E+09 4.064835E+08
1.284869E+04 1.000000E-99 1.000000E-99 1.021733E+09 3.898970E+08
1.294505E+04 1.000000E-99 1.000000E-99 9.809609E+08 3.776477E+08
1.304141E+04 1.000000E-99 1.000000E-99 9.401892E+08 3.653984E+08
1.313776E+04 1.000000E-99 1.000000E-99 8.994175E+08 3.531492E+08
1.323412E+04 1.000000E-99 1.000000E-99 8.586458E+08 3.408999E+08
1.333047E+04 1.000000E-99 1.000000E-99 8.178741E+08 3.286506E+08
1.342683E+04 1.000000E-99 1.000000E-99 7.771024E+08 3.164014E+08
1.352318E+04 1.000000E-99 1.000000E-99 7.363307E+08 3.041521E+08
1.361954E+04 1.000000E-99 1.000000E-99 7.085915E+08 2.931311E+08
1.371590E+04 1.000000E-99 1.000000E-99 6.816323E+08 2.821836E+08
1.381225E+04 1.000000E-99 1.000000E-99 6.546731E+08 2.712361E+08
1.390861E+04 1.000000E-99 1.000000E-99 6.277139E+08 2.602886E+08
1.400496E+04 1.000000E-99 1.000000E-99 6.007548E+08 2.493412E+08
1.410132E+04 1.000000E-99 1.000000E-99 5.737956E+08 2.383937E+08
1.419767E+04 1.000000E-99 1.000000E-99 5.469907E+08 2.275000E+08
1.429403E+04 1.000000E-99 1.000000E-99 5.250761E+08 2.183120E+08
1.439038E+04 1.000000E-99 1.000000E-99 5.031614E+08 2.091240E+08
1.448674E+04 1.000000E-99 1.000000E-99 4.812468E+08 1.999360E+08
1.458310E+04 1.000000E-99 1.000000E-99 4.593321E+08 1.907479E+08
1.467945E+04 1.000000E-99 1.000000E-99 4.374175E+08 1.815599E+08
1.477581E+04 1.000000E-99 1.000000E-99 4.190456E+08 1.738237E+08
1.487216E+04 1.000000E-99 1.000000E-99 4.160353E+08 1.723828E+08
1.496852E+04 1.000000E-99 1.000000E-99 4.130249E+08 1.709418E+08
1.506487E+04 1.000000E-99 1.426287E+09 4.100146E+08 1.695008E+08
1.516123E+04 1.000000E-99 1.408127E+09 4.070042E+08 1.680599E+08
1.525759E+04 1.000000E-99 1.404387E+09 4.076545E+08 1.681217E+08
1.535394E+04 1.000000E-99 1.467433E+09 4.252578E+08 1.751436E+08
1.545030E+04 1.000000E-99 1.530478E+09 4.428611E+08 1.821655E+08
1.554665E+04 1.000000E-99 1.593523E+09 4.604644E+08 1.891873E+08
1.564301E+04 1.000000E-99 1.656569E+09 4.780677E+08 1.962092E+08
1.573936E+04 1.000000E-99 1.849650E+09 5.321892E+08 2.187613E+08
1.583572E+04 1.000000E-99 2.048352E+09 5.878888E+08 2.419846E+08
1.593208E+04 1.000000E-99 2.247053E+09 6.435885E+08 2.652078E+08
1.602843E+04 1.000000E-99 2.371432E+09 6.801338E+08 2.812328E+08
1.612479E+04 1.000000E-99 2.465022E+09 7.087441E+08 2.942757E+08
1.622114E+04 1.000000E-99 2.517383E+09 7.261779E+08 3.026019E+08
1.631750E+04 1.000000E-99 2.493240E+09 7.228724E+08 3.021756E+08
1.641385E+04 1.000000E-99 2.349834E+09 6.841347E+08 2.866165E+08
1.651021E+04 1.000000E-99 2.105084E+09 6.149437E+08 2.580185E+08
1.660657E+04 1.000000E-99 1.794864E+09 5.252540E+08 2.205355E+08
1.670292E+04 1.000000E-99 1.558468E+09 4.567044E+08 1.918020E+08
1.679928E+04 1.000000E-99 1.396709E+09 4.096948E+08 1.721081E+08
1.689563E+04 1.000000E-99 1.269660E+09 3.726980E+08 1.566402E+08
1.699199E+04 1.000000E-99 1.159085E+09 3.404988E+08 1.431381E+08
1.708834E+04 1.000000E-99 1.072349E+09 3.151855E+08 1.325167E+08
1.718470E+04 1.000000E-99 9.951455E+08 2.926229E+08 1.230453E+08
1.728105E+04 1.000000E-99 9.296441E+08 2.734359E+08 1.149848E+08
1.737741E+04 1.000000E-99 8.641427E+08 2.542488E+08 1.069243E+08
1.747377E+04 1.000000E-99 8.089273E+08 2.380578E+08 1.001201E+08
1.757012E+04 6.371456E+09 7.603633E+08 2.238043E+08 9.412826E+07
1.766648E+04 5.852486E+09 7.117993E+08 2.095507E+08 8.813646E+07
1.776283E+04 5.333516E+09 6.632354E+08 1.952972E+08 8.214466E+07
1.785919E+04 4.814546E+09 6.146714E+08 1.810436E+08 7.615285E+07
1.795554E+04 4.539357E+09 5.846420E+08 1.722288E+08 7.244612E+07
1.805190E+04 4.368800E+09 5.625676E+08 1.657483E+08 6.972015E+07
1.814826E+04 4.198242E+09 5.404932E+08 1.592678E+08 6.699417E+07
1.824461E+04 4.027685E+09 5.184189E+08 1.527872E+08 6.426820E+07
1.834097E+04 3.857127E+09 4.963445E+08 1.463067E+08 6.154222E+07
1.843732E+04 3.686569E+09 4.742701E+08 1.398262E+08 5.881625E+07
1.853368E+04 3.516658E+09 4.522801E+08 1.333703E+08 5.610061E+07
1.863003E+04 3.393872E+09 4.364431E+08 1.287099E+08 5.413919E+07
1.872639E+04 3.271086E+09 4.206062E+08 1.240495E+08 5.217776E+07
1.882275E+04 3.148300E+09 4.047692E+08 1.193891E+08 5.021633E+07
1.891910E+04 3.025514E+09 3.889322E+08 1.147287E+08 4.825491E+07
1.901546E+04 2.902727E+09 3.730953E+08 1.100683E+08 4.629348E+07
1.911181E+04 2.779941E+09 3.572583E+08 1.054078E+08 4.433205E+07
1.920817E+04 2.657155E+09 3.414213E+08 1.007474E+08 4.237062E+07
1.930452E+04 2.545777E+09 3.270694E+08 9.652048E+07 4.059198E+07
1.940088E+04 2.448115E+09 3.145031E+08 9.281476E+07 3.903314E+07
1.949723E+04 2.350454E+09 3.019369E+08 8.910904E+07 3.747429E+07
1.959359E+04 2.252793E+09 2.893706E+08 8.540332E+07 3.591544E+07
1.968995E+04 2.155132E+09 2.768044E+08 8.169760E+07 3.435660E+07
1.978630E+04 2.057470E+09 2.642381E+08 7.799188E+07 3.279775E+07
1.988266E+04 1.959809E+09 2.516718E+08 7.428616E+07 3.123890E+07
1.997901E+04 1.862148E+09 2.391056E+08 7.058044E+07 2.968006E+07
2.007537E+04 1.779285E+09 2.284485E+08 6.743721E+07 2.835775E+07
2.017172E+04 1.716177E+09 2.203397E+08 6.504482E+07 2.735118E+07
2.026808E+04 1.653068E+09 2.122310E+08 6.265243E+07 2.634461E+07
2.036444E+04 1.589959E+09 2.041223E+08 6.026004E+07 2.533804E+07
2.046079E+04 1.526850E+09 1.960135E+08 5.786765E+07 2.433147E+07
2.055715E+04 1.463742E+09 1.879048E+08 5.547526E+07 2.332490E+07
2.065350E+04 1.400633E+09 1.797961E+08 5.308287E+07 2.231833E+07
2.074986E+04 1.337524E+09 1.716874E+08 5.069048E+07 2.131176E+07
2.084621E+04 1.276670E+09 1.638689E+08 4.838365E+07 2.034114E+07
2.094257E+04 1.240007E+09 1.591650E+08 4.699503E+07 1.975625E+07
2.103893E+04 1.203345E+09 1.544612E+08 4.560641E+07 1.917135E+07
2.113528E+04 1.166683E+09 1.497573E+08 4.421779E+07 1.858646E+07
2.123164E+04 1.130020E+09 1.450535E+08 4.282916E+07 1.800157E+07
2.132799E+04 1.093358E+09 1.403496E+08 4.144054E+07 1.741667E+07
2.142435E+04 1.056695E+09 1.356458E+08 4.005192E+07 1.683178E+07
2.152070E+04 1.020033E+09 1.309420E+08 3.866330E+07 1.624688E+07
2.161706E+04 9.833702E+08 1.262381E+08 3.727467E+07 1.566199E+07
2.171341E+04 9.492339E+08 1.218583E+08 3.598071E+07 1.511728E+07
2.180977E+04 9.162909E+08 1.176316E+08 3.473147E+07 1.459155E+07
2.190613E+04 8.833480E+08 1.134049E+08 3.348223E+07 1.406582E+07
2.200248E+04 8.504050E+08 1.091782E+08 3.223299E+07 1.354009E+07
2.209884E+04 8.174621E+08 1.049515E+08 3.098374E+07 1.301436E+07
2.219519E+04 7.845191E+08 1.007248E+08 2.973450E+07 1.248863E+07
2.229155E+04 7.515762E+08 9.649816E+07 2.848526E+07 1.196290E+07
2.238790E+04 7.186332E+08 9.227146E+07 2.723602E+07 1.143717E+07
2.248426E+04 6.887862E+08 8.844027E+07 2.610295E+07 1.096022E+07
2.258062E+04 6.640591E+08 8.526311E+07 2.516199E+07 1.056394E+07
2.267697E+04 6.393319E+08 8.208595E+07 2.422104E+07 1.016766E+07
2.277333E+04 6.146048E+08 7.890879E+07 2.328008E+07 9.771381E+06
2.286968E+04 5.898776E+08 7.573163E+07 2.233912E+07 9.375101E+06
2.296604E+04 5.651505E+08 7.255447E+07 2.139817E+07 8.978820E+06
2.306239E+04 5.404234E+08 6.937730E+07 2.045721E+07 8.582539E+06
2.315875E+04 5.156962E+08 6.620014E+07 1.951625E+07 8.186259E+06
2.325511E+04 4.918255E+08 6.313252E+07 1.860750E+07 7.803548E+06
2.335146E+04 4.760629E+08 6.110194E+07 1.800363E+07 7.549313E+06
2.344782E+04 4.603002E+08 5.907136E+07 1.739975E+07 7.295078E+06
2.354417E+04 4.445376E+08 5.704078E+07 1.679588E+07 7.040843E+06
2.364053E+04 4.287750E+08 5.501020E+07 1.619201E+07 6.786609E+06
2.373688E+04 4.130124E+08 5.297962E+07 1.558814E+07 6.532374E+06
2.383324E+04 3.972498E+08 5.094904E+07 1.498426E+07 6.278139E+06
2.392959E+04 3.814871E+08 4.891846E+07 1.438039E+07 6.023904E+06
2.402595E+04 3.657245E+08 4.688788E+07 1.377652E+07 5.769669E+06
2.412231E+04 3.540939E+08 4.538514E+07 1.332849E+07 5.580840E+06
2.421866E+04 3.440349E+08 4.408315E+07 1.293974E+07 5.416886E+06
2.431502E+04 3.339759E+08 4.278117E+07 1.255098E+07 5.252933E+06
2.441137E+04 3.239168E+08 4.147918E+07 1.216223E+07 5.088980E+06
2.450773E+04 3.138578E+08 4.017720E+07 1.177348E+07 4.925026E+06
2.460408E+04 3.037988E+08 3.887521E+07 1.138472E+07 4.761073E+06
2.470044E+04 2.937397E+08 3.757323E+07 1.099597E+07 4.597119E+06
2.479680E+04 2.836807E+08 3.627124E+07 1.060722E+07 4.433166E+06
2.489315E+04 2.743408E+08 3.506218E+07 1.024654E+07 4.281144E+06
2.498951E+04 2.670095E+08 3.411266E+07 9.964295E+06 4.162451E+06
2.508586E+04 2.596783E+08 3.316314E+07 9.682048E+06 4.043758E+06
2.518222E+04 2.523470E+08 3.221362E+07 9.399802E+06 3.925064E+06
2.527857E+04 2.450158E+08 3.126410E+07 9.117555E+06 3.806371E+06
2.537493E+04 2.376845E+08 3.031458E+07 8.835308E+06 3.687678E+06
2.547129E+04 2.303533E+08 2.936506E+07 8.553062E+06 3.568985E+06
2.556764E+04 2.230221E+08 2.841554E+07 8.270815E+06 3.450291E+06
2.566400E+04 2.156908E+08 2.746602E+07 7.988568E+06 3.331598E+06
2.576035E+04 2.093106E+08 2.664261E+07 7.745317E+06 3.229783E+06
2.585671E+04 2.034700E+08 2.589075E+07 7.524190E+06 3.137542E+06
2.595306E+04 1.976294E+08 2.513889E+07 7.303063E+06 3.045302E+06
2.604942E+04 1.917888E+08 2.438703E+07 7.081935E+06 2.953062E+06
2.614577E+04 1.859482E+08 2.363516E+07 6.860808E+06 2.860822E+06
2.624213E+04 1.801076E+08 2.288330E+07 6.639680E+06 2.768581E+06
2.633849E+04 1.742670E+08 2.213144E+07 6.418553E+06 2.676341E+06
2.643484E+04 1.684264E+08 2.137958E+07 6.197425E+06 2.584101E+06
2.653120E+04 1.625858E+08 2.062772E+07 5.976298E+06 2.491861E+06
2.662755E+04 1.574238E+08 1.996550E+07 5.782470E+06 2.411026E+06
2.672391E+04 1.532016E+08 1.942741E+07 5.626446E+06 2.345985E+06
2.682026E+04 1.489795E+08 1.888932E+07 5.470422E+06 2.280944E+06
2.691662E+04 1.447573E+08 1.835124E+07 5.314399E+06 2.215903E+06
2.701298E+04 1.405351E+08 1.781315E+07 5.158375E+06 2.150862E+06
2.710933E+04 1.363130E+08 1.727506E+07 5.002351E+06 2.085822E+06
2.720569E+04 1.320908E+08 1.673698E+07 4.846328E+06 2.020781E+06
2.730204E+04 1.278686E+08 1.619889E+07 4.690304E+06 1.955740E+06
2.739840E+04 1.236464E+08 1.566080E+07 4.534280E+06 1.890699E+06
2.749475E+04 1.194243E+08 1.512272E+07 4.378257E+06 1.825658E+06
2.759111E+04 1.152021E+08 1.458463E+07 4.222233E+06 1.760618E+06
2.768747E+04 1.118244E+08 1.415469E+07 4.098095E+06 1.708966E+06
2.778382E+04 1.092315E+08 1.382524E+07 4.003592E+06 1.669759E+06
2.788018E+04 1.066387E+08 1.349580E+07 3.909090E+06 1.630551E+06
2.797653E+04 1.040458E+08 1.316636E+07 3.814587E+06 1.591344E+06
2.807289E+04 1.014529E+08 1.283692E+07 3.720084E+06 1.552136E+06
2.816924E+04 9.886009E+07 1.250748E+07 3.625581E+06 1.512929E+06
2.826560E+04 9.626723E+07 1.217804E+07 3.531078E+06 1.473721E+06
2.836196E+04 9.367437E+07 1.184860E+07 3.436576E+06 1.434514E+06
2.845831E+04 9.108151E+07 1.151915E+07 3.342073E+06 1.395307E+06
2.855467E+04 8.848865E+07 1.118971E+07 3.247570E+06 1.356099E+06
2.865102E+04 8.589579E+07 1.086027E+07 3.153067E+06 1.316892E+06
2.874738E+04 8.330293E+07 1.053083E+07 3.058564E+06 1.277684E+06
2.884373E+04 8.071007E+07 1.020139E+07 2.964062E+06 1.238477E+06
2.894009E+04 7.811721E+07 9.871948E+06 2.869559E+06 1.199269E+06
2.903644E+04 7.596459E+07 9.598372E+06 2.791049E+06 1.166667E+06
2.913280E+04 7.422921E+07 9.377744E+06 2.727696E+06 1.140324E+06
2.922916E+04 7.249384E+07 9.157116E+06 2.664343E+06 1.113982E+06
2.932551E+04 7.075847E+07 8.936488E+06 2.600991E+06 1.087639E+06
2.942187E+04 6.902310E+07 8.715859E+06 2.537638E+06 1.061296E+06
2.951822E+04 6.728773E+07 8.495231E+06 2.474285E+06 1.034954E+06
2.961458E+04 6.555236E+07 8.274603E+06 2.410933E+06 1.008611E+06
2.971093E+04 6.381698E+07 8.053974E+06 2.347580E+06 9.822685E+05
2.980729E+04 6.208161E+07 7.833346E+06 2.284227E+06 9.559259E+05
2.990365E+04 6.034624E+07 7.612718E+06 2.220875E+06 9.295832E+05
3.000000E+04 5.861087E+07 7.392090E+06 2.157522E+06 9.032406E+05
3.009636E+04 5.687550E+07 7.171461E+06 2.094169E+06 8.768980E+05
3.019271E+04 5.514013E+07 6.950833E+06 2.030817E+06 8.505554E+05
3.028907E+04 5.340475E+07 6.730205E+06 1.967464E+06 8.242128E+05
3.038542E+04 5.166938E+07 6.509577E+06 1.904111E+06 7.978702E+05
3.048178E+04 4.993401E+07 6.288948E+06 1.840759E+06 7.715275E+05
3.057814E+04 4.819864E+07 6.068320E+06 1.777406E+06 7.451849E+05
3.067449E+04 4.660211E+07 5.865525E+06 1.719046E+06 7.208984E+05
3.077085E+04 4.546624E+07 5.721898E+06 1.677250E+06 7.034338E+05
3.086720E+04 4.433038E+07 5.578270E+06 1.635454E+06 6.859691E+05
3.096356E+04 4.319451E+07 5.434643E+06 1.593658E+06 6.685044E+05
3.105991E+04 4.205865E+07 5.291015E+06 1.551862E+06 6.510398E+05
3.115627E+04 4.092278E+07 5.147388E+06 1.510066E+06 6.335751E+05
3.125262E+04 3.978691E+07 5.003761E+06 1.468270E+06 6.161105E+05
3.134898E+04 3.865105E+07 4.860133E+06 1.426474E+06 5.986458E+05
3.144534E+04 3.751518E+07 4.716506E+06 1.384678E+06 5.811811E+05
3.154169E+04 3.637932E+07 4.572878E+06 1.342882E+06 5.637165E+05
3.163805E+04 3.524345E+07 4.429251E+06 1.301086E+06 5.462518E+05
3.173440E+04 3.410758E+07 4.285623E+06 1.259289E+06 5.287872E+05
3.183076E+04 3.297172E+07 4.141996E+06 1.217493E+06 5.113225E+05
3.192711E+04 3.183585E+07 3.998369E+06 1.175697E+06 4.938579E+05
3.202347E+04 3.069999E+07 3.854741E+06 1.133901E+06 4.763932E+05
3.211983E+04 2.956412E+07 3.711114E+06 1.092105E+06 4.589285E+05
3.221618E+04 2.842825E+07 3.567486E+06 1.050309E+06 4.414639E+05
3.231254E+04 2.729239E+07 3.423859E+06 1.008513E+06 4.239992E+05
3.240889E+04 2.615652E+07 3.280231E+06 9.667173E+05 4.065346E+05
3.250525E+04 2.502066E+07 3.136604E+06 9.249213E+05 3.890699E+05
3.260160E+04 2.430274E+07 3.046349E+06 8.984312E+05 3.779558E+05
3.269796E+04 2.363486E+07 2.962484E+06 8.737734E+05 3.676020E+05
3.279432E+04 2.296698E+07 2.878618E+06 8.491157E+05 3.572481E+05
3.289067E+04 2.229909E+07 2.794753E+06 8.244579E+05 3.468943E+05
3.298703E+04 2.163121E+07 2.710887E+06 7.998001E+05 3.365404E+05
3.308338E+04 2.096333E+07 2.627022E+06 7.751424E+05 3.261866E+05
3.317974E+04 2.029545E+07 2.543156E+06 7.504846E+05 3.158327E+05
3.327609E+04 1.962756E+07 2.459290E+06 7.258268E+05 3.054789E+05
3.337245E+04 1.895968E+07 2.375425E+06 7.011690E+05 2.951250E+05
3.346880E+04 1.829180E+07 2.291559E+06 6.765113E+05 2.847712E+05
3.356516E+04 1.762392E+07 2.207694E+06 6.518535E+05 2.744173E+05
3.366152E+04 1.695603E+07 2.123828E+06 6.271957E+05 2.640635E+05
3.375787E+04 1.628815E+07 2.039963E+06 6.025380E+05 2.537096E+05
3.385423E+04 1.562027E+07 1.956097E+06 5.778802E+05 2.433558E+05
3.395058E+04 1.495239E+07 1.872232E+06 5.532224E+05 2.330020E+05
3.404694E+04 1.428450E+07 1.788366E+06 5.285646E+05 2.226481E+05
3.414329E+04 1.361662E+07 1.704501E+06 5.039069E+05 2.122943E+05
3.423965E+04 1.294874E+07 1.620635E+06 4.792491E+05 2.019404E+05
