#NTIMES: 50
#NVEL: 78
#TIMES[d]: 199.16 202.03 204.93 207.87 210.86 213.89 216.97 220.09 223.25 226.46 229.71 233.01 236.36 239.76 243.21 246.70 250.25 253.85 257.50 261.20 264.95 268.76 272.62 276.54 280.51 284.55 288.64 292.79 296.99 301.26 305.59 309.99 314.44 318.96 323.55 328.19 332.91 337.70 342.55 347.48 352.47 357.54 362.68 367.89 373.18 378.54 383.98 389.50 395.10 400.78
#vel_mid[km/s] ne_t0[/cm^3] ne_t1[/cm^3] … ne_tn[/cm^3]
440.10 6.170e+06 5.922e+06 5.722e+06 5.388e+06 5.180e+06 4.876e+06 4.685e+06 4.390e+06 4.248e+06 4.020e+06 3.790e+06 3.670e+06 3.476e+06 3.338e+06 3.209e+06 3.009e+06 2.888e+06 2.946e+06 2.590e+06 2.509e+06 2.398e+06 2.235e+06 2.163e+06 2.033e+06 2.061e+06 1.859e+06 1.781e+06 1.715e+06 1.635e+06 1.668e+06 1.441e+06 1.391e+06 1.299e+06 1.303e+06 1.186e+06 1.134e+06 1.106e+06 1.022e+06 9.947e+05 9.459e+05 8.649e+05 7.967e+05 7.697e+05 7.060e+05 6.818e+05 6.291e+05 6.116e+05 5.623e+05 5.242e+05 4.861e+05
886.22 5.817e+06 6.097e+06 5.579e+06 5.220e+06 5.055e+06 4.928e+06 4.599e+06 4.446e+06 4.168e+06 3.750e+06 3.688e+06 3.601e+06 3.378e+06 3.175e+06 3.081e+06 3.862e+06 2.970e+06 2.729e+06 2.631e+06 2.427e+06 3.721e+06 2.346e+06 2.115e+06 2.039e+06 1.892e+06 2.304e+06 1.743e+06 1.621e+06 1.581e+06 1.536e+06 1.712e+06 1.353e+06 1.221e+06 1.213e+06 1.196e+06 1.064e+06 1.113e+06 1.077e+06 9.284e+05 7.444e+05 7.575e+05 8.520e+05 8.248e+05 6.206e+05 6.028e+05 5.149e+05 4.766e+05 5.344e+05 4.268e+05 4.037e+05
906.14 6.149e+06 5.749e+06 5.265e+06 5.178e+06 4.829e+06 4.657e+06 4.536e+06 4.383e+06 4.241e+06 4.106e+06 3.839e+06 3.720e+06 3.324e+06 3.271e+06 3.150e+06 3.050e+06 2.883e+06 3.526e+06 2.597e+06 2.492e+06 2.241e+06 2.189e+06 2.230e+06 2.084e+06 2.069e+06 1.787e+06 1.786e+06 1.540e+06 1.632e+06 1.470e+06 1.361e+06 1.334e+06 1.230e+06 1.045e+06 1.025e+06 1.068e+06 1.002e+06 9.668e+05 9.554e+05 8.602e+05 8.687e+05 8.560e+05 7.536e+05 6.815e+05 7.013e+05 7.543e+05 5.485e+05 5.861e+05 5.268e+05 4.778e+05
944.43 6.083e+06 5.767e+06 5.630e+06 5.441e+06 5.219e+06 4.916e+06 4.618e+06 4.484e+06 4.208e+06 3.952e+06 3.846e+06 3.623e+06 3.428e+06 3.345e+06 3.135e+06 3.013e+06 2.844e+06 3.164e+06 2.636e+06 2.467e+06 2.369e+06 2.235e+06 2.198e+06 2.409e+06 1.965e+06 1.834e+06 1.784e+06 1.679e+06 1.787e+06 1.509e+06 1.368e+06 1.325e+06 1.225e+06 1.243e+06 1.127e+06 1.097e+06 9.797e+05 9.589e+05 9.099e+05 8.606e+05 8.195e+05 8.024e+05 7.890e+05 7.085e+05 5.694e+05 6.187e+05 5.423e+05 4.577e+05 5.393e+05 4.514e+05
999.11 5.937e+06 5.771e+06 5.592e+06 5.272e+06 5.013e+06 4.834e+06 4.649e+06 4.389e+06 4.256e+06 3.931e+06 3.813e+06 3.579e+06 3.472e+06 3.343e+06 3.156e+06 2.988e+06 3.348e+06 2.739e+06 2.635e+06 2.523e+06 2.344e+06 2.267e+06 2.125e+06 2.214e+06 1.923e+06 1.863e+06 1.743e+06 1.669e+06 1.743e+06 1.526e+06 1.464e+06 1.370e+06 1.329e+06 1.265e+06 1.208e+06 1.149e+06 1.059e+06 1.030e+06 1.003e+06 9.400e+05 8.876e+05 8.311e+05 7.617e+05 7.425e+05 7.132e+05 6.150e+05 5.884e+05 5.671e+05 4.961e+05 4.853e+05
1060.83 6.037e+06 5.849e+06 5.642e+06 5.345e+06 5.141e+06 4.825e+06 4.651e+06 4.382e+06 4.229e+06 3.996e+06 3.890e+06 3.671e+06 3.456e+06 3.361e+06 3.165e+06 3.072e+06 2.884e+06 3.277e+06 2.635e+06 2.521e+06 2.347e+06 2.280e+06 2.213e+06 2.062e+06 2.236e+06 1.830e+06 1.761e+06 1.697e+06 1.651e+06 1.635e+06 1.540e+06 1.385e+06 1.280e+06 1.260e+06 1.254e+06 1.081e+06 1.042e+06 1.014e+06 9.753e+05 9.368e+05 8.991e+05 8.331e+05 8.653e+05 7.609e+05 6.553e+05 6.384e+05 5.889e+05 5.866e+05 5.141e+05 4.149e+05
1125.62 6.244e+06 5.987e+06 5.641e+06 5.272e+06 5.007e+06 4.842e+06 4.660e+06 4.495e+06 4.223e+06 4.107e+06 3.843e+06 3.702e+06 3.583e+06 3.292e+06 3.180e+06 2.991e+06 2.894e+06 2.778e+06 3.259e+06 2.447e+06 2.375e+06 2.309e+06 2.157e+06 2.081e+06 1.948e+06 2.056e+06 1.748e+06 1.702e+06 1.581e+06 1.589e+06 1.420e+06 1.382e+06 1.325e+06 1.265e+06 1.218e+06 1.168e+06 1.138e+06 1.009e+06 9.150e+05 8.897e+05 8.552e+05 7.959e+05 7.813e+05 7.049e+05 6.788e+05 6.353e+05 6.134e+05 5.803e+05 5.331e+05 5.178e+05
1194.38 6.067e+06 5.751e+06 5.524e+06 5.383e+06 5.067e+06 4.883e+06 4.694e+06 4.351e+06 4.197e+06 4.045e+06 3.796e+06 3.656e+06 3.470e+06 3.340e+06 3.212e+06 3.003e+06 2.906e+06 2.795e+06 2.858e+06 2.488e+06 2.390e+06 2.320e+06 2.151e+06 2.094e+06 1.966e+06 1.981e+06 1.755e+06 1.730e+06 1.595e+06 1.617e+06 1.440e+06 1.391e+06 1.348e+06 1.309e+06 1.159e+06 1.092e+06 1.065e+06 1.057e+06 9.774e+05 9.175e+05 8.892e+05 8.601e+05 7.875e+05 7.706e+05 5.728e+05 6.124e+05 6.003e+05 5.670e+05 5.488e+05 4.913e+05
1267.34 6.241e+06 5.899e+06 5.551e+06 5.284e+06 5.116e+06 4.927e+06 4.746e+06 4.474e+06 4.325e+06 4.076e+06 3.931e+06 3.687e+06 3.488e+06 3.383e+06 3.251e+06 3.110e+06 3.524e+06 2.848e+06 2.654e+06 2.541e+06 2.438e+06 2.286e+06 2.201e+06 2.228e+06 2.005e+06 1.867e+06 1.805e+06 1.729e+06 1.708e+06 1.579e+06 1.500e+06 1.396e+06 1.361e+06 1.223e+06 1.185e+06 1.159e+06 1.088e+06 1.035e+06 9.878e+05 8.978e+05 8.807e+05 7.884e+05 7.708e+05 7.486e+05 7.028e+05 6.530e+05 5.884e+05 5.961e+05 5.439e+05 4.810e+05
1344.75 6.312e+06 6.128e+06 5.912e+06 5.443e+06 5.282e+06 5.075e+06 4.770e+06 4.630e+06 4.338e+06 4.171e+06 4.036e+06 3.778e+06 3.630e+06 3.486e+06 3.347e+06 3.210e+06 3.349e+06 2.840e+06 2.740e+06 2.617e+06 2.501e+06 2.398e+06 2.203e+06 2.276e+06 1.973e+06 1.915e+06 1.852e+06 1.736e+06 1.803e+06 1.589e+06 1.540e+06 1.433e+06 1.395e+06 1.326e+06 1.260e+06 1.169e+06 1.127e+06 1.040e+06 1.013e+06 9.350e+05 8.499e+05 8.055e+05 7.749e+05 7.499e+05 7.313e+05 6.991e+05 6.565e+05 6.000e+05 5.649e+05 4.958e+05
1426.89 6.795e+06 6.347e+06 6.112e+06 5.787e+06 5.611e+06 5.293e+06 5.015e+06 4.892e+06 4.693e+06 4.296e+06 4.172e+06 4.027e+06 3.775e+06 3.662e+06 3.508e+06 3.314e+06 3.522e+06 2.995e+06 2.800e+06 2.702e+06 2.609e+06 2.517e+06 2.418e+06 2.600e+06 2.147e+06 2.085e+06 1.946e+06 1.856e+06 1.837e+06 1.696e+06 1.625e+06 1.544e+06 1.462e+06 1.378e+06 1.286e+06 1.251e+06 1.201e+06 1.141e+06 1.036e+06 9.772e+05 9.287e+05 8.818e+05 8.162e+05 8.246e+05 7.661e+05 7.399e+05 6.953e+05 6.344e+05 5.892e+05 5.214e+05
1514.05 6.945e+06 6.703e+06 6.330e+06 6.008e+06 5.820e+06 5.515e+06 5.363e+06 5.158e+06 4.815e+06 4.646e+06 4.456e+06 4.166e+06 4.006e+06 3.841e+06 3.622e+06 3.753e+06 3.247e+06 3.155e+06 3.035e+06 2.819e+06 2.715e+06 2.610e+06 2.508e+06 2.537e+06 2.232e+06 2.155e+06 2.081e+06 1.983e+06 1.978e+06 1.739e+06 1.681e+06 1.619e+06 1.536e+06 1.515e+06 1.376e+06 1.307e+06 1.241e+06 1.192e+06 1.116e+06 1.061e+06 9.968e+05 9.692e+05 9.052e+05 8.302e+05 7.807e+05 7.580e+05 6.969e+05 6.730e+05 6.227e+05 5.719e+05
1606.54 7.170e+06 6.764e+06 6.542e+06 6.307e+06 5.927e+06 5.718e+06 5.391e+06 5.113e+06 4.948e+06 4.659e+06 4.504e+06 4.348e+06 4.162e+06 3.908e+06 3.768e+06 3.874e+06 3.315e+06 3.222e+06 3.083e+06 2.954e+06 2.756e+06 2.649e+06 2.891e+06 2.420e+06 2.330e+06 2.183e+06 2.100e+06 1.947e+06 2.031e+06 1.804e+06 1.740e+06 1.614e+06 1.546e+06 1.501e+06 1.428e+06 1.364e+06 1.299e+06 1.232e+06 1.181e+06 1.084e+06 1.059e+06 9.408e+05 9.173e+05 8.349e+05 8.257e+05 7.527e+05 7.171e+05 6.774e+05 6.602e+05 6.013e+05
1704.67 7.366e+06 6.900e+06 6.674e+06 6.318e+06 6.096e+06 5.877e+06 5.532e+06 5.341e+06 5.043e+06 4.754e+06 4.586e+06 4.421e+06 4.254e+06 3.976e+06 4.215e+06 3.532e+06 3.417e+06 3.279e+06 3.144e+06 3.012e+06 2.829e+06 2.909e+06 2.602e+06 2.489e+06 2.385e+06 2.277e+06 2.111e+06 2.180e+06 1.930e+06 1.850e+06 1.730e+06 1.701e+06 1.629e+06 1.510e+06 1.460e+06 1.386e+06 1.276e+06 1.252e+06 1.162e+06 1.129e+06 1.052e+06 9.765e+05 9.463e+05 8.837e+05 8.132e+05 7.707e+05 7.159e+05 6.955e+05 6.618e+05 6.107e+05
1808.80 7.620e+06 7.196e+06 6.807e+06 6.548e+06 6.282e+06 5.945e+06 5.631e+06 5.446e+06 5.233e+06 4.938e+06 4.764e+06 4.482e+06 4.330e+06 4.149e+06 4.283e+06 3.667e+06 3.556e+06 3.408e+06 3.254e+06 3.117e+06 2.921e+06 2.818e+06 2.833e+06 2.515e+06 2.427e+06 2.330e+06 2.184e+06 2.180e+06 1.987e+06 1.916e+06 1.822e+06 1.746e+06 1.730e+06 1.577e+06 1.471e+06 1.458e+06 1.352e+06 1.257e+06 1.185e+06 1.159e+06 1.100e+06 1.074e+06 9.588e+05 9.289e+05 8.767e+05 8.232e+05 7.825e+05 7.108e+05 6.594e+05 6.218e+05
1919.29 7.670e+06 7.274e+06 7.022e+06 6.750e+06 6.316e+06 6.118e+06 5.894e+06 5.542e+06 5.374e+06 5.051e+06 4.788e+06 4.636e+06 4.374e+06 4.231e+06 4.459e+06 3.750e+06 3.640e+06 3.487e+06 3.338e+06 3.140e+06 3.031e+06 3.082e+06 2.702e+06 2.609e+06 2.508e+06 2.391e+06 2.286e+06 2.288e+06 2.024e+06 1.952e+06 1.889e+06 1.872e+06 1.688e+06 1.621e+06 1.543e+06 1.518e+06 1.403e+06 1.340e+06 1.268e+06 1.200e+06 1.131e+06 1.082e+06 9.776e+05 9.531e+05 9.242e+05 8.536e+05 8.104e+05 7.375e+05 6.801e+05 6.653e+05
2036.53 7.837e+06 7.565e+06 7.116e+06 6.754e+06 6.513e+06 6.257e+06 6.018e+06 5.775e+06 5.453e+06 5.247e+06 4.925e+06 4.748e+06 4.483e+06 4.331e+06 4.544e+06 3.872e+06 3.744e+06 3.578e+06 3.431e+06 3.222e+06 3.122e+06 3.185e+06 2.762e+06 2.680e+06 2.515e+06 2.436e+06 2.450e+06 2.189e+06 2.126e+06 1.993e+06 2.002e+06 1.819e+06 1.747e+06 1.667e+06 1.626e+06 1.505e+06 1.431e+06 1.378e+06 1.280e+06 1.246e+06 1.158e+06 1.124e+06 1.033e+06 1.003e+06 9.446e+05 8.936e+05 8.462e+05 7.964e+05 7.753e+05 7.334e+05
2160.92 7.895e+06 7.623e+06 7.224e+06 6.948e+06 6.572e+06 6.238e+06 6.058e+06 5.817e+06 5.476e+06 5.290e+06 5.072e+06 4.768e+06 4.585e+06 4.327e+06 4.186e+06 4.337e+06 3.723e+06 3.618e+06 3.484e+06 3.270e+06 3.146e+06 2.940e+06 3.099e+06 2.659e+06 2.572e+06 2.491e+06 2.344e+06 2.469e+06 2.131e+06 2.051e+06 1.921e+06 1.921e+06 1.750e+06 1.685e+06 1.609e+06 1.609e+06 1.443e+06 1.387e+06 1.351e+06 1.257e+06 1.211e+06 1.126e+06 1.077e+06 1.031e+06 9.969e+05 9.103e+05 8.675e+05 8.300e+05 7.732e+05 7.541e+05
2292.92 7.819e+06 7.531e+06 7.122e+06 6.857e+06 6.484e+06 6.250e+06 5.915e+06 5.713e+06 5.411e+06 5.244e+06 4.923e+06 4.743e+06 4.486e+06 4.352e+06 4.095e+06 3.956e+06 3.734e+06 3.902e+06 3.336e+06 3.219e+06 3.113e+06 2.935e+06 2.838e+06 2.911e+06 2.518e+06 2.443e+06 2.346e+06 2.253e+06 2.306e+06 1.998e+06 1.941e+06 1.822e+06 1.879e+06 1.639e+06 1.585e+06 1.591e+06 1.421e+06 1.372e+06 1.351e+06 1.243e+06 1.185e+06 1.178e+06 1.068e+06 1.047e+06 9.601e+05 9.253e+05 8.683e+05 8.411e+05 7.988e+05 7.634e+05
2432.98 7.693e+06 7.429e+06 7.040e+06 6.788e+06 6.410e+06 6.176e+06 5.823e+06 5.624e+06 5.435e+06 5.111e+06 4.947e+06 4.661e+06 4.506e+06 4.326e+06 4.062e+06 3.916e+06 3.763e+06 3.540e+06 3.405e+06 3.223e+06 3.407e+06 2.863e+06 2.761e+06 2.687e+06 2.532e+06 2.435e+06 2.495e+06 2.180e+06 2.114e+06 2.032e+06 1.912e+06 1.952e+06 1.715e+06 1.660e+06 1.596e+06 1.625e+06 1.414e+06 1.366e+06 1.397e+06 1.221e+06 1.180e+06 1.183e+06 1.059e+06 1.078e+06 9.672e+05 9.570e+05 8.666e+05 8.590e+05 7.849e+05 7.717e+05
2581.60 7.679e+06 7.420e+06 7.028e+06 6.788e+06 6.407e+06 6.186e+06 5.852e+06 5.637e+06 5.427e+06 5.137e+06 4.966e+06 4.694e+06 4.519e+06 4.270e+06 4.118e+06 3.900e+06 3.750e+06 3.546e+06 3.417e+06 3.235e+06 3.125e+06 2.951e+06 2.846e+06 2.696e+06 2.556e+06 2.474e+06 2.541e+06 2.184e+06 2.120e+06 2.041e+06 1.961e+06 1.843e+06 1.919e+06 1.646e+06 1.592e+06 1.531e+06 1.572e+06 1.360e+06 1.310e+06 1.338e+06 1.190e+06 1.146e+06 1.145e+06 1.023e+06 1.029e+06 9.304e+05 9.403e+05 8.348e+05 8.354e+05 7.561e+05
2739.29 7.742e+06 7.466e+06 7.169e+06 6.872e+06 6.574e+06 6.208e+06 5.989e+06 5.731e+06 5.415e+06 5.218e+06 5.001e+06 4.722e+06 4.557e+06 4.373e+06 4.196e+06 3.953e+06 3.801e+06 3.641e+06 3.486e+06 3.287e+06 3.165e+06 2.986e+06 2.870e+06 2.709e+06 2.629e+06 2.489e+06 2.400e+06 2.262e+06 2.143e+06 2.072e+06 1.992e+06 1.880e+06 1.812e+06 1.848e+06 1.603e+06 1.552e+06 1.493e+06 1.406e+06 1.449e+06 1.263e+06 1.221e+06 1.149e+06 1.185e+06 1.034e+06 9.991e+05 1.012e+06 9.003e+05 8.947e+05 8.157e+05 8.308e+05
2906.62 7.781e+06 7.437e+06 7.111e+06 6.815e+06 6.522e+06 6.248e+06 5.954e+06 5.714e+06 5.465e+06 5.237e+06 4.997e+06 4.768e+06 4.565e+06 4.372e+06 4.177e+06 4.002e+06 3.771e+06 3.625e+06 3.466e+06 3.327e+06 3.190e+06 3.051e+06 2.878e+06 2.770e+06 2.609e+06 2.505e+06 2.409e+06 2.305e+06 2.171e+06 2.090e+06 2.000e+06 1.889e+06 1.817e+06 1.712e+06 1.652e+06 1.556e+06 1.498e+06 1.413e+06 1.364e+06 1.284e+06 1.314e+06 1.149e+06 1.117e+06 1.075e+06 1.012e+06 1.030e+06 9.057e+05 8.766e+05 8.427e+05 8.801e+05
3084.17 7.446e+06 7.142e+06 6.853e+06 6.549e+06 6.258e+06 5.996e+06 5.724e+06 5.475e+06 5.244e+06 5.011e+06 4.793e+06 4.593e+06 4.397e+06 4.197e+06 4.017e+06 3.839e+06 3.673e+06 3.510e+06 3.357e+06 3.214e+06 3.079e+06 2.939e+06 2.804e+06 2.682e+06 2.571e+06 2.456e+06 2.343e+06 2.238e+06 2.130e+06 2.037e+06 1.948e+06 1.855e+06 1.772e+06 1.695e+06 1.618e+06 1.541e+06 1.446e+06 1.392e+06 1.334e+06 1.257e+06 1.208e+06 1.140e+06 1.099e+06 1.050e+06 1.007e+06 9.600e+05 8.985e+05 8.681e+05 8.153e+05 8.126e+05
3272.56 6.943e+06 6.656e+06 6.367e+06 6.085e+06 5.829e+06 5.581e+06 5.335e+06 5.110e+06 4.880e+06 4.680e+06 4.464e+06 4.267e+06 4.092e+06 3.925e+06 3.753e+06 3.596e+06 3.429e+06 3.284e+06 3.137e+06 3.004e+06 2.869e+06 2.751e+06 2.621e+06 2.503e+06 2.391e+06 2.291e+06 2.190e+06 2.087e+06 2.004e+06 1.909e+06 1.825e+06 1.745e+06 1.667e+06 1.587e+06 1.513e+06 1.449e+06 1.381e+06 1.318e+06 1.258e+06 1.197e+06 1.143e+06 1.095e+06 1.044e+06 9.960e+05 9.516e+05 9.061e+05 8.627e+05 8.217e+05 7.874e+05 7.481e+05
3472.46 6.267e+06 6.005e+06 5.753e+06 5.517e+06 5.282e+06 5.057e+06 4.840e+06 4.629e+06 4.439e+06 4.243e+06 4.069e+06 3.890e+06 3.724e+06 3.554e+06 3.405e+06 3.263e+06 3.113e+06 2.982e+06 2.857e+06 2.732e+06 2.608e+06 2.499e+06 2.386e+06 2.281e+06 2.181e+06 2.084e+06 1.996e+06 1.912e+06 1.830e+06 1.747e+06 1.667e+06 1.591e+06 1.522e+06 1.455e+06 1.388e+06 1.322e+06 1.262e+06 1.207e+06 1.153e+06 1.101e+06 1.052e+06 1.006e+06 9.551e+05 9.099e+05 8.662e+05 8.289e+05 7.927e+05 7.573e+05 7.210e+05 6.825e+05
3684.57 5.461e+06 5.216e+06 4.995e+06 4.781e+06 4.583e+06 4.391e+06 4.201e+06 4.019e+06 3.850e+06 3.686e+06 3.525e+06 3.375e+06 3.235e+06 3.093e+06 2.960e+06 2.832e+06 2.711e+06 2.594e+06 2.482e+06 2.371e+06 2.273e+06 2.171e+06 2.080e+06 1.988e+06 1.904e+06 1.820e+06 1.737e+06 1.662e+06 1.591e+06 1.519e+06 1.453e+06 1.389e+06 1.329e+06 1.269e+06 1.216e+06 1.162e+06 1.109e+06 1.056e+06 1.006e+06 9.603e+05 9.154e+05 8.734e+05 8.330e+05 7.968e+05 7.589e+05 7.258e+05 6.911e+05 6.566e+05 6.272e+05 5.967e+05
3909.64 4.441e+06 4.251e+06 4.073e+06 3.902e+06 3.738e+06 3.571e+06 3.419e+06 3.277e+06 3.141e+06 3.002e+06 2.882e+06 2.757e+06 2.636e+06 2.524e+06 2.411e+06 2.310e+06 2.207e+06 2.110e+06 2.020e+06 1.933e+06 1.851e+06 1.773e+06 1.698e+06 1.617e+06 1.545e+06 1.480e+06 1.415e+06 1.351e+06 1.293e+06 1.234e+06 1.183e+06 1.132e+06 1.081e+06 1.037e+06 9.871e+05 9.423e+05 9.026e+05 8.618e+05 8.225e+05 7.851e+05 7.507e+05 7.179e+05 6.849e+05 6.542e+05 6.232e+05 5.936e+05 5.638e+05 5.352e+05 5.113e+05 4.889e+05
4148.46 3.819e+06 3.661e+06 3.505e+06 3.350e+06 3.214e+06 3.081e+06 2.948e+06 2.826e+06 2.698e+06 2.586e+06 2.478e+06 2.363e+06 2.259e+06 2.165e+06 2.066e+06 1.980e+06 1.890e+06 1.814e+06 1.736e+06 1.657e+06 1.585e+06 1.519e+06 1.458e+06 1.395e+06 1.331e+06 1.271e+06 1.214e+06 1.160e+06 1.111e+06 1.062e+06 1.016e+06 9.715e+05 9.282e+05 8.836e+05 8.480e+05 8.110e+05 7.735e+05 7.397e+05 7.045e+05 6.727e+05 6.414e+05 6.136e+05 5.847e+05 5.571e+05 5.330e+05 5.086e+05 4.872e+05 4.638e+05 4.445e+05 4.234e+05
4401.86 3.698e+06 3.542e+06 3.383e+06 3.243e+06 3.107e+06 2.973e+06 2.845e+06 2.714e+06 2.599e+06 2.492e+06 2.386e+06 2.278e+06 2.183e+06 2.087e+06 1.999e+06 1.908e+06 1.829e+06 1.745e+06 1.670e+06 1.597e+06 1.529e+06 1.467e+06 1.404e+06 1.344e+06 1.283e+06 1.226e+06 1.176e+06 1.122e+06 1.073e+06 1.028e+06 9.814e+05 9.369e+05 8.972e+05 8.590e+05 8.179e+05 7.824e+05 7.456e+05 7.152e+05 6.803e+05 6.492e+05 6.230e+05 5.942e+05 5.661e+05 5.419e+05 5.170e+05 4.928e+05 4.721e+05 4.504e+05 4.283e+05 4.085e+05
4670.75 3.638e+06 3.485e+06 3.332e+06 3.189e+06 3.056e+06 2.923e+06 2.794e+06 2.664e+06 2.552e+06 2.450e+06 2.345e+06 2.245e+06 2.145e+06 2.060e+06 1.969e+06 1.888e+06 1.806e+06 1.728e+06 1.653e+06 1.581e+06 1.512e+06 1.447e+06 1.382e+06 1.322e+06 1.262e+06 1.210e+06 1.158e+06 1.105e+06 1.056e+06 1.010e+06 9.640e+05 9.232e+05 8.817e+05 8.448e+05 8.096e+05 7.702e+05 7.372e+05 7.072e+05 6.711e+05 6.400e+05 6.090e+05 5.837e+05 5.570e+05 5.325e+05 5.069e+05 4.855e+05 4.635e+05 4.435e+05 4.202e+05 4.016e+05
4956.05 3.401e+06 3.255e+06 3.117e+06 2.988e+06 2.862e+06 2.742e+06 2.626e+06 2.516e+06 2.405e+06 2.305e+06 2.212e+06 2.115e+06 2.027e+06 1.936e+06 1.854e+06 1.775e+06 1.702e+06 1.625e+06 1.555e+06 1.490e+06 1.426e+06 1.362e+06 1.306e+06 1.249e+06 1.194e+06 1.142e+06 1.090e+06 1.044e+06 1.000e+06 9.586e+05 9.138e+05 8.737e+05 8.374e+05 7.993e+05 7.636e+05 7.321e+05 6.970e+05 6.675e+05 6.370e+05 6.080e+05 5.803e+05 5.558e+05 5.295e+05 5.059e+05 4.831e+05 4.606e+05 4.393e+05 4.210e+05 3.998e+05 3.813e+05
5258.79 3.190e+06 3.056e+06 2.932e+06 2.803e+06 2.690e+06 2.576e+06 2.462e+06 2.366e+06 2.266e+06 2.170e+06 2.078e+06 1.994e+06 1.908e+06 1.827e+06 1.750e+06 1.674e+06 1.605e+06 1.536e+06 1.471e+06 1.408e+06 1.345e+06 1.288e+06 1.231e+06 1.179e+06 1.130e+06 1.081e+06 1.033e+06 9.893e+05 9.468e+05 9.071e+05 8.681e+05 8.280e+05 7.924e+05 7.581e+05 7.232e+05 6.934e+05 6.624e+05 6.328e+05 6.041e+05 5.766e+05 5.504e+05 5.262e+05 5.014e+05 4.799e+05 4.582e+05 4.399e+05 4.198e+05 4.004e+05 3.827e+05 3.651e+05
5580.02 3.078e+06 2.944e+06 2.822e+06 2.704e+06 2.592e+06 2.483e+06 2.377e+06 2.279e+06 2.179e+06 2.093e+06 2.006e+06 1.919e+06 1.839e+06 1.761e+06 1.686e+06 1.616e+06 1.545e+06 1.479e+06 1.417e+06 1.358e+06 1.300e+06 1.244e+06 1.192e+06 1.142e+06 1.093e+06 1.045e+06 9.996e+05 9.586e+05 9.159e+05 8.774e+05 8.395e+05 8.039e+05 7.666e+05 7.350e+05 7.040e+05 6.730e+05 6.422e+05 6.144e+05 5.879e+05 5.628e+05 5.379e+05 5.128e+05 4.901e+05 4.691e+05 4.473e+05 4.280e+05 4.100e+05 3.921e+05 3.738e+05 3.565e+05
5920.87 2.904e+06 2.781e+06 2.662e+06 2.556e+06 2.451e+06 2.344e+06 2.247e+06 2.154e+06 2.063e+06 1.978e+06 1.892e+06 1.810e+06 1.737e+06 1.665e+06 1.595e+06 1.528e+06 1.462e+06 1.401e+06 1.341e+06 1.285e+06 1.230e+06 1.179e+06 1.129e+06 1.082e+06 1.034e+06 9.901e+05 9.469e+05 9.050e+05 8.693e+05 8.325e+05 7.954e+05 7.613e+05 7.279e+05 6.959e+05 6.670e+05 6.391e+05 6.103e+05 5.839e+05 5.580e+05 5.344e+05 5.110e+05 4.884e+05 4.678e+05 4.474e+05 4.274e+05 4.085e+05 3.902e+05 3.729e+05 3.562e+05 3.403e+05
6282.54 2.694e+06 2.581e+06 2.471e+06 2.370e+06 2.272e+06 2.180e+06 2.089e+06 2.002e+06 1.917e+06 1.834e+06 1.758e+06 1.684e+06 1.615e+06 1.547e+06 1.482e+06 1.421e+06 1.360e+06 1.301e+06 1.248e+06 1.195e+06 1.146e+06 1.097e+06 1.050e+06 1.006e+06 9.611e+05 9.212e+05 8.818e+05 8.457e+05 8.086e+05 7.745e+05 7.404e+05 7.085e+05 6.793e+05 6.494e+05 6.226e+05 5.954e+05 5.708e+05 5.444e+05 5.205e+05 4.986e+05 4.774e+05 4.569e+05 4.368e+05 4.175e+05 3.984e+05 3.814e+05 3.630e+05 3.476e+05 3.318e+05 3.176e+05
6666.30 2.536e+06 2.427e+06 2.325e+06 2.232e+06 2.141e+06 2.051e+06 1.965e+06 1.882e+06 1.804e+06 1.730e+06 1.655e+06 1.586e+06 1.522e+06 1.458e+06 1.397e+06 1.336e+06 1.284e+06 1.229e+06 1.176e+06 1.126e+06 1.079e+06 1.034e+06 9.902e+05 9.493e+05 9.083e+05 8.705e+05 8.330e+05 7.966e+05 7.636e+05 7.300e+05 6.978e+05 6.680e+05 6.401e+05 6.125e+05 5.867e+05 5.620e+05 5.374e+05 5.134e+05 4.916e+05 4.708e+05 4.500e+05 4.301e+05 4.123e+05 3.939e+05 3.765e+05 3.596e+05 3.438e+05 3.286e+05 3.141e+05 3.003e+05
7073.50 2.361e+06 2.260e+06 2.165e+06 2.074e+06 1.991e+06 1.909e+06 1.830e+06 1.753e+06 1.680e+06 1.611e+06 1.542e+06 1.478e+06 1.415e+06 1.357e+06 1.300e+06 1.246e+06 1.194e+06 1.146e+06 1.097e+06 1.049e+06 1.006e+06 9.631e+05 9.203e+05 8.831e+05 8.445e+05 8.099e+05 7.765e+05 7.427e+05 7.109e+05 6.807e+05 6.515e+05 6.239e+05 5.966e+05 5.712e+05 5.466e+05 5.239e+05 5.014e+05 4.789e+05 4.581e+05 4.394e+05 4.199e+05 4.013e+05 3.838e+05 3.669e+05 3.504e+05 3.358e+05 3.209e+05 3.068e+05 2.929e+05 2.806e+05
7505.58 2.091e+06 2.008e+06 1.923e+06 1.842e+06 1.765e+06 1.691e+06 1.620e+06 1.556e+06 1.489e+06 1.428e+06 1.369e+06 1.313e+06 1.258e+06 1.207e+06 1.157e+06 1.107e+06 1.058e+06 1.014e+06 9.731e+05 9.318e+05 8.935e+05 8.556e+05 8.183e+05 7.845e+05 7.516e+05 7.187e+05 6.903e+05 6.600e+05 6.326e+05 6.050e+05 5.788e+05 5.544e+05 5.308e+05 5.088e+05 4.866e+05 4.656e+05 4.450e+05 4.271e+05 4.078e+05 3.901e+05 3.729e+05 3.566e+05 3.418e+05 3.269e+05 3.126e+05 2.986e+05 2.856e+05 2.723e+05 2.609e+05 2.494e+05
7964.05 1.853e+06 1.773e+06 1.700e+06 1.629e+06 1.563e+06 1.500e+06 1.439e+06 1.378e+06 1.321e+06 1.265e+06 1.211e+06 1.160e+06 1.114e+06 1.068e+06 1.024e+06 9.792e+05 9.392e+05 8.998e+05 8.620e+05 8.244e+05 7.923e+05 7.593e+05 7.267e+05 6.951e+05 6.665e+05 6.382e+05 6.112e+05 5.867e+05 5.604e+05 5.367e+05 5.135e+05 4.913e+05 4.696e+05 4.496e+05 4.311e+05 4.128e+05 3.955e+05 3.772e+05 3.612e+05 3.456e+05 3.305e+05 3.162e+05 3.027e+05 2.889e+05 2.762e+05 2.646e+05 2.524e+05 2.418e+05 2.310e+05 2.212e+05
8450.53 1.682e+06 1.611e+06 1.547e+06 1.482e+06 1.421e+06 1.362e+06 1.306e+06 1.253e+06 1.200e+06 1.149e+06 1.100e+06 1.055e+06 1.012e+06 9.694e+05 9.287e+05 8.902e+05 8.521e+05 8.166e+05 7.817e+05 7.493e+05 7.175e+05 6.865e+05 6.586e+05 6.296e+05 6.036e+05 5.793e+05 5.538e+05 5.293e+05 5.067e+05 4.856e+05 4.657e+05 4.458e+05 4.262e+05 4.085e+05 3.904e+05 3.734e+05 3.582e+05 3.426e+05 3.279e+05 3.130e+05 2.997e+05 2.862e+05 2.735e+05 2.617e+05 2.502e+05 2.392e+05 2.290e+05 2.183e+05 2.091e+05 1.998e+05
8966.72 1.476e+06 1.418e+06 1.358e+06 1.302e+06 1.248e+06 1.194e+06 1.145e+06 1.098e+06 1.053e+06 1.009e+06 9.669e+05 9.275e+05 8.885e+05 8.503e+05 8.152e+05 7.817e+05 7.489e+05 7.176e+05 6.861e+05 6.580e+05 6.303e+05 6.044e+05 5.787e+05 5.546e+05 5.303e+05 5.079e+05 4.868e+05 4.662e+05 4.458e+05 4.261e+05 4.081e+05 3.912e+05 3.735e+05 3.581e+05 3.419e+05 3.275e+05 3.129e+05 2.992e+05 2.863e+05 2.742e+05 2.625e+05 2.510e+05 2.396e+05 2.292e+05 2.189e+05 2.098e+05 2.004e+05 1.912e+05 1.827e+05 1.739e+05
9514.44 1.242e+06 1.193e+06 1.145e+06 1.098e+06 1.054e+06 1.011e+06 9.656e+05 9.249e+05 8.872e+05 8.493e+05 8.132e+05 7.790e+05 7.452e+05 7.151e+05 6.851e+05 6.551e+05 6.281e+05 6.040e+05 5.789e+05 5.548e+05 5.306e+05 5.073e+05 4.858e+05 4.638e+05 4.447e+05 4.257e+05 4.077e+05 3.903e+05 3.727e+05 3.578e+05 3.423e+05 3.275e+05 3.138e+05 2.999e+05 2.863e+05 2.743e+05 2.622e+05 2.510e+05 2.406e+05 2.297e+05 2.198e+05 2.099e+05 2.007e+05 1.916e+05 1.829e+05 1.748e+05 1.667e+05 1.599e+05 1.527e+05 1.457e+05
10095.62 1.036e+06 9.899e+05 9.522e+05 9.096e+05 8.731e+05 8.369e+05 8.028e+05 7.689e+05 7.371e+05 7.064e+05 6.761e+05 6.467e+05 6.203e+05 5.938e+05 5.688e+05 5.453e+05 5.217e+05 5.010e+05 4.797e+05 4.595e+05 4.392e+05 4.201e+05 4.025e+05 3.865e+05 3.692e+05 3.535e+05 3.384e+05 3.239e+05 3.100e+05 2.961e+05 2.829e+05 2.714e+05 2.591e+05 2.484e+05 2.376e+05 2.275e+05 2.178e+05 2.080e+05 1.988e+05 1.902e+05 1.813e+05 1.735e+05 1.665e+05 1.590e+05 1.517e+05 1.447e+05 1.382e+05 1.319e+05 1.262e+05 1.202e+05
10712.30 8.276e+05 7.941e+05 7.606e+05 7.273e+05 6.974e+05 6.657e+05 6.383e+05 6.143e+05 5.873e+05 5.617e+05 5.366e+05 5.139e+05 4.925e+05 4.719e+05 4.517e+05 4.336e+05 4.150e+05 3.975e+05 3.795e+05 3.638e+05 3.470e+05 3.331e+05 3.192e+05 3.063e+05 2.922e+05 2.801e+05 2.683e+05 2.557e+05 2.442e+05 2.338e+05 2.246e+05 2.146e+05 2.055e+05 1.959e+05 1.879e+05 1.793e+05 1.720e+05 1.647e+05 1.576e+05 1.507e+05 1.438e+05 1.371e+05 1.306e+05 1.254e+05 1.199e+05 1.145e+05 1.093e+05 1.041e+05 9.957e+04 9.416e+04
11366.65 6.190e+05 5.954e+05 5.701e+05 5.461e+05 5.226e+05 4.995e+05 4.782e+05 4.582e+05 4.385e+05 4.205e+05 4.026e+05 3.855e+05 3.688e+05 3.535e+05 3.381e+05 3.231e+05 3.089e+05 2.956e+05 2.831e+05 2.701e+05 2.592e+05 2.480e+05 2.361e+05 2.269e+05 2.173e+05 2.080e+05 1.981e+05 1.906e+05 1.815e+05 1.736e+05 1.662e+05 1.587e+05 1.518e+05 1.454e+05 1.392e+05 1.331e+05 1.268e+05 1.215e+05 1.160e+05 1.107e+05 1.061e+05 1.015e+05 9.591e+04 9.227e+04 8.820e+04 8.392e+04 8.010e+04 7.686e+04 7.351e+04 6.931e+04
12061.10 4.414e+05 4.225e+05 4.038e+05 3.871e+05 3.715e+05 3.541e+05 3.403e+05 3.246e+05 3.110e+05 2.973e+05 2.849e+05 2.725e+05 2.599e+05 2.488e+05 2.378e+05 2.277e+05 2.182e+05 2.091e+05 1.993e+05 1.918e+05 1.834e+05 1.747e+05 1.665e+05 1.597e+05 1.522e+05 1.452e+05 1.397e+05 1.328e+05 1.276e+05 1.222e+05 1.162e+05 1.120e+05 1.068e+05 1.018e+05 9.724e+04 9.294e+04 8.896e+04 8.425e+04 8.113e+04 7.699e+04 7.401e+04 6.991e+04 6.732e+04 6.402e+04 6.093e+04 5.856e+04 5.571e+04 5.357e+04 5.147e+04 4.891e+04
12793.43 3.259e+05 3.108e+05 2.983e+05 2.855e+05 2.732e+05 2.610e+05 2.506e+05 2.401e+05 2.297e+05 2.186e+05 2.092e+05 1.997e+05 1.909e+05 1.820e+05 1.748e+05 1.667e+05 1.592e+05 1.528e+05 1.456e+05 1.396e+05 1.333e+05 1.275e+05 1.220e+05 1.162e+05 1.110e+05 1.065e+05 1.021e+05 9.711e+04 9.179e+04 8.787e+04 8.441e+04 8.060e+04 7.707e+04 7.305e+04 7.005e+04 6.733e+04 6.383e+04 6.038e+04 5.845e+04 5.543e+04 5.260e+04 5.068e+04 4.827e+04 4.624e+04 4.418e+04 4.262e+04 4.064e+04 3.863e+04 3.703e+04 3.486e+04
13528.61 2.494e+05 2.394e+05 2.290e+05 2.182e+05 2.090e+05 2.000e+05 1.915e+05 1.821e+05 1.753e+05 1.665e+05 1.589e+05 1.521e+05 1.461e+05 1.396e+05 1.333e+05 1.274e+05 1.218e+05 1.163e+05 1.112e+05 1.063e+05 1.019e+05 9.688e+04 9.278e+04 8.886e+04 8.372e+04 8.024e+04 7.697e+04 7.336e+04 6.975e+04 6.731e+04 6.291e+04 6.063e+04 5.793e+04 5.532e+04 5.301e+04 5.039e+04 4.811e+04 4.649e+04 4.331e+04 4.151e+04 3.967e+04 3.774e+04 3.641e+04 3.825e+04 3.470e+04 3.239e+04 3.022e+04 2.946e+04 2.743e+04 2.670e+04
14194.74 1.925e+05 1.846e+05 1.768e+05 1.678e+05 1.611e+05 1.549e+05 1.483e+05 1.415e+05 1.358e+05 1.294e+05 1.242e+05 1.179e+05 1.119e+05 1.070e+05 1.024e+05 9.762e+04 9.381e+04 8.981e+04 8.621e+04 8.022e+04 7.779e+04 7.387e+04 7.005e+04 6.739e+04 6.410e+04 6.193e+04 5.830e+04 5.627e+04 5.372e+04 5.144e+04 4.933e+04 4.668e+04 4.467e+04 4.215e+04 4.077e+04 3.818e+04 3.671e+04 3.504e+04 3.340e+04 3.287e+04 3.081e+04 2.878e+04 2.799e+04 2.717e+04 2.571e+04 2.451e+04 2.392e+04 2.226e+04 2.160e+04 2.015e+04
14757.77 1.574e+05 1.504e+05 1.434e+05 1.368e+05 1.311e+05 1.252e+05 1.189e+05 1.148e+05 1.092e+05 1.023e+05 9.803e+04 9.360e+04 8.920e+04 8.609e+04 8.260e+04 7.902e+04 7.553e+04 7.125e+04 6.839e+04 6.501e+04 6.191e+04 5.914e+04 5.730e+04 5.490e+04 5.161e+04 4.902e+04 4.686e+04 4.505e+04 4.314e+04 4.102e+04 3.896e+04 3.779e+04 3.500e+04 3.369e+04 3.237e+04 3.129e+04 2.889e+04 3.028e+04 2.784e+04 2.541e+04 2.548e+04 2.390e+04 2.322e+04 2.196e+04 2.157e+04 1.996e+04 1.835e+04 1.746e+04 1.722e+04 1.612e+04
15240.48 1.565e+05 1.485e+05 1.433e+05 1.359e+05 1.307e+05 1.256e+05 1.193e+05 1.147e+05 1.090e+05 1.047e+05 9.995e+04 9.474e+04 9.062e+04 8.658e+04 8.305e+04 7.863e+04 7.429e+04 7.181e+04 6.860e+04 6.462e+04 6.246e+04 5.966e+04 5.770e+04 5.416e+04 5.166e+04 4.984e+04 4.713e+04 4.471e+04 4.324e+04 4.073e+04 3.869e+04 3.736e+04 3.639e+04 3.404e+04 3.174e+04 3.035e+04 3.356e+04 2.954e+04 2.717e+04 2.646e+04 2.405e+04 2.449e+04 2.281e+04 2.145e+04 1.981e+04 2.084e+04 1.878e+04 1.827e+04 1.709e+04 1.563e+04
15646.99 1.916e+05 1.842e+05 1.753e+05 1.692e+05 1.608e+05 1.537e+05 1.463e+05 1.405e+05 1.345e+05 1.282e+05 1.225e+05 1.161e+05 1.112e+05 1.063e+05 1.011e+05 9.588e+04 9.280e+04 8.905e+04 8.375e+04 7.909e+04 7.698e+04 7.264e+04 7.003e+04 6.588e+04 6.358e+04 6.115e+04 5.800e+04 5.529e+04 5.209e+04 4.983e+04 4.809e+04 4.581e+04 4.332e+04 4.089e+04 3.961e+04 3.771e+04 3.525e+04 3.397e+04 3.874e+04 3.248e+04 3.000e+04 3.212e+04 2.874e+04 2.605e+04 2.706e+04 2.378e+04 2.235e+04 2.353e+04 2.093e+04 2.194e+04
15960.30 2.690e+05 2.577e+05 2.442e+05 2.323e+05 2.231e+05 2.147e+05 2.038e+05 1.953e+05 1.869e+05 1.782e+05 1.704e+05 1.637e+05 1.558e+05 1.481e+05 1.408e+05 1.354e+05 1.299e+05 1.241e+05 1.178e+05 1.135e+05 1.084e+05 1.030e+05 9.744e+04 9.311e+04 8.948e+04 8.538e+04 8.133e+04 7.677e+04 7.412e+04 6.970e+04 6.649e+04 6.347e+04 6.113e+04 5.849e+04 5.591e+04 5.283e+04 5.062e+04 4.898e+04 4.569e+04 4.347e+04 4.150e+04 3.979e+04 4.280e+04 3.691e+04 3.440e+04 3.706e+04 3.258e+04 3.037e+04 3.095e+04 2.765e+04
16187.41 3.004e+05 2.890e+05 2.762e+05 2.630e+05 2.512e+05 2.387e+05 2.310e+05 2.205e+05 2.096e+05 2.014e+05 1.911e+05 1.831e+05 1.743e+05 1.655e+05 1.585e+05 1.528e+05 1.461e+05 1.376e+05 1.325e+05 1.275e+05 1.216e+05 1.160e+05 1.085e+05 1.044e+05 1.004e+05 9.602e+04 9.179e+04 8.811e+04 8.206e+04 7.916e+04 7.489e+04 7.197e+04 6.900e+04 6.506e+04 6.240e+04 5.941e+04 5.737e+04 5.433e+04 5.127e+04 4.952e+04 4.761e+04 4.548e+04 4.364e+04 4.139e+04 3.979e+04 3.751e+04 3.606e+04 3.189e+04 3.082e+04 2.943e+04
16354.17 3.030e+05 2.896e+05 2.769e+05 2.658e+05 2.528e+05 2.400e+05 2.300e+05 2.201e+05 2.118e+05 1.995e+05 1.929e+05 1.824e+05 1.757e+05 1.670e+05 1.578e+05 1.522e+05 1.454e+05 1.381e+05 1.335e+05 1.283e+05 1.215e+05 1.155e+05 1.112e+05 1.059e+05 9.971e+04 9.543e+04 9.175e+04 8.747e+04 8.437e+04 8.109e+04 7.718e+04 7.419e+04 6.971e+04 6.598e+04 6.291e+04 6.040e+04 5.670e+04 5.304e+04 5.179e+04 5.032e+04 4.816e+04 4.542e+04 4.345e+04 4.158e+04 3.974e+04 3.698e+04 3.501e+04 3.251e+04 3.232e+04 3.022e+04
16484.18 2.724e+05 2.627e+05 2.512e+05 2.401e+05 2.312e+05 2.211e+05 2.088e+05 2.009e+05 1.908e+05 1.822e+05 1.730e+05 1.650e+05 1.574e+05 1.519e+05 1.461e+05 1.363e+05 1.315e+05 1.257e+05 1.191e+05 1.143e+05 1.082e+05 1.062e+05 9.986e+04 9.624e+04 9.272e+04 8.745e+04 8.414e+04 7.789e+04 7.479e+04 7.191e+04 6.862e+04 6.533e+04 6.228e+04 6.000e+04 5.748e+04 5.464e+04 5.158e+04 5.018e+04 4.775e+04 4.507e+04 4.289e+04 4.007e+04 3.919e+04 3.710e+04 3.479e+04 3.373e+04 3.243e+04 3.080e+04 2.851e+04 2.754e+04
16593.12 2.381e+05 2.285e+05 2.147e+05 2.046e+05 1.963e+05 1.878e+05 1.797e+05 1.684e+05 1.626e+05 1.571e+05 1.494e+05 1.421e+05 1.370e+05 1.309e+05 1.262e+05 1.209e+05 1.116e+05 1.093e+05 1.041e+05 9.921e+04 9.414e+04 9.060e+04 8.602e+04 8.214e+04 7.802e+04 7.527e+04 7.256e+04 6.922e+04 6.455e+04 6.171e+04 5.945e+04 5.729e+04 5.337e+04 5.133e+04 4.977e+04 4.709e+04 4.539e+04 4.224e+04 4.077e+04 3.914e+04 3.615e+04 3.587e+04 3.394e+04 3.178e+04 3.055e+04 2.925e+04 2.817e+04 2.538e+04 2.446e+04 2.346e+04
16691.99 2.101e+05 2.017e+05 1.907e+05 1.817e+05 1.744e+05 1.675e+05 1.579e+05 1.484e+05 1.434e+05 1.373e+05 1.319e+05 1.271e+05 1.223e+05 1.159e+05 1.091e+05 1.054e+05 1.011e+05 9.734e+04 9.295e+04 8.866e+04 8.427e+04 8.101e+04 7.738e+04 7.095e+04 6.832e+04 6.805e+04 6.264e+04 6.025e+04 5.753e+04 5.509e+04 5.195e+04 4.997e+04 4.633e+04 4.464e+04 4.311e+04 4.030e+04 3.938e+04 3.817e+04 3.680e+04 3.383e+04 3.123e+04 3.016e+04 2.934e+04 2.721e+04 2.616e+04 2.560e+04 2.462e+04 2.263e+04 2.123e+04 2.075e+04
16788.59 1.892e+05 1.832e+05 1.760e+05 1.696e+05 1.604e+05 1.502e+05 1.452e+05 1.390e+05 1.296e+05 1.259e+05 1.202e+05 1.156e+05 1.088e+05 1.040e+05 1.001e+05 9.511e+04 9.217e+04 8.764e+04 8.434e+04 7.987e+04 7.705e+04 7.251e+04 7.036e+04 6.627e+04 6.306e+04 6.127e+04 5.720e+04 5.567e+04 5.390e+04 5.106e+04 4.809e+04 4.588e+04 4.314e+04 4.123e+04 3.964e+04 3.823e+04 3.533e+04 3.366e+04 3.233e+04 3.007e+04 3.008e+04 2.855e+04 2.743e+04 2.532e+04 2.412e+04 2.315e+04 2.171e+04 2.065e+04 2.068e+04 1.952e+04
16888.37 1.744e+05 1.676e+05 1.616e+05 1.544e+05 1.451e+05 1.396e+05 1.346e+05 1.279e+05 1.224e+05 1.172e+05 1.117e+05 1.065e+05 1.000e+05 9.680e+04 9.371e+04 8.883e+04 8.454e+04 8.062e+04 7.702e+04 7.410e+04 7.153e+04 6.601e+04 6.316e+04 6.076e+04 5.822e+04 5.621e+04 5.233e+04 5.162e+04 4.841e+04 4.610e+04 4.458e+04 4.203e+04 4.028e+04 3.912e+04 3.718e+04 3.399e+04 3.282e+04 3.143e+04 2.956e+04 2.832e+04 2.711e+04 2.639e+04 2.544e+04 2.411e+04 2.271e+04 2.121e+04 2.047e+04 2.014e+04 1.810e+04 1.742e+04
16998.79 1.618e+05 1.566e+05 1.487e+05 1.399e+05 1.359e+05 1.295e+05 1.222e+05 1.172e+05 1.122e+05 1.076e+05 1.015e+05 9.728e+04 9.366e+04 8.906e+04 8.548e+04 8.154e+04 7.776e+04 7.221e+04 7.039e+04 6.793e+04 6.414e+04 6.168e+04 5.820e+04 5.700e+04 5.479e+04 5.180e+04 4.929e+04 4.753e+04 4.524e+04 4.239e+04 4.103e+04 3.934e+04 3.690e+04 3.535e+04 3.350e+04 3.145e+04 3.120e+04 2.935e+04 2.804e+04 2.652e+04 2.467e+04 2.377e+04 2.230e+04 2.146e+04 2.088e+04 2.020e+04 1.908e+04 1.766e+04 1.725e+04 1.643e+04
17146.37 1.482e+05 1.401e+05 1.352e+05 1.288e+05 1.203e+05 1.164e+05 1.103e+05 1.061e+05 1.006e+05 9.812e+04 9.334e+04 9.015e+04 8.459e+04 8.151e+04 7.786e+04 7.529e+04 7.026e+04 6.675e+04 6.424e+04 6.203e+04 5.826e+04 5.523e+04 5.306e+04 5.099e+04 4.900e+04 4.731e+04 4.510e+04 4.155e+04 4.020e+04 3.870e+04 3.728e+04 3.517e+04 3.283e+04 3.140e+04 2.983e+04 2.866e+04 2.765e+04 2.651e+04 2.470e+04 2.323e+04 2.235e+04 2.180e+04 2.094e+04 1.971e+04 1.894e+04 1.842e+04 1.731e+04 1.571e+04 1.583e+04 1.436e+04
17415.23 1.257e+05 1.209e+05 1.148e+05 1.103e+05 1.045e+05 9.938e+04 9.373e+04 9.046e+04 8.629e+04 8.326e+04 7.970e+04 7.622e+04 7.277e+04 6.877e+04 6.540e+04 6.302e+04 6.070e+04 5.802e+04 5.496e+04 5.276e+04 4.906e+04 4.716e+04 4.509e+04 4.300e+04 4.153e+04 3.925e+04 3.767e+04 3.543e+04 3.413e+04 3.288e+04 3.153e+04 2.996e+04 2.814e+04 2.645e+04 2.550e+04 2.423e+04 2.339e+04 2.225e+04 2.153e+04 2.073e+04 1.928e+04 1.861e+04 1.755e+04 1.704e+04 1.639e+04 1.565e+04 1.441e+04 1.363e+04 1.295e+04 1.229e+04
17888.12 9.551e+04 9.108e+04 8.724e+04 8.334e+04 7.836e+04 7.543e+04 7.227e+04 6.871e+04 6.580e+04 6.290e+04 5.926e+04 5.714e+04 5.444e+04 5.155e+04 4.996e+04 4.804e+04 4.553e+04 4.321e+04 4.157e+04 3.994e+04 3.803e+04 3.643e+04 3.411e+04 3.285e+04 3.115e+04 2.962e+04 2.842e+04 2.730e+04 2.590e+04 2.476e+04 2.301e+04 2.216e+04 2.167e+04 2.065e+04 1.930e+04 1.826e+04 1.739e+04 1.676e+04 1.610e+04 1.534e+04 1.434e+04 1.386e+04 1.293e+04 1.252e+04 1.174e+04 1.134e+04 1.089e+04 1.030e+04 9.949e+03 9.154e+03
18532.37 7.497e+04 7.145e+04 6.809e+04 6.498e+04 6.205e+04 5.965e+04 5.729e+04 5.490e+04 5.201e+04 4.980e+04 4.738e+04 4.505e+04 4.320e+04 4.103e+04 3.957e+04 3.664e+04 3.542e+04 3.386e+04 3.233e+04 3.092e+04 2.952e+04 2.842e+04 2.675e+04 2.534e+04 2.445e+04 2.367e+04 2.214e+04 2.140e+04 2.049e+04 1.914e+04 1.852e+04 1.786e+04 1.659e+04 1.565e+04 1.512e+04 1.458e+04 1.369e+04 1.289e+04 1.257e+04 1.175e+04 1.126e+04 1.071e+04 1.009e+04 9.692e+03 9.224e+03 8.922e+03 8.426e+03 8.086e+03 7.566e+03 7.200e+03
19260.76 5.659e+04 5.455e+04 5.243e+04 4.982e+04 4.822e+04 4.600e+04 4.346e+04 4.158e+04 4.037e+04 3.847e+04 3.648e+04 3.514e+04 3.323e+04 3.148e+04 3.021e+04 2.860e+04 2.747e+04 2.642e+04 2.475e+04 2.401e+04 2.285e+04 2.212e+04 2.045e+04 1.975e+04 1.895e+04 1.806e+04 1.749e+04 1.621e+04 1.559e+04 1.471e+04 1.433e+04 1.340e+04 1.278e+04 1.200e+04 1.161e+04 1.120e+04 1.057e+04 9.981e+03 9.590e+03 9.170e+03 8.539e+03 8.263e+03 7.858e+03 7.357e+03 7.011e+03 6.653e+03 6.355e+03 6.105e+03 5.913e+03 5.708e+03
20034.10 4.212e+04 3.952e+04 3.783e+04 3.631e+04 3.464e+04 3.365e+04 3.197e+04 3.046e+04 2.937e+04 2.787e+04 2.574e+04 2.479e+04 2.408e+04 2.325e+04 2.252e+04 2.105e+04 2.015e+04 1.841e+04 1.821e+04 1.761e+04 1.629e+04 1.568e+04 1.524e+04 1.473e+04 1.356e+04 1.306e+04 1.266e+04 1.212e+04 1.160e+04 1.085e+04 1.033e+04 9.815e+03 9.276e+03 8.731e+03 8.449e+03 7.928e+03 7.230e+03 7.217e+03 6.701e+03 6.412e+03 6.243e+03 5.852e+03 5.855e+03 5.275e+03 5.211e+03 4.737e+03 4.581e+03 4.280e+03 4.052e+03 4.377e+03
20838.00 3.125e+04 3.003e+04 2.852e+04 2.665e+04 2.572e+04 2.483e+04 2.378e+04 2.302e+04 2.202e+04 2.040e+04 1.974e+04 1.886e+04 1.715e+04 1.649e+04 1.615e+04 1.524e+04 1.434e+04 1.382e+04 1.369e+04 1.311e+04 1.222e+04 1.188e+04 1.112e+04 1.073e+04 1.022e+04 9.419e+03 9.161e+03 8.607e+03 8.187e+03 8.173e+03 7.586e+03 7.290e+03 7.017e+03 6.381e+03 6.271e+03 5.967e+03 5.839e+03 5.560e+03 5.416e+03 4.744e+03 4.683e+03 4.414e+03 4.248e+03 4.028e+03 3.722e+03 3.654e+03 3.478e+03 3.178e+03 2.995e+03 2.885e+03
21647.97 2.378e+04 2.312e+04 2.234e+04 2.132e+04 2.055e+04 1.924e+04 1.931e+04 1.828e+04 1.640e+04 1.591e+04 1.537e+04 1.533e+04 1.473e+04 1.420e+04 1.292e+04 1.221e+04 1.182e+04 1.110e+04 1.075e+04 9.954e+03 9.247e+03 9.382e+03 9.371e+03 8.748e+03 8.081e+03 7.799e+03 7.694e+03 6.913e+03 6.914e+03 6.350e+03 6.282e+03 5.718e+03 5.801e+03 5.158e+03 4.741e+03 4.515e+03 4.530e+03 4.528e+03 4.149e+03 3.746e+03 3.842e+03 3.587e+03 3.528e+03 3.093e+03 2.916e+03 3.127e+03 2.582e+03 3.735e+03 2.907e+03 2.248e+03
22447.94 1.731e+04 1.725e+04 1.673e+04 1.623e+04 1.474e+04 1.433e+04 1.386e+04 1.338e+04 1.270e+04 1.195e+04 1.156e+04 1.105e+04 1.063e+04 1.005e+04 9.612e+03 9.191e+03 8.546e+03 8.677e+03 8.114e+03 7.380e+03 7.360e+03 6.980e+03 6.931e+03 6.568e+03 6.158e+03 5.715e+03 5.511e+03 5.445e+03 5.096e+03 4.992e+03 4.606e+03 4.378e+03 3.918e+03 3.883e+03 3.793e+03 3.592e+03 3.279e+03 3.136e+03 2.993e+03 2.989e+03 2.700e+03 2.592e+03 2.433e+03 2.359e+03 2.324e+03 2.248e+03 2.146e+03 1.975e+03 1.832e+03 1.827e+03
23245.88 1.371e+04 1.290e+04 1.264e+04 1.158e+04 1.134e+04 1.067e+04 1.008e+04 9.535e+03 9.133e+03 8.850e+03 8.506e+03 8.221e+03 7.603e+03 7.375e+03 7.199e+03 6.427e+03 6.282e+03 6.207e+03 5.966e+03 5.666e+03 5.807e+03 5.304e+03 4.715e+03 4.668e+03 4.316e+03 4.430e+03 4.233e+03 3.715e+03 3.939e+03 3.349e+03 3.339e+03 3.358e+03 2.955e+03 2.808e+03 2.789e+03 2.614e+03 2.437e+03 2.338e+03 2.397e+03 2.308e+03 1.976e+03 1.901e+03 1.846e+03 1.816e+03 1.753e+03 1.626e+03 1.503e+03 1.432e+03 1.357e+03 1.298e+03
24052.47 1.009e+04 9.701e+03 9.337e+03 8.776e+03 8.454e+03 8.135e+03 7.849e+03 7.443e+03 7.127e+03 6.924e+03 6.611e+03 6.236e+03 5.986e+03 5.749e+03 5.400e+03 5.229e+03 5.147e+03 4.973e+03 4.501e+03 4.255e+03 4.202e+03 4.040e+03 3.841e+03 3.749e+03 3.220e+03 3.278e+03 3.143e+03 3.014e+03 2.767e+03 2.681e+03 2.458e+03 2.556e+03 2.264e+03 2.251e+03 2.223e+03 1.959e+03 1.941e+03 1.775e+03 1.760e+03 1.666e+03 1.540e+03 1.468e+03 1.394e+03 1.357e+03 1.263e+03 1.213e+03 1.208e+03 1.182e+03 1.086e+03 9.868e+02
24867.72 8.589e+03 7.956e+03 7.051e+03 6.821e+03 6.590e+03 6.405e+03 6.135e+03 5.828e+03 5.621e+03 5.435e+03 5.224e+03 5.003e+03 4.854e+03 4.739e+03 4.339e+03 4.508e+03 3.983e+03 3.529e+03 3.393e+03 3.273e+03 3.138e+03 3.024e+03 3.048e+03 2.787e+03 2.667e+03 2.556e+03 2.480e+03 2.393e+03 2.154e+03 2.193e+03 2.014e+03 1.872e+03 1.794e+03 1.741e+03 1.794e+03 1.564e+03 1.576e+03 1.559e+03 1.364e+03 1.296e+03 1.235e+03 1.225e+03 1.120e+03 1.070e+03 1.020e+03 9.691e+02 1.004e+03 9.796e+02 9.720e+02 7.997e+02
25698.86 6.542e+03 6.145e+03 5.950e+03 5.625e+03 5.446e+03 5.303e+03 5.067e+03 4.863e+03 4.674e+03 4.508e+03 4.158e+03 4.077e+03 3.985e+03 3.913e+03 3.485e+03 3.215e+03 3.103e+03 2.885e+03 2.883e+03 2.669e+03 2.566e+03 2.587e+03 2.516e+03 2.240e+03 2.339e+03 2.051e+03 2.020e+03 1.828e+03 1.756e+03 1.725e+03 1.588e+03 1.590e+03 1.567e+03 1.381e+03 1.545e+03 1.431e+03 1.307e+03 1.167e+03 1.125e+03 1.042e+03 1.009e+03 1.070e+03 9.141e+02 8.634e+02 8.260e+02 7.772e+02 7.524e+02 8.581e+02 7.673e+02 6.527e+02
26587.16 5.302e+03 4.942e+03 4.717e+03 4.519e+03 4.340e+03 4.013e+03 3.887e+03 3.683e+03 3.554e+03 3.307e+03 3.181e+03 3.349e+03 3.041e+03 2.930e+03 2.793e+03 2.656e+03 2.370e+03 2.533e+03 2.260e+03 2.174e+03 1.983e+03 1.933e+03 1.990e+03 1.869e+03 1.787e+03 1.675e+03 1.610e+03 1.536e+03 1.457e+03 1.300e+03 1.283e+03 1.224e+03 1.178e+03 1.116e+03 1.066e+03 1.000e+03 9.621e+02 9.355e+02 8.747e+02 8.441e+02 8.382e+02 8.708e+02 7.341e+02 6.922e+02 6.455e+02 6.341e+02 5.802e+02 6.224e+02 5.269e+02 5.261e+02
27637.54 3.851e+03 3.763e+03 3.528e+03 3.386e+03 3.285e+03 3.108e+03 2.926e+03 2.802e+03 2.621e+03 2.540e+03 2.434e+03 2.400e+03 2.417e+03 2.198e+03 2.074e+03 1.980e+03 1.952e+03 1.862e+03 1.743e+03 1.635e+03 1.574e+03 1.518e+03 1.408e+03 1.323e+03 1.337e+03 1.324e+03 1.154e+03 1.113e+03 1.091e+03 1.049e+03 9.976e+02 1.003e+03 9.513e+02 8.322e+02 8.183e+02 8.473e+02 7.534e+02 7.180e+02 6.856e+02 6.569e+02 6.714e+02 5.887e+02 6.036e+02 6.327e+02 5.658e+02 5.239e+02 5.000e+02 4.253e+02 4.058e+02 4.058e+02
28986.97 2.787e+03 2.682e+03 2.821e+03 2.705e+03 2.419e+03 2.316e+03 2.200e+03 2.110e+03 1.968e+03 1.850e+03 1.794e+03 1.808e+03 1.805e+03 1.587e+03 1.539e+03 1.398e+03 1.349e+03 1.339e+03 1.294e+03 1.176e+03 1.137e+03 1.111e+03 1.061e+03 1.009e+03 9.634e+02 9.056e+02 9.031e+02 8.456e+02 7.728e+02 7.652e+02 7.434e+02 6.898e+02 6.405e+02 6.563e+02 6.085e+02 5.566e+02 5.706e+02 5.255e+02 5.369e+02 4.880e+02 4.980e+02 4.137e+02 4.285e+02 3.998e+02 4.038e+02 3.415e+02 3.458e+02 3.381e+02 2.949e+02 2.850e+02
