#NTIMES: 135
#time[d]  Lbol[erg/s] Edep[erg/s]
   0.970    1.215e+40   -9.999e99
   1.470    3.801e+40   -9.999e99
   1.970    1.354e+41   -9.999e99
   2.470    3.360e+41   -9.999e99
   2.970    6.754e+41   -9.999e99
   3.470    1.176e+42   -9.999e99
   3.970    1.841e+42   -9.999e99
   4.470    2.659e+42   -9.999e99
   4.970    3.617e+42   -9.999e99
   5.470    4.655e+42   -9.999e99
   5.970    5.718e+42   -9.999e99
   6.470    6.756e+42   -9.999e99
   6.970    7.695e+42   -9.999e99
   7.470    8.554e+42   -9.999e99
   7.970    9.295e+42   -9.999e99
   8.470    9.976e+42   -9.999e99
   8.970    1.056e+43   -9.999e99
   9.470    1.105e+43   -9.999e99
   9.970    1.141e+43   -9.999e99
  10.470    1.167e+43   -9.999e99
  10.970    1.184e+43   -9.999e99
  11.470    1.190e+43   -9.999e99
  11.970    1.188e+43   -9.999e99
  12.468    1.172e+43   -9.999e99
  12.720    1.147e+43   -9.999e99
  13.221    1.108e+43   -9.999e99
  13.720    1.083e+43   -9.999e99
  14.220    1.062e+43   -9.999e99
  14.720    1.040e+43   -9.999e99
  15.220    1.014e+43   -9.999e99
  15.720    9.875e+42   -9.999e99
  16.220    9.570e+42   -9.999e99
  16.721    9.247e+42   -9.999e99
  17.221    8.913e+42   -9.999e99
  17.721    8.582e+42   -9.999e99
  18.221    8.257e+42   -9.999e99
  18.721    7.931e+42   -9.999e99
  19.221    7.640e+42   -9.999e99
  19.720    7.358e+42   -9.999e99
  20.220    7.104e+42   -9.999e99
  20.720    6.863e+42   -9.999e99
  21.220    6.655e+42   -9.999e99
  21.720    6.478e+42   -9.999e99
  22.220    6.299e+42   -9.999e99
  22.720    6.127e+42   -9.999e99
  23.221    5.945e+42   -9.999e99
  23.721    5.747e+42   -9.999e99
  24.221    5.426e+42   -9.999e99
  24.720    5.184e+42   -9.999e99
  25.221    5.086e+42   -9.999e99
  25.720    5.038e+42   -9.999e99
  26.221    5.002e+42   -9.999e99
  26.720    4.953e+42   -9.999e99
  27.221    4.901e+42   -9.999e99
  27.720    4.840e+42   -9.999e99
  28.221    4.772e+42   -9.999e99
  28.721    4.704e+42   -9.999e99
  29.221    4.632e+42   -9.999e99
  29.721    4.562e+42   -9.999e99
  30.220    4.490e+42   -9.999e99
  30.720    4.423e+42   -9.999e99
  31.221    4.355e+42   -9.999e99
  31.721    4.291e+42   -9.999e99
  32.222    4.229e+42   -9.999e99
  32.721    4.169e+42   -9.999e99
  33.220    4.112e+42   -9.999e99
  33.721    4.059e+42   -9.999e99
  34.220    4.007e+42   -9.999e99
  34.721    3.957e+42   -9.999e99
  35.221    3.911e+42   -9.999e99
  35.720    3.865e+42   -9.999e99
  35.971    3.843e+42   -9.999e99
  36.471    3.802e+42   -9.999e99
  36.971    3.760e+42   -9.999e99
  37.471    3.721e+42   -9.999e99
  37.972    3.685e+42   -9.999e99
  38.471    3.648e+42   -9.999e99
  38.970    3.617e+42   -9.999e99
  39.471    3.582e+42   -9.999e99
  39.970    3.552e+42   -9.999e99
  40.471    3.519e+42   -9.999e99
  40.971    3.491e+42   -9.999e99
  41.471    3.463e+42   -9.999e99
  41.971    3.433e+42   -9.999e99
  42.471    3.406e+42   -9.999e99
  42.971    3.388e+42   -9.999e99
  43.471    3.354e+42   -9.999e99
  43.971    3.331e+42   -9.999e99
  44.471    3.306e+42   -9.999e99
  44.971    3.280e+42   -9.999e99
  45.471    3.256e+42   -9.999e99
  45.974    3.228e+42   -9.999e99
  46.472    3.175e+42   -9.999e99
  46.972    3.119e+42   -9.999e99
  47.474    3.082e+42   -9.999e99
  47.971    3.062e+42   -9.999e99
  48.474    3.066e+42   -9.999e99
  48.972    3.076e+42   -9.999e99
  49.472    3.071e+42   -9.999e99
  49.972    3.056e+42   -9.999e99
  50.474    3.045e+42   -9.999e99
  50.971    3.036e+42   -9.999e99
  51.474    3.021e+42   -9.999e99
  51.972    3.005e+42   -9.999e99
  52.472    2.980e+42   -9.999e99
  52.974    2.963e+42   -9.999e99
  53.471    2.947e+42   -9.999e99
  53.972    2.930e+42   -9.999e99
  54.471    2.920e+42   -9.999e99
  54.971    2.901e+42   -9.999e99
  55.471    2.888e+42   -9.999e99
  55.971    2.873e+42   -9.999e99
  56.474    2.855e+42   -9.999e99
  56.971    2.833e+42   -9.999e99
  57.474    2.817e+42   -9.999e99
  57.974    2.803e+42   -9.999e99
  58.474    2.784e+42   -9.999e99
  58.974    2.781e+42   -9.999e99
  59.471    2.765e+42   -9.999e99
  59.972    2.743e+42   -9.999e99
  60.471    2.737e+42   -9.999e99
  60.971    2.722e+42   -9.999e99
  61.470    2.708e+42   -9.999e99
  61.971    2.695e+42   -9.999e99
  62.472    2.681e+42   -9.999e99
  62.974    2.668e+42   -9.999e99
  63.472    2.652e+42   -9.999e99
  63.971    2.642e+42   -9.999e99
  64.470    2.628e+42   -9.999e99
  64.970    2.614e+42   -9.999e99
  65.471    2.602e+42   -9.999e99
  65.972    2.590e+42   -9.999e99
  66.474    2.576e+42   -9.999e99
  66.972    2.564e+42   -9.999e99
  67.471    2.553e+42   -9.999e99
