#NTIMES: 1113
#NBANDS:   8
#OPTSET: Bessell
#NIRSET: 2MASS
#time[d] U B V R I J H K
-3.91312e-05  99.999  99.999  99.999  99.999  99.999  99.999  99.999  99.999
-3.91310e-05  99.999  99.999  99.999  99.999  99.999  99.999  99.999  99.999
-3.91281e-05  99.999  99.999  99.999  99.999  99.999  99.999  99.999  99.999
-3.91141e-05  99.999  99.999  99.999  99.999  99.999  99.999  99.999  99.999
-3.90437e-05  99.999  99.999  99.999  99.999  99.999  99.999  99.999  99.999
-3.87236e-05  99.999  99.999  99.999  99.999  99.999  99.999  99.999  99.999
-3.76985e-05  99.999  99.999  99.999  99.999  99.999  99.999  99.999  99.999
-3.54070e-05  99.999  99.999  99.999  99.999  99.999  99.999  99.999  99.999
-3.07604e-05  99.999  99.999  99.999  99.999  99.999  99.999  99.999  99.999
-2.35966e-05  99.999  99.999  99.999  99.999  99.999  99.999  99.999  99.999
-1.52125e-05  99.999  99.999  99.999  99.999  99.999  99.999  99.999  99.999
-6.82670e-06  99.999  99.999  99.999  99.999  99.999  99.999  99.999  99.999
1.79380e-06  99.999  99.999  99.999  99.999  99.999  99.999  99.999  99.999
1.34093e-05  99.999  99.999  99.999  99.999  99.999  99.999  99.999  99.999
2.34600e-05  99.999  99.999  99.999  99.999  99.999  99.999  99.999  99.999
3.17099e-05  99.999  99.999  99.999  99.999  99.999  99.999  99.999  99.999
4.42210e-05  99.999  99.999  99.999  99.999  99.999  99.999  99.999  99.999
5.47864e-05  99.999  99.999  99.999  99.999  99.999  99.999  99.999  99.999
6.21476e-05  99.999  99.999  99.999  99.999  99.999  99.999  99.999  99.999
7.07529e-05  99.999  99.999  99.999  99.999  99.999  99.999  99.999  99.999
8.22791e-05  99.999  99.999  99.999  99.999  99.999  99.999  99.999  99.999
9.09014e-05  99.999  99.999  99.999  99.999  99.999  99.999  99.999  99.999
9.51865e-05  99.999  99.999  99.999  99.999  99.999  99.999  99.999  99.999
1.01470e-04  99.999  99.999  99.999  99.999  99.999  99.999  99.999  99.999
1.10667e-04  99.999  99.999  99.999  99.999  99.999  99.999  99.999  99.999
1.17653e-04  99.999  99.999  99.999  99.999  99.999  99.999  99.999  99.999
1.21026e-04  99.999  99.999  99.999  99.999  99.999  99.999  99.999  99.999
1.21026e-04  99.999  99.999  99.999  99.999  99.999  99.999  99.999  99.999
1.21026e-04  99.999  99.999  99.999  99.999  99.999  99.999  99.999  99.999
1.21277e-04  99.999  99.999  99.999  99.999  99.999  99.999  99.999  99.999
1.21277e-04  99.999  99.999  99.999  99.999  99.999  99.999  99.999  99.999
1.21277e-04  99.999  99.999  99.999  99.999  99.999  99.999  99.999  99.999
1.22092e-04  99.999  99.999  99.999  99.999  99.999  99.999  99.999  99.999
1.22092e-04  99.999  99.999  99.999  99.999  99.999  99.999  99.999  99.999
1.22092e-04  99.999  99.999  99.999  99.999  99.999  99.999  99.999  99.999
1.22675e-04  99.999  99.999  99.999  99.999  99.999  99.999  99.999  99.999
1.22675e-04  99.999  99.999  99.999  99.999  99.999  99.999  99.999  99.999
1.22677e-04  99.999  99.999  99.999  99.999  99.999  99.999  99.999  99.999
1.23325e-04  99.999  99.999  99.999  99.999  99.999  99.999  99.999  99.999
1.23326e-04  99.999  99.999  99.999  99.999  99.999  99.999  99.999  99.999
1.23326e-04  99.999  99.999  99.999  99.999  99.999  99.999  99.999  99.999
1.23658e-04  99.999  99.999  99.999  99.999  99.999  99.999  99.999  99.999
1.23658e-04  99.999  99.999  99.999  99.999  99.999  99.999  99.999  99.999
1.23659e-04  99.999  99.999  99.999  99.999  99.999  99.999  99.999  99.999
1.23766e-04  99.999  99.999  99.999  99.999  99.999  99.999  99.999  99.999
1.24030e-04  99.999  99.999  99.999  99.999  99.999  99.999  99.999  99.999
1.24030e-04  99.999  99.999  99.999  99.999  99.999  99.999  99.999  99.999
1.24050e-04  99.999  99.999  99.999  99.999  99.999  99.999  99.999  99.999
1.24196e-04  99.999  99.999  99.999  99.999  99.999  99.999  99.999  99.999
1.24319e-04  99.999  99.999  99.999  99.999  99.999  99.999  99.999  99.999
1.24475e-04  99.999  99.999  99.999  99.999  99.999  99.999  99.999  99.999
1.24475e-04  99.999  99.999  99.999  99.999  99.999  99.999  99.999  99.999
1.24502e-04  99.999  99.999  99.999  99.999  99.999  99.999  99.999  99.999
1.24584e-04  99.999  99.999  99.999  99.999  99.999  99.999  99.999  99.999
1.24670e-04  99.999  99.999  99.999  99.999  99.999  99.999  99.999  99.999
1.24725e-04  99.999  99.999  99.999  99.999  99.999  99.999  99.999  99.999
1.24725e-04  99.999  99.999  99.999  99.999  99.999  99.999  99.999  99.999
1.24772e-04  99.999  99.999  99.999  99.999  99.999  99.999  99.999  99.999
1.24820e-04  99.999  99.999  99.999  99.999  99.999  99.999  99.999  99.999
1.24876e-04  99.999  99.999  99.999  99.999  99.999  99.999  99.999  99.999
1.24961e-04  99.999  99.999  99.999  99.999  99.999  99.999  99.999  99.999
1.24961e-04  99.999  99.999  99.999  99.999  99.999  99.999  99.999  99.999
1.24982e-04  99.999  99.999  99.999  99.999  99.999  99.999  99.999  99.999
1.25045e-04  99.999  99.999  99.999  99.999  99.999  99.999  99.999  99.999
1.25124e-04  99.999  99.999  99.999  99.999  99.999  99.999  99.999  99.999
1.25199e-04  99.999  99.999  99.999  99.999  99.999  99.999  99.999  99.999
1.25199e-04  99.999  99.999  99.999  99.999  99.999  99.999  99.999  99.999
1.25219e-04  99.999  99.999  99.999  99.999  99.999  99.999  99.999  99.999
1.25282e-04  99.999  99.999  99.999  99.999  99.999  99.999  99.999  99.999
1.25330e-04  99.999  99.999  99.999  99.999  99.999  99.999  99.999  99.999
1.25376e-04  99.999  99.999  99.999  99.999  99.999  99.999  99.999  99.999
1.25463e-04  99.999  99.999  99.999  99.999  99.999  99.999  99.999  99.999
1.25464e-04  99.999  99.999  99.999  99.999  99.999  99.999  99.999  99.999
1.25504e-04  99.999  99.999  99.999  99.999  99.999  99.999  99.999  99.999
1.25546e-04  99.999  99.999  99.999  99.999  99.999  99.999  99.999  99.999
1.25598e-04  99.999  99.999  99.999  99.999  99.999  99.999  99.999  99.999
1.25648e-04  99.999  99.999  99.999  99.999  99.999  99.999  99.999  99.999
1.25650e-04  99.999  99.999  99.999  99.999  99.999  99.999  99.999  99.999
1.25691e-04  99.999  99.999  99.999  99.999  99.999  99.999  99.999  99.999
1.25736e-04  99.999  99.999  99.999  99.999  99.999  99.999  99.999  99.999
1.25790e-04  99.999  99.999  99.999  99.999  99.999  99.999  99.999  99.999
1.25843e-04  99.999  99.999  99.999  99.999  99.999  99.999  99.999  99.999
1.25884e-04  99.999  99.999  99.999  99.999  99.999  99.999  99.999  99.999
1.25924e-04  99.999  99.999  99.999  99.999  99.999  99.999  99.999  99.999
1.25938e-04  99.999  99.999  99.999  99.999  99.999  99.999  99.999  99.999
1.25992e-04  99.999  99.999  99.999  99.999  99.999  99.999  99.999  99.999
1.26046e-04  99.999  99.999  99.999  99.999  99.999  99.999  99.999  99.999
1.26119e-04  99.999  99.999  99.999  99.999  99.999  99.999  99.999  99.999
1.26263e-04  99.999  99.999  99.999  99.999  99.999  99.999  99.999  99.999
1.26266e-04  99.999  99.999  99.999  99.999  99.999  99.999  99.999  99.999
1.26298e-04  99.999  99.999  99.999  99.999  99.999  99.999  99.999  99.999
1.26352e-04  99.999  99.999  99.999  99.999  99.999  99.999  99.999  99.999
1.26406e-04  99.999  99.999  99.999  99.999  99.999  99.999  99.999  99.999
1.26495e-04  99.999  99.999  99.999  99.999  99.999  99.999  99.999  99.999
1.26575e-04  99.999  99.999  99.999  99.999  99.999  99.999  99.999  99.999
1.26675e-04  99.999  99.999  99.999  99.999  99.999  99.999  99.999  99.999
1.26696e-04  99.999  99.999  99.999  99.999  99.999  99.999  99.999  99.999
1.26779e-04  99.999  99.999  99.999  99.999  99.999  99.999  99.999  99.999
1.26865e-04  99.999  99.999  99.999  99.999  99.999  99.999  99.999  99.999
1.26995e-04  99.999  99.999  99.999  99.999  99.999  99.999  99.999  99.999
1.27168e-04  99.999  99.999  99.999  99.999  99.999  99.999  99.999  99.999
1.27254e-04  99.999  99.999  99.999  99.999  99.999  99.999  99.999  99.999
1.27297e-04  99.999  99.999  99.999  99.999  99.999  99.999  99.999  99.999
1.27414e-04  99.999  99.999  99.999  99.999  99.999  99.999  99.999  99.999
1.27572e-04  99.999  99.999  99.999  99.999  99.999  99.999  99.999  99.999
1.27751e-04  99.999  99.999  99.999  99.999  99.999  99.999  99.999  99.999
1.27977e-04  99.999  99.999  99.999  99.999  99.999  99.999  99.999  99.999
1.28036e-04  99.999  99.999  99.999  99.999  99.999  99.999  99.999  99.999
1.28201e-04  99.999  99.999  99.999  99.999  99.999  99.999  99.999  99.999
1.28374e-04  99.999  99.999  99.999  99.999  99.999  99.999  99.999  99.999
1.28569e-04  99.999  99.999  99.999  99.999  99.999  99.999  99.999  99.999
1.28827e-04  99.999  99.999  99.999  99.999  99.999  99.999  99.999  99.999
1.28827e-04  99.999  99.999  99.999  99.999  99.999  99.999  99.999  99.999
1.28838e-04  99.999  99.999  99.999  99.999  99.999  99.999  99.999  99.999
1.28931e-04  99.999  99.999  99.999  99.999  99.999  99.999  99.999  99.999
1.29136e-04  99.999  99.999  99.999  99.999  99.999  99.999  99.999  99.999
1.29246e-04  99.999  99.999  99.999  99.999  99.999  99.999  99.999  99.999
1.29356e-04  99.999  99.999  99.999  99.999  99.999  99.999  99.999  99.999
1.29429e-04  99.999  99.999  99.999  99.999  99.999  99.999  99.999  99.999
1.29432e-04  99.999  99.999  99.999  99.999  99.999  99.999  99.999  99.999
1.29550e-04  99.999  99.999  99.999  99.999  99.999  99.999  99.999  99.999
1.29645e-04  99.999  99.999  99.999  99.999  99.999  99.999  99.999  99.999
1.29723e-04  99.999  99.999  99.999  99.999  99.999  99.999  99.999  99.999
1.29828e-04  99.999  99.999  99.999  99.999  99.999  99.999  99.999  99.999
1.29984e-04  99.999  99.999  99.999  99.999  99.999  99.999  99.999  99.999
1.30203e-04  99.999  99.999  99.999  99.999  99.999  99.999  99.999  99.999
1.30203e-04  99.999  99.999  99.999  99.999  99.999  99.999  99.999  99.999
1.30257e-04  99.999  99.999  99.999  99.999  99.999  99.999  99.999  99.999
1.30405e-04  99.999  99.999  99.999  99.999  99.999  99.999  99.999  99.999
1.30522e-04  99.999  99.999  99.999  99.999  99.999  99.999  99.999  99.999
1.30803e-04  99.999  99.999  99.999  99.999  99.999  99.999  99.999  99.999
1.31106e-04  99.999  99.999  99.999  99.999  99.999  99.999  99.999  99.999
1.31107e-04  99.999  99.999  99.999  99.999  99.999  99.999  99.999  99.999
1.31186e-04  99.999  99.999  99.999  99.999  99.999  99.999  99.999  99.999
1.31362e-04  99.999  99.999  99.999  99.999  99.999  99.999  99.999  99.999
1.31640e-04  99.999  99.999  99.999  99.999  99.999  99.999  99.999  99.999
1.31845e-04  99.999  99.999  99.999  99.999  99.999  99.999  99.999  99.999
1.31851e-04  99.999  99.999  99.999  99.999  99.999  99.999  99.999  99.999
1.32037e-04  99.999  99.999  99.999  99.999  99.999  99.999  99.999  99.999
1.32315e-04  99.999  99.999  99.999  99.999  99.999  99.999  99.999  99.999
1.32660e-04  99.999  99.999  99.999  99.999  99.999  99.999  99.999  99.999
1.32663e-04  99.999  99.999  99.999  99.999  99.999  99.999  99.999  99.999
1.32818e-04  99.999  99.999  99.999  99.999  99.999  99.999  99.999  99.999
1.33022e-04  99.999  99.999  99.999  99.999  99.999  99.999  99.999  99.999
1.33125e-04  99.999  99.999  99.999  99.999  99.999  99.999  99.999  99.999
1.33253e-04  99.999  99.999  99.999  99.999  99.999  99.999  99.999  99.999
1.33460e-04  99.999  99.999  99.999  99.999  99.999  99.999  99.999  99.999
1.33606e-04  99.999  99.999  99.999  99.999  99.999  99.999  99.999  99.999
1.33609e-04  99.999  99.999  99.999  99.999  99.999  99.999  99.999  99.999
1.33689e-04  99.999  99.999  99.999  99.999  99.999  99.999  99.999  99.999
1.33878e-04  99.999  99.999  99.999  99.999  99.999  99.999  99.999  99.999
1.34079e-04  99.999  99.999  99.999  99.999  99.999  99.999  99.999  99.999
1.34381e-04  99.999  99.999  99.999  99.999  99.999  99.999  99.999  99.999
1.34615e-04  99.999  99.999  99.999  99.999  99.999  99.999  99.999  99.999
1.34624e-04  99.999  99.999  99.999  99.999  99.999  99.999  99.999  99.999
1.34758e-04  99.999  99.999  99.999  99.999  99.999  99.999  99.999  99.999
1.34943e-04  99.999  99.999  99.999  99.999  99.999  99.999  99.999  99.999
1.35154e-04  99.999  99.999  99.999  99.999  99.999  99.999  99.999  99.999
1.35576e-04  99.999  99.999  99.999  99.999  99.999  99.999  99.999  99.999
1.35577e-04  99.999  99.999  99.999  99.999  99.999  99.999  99.999  99.999
1.35712e-04  99.999  99.999  99.999  99.999  99.999  99.999  99.999  99.999
1.35876e-04  99.999  99.999  99.999  99.999  99.999  99.999  99.999  99.999
1.36141e-04  99.999  99.999  99.999  99.999  99.999  99.999  99.999  99.999
1.36349e-04  99.999  99.999  99.999  99.999  99.999  99.999  99.999  99.999
1.36638e-04  99.999  99.999  99.999  99.999  99.999  99.999  99.999  99.999
1.37011e-04  99.999  99.999  99.999  99.999  99.999  99.999  99.999  99.999
1.37013e-04  99.999  99.999  99.999  99.999  99.999  99.999  99.999  99.999
1.37227e-04  99.999  99.999  99.999  99.999  99.999  99.999  99.999  99.999
1.37470e-04  99.999  99.999  99.999  99.999  99.999  99.999  99.999  99.999
1.37802e-04  99.999  99.999  99.999  99.999  99.999  99.999  99.999  99.999
1.38042e-04  99.999  99.999  99.999  99.999  99.999  99.999  99.999  99.999
1.38045e-04  99.999  99.999  99.999  99.999  99.999  99.999  99.999  99.999
1.38205e-04  99.999  99.999  99.999  99.999  99.999  99.999  99.999  99.999
1.38440e-04  99.999  99.999  99.999  99.999  99.999  99.999  99.999  99.999
1.38795e-04  99.999  99.999  99.999  99.999  99.999  99.999  99.999  99.999
1.39041e-04  99.999  99.999  99.999  99.999  99.999  99.999  99.999  99.999
1.39457e-04  99.999  99.999  99.999  99.999  99.999  99.999  99.999  99.999
1.39458e-04  99.999  99.999  99.999  99.999  99.999  99.999  99.999  99.999
1.39685e-04  99.999  99.999  99.999  99.999  99.999  99.999  99.999  99.999
1.39955e-04  99.999  99.999  99.999  99.999  99.999  99.999  99.999  99.999
1.40282e-04  99.999  99.999  99.999  99.999  99.999  99.999  99.999  99.999
1.40465e-04  99.999  99.999  99.999  99.999  99.999  99.999  99.999  99.999
1.40465e-04  99.999  99.999  99.999  99.999  99.999  99.999  99.999  99.999
1.40678e-04  99.999  99.999  99.999  99.999  99.999  99.999  99.999  99.999
1.40916e-04  99.999  99.999  99.999  99.999  99.999  99.999  99.999  99.999
1.41197e-04  99.999  99.999  99.999  99.999  99.999  99.999  99.999  99.999
1.41475e-04  99.999  99.999  99.999  99.999  99.999  99.999  99.999  99.999
1.41890e-04  99.999  99.999  99.999  99.999  99.999  99.999  99.999  99.999
1.41890e-04  99.999  99.999  99.999  99.999  99.999  99.999  99.999  99.999
1.42025e-04  99.999  99.999  99.999  99.999  99.999  99.999  99.999  99.999
1.42364e-04  99.999  99.999  99.999  99.999  99.999  99.999  99.999  99.999
1.42749e-04  99.999  99.999  99.999  99.999  99.999  99.999  99.999  99.999
1.43165e-04  99.999  99.999  99.999  99.999  99.999  99.999  99.999  99.999
1.43312e-04  99.999  99.999  99.999  99.999  99.999  99.999  99.999  99.999
1.43314e-04  99.999  99.999  99.999  99.999  99.999  99.999  99.999  99.999
1.43528e-04  99.999  99.999  99.999  99.999  99.999  99.999  99.999  99.999
1.43757e-04  99.999  99.999  99.999  99.999  99.999  99.999  99.999  99.999
1.44093e-04  99.999  99.999  99.999  99.999  99.999  99.999  99.999  99.999
1.44375e-04  99.999  99.999  99.999  99.999  99.999  99.999  99.999  99.999
1.44773e-04  99.999  99.999  99.999  99.999  99.999  99.999  99.999  99.999
1.45171e-04  99.999  99.999  99.999  99.999  99.999  99.999  99.999  99.999
1.45175e-04  99.999  99.999  99.999  99.999  99.999  99.999  99.999  99.999
1.45415e-04  99.999  99.999  99.999  99.999  99.999  99.999  99.999  99.999
1.45704e-04  99.999  99.999  99.999  99.999  99.999  99.999  99.999  99.999
1.45928e-04  99.999  99.999  99.999  99.999  99.999  99.999  99.999  99.999
1.46214e-04  99.999  99.999  99.999  99.999  99.999  99.999  99.999  99.999
1.46559e-04  99.999  99.999  99.999  99.999  99.999  99.999  99.999  99.999
1.46561e-04  99.999  99.999  99.999  99.999  99.999  99.999  99.999  99.999
1.46766e-04  99.999  99.999  99.999  99.999  99.999  99.999  99.999  99.999
1.47072e-04  99.999  99.999  99.999  99.999  99.999  99.999  99.999  99.999
1.47278e-04  99.999  99.999  99.999  99.999  99.999  99.999  99.999  99.999
1.47552e-04  99.999  99.999  99.999  99.999  99.999  99.999  99.999  99.999
1.47823e-04  99.999  99.999  99.999  99.999  99.999  99.999  99.999  99.999
1.48046e-04  99.999  99.999  99.999  99.999  99.999  99.999  99.999  99.999
1.48271e-04  99.999  99.999  99.999  99.999  99.999  99.999  99.999  99.999
1.48288e-04  99.999  99.999  99.999  99.999  99.999  99.999  99.999  99.999
1.48535e-04  99.999  99.999  99.999  99.999  99.999  99.999  99.999  99.999
1.48762e-04  99.999  99.999  99.999  99.999  99.999  99.999  99.999  99.999
1.49014e-04  99.999  99.999  99.999  99.999  99.999  99.999  99.999  99.999
1.49219e-04  99.999  99.999  99.999  99.999  99.999  99.999  99.999  99.999
1.49491e-04  99.999  99.999  99.999  99.999  99.999  99.999  99.999  99.999
1.49801e-04  99.999  99.999  99.999  99.999  99.999  99.999  99.999  99.999
1.50072e-04  99.999  99.999  99.999  99.999  99.999  99.999  99.999  99.999
1.50075e-04  99.999  99.999  99.999  99.999  99.999  99.999  99.999  99.999
1.50181e-04  99.999  99.999  99.999  99.999  99.999  99.999  99.999  99.999
1.50297e-04  99.999  99.999  99.999  99.999  99.999  99.999  99.999  99.999
1.50412e-04  99.999  99.999  99.999  99.999  99.999  99.999  99.999  99.999
1.50586e-04  99.999  99.999  99.999  99.999  99.999  99.999  99.999  99.999
1.50718e-04  99.999  99.999  99.999  99.999  99.999  99.999  99.999  99.999
1.50894e-04  99.999  99.999  99.999  99.999  99.999  99.999  99.999  99.999
1.51143e-04  99.999  99.999  99.999  99.999  99.999  99.999  99.999  99.999
1.51313e-04  99.999  99.999  99.999  99.999  99.999  99.999  99.999  99.999
1.51539e-04  99.999  99.999  99.999  99.999  99.999  99.999  99.999  99.999
1.51639e-04  99.999  99.999  99.999  99.999  99.999  99.999  99.999  99.999
1.51837e-04  99.999  99.999  99.999  99.999  99.999  99.999  99.999  99.999
1.52251e-04  99.999  99.999  99.999  99.999  99.999  99.999  99.999  99.999
1.52279e-04  99.999  99.999  99.999  99.999  99.999  99.999  99.999  99.999
1.52408e-04  99.999  99.999  99.999  99.999  99.999  99.999  99.999  99.999
1.52539e-04  99.999  99.999  99.999  99.999  99.999  99.999  99.999  99.999
1.52673e-04  99.999  99.999  99.999  99.999  99.999  99.999  99.999  99.999
1.52780e-04  99.999  99.999  99.999  99.999  99.999  99.999  99.999  99.999
1.52877e-04  99.999  99.999  99.999  99.999  99.999  99.999  99.999  99.999
1.52970e-04  99.999  99.999  99.999  99.999  99.999  99.999  99.999  99.999
1.53094e-04  99.999  99.999  99.999  99.999  99.999  99.999  99.999  99.999
1.53250e-04  99.999  99.999  99.999  99.999  99.999  99.999  99.999  99.999
1.53420e-04  99.999  99.999  99.999  99.999  99.999  99.999  99.999  99.999
1.53576e-04  99.999  99.999  99.999  99.999  99.999  99.999  99.999  99.999
1.53748e-04  99.999  99.999  99.999  99.999  99.999  99.999  99.999  99.999
1.53870e-04  99.999  99.999  99.999  99.999  99.999  99.999  99.999  99.999
1.53972e-04  99.999  99.999  99.999  99.999  99.999  99.999  99.999  99.999
1.54006e-04  99.999  99.999  99.999  99.999  99.999  99.999  99.999  99.999
1.54093e-04  99.999  99.999  99.999  99.999  99.999  99.999  99.999  99.999
1.54140e-04  99.999  99.999  99.999  99.999  99.999  99.999  99.999  99.999
1.54195e-04  99.999  99.999  99.999  99.999  99.999  99.999  99.999  99.999
1.54279e-04  99.999  99.999  99.999  99.999  99.999  99.999  99.999  99.999
1.54349e-04  99.999  99.999  99.999  99.999  99.999  99.999  99.999  99.999
1.54437e-04  99.999  99.999  99.999  99.999  99.999  99.999  99.999  99.999
1.54579e-04  99.999  99.999  99.999  99.999  99.999  99.999  99.999  99.999
1.54717e-04  99.999  99.999  99.999  99.999  99.999  99.999  99.999  99.999
1.54758e-04  99.999  99.999  99.999  99.999  99.999  99.999  99.999  99.999
1.54828e-04  99.999  99.999  99.999  99.999  99.999  99.999  99.999  99.999
1.54966e-04  99.999  99.999  99.999  99.999  99.999  99.999  99.999  99.999
1.55146e-04  99.999  99.999  99.999  99.999  99.999  99.999  99.999  99.999
1.55205e-04  99.999  99.999  99.999  99.999  99.999  99.999  99.999  99.999
1.55322e-04  99.999  99.999  99.999  99.999  99.999  99.999  99.999  99.999
1.55374e-04  99.999  99.999  99.999  99.999  99.999  99.999  99.999  99.999
1.55477e-04  99.999  99.999  99.999  99.999  99.999  99.999  99.999  99.999
1.55528e-04  99.999  99.999  99.999  99.999  99.999  99.999  99.999  99.999
1.55629e-04  99.999  99.999  99.999  99.999  99.999  99.999  99.999  99.999
1.55831e-04  99.999  99.999  99.999  99.999  99.999  99.999  99.999  99.999
1.55912e-04  99.999  99.999  99.999  99.999  99.999  99.999  99.999  99.999
1.56074e-04  99.999  99.999  99.999  99.999  99.999  99.999  99.999  99.999
1.56144e-04  99.999  99.999  99.999  99.999  99.999  99.999  99.999  99.999
1.56220e-04  99.999  99.999  99.999  99.999  99.999  99.999  99.999  99.999
1.56293e-04  99.999  99.999  99.999  99.999  99.999  99.999  99.999  99.999
1.56383e-04  99.999  99.999  99.999  99.999  99.999  99.999  99.999  99.999
1.56462e-04  99.999  99.999  99.999  99.999  99.999  99.999  99.999  99.999
1.56561e-04  99.999  99.999  99.999  99.999  99.999  99.999  99.999  99.999
1.56642e-04  99.999  99.999  99.999  99.999  99.999  99.999  99.999  99.999
1.56763e-04  99.999  99.999  99.999  99.999  99.999  99.999  99.999  99.999
1.56863e-04  99.999  99.999  99.999  99.999  99.999  99.999  99.999  99.999
1.56996e-04  99.999  99.999  99.999  99.999  99.999  99.999  99.999  99.999
1.57161e-04  99.999  99.999  99.999  99.999  99.999  99.999  99.999  99.999
1.57352e-04  99.999  99.999  99.999  99.999  99.999  99.999  99.999  99.999
1.57573e-04  99.999  99.999  99.999  99.999  99.999  99.999  99.999  99.999
1.57780e-04  99.999  99.999  99.999  99.999  99.999  99.999  99.999  99.999
1.58018e-04  99.999  99.999  99.999  99.999  99.999  99.999  99.999  99.999
1.58175e-04  99.999  99.999  99.999  99.999  99.999  99.999  99.999  99.999
1.58368e-04  99.999  99.999  99.999  99.999  99.999  99.999  99.999  99.999
1.58465e-04  99.999  99.999  99.999  99.999  99.999  99.999  99.999  99.999
1.58466e-04  99.999  99.999  99.999  99.999  99.999  99.999  99.999  99.999
1.58530e-04  99.999  99.999  99.999  99.999  99.999  99.999  99.999  99.999
1.58678e-04  99.999  99.999  99.999  99.999  99.999  99.999  99.999  99.999
1.58833e-04  99.999  99.999  99.999  99.999  99.999  99.999  99.999  99.999
1.58965e-04  99.999  99.999  99.999  99.999  99.999  99.999  99.999  99.999
1.59071e-04  99.999  99.999  99.999  99.999  99.999  99.999  99.999  99.999
1.59211e-04  99.999  99.999  99.999  99.999  99.999  99.999  99.999  99.999
1.59464e-04  99.999  99.999  99.999  99.999  99.999  99.999  99.999  99.999
1.59561e-04  99.999  99.999  99.999  99.999  99.999  99.999  99.999  99.999
1.59713e-04  99.999  99.999  99.999  99.999  99.999  99.999  99.999  99.999
1.59941e-04  99.999  99.999  99.999  99.999  99.999  99.999  99.999  99.999
1.60244e-04  99.999  99.999  99.999  99.999  99.999  99.999  99.999  99.999
1.60339e-04  99.999  99.999  99.999  99.999  99.999  99.999  99.999  99.999
1.60528e-04  99.999  99.999  99.999  99.999  99.999  99.999  99.999  99.999
1.60907e-04  99.999  99.999  99.999  99.999  99.999  99.999  99.999  99.999
1.60954e-04  99.999  99.999  99.999  99.999  99.999  99.999  99.999  99.999
1.61118e-04  99.999  99.999  99.999  99.999  99.999  99.999  99.999  99.999
1.61209e-04  99.999  99.999  99.999  99.999  99.999  99.999  99.999  99.999
1.61339e-04  99.999  99.999  99.999  99.999  99.999  99.999  99.999  99.999
1.61454e-04  99.999  99.999  99.999  99.999  99.999  99.999  99.999  99.999
1.61608e-04  99.999  99.999  99.999  99.999  99.999  99.999  99.999  99.999
1.61826e-04  99.999  99.999  99.999  99.999  99.999  99.999  99.999  99.999
1.62021e-04  99.999  99.999  99.999  99.999  99.999  99.999  99.999  99.999
1.62281e-04  99.999  99.999  99.999  99.999  99.999  99.999  99.999  99.999
1.62508e-04  99.999  99.999  99.999  99.999  99.999  99.999  99.999  99.999
1.62812e-04  99.999  99.999  99.999  99.999  99.999  99.999  99.999  99.999
1.62917e-04  99.999  99.999  99.999  99.999  99.999  99.999  99.999  99.999
1.63128e-04  99.999  99.999  99.999  99.999  99.999  99.999  99.999  99.999
1.63229e-04  99.999  99.999  99.999  99.999  99.999  99.999  99.999  99.999
1.63432e-04  99.999  99.999  99.999  99.999  99.999  99.999  99.999  99.999
1.63533e-04  99.999  99.999  99.999  99.999  99.999  99.999  99.999  99.999
1.63584e-04  99.999  99.999  99.999  99.999  99.999  99.999  99.999  99.999
1.63718e-04  99.999  99.999  99.999  99.999  99.999  99.999  99.999  99.999
1.63859e-04  99.999  99.999  99.999  99.999  99.999  99.999  99.999  99.999
1.64031e-04  99.999  99.999  99.999  99.999  99.999  99.999  99.999  99.999
1.64179e-04  99.999  99.999  99.999  99.999  99.999  99.999  99.999  99.999
1.64390e-04  99.999  99.999  99.999  99.999  99.999  99.999  99.999  99.999
1.64672e-04  99.999  99.999  99.999  99.999  99.999  99.999  99.999  99.999
1.64975e-04  99.999  99.999  99.999  99.999  99.999  99.999  99.999  99.999
1.65353e-04  99.999  99.999  99.999  99.999  99.999  99.999  99.999  99.999
1.65893e-04  99.999  99.999  99.999  99.999  99.999  99.999  99.999  99.999
1.66243e-04  99.999  99.999  99.999  99.999  99.999  99.999  99.999  99.999
1.66643e-04  99.999  99.999  99.999  99.999  99.999  99.999  99.999  99.999
1.66644e-04  99.999  99.999  99.999  99.999  99.999  99.999  99.999  99.999
1.66833e-04  99.999  99.999  99.999  99.999  99.999  99.999  99.999  99.999
1.67046e-04  99.999  99.999  99.999  99.999  99.999  99.999  99.999  99.999
1.67254e-04  99.999  99.999  99.999  99.999  99.999  99.999  99.999  99.999
1.67422e-04  99.999  99.999  99.999  99.999  99.999  99.999  99.999  99.999
1.67593e-04  99.999  99.999  99.999  99.999  99.999  99.999  99.999  99.999
1.67889e-04  99.999  99.999  99.999  99.999  99.999  99.999  99.999  99.999
1.68175e-04  99.999  99.999  99.999  99.999  99.999  99.999  99.999  99.999
1.68427e-04  99.999  99.999  99.999  99.999  99.999  99.999  99.999  99.999
1.68691e-04  99.999  99.999  99.999  99.999  99.999  99.999  99.999  99.999
1.68890e-04  99.999  99.999  99.999  99.999  99.999  99.999  99.999  99.999
1.69178e-04  99.999  99.999  99.999  99.999  99.999  99.999  99.999  99.999
1.69562e-04  99.999  99.999  99.999  99.999  99.999  99.999  99.999  99.999
1.69568e-04  99.999  99.999  99.999  99.999  99.999  99.999  99.999  99.999
1.69765e-04  99.999  99.999  99.999  99.999  99.999  99.999  99.999  99.999
1.70045e-04  99.999  99.999  99.999  99.999  99.999  99.999  99.999  99.999
1.70403e-04  99.999  99.999  99.999  99.999  99.999  99.999  99.999  99.999
1.70812e-04  99.999  99.999  99.999  99.999  99.999  99.999  99.999  99.999
1.71110e-04  99.999  99.999  99.999  99.999  99.999  99.999  99.999  99.999
1.71508e-04  99.999  99.999  99.999  99.999  99.999  99.999  99.999  99.999
1.72065e-04  99.999  99.999  99.999  99.999  99.999  99.999  99.999  99.999
1.72325e-04  99.999  99.999  99.999  99.999  99.999  99.999  99.999  99.999
1.72777e-04  99.999  99.999  99.999  99.999  99.999  99.999  99.999  99.999
1.72779e-04  99.999  99.999  99.999  99.999  99.999  99.999  99.999  99.999
1.73052e-04  99.999  99.999  99.999  99.999  99.999  99.999  99.999  99.999
1.73252e-04  99.999  99.999  99.999  99.999  99.999  99.999  99.999  99.999
1.73553e-04  99.999  99.999  99.999  99.999  99.999  99.999  99.999  99.999
1.73953e-04  99.999  99.999  99.999  99.999  99.999  99.999  99.999  99.999
1.74264e-04  99.999  99.999  99.999  99.999  99.999  99.999  99.999  99.999
1.74677e-04  99.999  99.999  99.999  99.999  99.999  99.999  99.999  99.999
1.75276e-04  99.999  99.999  99.999  99.999  99.999  99.999  99.999  99.999
1.75782e-04  99.999  99.999  99.999  99.999  99.999  99.999  99.999  99.999
1.76232e-04  99.999  99.999  99.999  99.999  99.999  99.999  99.999  99.999
1.76612e-04  99.999  99.999  99.999  99.999  99.999  99.999  99.999  99.999
1.76644e-04  99.999  99.999  99.999  99.999  99.999  99.999  99.999  99.999
1.76844e-04  99.999  99.999  99.999  99.999  99.999  99.999  99.999  99.999
1.77075e-04  99.999  99.999  99.999  99.999  99.999  99.999  99.999  99.999
1.77287e-04  99.999  99.999  99.999  99.999  99.999  99.999  99.999  99.999
1.77568e-04  99.999  99.999  99.999  99.999  99.999  99.999  99.999  99.999
1.77946e-04  99.999  99.999  99.999  99.999  99.999  99.999  99.999  99.999
1.78236e-04  99.999  99.999  99.999  99.999  99.999  99.999  99.999  99.999
1.78628e-04  99.999  99.999  99.999  99.999  99.999  99.999  99.999  99.999
1.78897e-04  99.999  99.999  99.999  99.999  99.999  99.999  99.999  99.999
1.79218e-04  99.999  99.999  99.999  99.999  99.999  99.999  99.999  99.999
1.79635e-04  99.999  99.999  99.999  99.999  99.999  99.999  99.999  99.999
1.79892e-04  99.999  99.999  99.999  99.999  99.999  99.999  99.999  99.999
1.80162e-04  99.999  99.999  99.999  99.999  99.999  99.999  99.999  99.999
1.80433e-04  99.999  99.999  99.999  99.999  99.999  99.999  99.999  99.999
1.80433e-04  99.999  99.999  99.999  99.999  99.999  99.999  99.999  99.999
1.80615e-04  99.999  99.999  99.999  99.999  99.999  99.999  99.999  99.999
1.80861e-04  99.999  99.999  99.999  99.999  99.999  99.999  99.999  99.999
1.81097e-04  99.999  99.999  99.999  99.999  99.999  99.999  99.999  99.999
1.81355e-04  99.999  99.999  99.999  99.999  99.999  99.999  99.999  99.999
1.81650e-04  99.999  99.999  99.999  99.999  99.999  99.999  99.999  99.999
1.81895e-04  99.999  99.999  99.999  99.999  99.999  99.999  99.999  99.999
1.82135e-04  99.999  99.999  99.999  99.999  99.999  99.999  99.999  99.999
1.82387e-04  99.999  99.999  99.999  99.999  99.999  99.999  99.999  99.999
1.82691e-04  99.999  99.999  99.999  99.999  99.999  99.999  99.999  99.999
1.82963e-04  99.999  99.999  99.999  99.999  99.999  99.999  99.999  99.999
1.83206e-04  99.999  99.999  99.999  99.999  99.999  99.999  99.999  99.999
1.83587e-04  99.999  99.999  99.999  99.999  99.999  99.999  99.999  99.999
1.84002e-04  99.999  99.999  99.999  99.999  99.999  99.999  99.999  99.999
1.84362e-04  99.999  99.999  99.999  99.999  99.999  99.999  99.999  99.999
1.84775e-04  99.999  99.999  99.999  99.999  99.999  99.999  99.999  99.999
1.84788e-04  99.999  99.999  99.999  99.999  99.999  99.999  99.999  99.999
1.85021e-04  99.999  99.999  99.999  99.999  99.999  99.999  99.999  99.999
1.85241e-04  99.999  99.999  99.999  99.999  99.999  99.999  99.999  99.999
1.85520e-04  99.999  99.999  99.999  99.999  99.999  99.999  99.999  99.999
1.85858e-04  99.999  99.999  99.999  99.999  99.999  99.999  99.999  99.999
1.86271e-04  99.999  99.999  99.999  99.999  99.999  99.999  99.999  99.999
1.86682e-04  99.999  99.999  99.999  99.999  99.999  99.999  99.999  99.999
1.87236e-04  99.999  99.999  99.999  99.999  99.999  99.999  99.999  99.999
1.87623e-04  99.999  99.999  99.999  99.999  99.999  99.999  99.999  99.999
1.88241e-04  99.999  99.999  99.999  99.999  99.999  99.999  99.999  99.999
1.88608e-04  99.999  99.999  99.999  99.999  99.999  99.999  99.999  99.999
1.89052e-04  99.999  99.999  99.999  99.999  99.999  99.999  99.999  99.999
1.89355e-04  99.999  99.999  99.999  99.999  99.999  99.999  99.999  99.999
1.89361e-04  99.999  99.999  99.999  99.999  99.999  99.999  99.999  99.999
1.89767e-04  99.999  99.999  99.999  99.999  99.999  99.999  99.999  99.999
1.90177e-04  99.999  99.999  99.999  99.999  99.999  99.999  99.999  99.999
1.90645e-04  99.999  99.999  99.999  99.999  99.999  99.999  99.999  99.999
1.91129e-04  99.999  99.999  99.999  99.999  99.999  99.999  99.999  99.999
1.91588e-04  99.999  99.999  99.999  99.999  99.999  99.999  99.999  99.999
1.92038e-04  99.999  99.999  99.999  99.999  99.999  99.999  99.999  99.999
1.92424e-04  99.999  99.999  99.999  99.999  99.999  99.999  99.999  99.999
1.93349e-04  99.999  99.999  99.999  99.999  99.999  99.999  99.999  99.999
1.94032e-04  99.999  99.999  99.999  99.999  99.999  99.999  99.999  99.999
1.94864e-04  99.999  99.999  99.999  99.999  99.999  99.999  99.999  99.999
1.95581e-04  99.999  99.999  99.999  99.999  99.999  99.999  99.999  99.999
1.96428e-04  99.999  99.999  99.999  99.999  99.999  99.999  99.999  99.999
1.97144e-04  99.999  99.999  99.999  99.999  99.999  99.999  99.999  99.999
1.98017e-04  99.999  99.999  99.999  99.999  99.999  99.999  99.999  99.999
1.99038e-04  99.999  99.999  99.999  99.999  99.999  99.999  99.999  99.999
1.99893e-04  99.999  99.999  99.999  99.999  99.999  99.999  99.999  99.999
2.00955e-04  99.999  99.999  99.999  99.999  99.999  99.999  99.999  99.999
2.02561e-04  99.999  99.999  99.999  99.999  99.999  99.999  99.999  99.999
2.03682e-04  99.999  99.999  99.999  99.999  99.999  99.999  99.999  99.999
2.04860e-04  99.999  99.999  99.999  99.999  99.999  99.999  99.999  99.999
2.05985e-04  99.999  99.999  99.999  99.999  99.999  99.999  99.999  99.999
2.06833e-04  99.999  99.999  99.999  99.999  99.999  99.999  99.999  99.999
2.07801e-04  99.999  99.999  99.999  99.999  99.999  99.999  99.999  99.999
2.09215e-04  99.999  99.999  99.999  99.999  99.999  99.999  99.999  99.999
2.09934e-04  99.999  99.999  99.999  99.999  99.999  99.999  99.999  99.999
2.10893e-04  99.999  99.999  99.999  99.999  99.999  99.999  99.999  99.999
2.12397e-04  99.999  99.999  99.999  99.999  99.999  99.999  99.999  99.999
2.13621e-04  99.999  99.999  99.999  99.999  99.999  99.999  99.999  99.999
2.14781e-04  99.999  99.999  99.999  99.999  99.999  99.999  99.999  99.999
2.15796e-04  99.999  99.999  99.999  99.999  99.999  99.999  99.999  99.999
2.16912e-04  99.999  99.999  99.999  99.999  99.999  99.999  99.999  99.999
2.18075e-04  99.999  99.999  99.999  99.999  99.999  99.999  99.999  99.999
2.20135e-04  99.999  99.999  99.999  99.999  99.999  99.999  99.999  99.999
2.21464e-04  99.999  99.999  99.999  99.999  99.999  99.999  99.999  99.999
2.22613e-04  99.999  99.999  99.999  99.999  99.999  99.999  99.999  99.999
2.23998e-04  99.999  99.999  99.999  99.999  99.999  99.999  99.999  99.999
2.25323e-04  99.999  99.999  99.999  99.999  99.999  99.999  99.999  99.999
2.27783e-04  99.999  99.999  99.999  99.999  99.999  99.999  99.999  99.999
2.29597e-04  99.999  99.999  99.999  99.999  99.999  99.999  99.999  99.999
2.32363e-04  99.999  99.999  99.999  99.999  99.999  99.999  99.999  99.999
2.35132e-04  99.999  99.999  99.999  99.999  99.999  99.999  99.999  99.999
2.38080e-04  99.999  99.999  99.999  99.999  99.999  99.999  99.999  99.999
2.40885e-04  99.999  99.999  99.999  99.999  99.999  99.999  99.999  99.999
2.42303e-04  99.999  99.999  99.999  99.999  99.999  99.999  99.999  99.999
2.45020e-04  99.999  99.999  99.999  99.999  99.999  99.999  99.999  99.999
2.45548e-04  99.999  99.999  99.999  99.999  99.999  99.999  99.999  99.999
2.47882e-04  99.999  99.999  99.999  99.999  99.999  99.999  99.999  99.999
2.51067e-04  99.999  99.999  99.999  99.999  99.999  99.999  99.999  99.999
2.53520e-04  99.999  99.999  99.999  99.999  99.999  99.999  99.999  99.999
2.56642e-04  99.999  99.999  99.999  99.999  99.999  99.999  99.999  99.999
2.57647e-04  99.999  99.999  99.999  99.999  99.999  99.999  99.999  99.999
2.77619e-04  99.999  99.999  99.999  99.999  99.999  99.999  99.999  99.999
2.93793e-04  99.999  99.999  99.999  99.999  99.999  99.999  99.999  99.999
3.08568e-04  99.999  99.999  99.999  99.999  99.999  99.999  99.999  99.999
3.29582e-04  99.999  99.999  99.999  99.999  99.999  99.999  99.999  99.999
3.46396e-04  99.999  99.999  99.999  99.999  99.999  99.999  99.999  99.999
3.60889e-04  99.999  99.999  99.999  99.999  99.999  99.999  99.999  99.999
3.80341e-04  99.999  99.999  99.999  99.999  99.999  99.999  99.999  99.999
4.20367e-04  99.999  99.999  99.999  99.999  99.999  99.999  99.999  99.999
4.63348e-04  99.999  99.999  99.999  99.999  99.999  99.999  99.999  99.999
5.83319e-04  99.999  99.999  99.999  99.999  99.999  99.999  99.999  99.999
6.04957e-04  99.999  99.999  99.999  99.999  99.999  99.999  99.999  99.999
6.26199e-04  99.999  99.999  99.999  99.999  99.999  99.999  99.999  99.999
6.45283e-04  99.999  99.999  99.999  99.999  99.999  99.999  99.999  99.999
6.63384e-04  99.999  99.999  99.999  99.999  99.999  99.999  99.999  99.999
6.78180e-04  99.999  99.999  99.999  99.999  99.999  99.999  99.999  99.999
6.94744e-04  99.999  99.999  99.999  99.999  99.999  99.999  99.999  99.999
7.15040e-04  -0.069  99.999  99.999  99.999  99.999  99.999  99.999  99.999
7.37818e-04  -0.259  99.999  99.999  99.999  99.999  99.999  99.999  99.999
7.57022e-04  -0.409  99.999  99.999  99.999  99.999  99.999  99.999  99.999
7.75207e-04  -0.549  99.999  99.999  99.999  99.999  99.999  99.999  99.999
8.02880e-04  -0.754  99.999  99.999  99.999  99.999  99.999  99.999  99.999
8.31787e-04  -0.961  99.999  99.999  99.999  99.999  99.999  99.999  99.999
8.36225e-04  -0.944  99.999  99.999  99.999  99.999  99.999  99.999  99.999
1.11535e-03  -2.633  -0.773  99.999  99.999  99.999  99.999  99.999  99.999
1.24028e-03  -3.235  -1.385  -0.418  99.999  99.999  99.999  99.999  99.999
1.30939e-03  -3.542  -1.695  -0.731  -0.075  99.999  99.999  99.999  99.999
1.37133e-03  -3.802  -1.959  -0.998  -0.342  99.999  99.999  99.999  99.999
1.41960e-03  -3.995  -2.155  -1.198  -0.542  -0.067  99.999  99.999  99.999
1.44324e-03  -4.117  -2.278  -1.320  -0.665  -0.192  99.999  99.999  99.999
1.57232e-03  -4.574  -2.745  -1.798  -1.149  -0.680  99.999  99.999  99.999
1.62515e-03  -4.724  -2.906  -1.969  -1.326  -0.861  99.999  99.999  99.999
1.70222e-03  -4.961  -3.157  -2.234  -1.598  -1.140  99.999  99.999  99.999
1.75223e-03  -5.093  -3.298  -2.384  -1.754  -1.300  99.999  99.999  99.999
1.80603e-03  -5.231  -3.446  -2.541  -1.915  -1.466  99.999  99.999  99.999
1.84406e-03  -5.323  -3.542  -2.644  -2.021  -1.574  99.999  99.999  99.999
1.89126e-03  -5.428  -3.654  -2.762  -2.143  -1.699  99.999  99.999  99.999
1.92044e-03  -5.493  -3.723  -2.834  -2.218  -1.775  -0.037  99.999  99.999
1.97416e-03  -5.610  -3.848  -2.967  -2.352  -1.912  -0.179  99.999  99.999
2.00527e-03  -5.678  -3.917  -3.041  -2.429  -1.991  -0.259  99.999  99.999
2.04674e-03  -5.765  -4.012  -3.139  -2.529  -2.093  -0.364  99.999  99.999
2.09220e-03  -5.860  -4.111  -3.244  -2.637  -2.203  -0.477  99.999  99.999
2.12199e-03  -5.922  -4.176  -3.312  -2.705  -2.274  -0.549  99.999  99.999
2.15511e-03  -5.989  -4.246  -3.387  -2.783  -2.352  -0.628  -0.007  99.999
2.20664e-03  -6.092  -4.354  -3.499  -2.898  -2.469  -0.750  -0.127  99.999
2.27002e-03  -6.215  -4.484  -3.634  -3.035  -2.610  -0.893  -0.272  99.999
2.34224e-03  -6.352  -4.626  -3.782  -3.189  -2.765  -1.051  -0.429  99.999
2.39839e-03  -6.454  -4.735  -3.895  -3.302  -2.881  -1.170  -0.549  99.999
2.43989e-03  -6.529  -4.813  -3.977  -3.387  -2.966  -1.256  -0.637  99.999
2.50457e-03  -6.649  -4.940  -4.107  -3.519  -3.101  -1.393  -0.774  99.999
2.56156e-03  -6.749  -5.042  -4.215  -3.628  -3.211  -1.505  -0.887  99.999
2.60752e-03  -6.826  -5.123  -4.300  -3.714  -3.298  -1.593  -0.974  -0.075
2.65720e-03  -6.909  -5.210  -4.390  -3.806  -3.391  -1.688  -1.069  -0.168
2.71170e-03  -6.999  -5.303  -4.487  -3.905  -3.492  -1.790  -1.169  -0.270
2.76478e-03  -7.086  -5.392  -4.580  -3.998  -3.585  -1.885  -1.267  -0.365
2.80160e-03  -7.143  -5.454  -4.642  -4.062  -3.650  -1.950  -1.332  -0.432
2.83689e-03  -7.201  -5.512  -4.703  -4.123  -3.712  -2.013  -1.394  -0.495
2.87541e-03  -7.263  -5.577  -4.770  -4.192  -3.783  -2.085  -1.467  -0.567
2.92314e-03  -7.341  -5.659  -4.853  -4.277  -3.868  -2.173  -1.554  -0.655
2.98104e-03  -7.433  -5.754  -4.953  -4.380  -3.973  -2.280  -1.662  -0.760
3.03997e-03  -7.526  -5.851  -5.055  -4.481  -4.076  -2.385  -1.767  -0.868
3.09827e-03  -7.616  -5.946  -5.153  -4.582  -4.178  -2.488  -1.872  -0.970
3.19880e-03  -7.770  -6.105  -5.318  -4.750  -4.347  -2.660  -2.044  -1.145
3.25755e-03  -7.850  -6.189  -5.405  -4.839  -4.438  -2.755  -2.142  -1.242
3.32029e-03  -7.913  -6.257  -5.478  -4.917  -4.522  -2.849  -2.239  -1.342
3.38958e-03  -7.983  -6.331  -5.558  -5.002  -4.611  -2.951  -2.345  -1.452
3.45943e-03  -8.053  -6.404  -5.638  -5.087  -4.702  -3.052  -2.450  -1.559
3.52414e-03  -8.116  -6.471  -5.711  -5.165  -4.785  -3.145  -2.545  -1.657
3.58222e-03  -8.173  -6.533  -5.776  -5.234  -4.859  -3.227  -2.630  -1.744
3.63959e-03  -8.380  -6.745  -5.996  -5.457  -5.086  -3.464  -2.870  -1.987
3.75873e-03  -8.488  -6.859  -6.120  -5.590  -5.226  -3.621  -3.033  -2.154
3.84890e-03  -8.571  -6.949  -6.217  -5.692  -5.335  -3.742  -3.158  -2.281
3.90826e-03  -8.623  -7.004  -6.277  -5.756  -5.403  -3.817  -3.236  -2.361
3.96678e-03  -8.675  -7.059  -6.335  -5.819  -5.469  -3.890  -3.311  -2.438
4.08460e-03  -8.776  -7.166  -6.453  -5.942  -5.598  -4.034  -3.461  -2.591
4.16595e-03  -8.846  -7.240  -6.533  -6.026  -5.687  -4.133  -3.563  -2.696
4.25261e-03  -8.918  -7.317  -6.616  -6.114  -5.780  -4.235  -3.669  -2.803
4.33864e-03  -8.990  -7.392  -6.698  -6.199  -5.871  -4.337  -3.771  -2.908
4.42368e-03  -9.058  -7.466  -6.776  -6.284  -5.959  -4.434  -3.874  -3.011
4.50393e-03  -9.123  -7.533  -6.851  -6.363  -6.043  -4.524  -3.966  -3.107
4.66236e-03  -9.246  -7.666  -6.994  -6.513  -6.202  -4.701  -4.149  -3.293
4.77720e-03  -9.336  -7.762  -7.099  -6.624  -6.318  -4.830  -4.282  -3.427
4.91560e-03  -9.443  -7.876  -7.222  -6.754  -6.457  -4.982  -4.437  -3.587
5.03603e-03  -9.536  -7.974  -7.328  -6.867  -6.573  -5.111  -4.572  -3.724
5.26656e-03  -9.709  -8.158  -7.526  -7.076  -6.795  -5.353  -4.820  -3.977
5.45375e-03  -9.846  -8.303  -7.683  -7.240  -6.967  -5.542  -5.015  -4.177
5.67226e-03 -10.001  -8.467  -7.859  -7.426  -7.164  -5.757  -5.235  -4.401
5.82257e-03 -10.104  -8.578  -7.979  -7.552  -7.295  -5.900  -5.383  -4.551
5.98556e-03 -10.214  -8.695  -8.105  -7.684  -7.434  -6.053  -5.540  -4.711
6.01486e-03 -10.246  -8.739  -8.157  -7.740  -7.495  -6.118  -5.606  -4.778
6.24468e-03 -10.396  -8.897  -8.328  -7.921  -7.683  -6.324  -5.818  -4.996
6.40912e-03 -10.501  -9.009  -8.448  -8.047  -7.815  -6.468  -5.966  -5.146
6.65216e-03 -10.649  -9.168  -8.621  -8.228  -8.005  -6.675  -6.181  -5.363
6.86157e-03 -10.773  -9.302  -8.764  -8.379  -8.164  -6.849  -6.359  -5.545
7.14079e-03 -10.904  -9.444  -8.920  -8.545  -8.338  -7.048  -6.572  -5.772
7.41764e-03 -11.028  -9.572  -9.053  -8.682  -8.482  -7.214  -6.753  -5.968
7.73666e-03 -11.163  -9.714  -9.203  -8.836  -8.644  -7.400  -6.953  -6.187
7.90283e-03 -11.231  -9.785  -9.277  -8.914  -8.725  -7.494  -7.054  -6.296
8.07459e-03 -11.299  -9.856  -9.353  -8.994  -8.808  -7.588  -7.157  -6.408
8.24963e-03 -11.361  -9.925  -9.426  -9.071  -8.887  -7.682  -7.259  -6.517
8.58751e-03 -11.478 -10.052  -9.564  -9.217  -9.042  -7.861  -7.453  -6.726
8.75698e-03 -11.526 -10.109  -9.634  -9.297  -9.133  -7.970  -7.571  -6.851
9.08827e-03 -11.631 -10.223  -9.759  -9.427  -9.270  -8.128  -7.741  -7.035
9.23053e-03 -11.671 -10.268  -9.807  -9.478  -9.323  -8.190  -7.809  -7.107
9.37597e-03 -11.711 -10.312  -9.855  -9.529  -9.377  -8.252  -7.876  -7.179
9.52466e-03 -11.751 -10.357  -9.903  -9.580  -9.429  -8.314  -7.942  -7.252
9.67263e-03 -11.791 -10.400  -9.950  -9.629  -9.483  -8.376  -8.007  -7.321
9.82591e-03 -11.831 -10.442  -9.998  -9.680  -9.535  -8.436  -8.072  -7.391
1.00101e-02 -11.877 -10.494 -10.053  -9.738  -9.596  -8.505  -8.148  -7.473
1.02036e-02 -11.924 -10.544 -10.108  -9.796  -9.657  -8.575  -8.220  -7.550
1.03704e-02 -11.961 -10.586 -10.153  -9.843  -9.708  -8.630  -8.278  -7.612
1.05539e-02 -11.999 -10.629 -10.201  -9.894  -9.759  -8.684  -8.336  -7.672
1.07771e-02 -12.057 -10.684 -10.258  -9.954  -9.826  -8.768  -8.426  -7.767
1.09048e-02 -12.079 -10.708 -10.284  -9.982  -9.854  -8.796  -8.454  -7.794
1.09927e-02 -12.094 -10.725 -10.302  -9.999  -9.871  -8.813  -8.471  -7.812
1.10919e-02 -12.111 -10.743 -10.321 -10.019  -9.890  -8.831  -8.488  -7.829
1.12318e-02 -12.132 -10.766 -10.346 -10.043  -9.914  -8.849  -8.506  -7.842
1.13715e-02 -12.152 -10.788 -10.369 -10.065  -9.934  -8.864  -8.515  -7.850
1.15528e-02 -12.187 -10.820 -10.398 -10.093  -9.959  -8.884  -8.535  -7.870
1.17601e-02 -12.214 -10.848 -10.428 -10.124  -9.989  -8.911  -8.563  -7.897
1.18999e-02 -12.232 -10.870 -10.451 -10.148 -10.015  -8.941  -8.596  -7.935
1.20384e-02 -12.250 -10.890 -10.476 -10.174 -10.043  -8.976  -8.636  -7.977
1.22207e-02 -12.274 -10.918 -10.509 -10.211 -10.085  -9.028  -8.689  -8.034
1.24488e-02 -12.314 -10.959 -10.552 -10.261 -10.141  -9.102  -8.774  -8.129
1.27461e-02 -12.350 -11.002 -10.608 -10.327 -10.219  -9.211  -8.895  -8.260
1.30540e-02 -12.387 -11.047 -10.666 -10.397 -10.303  -9.326  -9.023  -8.397
1.34291e-02 -12.430 -11.100 -10.735 -10.481 -10.404  -9.467  -9.176  -8.562
1.38941e-02 -12.478 -11.161 -10.816 -10.580 -10.524  -9.637  -9.361  -8.759
1.50924e-02 -12.613 -11.314 -11.001 -10.800 -10.786 -10.023  -9.803  -9.239
1.58422e-02 -12.686 -11.396 -11.094 -10.906 -10.909 -10.202 -10.017  -9.482
1.69397e-02 -12.789 -11.510 -11.225 -11.057 -11.083 -10.462 -10.322  -9.822
1.74127e-02 -12.804 -11.529 -11.253 -11.091 -11.126 -10.537 -10.418  -9.939
1.76895e-02 -12.814 -11.542 -11.268 -11.110 -11.149 -10.577 -10.471 -10.003
1.80153e-02 -12.847 -11.577 -11.304 -11.147 -11.187 -10.628 -10.532 -10.080
1.83882e-02 -12.864 -11.597 -11.326 -11.172 -11.216 -10.674 -10.593 -10.156
1.85699e-02 -12.874 -11.605 -11.339 -11.185 -11.231 -10.697 -10.621 -10.191
1.88246e-02 -12.884 -11.620 -11.354 -11.203 -11.252 -10.726 -10.659 -10.240
1.90650e-02 -12.897 -11.632 -11.369 -11.219 -11.268 -10.755 -10.694 -10.285
1.93690e-02 -12.909 -11.646 -11.384 -11.238 -11.291 -10.784 -10.735 -10.339
1.97190e-02 -12.924 -11.664 -11.404 -11.257 -11.312 -10.816 -10.778 -10.400
2.00775e-02 -12.941 -11.679 -11.422 -11.277 -11.333 -10.848 -10.819 -10.456
2.04311e-02 -12.957 -11.697 -11.439 -11.295 -11.353 -10.877 -10.857 -10.513
2.07849e-02 -12.972 -11.712 -11.457 -11.314 -11.373 -10.904 -10.895 -10.566
2.13660e-02 -12.997 -11.739 -11.485 -11.344 -11.404 -10.948 -10.951 -10.649
2.17321e-02 -13.012 -11.756 -11.502 -11.361 -11.424 -10.975 -10.987 -10.696
2.22106e-02 -13.032 -11.777 -11.523 -11.384 -11.447 -11.007 -11.027 -10.757
2.26427e-02 -13.047 -11.794 -11.543 -11.404 -11.469 -11.034 -11.063 -10.806
2.31289e-02 -13.104 -11.856 -11.608 -11.469 -11.531 -11.087 -11.116 -10.875
2.36220e-02 -13.126 -11.879 -11.631 -11.492 -11.555 -11.116 -11.154 -10.924
2.53411e-02 -13.184 -11.939 -11.696 -11.561 -11.627 -11.209 -11.271 -11.088
2.66822e-02 -13.249 -12.008 -11.766 -11.634 -11.703 -11.296 -11.370 -11.213
2.87401e-02 -13.302 -12.061 -11.821 -11.689 -11.759 -11.365 -11.456 -11.331
2.92570e-02 -13.329 -12.089 -11.849 -11.720 -11.791 -11.398 -11.489 -11.370
3.01273e-02 -13.350 -12.112 -11.871 -11.743 -11.814 -11.425 -11.521 -11.410
3.06872e-02 -13.364 -12.125 -11.886 -11.756 -11.829 -11.442 -11.541 -11.434
3.13651e-02 -13.379 -12.141 -11.903 -11.773 -11.847 -11.462 -11.564 -11.462
3.19780e-02 -13.409 -12.172 -11.933 -11.804 -11.878 -11.497 -11.597 -11.499
3.25758e-02 -13.424 -12.187 -11.948 -11.819 -11.893 -11.512 -11.615 -11.519
3.33850e-02 -13.439 -12.202 -11.963 -11.834 -11.908 -11.527 -11.632 -11.539
3.39974e-02 -13.449 -12.212 -11.973 -11.844 -11.918 -11.539 -11.645 -11.554
3.45578e-02 -13.461 -12.222 -11.983 -11.854 -11.928 -11.549 -11.655 -11.566
3.52433e-02 -13.489 -12.250 -12.011 -11.881 -11.954 -11.572 -11.678 -11.591
3.60269e-02 -13.504 -12.265 -12.024 -11.893 -11.967 -11.582 -11.690 -11.603
3.67484e-02 -13.514 -12.272 -12.031 -11.900 -11.972 -11.589 -11.695 -11.610
3.79940e-02 -13.524 -12.283 -12.041 -11.909 -11.981 -11.597 -11.705 -11.623
3.88396e-02 -13.532 -12.290 -12.048 -11.915 -11.987 -11.604 -11.713 -11.633
3.98872e-02 -13.544 -12.300 -12.058 -11.925 -11.997 -11.614 -11.725 -11.647
4.11499e-02 -13.557 -12.315 -12.071 -11.938 -12.009 -11.629 -11.741 -11.667
4.28392e-02 -13.604 -12.360 -12.113 -11.982 -12.054 -11.674 -11.788 -11.714
4.59816e-02 -13.639 -12.393 -12.149 -12.019 -12.093 -11.716 -11.831 -11.759
4.69447e-02 -13.659 -12.413 -12.169 -12.040 -12.115 -11.739 -11.853 -11.782
4.94854e-02 -13.686 -12.444 -12.201 -12.074 -12.150 -11.775 -11.890 -11.819
5.05498e-02 -13.704 -12.462 -12.221 -12.094 -12.173 -11.796 -11.911 -11.839
5.26989e-02 -13.724 -12.483 -12.244 -12.119 -12.198 -11.821 -11.933 -11.862
5.51030e-02 -13.759 -12.520 -12.282 -12.159 -12.239 -11.859 -11.968 -11.892
5.79121e-02 -13.764 -12.526 -12.291 -12.168 -12.248 -11.862 -11.973 -11.897
5.99047e-02 -13.764 -12.526 -12.292 -12.170 -12.249 -11.864 -11.973 -11.902
6.18344e-02 -13.771 -12.533 -12.299 -12.178 -12.259 -11.874 -11.986 -11.916
6.21548e-02 -13.793 -12.552 -12.317 -12.196 -12.276 -11.892 -12.003 -11.932
6.57655e-02 -13.809 -12.567 -12.334 -12.218 -12.304 -11.924 -12.038 -11.971
6.95990e-02 -13.828 -12.584 -12.355 -12.242 -12.331 -11.961 -12.081 -12.016
7.23169e-02 -13.841 -12.595 -12.367 -12.256 -12.348 -11.985 -12.106 -12.041
7.52156e-02 -13.853 -12.605 -12.375 -12.268 -12.361 -12.002 -12.126 -12.061
7.78600e-02 -13.866 -12.613 -12.380 -12.273 -12.368 -12.012 -12.136 -12.072
8.06772e-02 -13.876 -12.620 -12.385 -12.278 -12.372 -12.019 -12.144 -12.077
8.37950e-02 -13.928 -12.670 -12.429 -12.318 -12.411 -12.054 -12.184 -12.117
8.65308e-02 -13.936 -12.677 -12.434 -12.320 -12.413 -12.057 -12.186 -12.124
8.80699e-02 -13.943 -12.682 -12.437 -12.323 -12.415 -12.057 -12.189 -12.126
8.98854e-02 -13.948 -12.688 -12.442 -12.326 -12.417 -12.057 -12.191 -12.132
9.22028e-02 -13.955 -12.694 -12.447 -12.331 -12.420 -12.059 -12.194 -12.139
9.46843e-02 -13.963 -12.703 -12.454 -12.336 -12.423 -12.059 -12.197 -12.144
9.66634e-02 -13.968 -12.708 -12.459 -12.342 -12.428 -12.062 -12.197 -12.148
9.79545e-02 -13.971 -12.712 -12.464 -12.344 -12.431 -12.062 -12.199 -12.151
9.94402e-02 -13.973 -12.714 -12.466 -12.347 -12.433 -12.064 -12.200 -12.153
1.01086e-01 -13.973 -12.717 -12.469 -12.350 -12.436 -12.064 -12.202 -12.155
1.02579e-01 -13.975 -12.719 -12.471 -12.353 -12.440 -12.067 -12.202 -12.157
1.04222e-01 -13.975 -12.720 -12.474 -12.356 -12.442 -12.069 -12.204 -12.160
1.05614e-01 -13.973 -12.720 -12.474 -12.357 -12.443 -12.072 -12.207 -12.160
1.07697e-01 -13.970 -12.719 -12.474 -12.358 -12.446 -12.074 -12.209 -12.163
1.09006e-01 -13.968 -12.719 -12.474 -12.358 -12.446 -12.074 -12.210 -12.165
1.11375e-01 -13.961 -12.714 -12.472 -12.356 -12.446 -12.077 -12.212 -12.167
1.13180e-01 -13.955 -12.711 -12.469 -12.354 -12.445 -12.077 -12.214 -12.167
1.14789e-01 -13.948 -12.706 -12.466 -12.351 -12.443 -12.079 -12.214 -12.168
1.16935e-01 -13.938 -12.699 -12.460 -12.348 -12.440 -12.077 -12.214 -12.168
1.18474e-01 -13.930 -12.693 -12.454 -12.343 -12.436 -12.076 -12.214 -12.168
1.19594e-01 -13.923 -12.686 -12.449 -12.338 -12.432 -12.071 -12.212 -12.165
1.21054e-01 -13.911 -12.678 -12.442 -12.331 -12.426 -12.068 -12.209 -12.160
1.22821e-01 -13.896 -12.665 -12.432 -12.321 -12.417 -12.061 -12.202 -12.155
1.25018e-01 -13.923 -12.708 -12.489 -12.379 -12.473 -12.119 -12.262 -12.211
1.26825e-01 -13.901 -12.691 -12.474 -12.365 -12.461 -12.108 -12.252 -12.201
1.28022e-01 -13.888 -12.680 -12.462 -12.355 -12.451 -12.098 -12.245 -12.196
1.29819e-01 -13.866 -12.662 -12.447 -12.340 -12.437 -12.088 -12.235 -12.188
1.31659e-01 -13.846 -12.645 -12.432 -12.326 -12.424 -12.076 -12.225 -12.180
1.34154e-01 -13.816 -12.620 -12.412 -12.306 -12.407 -12.061 -12.213 -12.170
1.36095e-01 -13.794 -12.602 -12.397 -12.294 -12.394 -12.050 -12.203 -12.165
1.38627e-01 -13.766 -12.577 -12.377 -12.276 -12.379 -12.038 -12.193 -12.157
1.40464e-01 -13.744 -12.559 -12.362 -12.263 -12.368 -12.028 -12.183 -12.150
1.42091e-01 -13.722 -12.542 -12.347 -12.250 -12.355 -12.018 -12.173 -12.142
1.43479e-01 -13.704 -12.526 -12.335 -12.238 -12.345 -12.007 -12.163 -12.132
1.44927e-01 -13.684 -12.508 -12.320 -12.225 -12.333 -11.995 -12.153 -12.122
1.46375e-01 -13.662 -12.491 -12.305 -12.212 -12.320 -11.985 -12.143 -12.112
1.47793e-01 -13.642 -12.473 -12.290 -12.198 -12.308 -11.973 -12.131 -12.102
1.49313e-01 -13.620 -12.454 -12.275 -12.184 -12.294 -11.962 -12.120 -12.090
1.50834e-01 -13.597 -12.435 -12.258 -12.170 -12.281 -11.950 -12.108 -12.077
1.52332e-01 -13.575 -12.416 -12.243 -12.155 -12.267 -11.937 -12.096 -12.067
1.52840e-01 -13.567 -12.408 -12.238 -12.150 -12.264 -11.935 -12.093 -12.062
1.53603e-01 -13.555 -12.399 -12.228 -12.143 -12.257 -11.927 -12.086 -12.057
1.54298e-01 -13.545 -12.390 -12.221 -12.136 -12.250 -11.922 -12.081 -12.052
1.55237e-01 -13.530 -12.378 -12.211 -12.127 -12.242 -11.915 -12.073 -12.044
1.55950e-01 -13.520 -12.368 -12.203 -12.120 -12.237 -11.910 -12.068 -12.039
1.55972e-01 -13.574 -12.429 -12.261 -12.185 -12.303 -11.979 -12.144 -12.105
1.56742e-01 -13.572 -12.429 -12.264 -12.189 -12.308 -11.987 -12.151 -12.113
1.57771e-01 -13.569 -12.429 -12.266 -12.195 -12.316 -11.997 -12.161 -12.125
1.58512e-01 -13.564 -12.428 -12.266 -12.196 -12.318 -12.001 -12.166 -12.132
1.59439e-01 -13.557 -12.423 -12.262 -12.194 -12.319 -12.002 -12.169 -12.135
1.60303e-01 -13.547 -12.414 -12.257 -12.189 -12.314 -12.002 -12.166 -12.133
1.61168e-01 -13.534 -12.404 -12.249 -12.183 -12.309 -11.997 -12.164 -12.130
1.62032e-01 -13.519 -12.392 -12.240 -12.176 -12.303 -11.992 -12.159 -12.123
1.63166e-01 -13.500 -12.375 -12.227 -12.164 -12.292 -11.982 -12.149 -12.113
1.64301e-01 -13.480 -12.358 -12.212 -12.151 -12.280 -11.972 -12.139 -12.100
1.65436e-01 -13.457 -12.340 -12.197 -12.138 -12.268 -11.961 -12.129 -12.090
1.66679e-01 -13.432 -12.318 -12.180 -12.121 -12.253 -11.949 -12.116 -12.075
1.67923e-01 -13.407 -12.298 -12.161 -12.105 -12.236 -11.934 -12.103 -12.060
1.69166e-01 -13.380 -12.275 -12.143 -12.088 -12.221 -11.921 -12.088 -12.043
1.70551e-01 -13.350 -12.248 -12.120 -12.067 -12.203 -11.904 -12.071 -12.023
1.71357e-01 -13.332 -12.233 -12.106 -12.055 -12.193 -11.894 -12.061 -12.013
1.72299e-01 -13.310 -12.214 -12.091 -12.041 -12.179 -11.881 -12.048 -11.999
1.72770e-01 -13.300 -12.204 -12.081 -12.034 -12.171 -11.876 -12.043 -11.991
1.73476e-01 -13.283 -12.190 -12.069 -12.022 -12.161 -11.866 -12.033 -11.981
1.74182e-01 -13.266 -12.175 -12.056 -12.011 -12.151 -11.856 -12.023 -11.971
1.74716e-01 -13.253 -12.164 -12.046 -12.002 -12.144 -11.848 -12.018 -11.963
1.75516e-01 -13.235 -12.147 -12.031 -11.989 -12.131 -11.838 -12.005 -11.951
1.76053e-01 -13.223 -12.137 -12.022 -11.981 -12.122 -11.831 -11.998 -11.942
1.76322e-01 -13.256 -12.167 -12.051 -12.005 -12.148 -11.866 -12.035 -11.974
1.76860e-01 -13.243 -12.154 -12.041 -11.996 -12.139 -11.856 -12.028 -11.964
1.77466e-01 -13.229 -12.142 -12.029 -11.986 -12.129 -11.848 -12.018 -11.954
1.78376e-01 -13.206 -12.122 -12.011 -11.969 -12.117 -11.836 -12.005 -11.942
1.79133e-01 -13.186 -12.106 -11.997 -11.957 -12.104 -11.825 -11.995 -11.929
1.79617e-01 -13.176 -12.096 -11.989 -11.948 -12.098 -11.818 -11.988 -11.922
1.80344e-01 -13.159 -12.081 -11.977 -11.938 -12.087 -11.808 -11.980 -11.912
1.80831e-01 -13.147 -12.071 -11.967 -11.930 -12.080 -11.802 -11.973 -11.907
1.81562e-01 -13.131 -12.056 -11.955 -11.919 -12.070 -11.792 -11.965 -11.897
1.82057e-01 -13.119 -12.048 -11.946 -11.910 -12.063 -11.787 -11.960 -11.892
1.83047e-01 -13.097 -12.028 -11.929 -11.897 -12.050 -11.777 -11.948 -11.879
1.85027e-01 -13.052 -11.991 -11.897 -11.867 -12.024 -11.754 -11.928 -11.857
1.86176e-01 -13.027 -11.969 -11.880 -11.851 -12.009 -11.742 -11.915 -11.844
1.87340e-01 -13.000 -11.947 -11.860 -11.834 -11.994 -11.729 -11.903 -11.830
1.88458e-01 -12.977 -11.925 -11.842 -11.818 -11.980 -11.717 -11.893 -11.820
1.89297e-01 -12.960 -11.911 -11.830 -11.806 -11.969 -11.709 -11.885 -11.812
1.90136e-01 -12.942 -11.895 -11.818 -11.796 -11.960 -11.702 -11.878 -11.802
1.90975e-01 -12.925 -11.882 -11.805 -11.784 -11.950 -11.694 -11.870 -11.795
1.92061e-01 -12.902 -11.863 -11.788 -11.770 -11.937 -11.684 -11.860 -11.787
1.92849e-01 -12.887 -11.850 -11.778 -11.761 -11.930 -11.677 -11.855 -11.780
1.95356e-01 -12.840 -11.812 -11.746 -11.733 -11.906 -11.661 -11.838 -11.765
1.96129e-01 -12.825 -11.800 -11.736 -11.725 -11.898 -11.654 -11.833 -11.760
1.97746e-01 -12.796 -11.775 -11.716 -11.707 -11.884 -11.644 -11.823 -11.750
1.98959e-01 -12.820 -11.794 -11.743 -11.725 -11.906 -11.680 -11.860 -11.782
1.99648e-01 -12.805 -11.782 -11.732 -11.716 -11.899 -11.675 -11.855 -11.777
2.00683e-01 -12.785 -11.764 -11.718 -11.704 -11.887 -11.666 -11.845 -11.770
2.01462e-01 -12.770 -11.752 -11.705 -11.693 -11.879 -11.660 -11.840 -11.762
2.02436e-01 -12.750 -11.734 -11.691 -11.681 -11.869 -11.653 -11.833 -11.755
2.03117e-01 -12.735 -11.723 -11.681 -11.672 -11.861 -11.645 -11.828 -11.750
2.03770e-01 -12.723 -11.712 -11.671 -11.665 -11.854 -11.640 -11.823 -11.745
2.04749e-01 -12.703 -11.695 -11.658 -11.652 -11.844 -11.633 -11.815 -11.737
2.07498e-01 -12.651 -11.651 -11.619 -11.619 -11.816 -11.612 -11.798 -11.718
2.10353e-01 -12.596 -11.605 -11.580 -11.586 -11.787 -11.592 -11.778 -11.700
2.11272e-01 -12.578 -11.590 -11.567 -11.574 -11.777 -11.584 -11.770 -11.693
2.12334e-01 -12.556 -11.573 -11.552 -11.560 -11.765 -11.577 -11.763 -11.685
2.14658e-01 -12.511 -11.535 -11.520 -11.533 -11.743 -11.559 -11.748 -11.670
2.15450e-01 -12.496 -11.522 -11.510 -11.524 -11.734 -11.554 -11.743 -11.665
2.17034e-01 -12.466 -11.497 -11.488 -11.506 -11.719 -11.544 -11.733 -11.655
2.17825e-01 -12.449 -11.484 -11.478 -11.496 -11.710 -11.539 -11.728 -11.650
2.19409e-01 -12.419 -11.459 -11.456 -11.479 -11.696 -11.529 -11.720 -11.640
2.20201e-01 -12.404 -11.447 -11.446 -11.471 -11.689 -11.524 -11.715 -11.637
2.21785e-01 -12.374 -11.422 -11.426 -11.453 -11.675 -11.514 -11.708 -11.628
2.22634e-01 -12.359 -11.410 -11.416 -11.443 -11.667 -11.508 -11.703 -11.625
2.23907e-01 -12.334 -11.391 -11.400 -11.431 -11.656 -11.501 -11.696 -11.618
2.24688e-01 -12.319 -11.379 -11.390 -11.422 -11.648 -11.496 -11.693 -11.615
2.26251e-01 -12.292 -11.357 -11.372 -11.407 -11.636 -11.488 -11.685 -11.608
2.27032e-01 -12.277 -11.346 -11.364 -11.399 -11.629 -11.483 -11.683 -11.605
2.28204e-01 -12.255 -11.329 -11.350 -11.387 -11.619 -11.478 -11.678 -11.600
2.29767e-01 -12.229 -11.308 -11.335 -11.374 -11.608 -11.473 -11.671 -11.595
2.31159e-01 -12.205 -11.289 -11.320 -11.362 -11.598 -11.466 -11.666 -11.590
2.31927e-01 -12.190 -11.279 -11.311 -11.355 -11.593 -11.463 -11.663 -11.588
2.33464e-01 -12.165 -11.259 -11.295 -11.341 -11.582 -11.458 -11.661 -11.585
2.34232e-01 -12.153 -11.249 -11.288 -11.335 -11.578 -11.453 -11.658 -11.582
2.35768e-01 -12.128 -11.231 -11.275 -11.323 -11.568 -11.448 -11.653 -11.580
2.36723e-01 -12.136 -11.245 -11.302 -11.342 -11.586 -11.470 -11.671 -11.609
2.38154e-01 -12.111 -11.228 -11.290 -11.330 -11.576 -11.465 -11.669 -11.606
2.39108e-01 -12.096 -11.215 -11.280 -11.323 -11.571 -11.463 -11.666 -11.604
2.40537e-01 -12.074 -11.198 -11.267 -11.312 -11.562 -11.458 -11.664 -11.601
2.41326e-01 -12.061 -11.190 -11.260 -11.307 -11.557 -11.455 -11.661 -11.601
2.42903e-01 -12.037 -11.172 -11.248 -11.298 -11.550 -11.452 -11.659 -11.599
2.43691e-01 -12.027 -11.163 -11.243 -11.292 -11.546 -11.450 -11.657 -11.599
2.45268e-01 -12.002 -11.147 -11.231 -11.284 -11.538 -11.447 -11.657 -11.597
2.46057e-01 -11.992 -11.140 -11.225 -11.279 -11.536 -11.445 -11.654 -11.596
2.47239e-01 -11.975 -11.127 -11.216 -11.272 -11.530 -11.444 -11.654 -11.596
2.48422e-01 -11.957 -11.115 -11.208 -11.266 -11.525 -11.442 -11.654 -11.596
2.49257e-01 -11.947 -11.107 -11.203 -11.261 -11.522 -11.442 -11.652 -11.596
2.50510e-01 -11.930 -11.094 -11.196 -11.256 -11.517 -11.439 -11.652 -11.596
2.51473e-01 -11.915 -11.085 -11.189 -11.251 -11.513 -11.439 -11.652 -11.598
2.52719e-01 -11.901 -11.074 -11.181 -11.244 -11.509 -11.437 -11.652 -11.598
2.54221e-01 -11.881 -11.060 -11.172 -11.238 -11.504 -11.436 -11.652 -11.599
2.55566e-01 -11.863 -11.047 -11.164 -11.231 -11.499 -11.434 -11.652 -11.601
2.57112e-01 -11.844 -11.035 -11.157 -11.225 -11.495 -11.433 -11.653 -11.601
2.58366e-01 -11.829 -11.024 -11.150 -11.221 -11.493 -11.433 -11.653 -11.603
2.59440e-01 -11.816 -11.015 -11.145 -11.217 -11.489 -11.433 -11.655 -11.606
2.60872e-01 -11.799 -11.004 -11.137 -11.212 -11.486 -11.433 -11.655 -11.608
2.62071e-01 -11.787 -10.995 -11.133 -11.210 -11.484 -11.435 -11.658 -11.611
2.63441e-01 -11.772 -10.985 -11.128 -11.205 -11.483 -11.435 -11.660 -11.613
2.64733e-01 -11.757 -10.977 -11.123 -11.202 -11.480 -11.438 -11.663 -11.618
2.65889e-01 -11.745 -10.968 -11.118 -11.199 -11.479 -11.438 -11.665 -11.620
2.67422e-01 -11.730 -10.958 -11.111 -11.196 -11.476 -11.440 -11.668 -11.625
2.68946e-01 -11.713 -10.948 -11.106 -11.191 -11.475 -11.442 -11.670 -11.628
2.69709e-01 -11.710 -10.950 -11.114 -11.200 -11.485 -11.450 -11.678 -11.642
2.72376e-01 -11.681 -10.930 -11.101 -11.192 -11.480 -11.452 -11.682 -11.647
2.74532e-01 -11.656 -10.912 -11.089 -11.185 -11.476 -11.452 -11.683 -11.652
2.74532e-01 -11.656 -10.912 -11.089 -11.185 -11.476 -11.452 -11.683 -11.652
2.74533e-01 -11.656 -10.912 -11.089 -11.185 -11.476 -11.452 -11.683 -11.652
2.74542e-01 -11.656 -10.912 -11.089 -11.185 -11.476 -11.452 -11.683 -11.652
2.77869e-01 -11.617 -10.884 -11.070 -11.171 -11.467 -11.450 -11.683 -11.655
2.79238e-01 -11.600 -10.872 -11.062 -11.164 -11.463 -11.449 -11.683 -11.655
2.81152e-01 -11.577 -10.855 -11.050 -11.156 -11.458 -11.447 -11.681 -11.657
2.82654e-01 -11.560 -10.842 -11.038 -11.147 -11.452 -11.444 -11.680 -11.657
2.83721e-01 -11.547 -10.832 -11.032 -11.142 -11.448 -11.444 -11.678 -11.655
2.85321e-01 -11.528 -10.818 -11.020 -11.132 -11.442 -11.439 -11.676 -11.654
2.86412e-01 -11.515 -10.807 -11.013 -11.127 -11.438 -11.437 -11.675 -11.654
2.88049e-01 -11.495 -10.794 -11.003 -11.120 -11.435 -11.437 -11.673 -11.654
2.89744e-01 -11.475 -10.778 -10.989 -11.110 -11.428 -11.432 -11.668 -11.652
2.92011e-01 -11.446 -10.756 -10.971 -11.095 -11.416 -11.424 -11.663 -11.647
2.93717e-01 -11.426 -10.739 -10.957 -11.084 -11.409 -11.419 -11.658 -11.644
2.95426e-01 -11.404 -10.722 -10.944 -11.073 -11.399 -11.414 -11.653 -11.639
2.97730e-01 -11.377 -10.699 -10.925 -11.058 -11.388 -11.406 -11.646 -11.634
2.99477e-01 -11.355 -10.683 -10.912 -11.048 -11.379 -11.399 -11.641 -11.629
3.00643e-01 -11.342 -10.671 -10.902 -11.040 -11.373 -11.396 -11.637 -11.626
3.00644e-01 -11.339 -10.671 -10.901 -11.038 -11.371 -11.394 -11.636 -11.626
3.00664e-01 -11.339 -10.671 -10.901 -11.038 -11.371 -11.394 -11.636 -11.624
3.04856e-01 -11.298 -10.640 -10.875 -11.019 -11.359 -11.388 -11.633 -11.622
3.07090e-01 -11.275 -10.622 -10.863 -11.007 -11.350 -11.385 -11.631 -11.621
3.08594e-01 -11.261 -10.610 -10.853 -11.001 -11.345 -11.383 -11.628 -11.619
3.10103e-01 -11.244 -10.598 -10.844 -10.994 -11.340 -11.380 -11.626 -11.616
3.11799e-01 -11.226 -10.585 -10.834 -10.986 -11.333 -11.378 -11.626 -11.616
3.13841e-01 -11.204 -10.570 -10.822 -10.979 -11.328 -11.375 -11.623 -11.614
3.15997e-01 -11.184 -10.553 -10.810 -10.970 -11.322 -11.372 -11.621 -11.614
3.18734e-01 -11.157 -10.535 -10.797 -10.960 -11.315 -11.370 -11.621 -11.616
3.22069e-01 -11.123 -10.512 -10.781 -10.951 -11.310 -11.370 -11.624 -11.619
3.24940e-01 -11.099 -10.494 -10.769 -10.942 -11.303 -11.369 -11.624 -11.621
3.28750e-01 -11.065 -10.472 -10.754 -10.931 -11.296 -11.367 -11.624 -11.625
3.31711e-01 -11.040 -10.454 -10.742 -10.922 -11.289 -11.366 -11.624 -11.628
3.35183e-01 -11.012 -10.433 -10.727 -10.911 -11.282 -11.364 -11.624 -11.630
3.38771e-01 -10.983 -10.412 -10.712 -10.900 -11.274 -11.361 -11.625 -11.633
3.41644e-01 -10.961 -10.395 -10.700 -10.891 -11.267 -11.358 -11.625 -11.635
3.44890e-01 -10.936 -10.377 -10.686 -10.882 -11.259 -11.353 -11.623 -11.638
3.47750e-01 -10.914 -10.360 -10.674 -10.872 -11.253 -11.351 -11.623 -11.638
3.50916e-01 -10.890 -10.343 -10.662 -10.862 -11.244 -11.346 -11.620 -11.640
3.55420e-01 -10.855 -10.318 -10.642 -10.848 -11.234 -11.340 -11.616 -11.642
3.57355e-01 -10.836 -10.307 -10.635 -10.844 -11.229 -11.338 -11.614 -11.642
3.61605e-01 -10.804 -10.284 -10.616 -10.830 -11.219 -11.333 -11.611 -11.642
3.65137e-01 -10.779 -10.264 -10.603 -10.819 -11.210 -11.327 -11.609 -11.642
3.70328e-01 -10.742 -10.236 -10.581 -10.803 -11.196 -11.320 -11.604 -11.641
3.75171e-01 -10.708 -10.210 -10.562 -10.788 -11.184 -11.312 -11.599 -11.641
3.80925e-01 -10.669 -10.182 -10.540 -10.769 -11.170 -11.305 -11.595 -11.641
3.86607e-01 -10.630 -10.152 -10.519 -10.756 -11.157 -11.299 -11.591 -11.638
3.91552e-01 -10.598 -10.129 -10.502 -10.744 -11.150 -11.293 -11.587 -11.638
3.95271e-01 -10.573 -10.111 -10.489 -10.733 -11.140 -11.288 -11.584 -11.638
4.00119e-01 -10.539 -10.087 -10.470 -10.716 -11.126 -11.281 -11.580 -11.635
4.05371e-01 -10.502 -10.061 -10.450 -10.700 -11.112 -11.273 -11.575 -11.633
4.11648e-01 -10.461 -10.030 -10.428 -10.681 -11.096 -11.265 -11.570 -11.632
4.16258e-01 -10.429 -10.008 -10.413 -10.667 -11.084 -11.258 -11.565 -11.630
4.20054e-01 -10.402  -9.989 -10.399 -10.659 -11.076 -11.253 -11.560 -11.627
4.26683e-01 -10.357  -9.957 -10.376 -10.641 -11.058 -11.242 -11.553 -11.624
4.31814e-01 -10.321  -9.932 -10.358 -10.626 -11.044 -11.234 -11.545 -11.619
4.31840e-01 -10.321  -9.932 -10.358 -10.626 -11.044 -11.234 -11.545 -11.619
4.39856e-01 -10.268  -9.893 -10.328 -10.602 -11.024 -11.219 -11.533 -11.611
4.45700e-01 -10.228  -9.864 -10.308 -10.583 -11.007 -11.206 -11.523 -11.604
4.52556e-01 -10.184  -9.830 -10.281 -10.562 -10.988 -11.191 -11.511 -11.594
4.61017e-01 -10.130  -9.791 -10.253 -10.536 -10.966 -11.176 -11.499 -11.584
4.69565e-01 -10.077  -9.754 -10.225 -10.512 -10.944 -11.161 -11.486 -11.576
4.78244e-01 -10.026  -9.718 -10.198 -10.491 -10.924 -11.148 -11.476 -11.570
4.91177e-01  -9.955  -9.669 -10.163 -10.461 -10.898 -11.133 -11.466 -11.565
5.00168e-01  -9.911  -9.637 -10.141 -10.441 -10.881 -11.125 -11.460 -11.562
5.09610e-01  -9.865  -9.608 -10.119 -10.423 -10.865 -11.115 -11.455 -11.562
5.23054e-01  -9.811  -9.570 -10.092 -10.400 -10.845 -11.106 -11.452 -11.562
5.32640e-01  -9.778  -9.549 -10.077 -10.388 -10.835 -11.101 -11.450 -11.565
5.45493e-01  -9.747  -9.529 -10.063 -10.376 -10.825 -11.101 -11.453 -11.572
5.59216e-01  -9.723  -9.518 -10.056 -10.372 -10.820 -11.099 -11.458 -11.581
6.10717e-01  -9.771  -9.594 -10.129 -10.434 -10.885 -11.168 -11.538 -11.671
6.30451e-01  -9.841  -9.665 -10.192 -10.488 -10.934 -11.214 -11.586 -11.721
7.27861e-01  -9.974  -9.966 -10.526 -10.757 -11.209 -11.464 -11.832 -11.971
7.48481e-01  -9.974 -10.008 -10.586 -10.802 -11.252 -11.505 -11.874 -12.016
7.66650e-01  -9.971 -10.040 -10.637 -10.837 -11.287 -11.542 -11.909 -12.056
7.85061e-01  -9.964 -10.072 -10.687 -10.870 -11.321 -11.577 -11.945 -12.095
8.03726e-01  -9.957 -10.101 -10.737 -10.899 -11.355 -11.610 -11.980 -12.133
8.22635e-01  -9.948 -10.129 -10.785 -10.928 -11.388 -11.642 -12.013 -12.170
8.41907e-01  -9.935 -10.154 -10.830 -10.950 -11.418 -11.675 -12.046 -12.207
8.58029e-01  -9.923 -10.174 -10.868 -10.967 -11.442 -11.700 -12.074 -12.237
8.75409e-01  -9.907 -10.191 -10.904 -10.982 -11.464 -11.725 -12.102 -12.267
9.01955e-01  -9.880 -10.214 -10.960 -11.002 -11.497 -11.762 -12.142 -12.314
9.17503e-01  -9.861 -10.224 -10.990 -11.014 -11.516 -11.780 -12.163 -12.339
9.49366e-01  -9.819 -10.241 -11.048 -11.043 -11.550 -11.817 -12.206 -12.389
9.73054e-01  -9.783 -10.250 -11.091 -11.068 -11.574 -11.842 -12.236 -12.423
1.01619e+00  -9.732 -10.274 -11.172 -11.133 -11.624 -11.889 -12.292 -12.485
1.14155e+00  -9.942 -10.560 -11.491 -11.439 -11.899 -12.137 -12.542 -12.719
1.17767e+00 -10.089 -10.691 -11.602 -11.548 -12.004 -12.237 -12.634 -12.802
1.20739e+00 -10.217 -10.800 -11.692 -11.636 -12.090 -12.320 -12.710 -12.870
1.24763e+00 -10.390 -10.944 -11.810 -11.753 -12.203 -12.429 -12.815 -12.961
1.26124e+00 -10.448 -10.992 -11.850 -11.790 -12.241 -12.466 -12.849 -12.993
1.28846e+00 -10.559 -11.085 -11.928 -11.867 -12.316 -12.537 -12.917 -13.053
1.32197e+00 -10.696 -11.197 -12.021 -11.959 -12.405 -12.625 -12.998 -13.126
1.36608e+00 -10.867 -11.338 -12.140 -12.076 -12.521 -12.736 -13.105 -13.220
1.38088e+00 -10.923 -11.385 -12.179 -12.114 -12.558 -12.771 -13.140 -13.252
1.41048e+00 -11.034 -11.476 -12.255 -12.189 -12.631 -12.844 -13.207 -13.312
1.44783e+00 -11.073 -11.602 -12.361 -12.243 -12.709 -12.945 -13.308 -13.404
1.49782e+00 -11.250 -11.748 -12.484 -12.366 -12.829 -13.060 -13.417 -13.502
1.51424e+00 -11.305 -11.794 -12.524 -12.405 -12.868 -13.096 -13.452 -13.535
1.54709e+00 -11.416 -11.887 -12.602 -12.483 -12.943 -13.171 -13.522 -13.598
1.58822e+00 -11.553 -12.000 -12.700 -12.579 -13.036 -13.259 -13.606 -13.676
1.64216e+00 -11.731 -12.146 -12.823 -12.700 -13.157 -13.375 -13.716 -13.776
1.71392e+00 -11.958 -12.334 -12.981 -12.854 -13.312 -13.526 -13.857 -13.906
1.73328e+00 -12.020 -12.383 -13.024 -12.896 -13.352 -13.566 -13.894 -13.939
1.77200e+00 -12.139 -12.482 -13.107 -12.977 -13.435 -13.644 -13.967 -14.009
1.81794e+00 -12.277 -12.596 -13.204 -13.071 -13.528 -13.734 -14.052 -14.087
1.87720e+00 -12.452 -12.739 -13.326 -13.187 -13.648 -13.848 -14.158 -14.188
1.96119e+00 -12.692 -12.935 -13.491 -13.349 -13.813 -14.007 -14.305 -14.323
2.05320e+00 -12.944 -13.140 -13.669 -13.519 -13.988 -14.170 -14.459 -14.468
2.14549e+00 -13.185 -13.338 -13.836 -13.682 -14.157 -14.327 -14.604 -14.606
2.23709e+00 -13.416 -13.525 -13.998 -13.840 -14.319 -14.475 -14.743 -14.737
2.33059e+00 -13.641 -13.709 -14.155 -13.993 -14.479 -14.621 -14.878 -14.867
2.42802e+00 -13.867 -13.890 -14.313 -14.149 -14.640 -14.764 -15.012 -14.994
2.52991e+00 -14.093 -14.073 -14.473 -14.308 -14.802 -14.905 -15.144 -15.120
2.55539e+00 -14.149 -14.118 -14.511 -14.347 -14.841 -14.940 -15.176 -15.152
2.60633e+00 -14.258 -14.205 -14.588 -14.425 -14.920 -15.007 -15.241 -15.212
2.67375e+00 -14.399 -14.318 -14.687 -14.527 -15.021 -15.093 -15.320 -15.290
2.74372e+00 -14.543 -14.433 -14.788 -14.631 -15.125 -15.179 -15.403 -15.367
2.83899e+00 -14.734 -14.584 -14.922 -14.772 -15.261 -15.291 -15.508 -15.470
2.94088e+00 -14.930 -14.739 -15.059 -14.919 -15.401 -15.407 -15.617 -15.575
3.04277e+00 -15.120 -14.888 -15.194 -15.063 -15.535 -15.514 -15.721 -15.678
3.14466e+00 -15.301 -15.032 -15.321 -15.200 -15.663 -15.619 -15.821 -15.775
3.24655e+00 -15.475 -15.170 -15.446 -15.332 -15.786 -15.717 -15.916 -15.868
3.34844e+00 -15.642 -15.302 -15.566 -15.458 -15.901 -15.810 -16.006 -15.958
3.45033e+00 -15.800 -15.429 -15.678 -15.579 -16.012 -15.900 -16.094 -16.043
3.55223e+00 -15.953 -15.552 -15.790 -15.695 -16.117 -15.985 -16.176 -16.126
3.65412e+00 -16.100 -15.670 -15.895 -15.805 -16.217 -16.065 -16.256 -16.206
3.75601e+00 -16.241 -15.784 -15.997 -15.913 -16.314 -16.143 -16.333 -16.283
3.85790e+00 -16.377 -15.894 -16.096 -16.015 -16.405 -16.218 -16.406 -16.356
3.95979e+00 -16.508 -16.001 -16.190 -16.114 -16.493 -16.288 -16.476 -16.426
4.06168e+00 -16.632 -16.103 -16.282 -16.208 -16.576 -16.355 -16.541 -16.493
4.16357e+00 -16.753 -16.202 -16.368 -16.299 -16.655 -16.418 -16.604 -16.558
4.26546e+00 -16.868 -16.298 -16.455 -16.386 -16.731 -16.480 -16.666 -16.621
4.36736e+00 -16.979 -16.389 -16.536 -16.467 -16.803 -16.538 -16.724 -16.680
4.46925e+00 -17.084 -16.479 -16.612 -16.546 -16.873 -16.595 -16.779 -16.736
4.57114e+00 -17.186 -16.563 -16.688 -16.622 -16.938 -16.648 -16.831 -16.790
4.67303e+00 -17.283 -16.646 -16.759 -16.693 -17.001 -16.699 -16.881 -16.843
4.77492e+00 -17.375 -16.725 -16.830 -16.762 -17.061 -16.748 -16.931 -16.892
4.87681e+00 -17.464 -16.801 -16.896 -16.828 -17.119 -16.796 -16.976 -16.940
4.97870e+00 -17.549 -16.874 -16.959 -16.890 -17.175 -16.841 -17.021 -16.985
5.08059e+00 -17.628 -16.943 -17.022 -16.949 -17.226 -16.884 -17.064 -17.030
5.18249e+00 -17.703 -17.010 -17.079 -17.006 -17.277 -16.924 -17.104 -17.072
5.28438e+00 -17.776 -17.074 -17.135 -17.061 -17.325 -16.964 -17.144 -17.112
5.38627e+00 -17.845 -17.135 -17.190 -17.111 -17.371 -17.004 -17.181 -17.150
5.48816e+00 -17.912 -17.194 -17.241 -17.161 -17.415 -17.039 -17.216 -17.187
5.59005e+00 -17.975 -17.249 -17.291 -17.209 -17.458 -17.074 -17.251 -17.222
5.69194e+00 -18.174 -17.226 -17.240 -17.205 -17.408 -16.986 -17.151 -17.123
5.76836e+00 -18.217 -17.264 -17.273 -17.237 -17.435 -17.009 -17.174 -17.148
5.87025e+00 -18.271 -17.312 -17.317 -17.279 -17.473 -17.039 -17.204 -17.178
5.97214e+00 -18.324 -17.360 -17.358 -17.319 -17.510 -17.069 -17.231 -17.208
6.07403e+00 -18.374 -17.404 -17.398 -17.358 -17.543 -17.096 -17.259 -17.235
6.17592e+00 -18.424 -17.449 -17.439 -17.398 -17.579 -17.124 -17.287 -17.263
6.27781e+00 -18.471 -17.491 -17.477 -17.436 -17.613 -17.151 -17.312 -17.290
6.37970e+00 -18.516 -17.532 -17.514 -17.474 -17.644 -17.177 -17.337 -17.318
6.48160e+00 -18.560 -17.571 -17.550 -17.511 -17.677 -17.204 -17.362 -17.343
6.58349e+00 -18.603 -17.610 -17.585 -17.547 -17.709 -17.229 -17.387 -17.368
6.68538e+00 -18.645 -17.648 -17.619 -17.583 -17.740 -17.254 -17.411 -17.393
6.78727e+00 -18.685 -17.685 -17.654 -17.618 -17.769 -17.277 -17.434 -17.418
6.88916e+00 -18.723 -17.720 -17.687 -17.652 -17.798 -17.302 -17.459 -17.440
6.99105e+00 -18.760 -17.754 -17.718 -17.685 -17.827 -17.325 -17.481 -17.465
7.09294e+00 -18.796 -17.789 -17.749 -17.717 -17.854 -17.348 -17.502 -17.487
7.29672e+00 -18.861 -17.852 -17.810 -17.776 -17.903 -17.391 -17.542 -17.530
7.50050e+00 -18.922 -17.911 -17.865 -17.829 -17.946 -17.428 -17.579 -17.567
7.70429e+00 -18.975 -17.964 -17.916 -17.877 -17.985 -17.461 -17.609 -17.600
8.00996e+00 -19.044 -18.037 -17.984 -17.939 -18.033 -17.501 -17.649 -17.642
8.31563e+00 -19.104 -18.101 -18.045 -17.990 -18.073 -17.532 -17.680 -17.675
8.72319e+00 -19.173 -18.177 -18.114 -18.044 -18.118 -17.565 -17.712 -17.709
9.05434e+00 -19.228 -18.233 -18.165 -18.084 -18.152 -17.588 -17.732 -17.731
9.41095e+00 -19.285 -18.290 -18.217 -18.128 -18.193 -17.610 -17.752 -17.751
9.71662e+00 -19.333 -18.340 -18.259 -18.166 -18.227 -17.629 -17.769 -17.769
1.00223e+01 -19.381 -18.389 -18.302 -18.206 -18.265 -17.649 -17.787 -17.788
1.04299e+01 -19.443 -18.453 -18.357 -18.257 -18.311 -17.678 -17.810 -17.813
1.06336e+01 -19.463 -18.476 -18.375 -18.278 -18.326 -17.686 -17.817 -17.818
1.13469e+01 -19.554 -18.574 -18.462 -18.359 -18.399 -17.726 -17.849 -17.851
1.23658e+01 -19.660 -18.700 -18.577 -18.467 -18.497 -17.770 -17.884 -17.886
1.30790e+01 -19.718 -18.775 -18.652 -18.538 -18.558 -17.796 -17.901 -17.903
1.35884e+01 -19.748 -18.816 -18.694 -18.579 -18.593 -17.807 -17.905 -17.903
1.40979e+01 -19.763 -18.843 -18.726 -18.608 -18.619 -17.810 -17.900 -17.893
1.45055e+01 -19.766 -18.858 -18.744 -18.628 -18.633 -17.808 -17.890 -17.878
1.49130e+01 -19.764 -18.866 -18.761 -18.643 -18.646 -17.804 -17.880 -17.863
1.53206e+01 -19.760 -18.875 -18.776 -18.659 -18.663 -17.802 -17.871 -17.846
1.56262e+01 -19.754 -18.882 -18.793 -18.671 -18.674 -17.808 -17.871 -17.841
1.60338e+01 -19.747 -18.890 -18.808 -18.690 -18.693 -17.811 -17.868 -17.832
1.64414e+01 -19.742 -18.899 -18.826 -18.710 -18.714 -17.819 -17.868 -17.822
1.68489e+01 -19.736 -18.909 -18.843 -18.729 -18.734 -17.827 -17.867 -17.815
1.72565e+01 -19.729 -18.918 -18.861 -18.749 -18.754 -17.835 -17.869 -17.808
1.76640e+01 -19.720 -18.927 -18.878 -18.767 -18.774 -17.843 -17.869 -17.799
1.80716e+01 -19.709 -18.934 -18.893 -18.785 -18.794 -17.852 -17.871 -17.792
1.84792e+01 -19.697 -18.941 -18.908 -18.801 -18.813 -17.859 -17.875 -17.782
1.88867e+01 -19.681 -18.945 -18.920 -18.816 -18.831 -17.867 -17.877 -17.776
1.92943e+01 -19.664 -18.947 -18.931 -18.831 -18.849 -17.875 -17.882 -17.769
1.97018e+01 -19.645 -18.946 -18.938 -18.843 -18.865 -17.883 -17.884 -17.762
2.01094e+01 -19.622 -18.942 -18.941 -18.851 -18.877 -17.887 -17.884 -17.750
2.05169e+01 -19.595 -18.934 -18.942 -18.857 -18.887 -17.890 -17.886 -17.739
2.07207e+01 -19.570 -18.930 -18.957 -18.849 -18.879 -17.900 -17.895 -17.744
2.11283e+01 -19.539 -18.919 -18.955 -18.852 -18.887 -17.905 -17.897 -17.732
2.14339e+01 -19.513 -18.908 -18.951 -18.854 -18.892 -17.910 -17.899 -17.725
2.17396e+01 -19.486 -18.896 -18.948 -18.855 -18.898 -17.915 -17.904 -17.721
2.20453e+01 -19.455 -18.883 -18.946 -18.857 -18.904 -17.922 -17.909 -17.717
2.23510e+01 -19.424 -18.871 -18.941 -18.857 -18.909 -17.930 -17.918 -17.715
2.26566e+01 -19.392 -18.856 -18.939 -18.859 -18.915 -17.941 -17.926 -17.716
2.29623e+01 -19.359 -18.843 -18.936 -18.859 -18.923 -17.951 -17.938 -17.717
2.32680e+01 -19.323 -18.827 -18.931 -18.859 -18.930 -17.963 -17.950 -17.720
2.35736e+01 -19.288 -18.812 -18.928 -18.859 -18.936 -17.975 -17.962 -17.724
2.39812e+01 -19.237 -18.790 -18.923 -18.857 -18.944 -17.994 -17.982 -17.732
2.43887e+01 -19.187 -18.769 -18.915 -18.853 -18.952 -18.011 -18.005 -17.743
2.48982e+01 -19.123 -18.740 -18.907 -18.851 -18.964 -18.035 -18.032 -17.760
2.54076e+01 -19.056 -18.708 -18.895 -18.847 -18.976 -18.059 -18.062 -17.776
2.58152e+01 -19.002 -18.682 -18.885 -18.843 -18.976 -18.082 -18.094 -17.800
2.63246e+01 -18.928 -18.644 -18.869 -18.841 -18.987 -18.103 -18.124 -17.821
2.68341e+01 -18.854 -18.603 -18.850 -18.838 -18.998 -18.126 -18.154 -17.843
2.74454e+01 -18.760 -18.551 -18.826 -18.832 -19.009 -18.154 -18.194 -17.874
2.82605e+01 -18.631 -18.475 -18.793 -18.824 -19.024 -18.197 -18.255 -17.921
2.92794e+01 -18.461 -18.377 -18.755 -18.817 -19.044 -18.262 -18.337 -17.996
3.02983e+01 -18.284 -18.274 -18.716 -18.807 -19.062 -18.335 -18.428 -18.077
3.09097e+01 -18.182 -18.210 -18.686 -18.804 -19.067 -18.383 -18.487 -18.132
3.19286e+01 -17.989 -18.091 -18.635 -18.784 -19.080 -18.451 -18.570 -18.215
3.29475e+01 -17.795 -17.965 -18.575 -18.759 -19.085 -18.507 -18.641 -18.290
3.39664e+01 -17.599 -17.833 -18.506 -18.725 -19.082 -18.558 -18.706 -18.360
3.49853e+01 -17.412 -17.704 -18.438 -18.690 -19.076 -18.610 -18.767 -18.429
3.60042e+01 -17.238 -17.583 -18.371 -18.661 -19.063 -18.662 -18.827 -18.496
3.70230e+01 -17.073 -17.467 -18.308 -18.623 -19.050 -18.711 -18.880 -18.556
3.80419e+01 -16.914 -17.352 -18.244 -18.581 -19.030 -18.745 -18.922 -18.607
3.90608e+01 -16.763 -17.241 -18.174 -18.533 -19.001 -18.764 -18.948 -18.644
4.00797e+01 -16.619 -17.134 -18.101 -18.479 -18.965 -18.771 -18.961 -18.673
4.10986e+01 -16.488 -17.034 -18.027 -18.429 -18.925 -18.770 -18.969 -18.694
4.21175e+01 -16.369 -16.944 -17.961 -18.378 -18.890 -18.772 -18.979 -18.718
4.31364e+01 -16.260 -16.863 -17.900 -18.330 -18.855 -18.774 -18.987 -18.739
4.41553e+01 -16.160 -16.785 -17.842 -18.283 -18.820 -18.768 -18.988 -18.755
4.51742e+01 -16.066 -16.712 -17.784 -18.235 -18.781 -18.750 -18.978 -18.759
4.61931e+01 -15.978 -16.641 -17.724 -18.190 -18.737 -18.719 -18.954 -18.753
4.72120e+01 -15.888 -16.571 -17.667 -18.141 -18.693 -18.684 -18.924 -18.744
4.82309e+01 -15.804 -16.503 -17.611 -18.094 -18.649 -18.646 -18.895 -18.734
4.92498e+01 -15.724 -16.439 -17.558 -18.048 -18.606 -18.611 -18.866 -18.725
5.02687e+01 -15.648 -16.380 -17.507 -18.002 -18.563 -18.575 -18.836 -18.713
5.12876e+01 -15.579 -16.322 -17.456 -17.960 -18.518 -18.531 -18.796 -18.692
5.23065e+01 -15.509 -16.265 -17.408 -17.916 -18.471 -18.478 -18.750 -18.666
5.33254e+01 -15.441 -16.211 -17.360 -17.873 -18.422 -18.415 -18.695 -18.634
5.43443e+01 -15.374 -16.155 -17.313 -17.831 -18.375 -18.353 -18.639 -18.597
5.53632e+01 -15.310 -16.104 -17.270 -17.790 -18.329 -18.290 -18.582 -18.563
5.63821e+01 -15.252 -16.056 -17.229 -17.752 -18.286 -18.226 -18.525 -18.526
5.74010e+01 -15.193 -16.009 -17.190 -17.716 -18.243 -18.164 -18.468 -18.487
5.84198e+01 -15.138 -15.965 -17.151 -17.681 -18.199 -18.101 -18.408 -18.446
5.94387e+01 -15.084 -15.922 -17.116 -17.648 -18.158 -18.039 -18.347 -18.405
6.04576e+01 -15.033 -15.880 -17.082 -17.614 -18.118 -17.979 -18.289 -18.366
6.14765e+01 -14.985 -15.842 -17.051 -17.584 -18.079 -17.921 -18.232 -18.324
6.24954e+01 -14.936 -15.804 -17.020 -17.555 -18.043 -17.866 -18.176 -18.285
6.35143e+01 -14.890 -15.767 -16.990 -17.526 -18.007 -17.812 -18.121 -18.245
6.45332e+01 -14.845 -15.732 -16.961 -17.498 -17.972 -17.757 -18.066 -18.204
6.55521e+01 -14.800 -15.696 -16.933 -17.471 -17.936 -17.705 -18.012 -18.163
6.65710e+01 -14.759 -15.663 -16.905 -17.445 -17.904 -17.651 -17.957 -18.122
6.75899e+01 -14.717 -15.629 -16.878 -17.419 -17.871 -17.602 -17.905 -18.081
6.86088e+01 -14.675 -15.595 -16.852 -17.393 -17.838 -17.554 -17.855 -18.042
6.96277e+01 -14.634 -15.563 -16.823 -17.367 -17.806 -17.510 -17.807 -18.002
7.06466e+01 -14.593 -15.529 -16.797 -17.342 -17.775 -17.468 -17.760 -17.964
7.16655e+01 -14.553 -15.498 -16.772 -17.318 -17.745 -17.426 -17.715 -17.926
7.26844e+01 -14.514 -15.466 -16.746 -17.294 -17.714 -17.386 -17.672 -17.890
7.37033e+01 -14.473 -15.434 -16.720 -17.270 -17.686 -17.349 -17.630 -17.852
7.47222e+01 -14.433 -15.402 -16.694 -17.246 -17.656 -17.311 -17.590 -17.817
7.57411e+01 -14.394 -15.370 -16.668 -17.222 -17.627 -17.276 -17.550 -17.782
7.67600e+01 -14.355 -15.338 -16.644 -17.199 -17.600 -17.241 -17.512 -17.747
7.77789e+01 -14.316 -15.306 -16.617 -17.175 -17.571 -17.209 -17.477 -17.712
7.87978e+01 -14.276 -15.275 -16.591 -17.151 -17.542 -17.177 -17.442 -17.680
7.98166e+01 -14.238 -15.243 -16.565 -17.128 -17.515 -17.146 -17.409 -17.647
8.08355e+01 -14.198 -15.212 -16.539 -17.105 -17.488 -17.116 -17.377 -17.615
8.18544e+01 -14.160 -15.179 -16.514 -17.083 -17.461 -17.086 -17.345 -17.585
8.28733e+01 -14.120 -15.149 -16.488 -17.059 -17.434 -17.058 -17.314 -17.552
8.38922e+01 -14.080 -15.117 -16.462 -17.036 -17.408 -17.030 -17.287 -17.523
8.49111e+01 -14.041 -15.085 -16.436 -17.013 -17.382 -17.003 -17.259 -17.495
8.59300e+01 -14.003 -15.053 -16.408 -16.990 -17.354 -16.977 -17.232 -17.466
8.69489e+01 -13.964 -15.021 -16.381 -16.968 -17.331 -16.949 -17.206 -17.439
8.79678e+01 -13.924 -14.989 -16.355 -16.946 -17.305 -16.923 -17.181 -17.411
8.89867e+01 -13.886 -14.957 -16.329 -16.923 -17.280 -16.898 -17.157 -17.386
9.00056e+01 -13.847 -14.925 -16.302 -16.900 -17.254 -16.873 -17.132 -17.359
9.10245e+01 -13.807 -14.893 -16.276 -16.879 -17.229 -16.847 -17.109 -17.335
9.20434e+01 -13.770 -14.861 -16.250 -16.857 -17.204 -16.822 -17.085 -17.310
9.30623e+01 -13.730 -14.829 -16.224 -16.834 -17.180 -16.796 -17.062 -17.285
9.40812e+01 -13.691 -14.798 -16.198 -16.812 -17.154 -16.773 -17.040 -17.263
9.51001e+01 -13.653 -14.766 -16.170 -16.790 -17.131 -16.748 -17.017 -17.239
9.61190e+01 -13.615 -14.734 -16.144 -16.768 -17.105 -16.723 -16.995 -17.216
9.71379e+01 -13.578 -14.703 -16.118 -16.747 -17.081 -16.699 -16.972 -17.194
9.81568e+01 -13.539 -14.672 -16.092 -16.725 -17.057 -16.674 -16.950 -17.172
9.91757e+01 -13.501 -14.640 -16.066 -16.703 -17.034 -16.649 -16.930 -17.152
1.00195e+02 -13.463 -14.608 -16.040 -16.682 -17.010 -16.626 -16.908 -17.130
1.01213e+02 -13.426 -14.577 -16.013 -16.660 -16.985 -16.603 -16.888 -17.110
1.02232e+02 -13.388 -14.546 -15.987 -16.639 -16.963 -16.578 -16.866 -17.090
1.03251e+02 -13.352 -14.516 -15.961 -16.618 -16.941 -16.554 -16.844 -17.070
1.04270e+02 -13.314 -14.484 -15.935 -16.596 -16.917 -16.530 -16.824 -17.050
1.05289e+02 -13.277 -14.454 -15.909 -16.575 -16.894 -16.507 -16.804 -17.031
1.06308e+02 -13.239 -14.422 -15.883 -16.554 -16.870 -16.484 -16.782 -17.011
1.07327e+02 -13.204 -14.392 -15.857 -16.533 -16.847 -16.461 -16.762 -16.991
1.08346e+02 -13.167 -14.361 -15.831 -16.511 -16.824 -16.438 -16.740 -16.973
1.09365e+02 -13.130 -14.331 -15.806 -16.491 -16.803 -16.415 -16.720 -16.956
1.10383e+02 -13.093 -14.300 -15.780 -16.470 -16.779 -16.392 -16.700 -16.936
1.11402e+02 -13.056 -14.269 -15.754 -16.449 -16.757 -16.369 -16.680 -16.918
1.12421e+02 -13.021 -14.239 -15.730 -16.428 -16.736 -16.346 -16.658 -16.901
1.13440e+02 -12.984 -14.210 -15.704 -16.407 -16.712 -16.324 -16.639 -16.881
1.14459e+02 -12.947 -14.180 -15.678 -16.386 -16.690 -16.301 -16.619 -16.864
1.15478e+02 -12.912 -14.149 -15.654 -16.365 -16.669 -16.278 -16.599 -16.846
1.16497e+02 -12.877 -14.120 -15.628 -16.344 -16.646 -16.256 -16.579 -16.831
1.17516e+02 -12.841 -14.090 -15.605 -16.325 -16.625 -16.235 -16.559 -16.812
1.18535e+02 -12.807 -14.061 -15.579 -16.305 -16.604 -16.213 -16.540 -16.796
1.19554e+02 -12.771 -14.031 -15.554 -16.284 -16.583 -16.192 -16.520 -16.779
1.20572e+02 -12.736 -14.002 -15.529 -16.265 -16.562 -16.170 -16.500 -16.761
1.21591e+02 -12.701 -13.973 -15.506 -16.245 -16.541 -16.149 -16.481 -16.746
1.22610e+02 -12.668 -13.944 -15.481 -16.225 -16.521 -16.127 -16.463 -16.729
1.23629e+02 -12.632 -13.915 -15.456 -16.207 -16.500 -16.106 -16.443 -16.711
1.24648e+02 -12.598 -13.888 -15.432 -16.186 -16.480 -16.086 -16.424 -16.696
1.25667e+02 -12.564 -13.858 -15.409 -16.167 -16.459 -16.066 -16.406 -16.679
1.26686e+02 -12.531 -13.830 -15.385 -16.148 -16.439 -16.045 -16.387 -16.663
1.27705e+02 -12.497 -13.801 -15.359 -16.128 -16.420 -16.023 -16.367 -16.646
1.28724e+02 -12.464 -13.774 -15.336 -16.109 -16.399 -16.003 -16.350 -16.631
1.29743e+02 -12.430 -13.746 -15.313 -16.091 -16.379 -15.983 -16.330 -16.616
1.30761e+02 -12.397 -13.717 -15.289 -16.072 -16.361 -15.964 -16.313 -16.598
1.31780e+02 -12.365 -13.689 -15.266 -16.054 -16.341 -15.944 -16.295 -16.583
1.32086e+02 -12.356 -13.681 -15.258 -16.048 -16.335 -15.937 -16.288 -16.578
