#NTIMES: 111
#NBANDS:   8
#OPTSET: Bessell
#NIRSET: 2MASS
#time[d] U B V R I J H K
2.04000e+00  99.999  -0.180 -10.084 -11.946 -12.337 -13.538 -14.198 -13.903
2.11000e+00  99.999  -3.003 -12.003 -13.131 -13.362 -14.169 -14.118 -13.553
2.19000e+00  -7.479 -10.040 -12.399 -13.376 -13.458 -14.140 -15.048 -14.748
2.28000e+00  -6.849 -10.638 -13.105 -14.014 -13.701 -14.541 -15.418 -15.115
2.36000e+00  -7.220 -11.771 -13.123 -13.936 -13.823 -14.349 -15.044 -14.271
2.45000e+00  99.999 -11.540 -13.650 -14.174 -14.083 -14.735 -14.990 -15.610
2.54000e+00  -5.485 -12.110 -13.919 -14.551 -14.804 -14.984 -15.382 -15.588
2.64000e+00 -10.078 -12.279 -13.983 -14.891 -14.808 -15.235 -15.307 -15.756
2.74000e+00  -9.758 -12.221 -14.158 -14.727 -14.659 -15.125 -15.294 -15.331
2.84000e+00  -0.542 -12.200 -14.095 -14.758 -14.758 -15.407 -14.745 -15.423
2.95000e+00 -10.287 -12.968 -14.539 -15.044 -14.767 -15.795 -15.490 -15.810
3.06000e+00 -10.372 -13.171 -14.719 -15.171 -15.097 -15.610 -16.024 -16.022
3.17000e+00 -10.610 -13.343 -14.895 -15.191 -15.130 -15.785 -15.757 -15.883
3.29000e+00 -11.299 -13.595 -14.996 -15.410 -15.305 -16.025 -16.066 -16.114
3.41000e+00 -12.282 -13.568 -15.150 -15.600 -15.509 -15.901 -15.999 -16.308
3.54000e+00 -12.029 -13.865 -15.374 -15.814 -15.555 -16.191 -16.115 -16.245
3.68000e+00 -12.748 -14.217 -15.477 -15.915 -15.744 -16.170 -16.389 -16.139
3.81000e+00 -12.737 -14.311 -15.646 -16.065 -15.877 -16.385 -16.586 -16.315
3.96000e+00 -13.176 -14.469 -15.877 -16.173 -16.087 -16.541 -16.489 -16.476
4.11000e+00 -13.430 -14.690 -15.991 -16.357 -16.212 -16.655 -16.555 -16.388
4.26000e+00 -13.267 -14.908 -16.201 -16.502 -16.346 -16.713 -16.698 -16.726
4.42000e+00 -13.677 -15.125 -16.271 -16.594 -16.355 -16.736 -16.737 -16.621
4.59000e+00 -14.137 -15.246 -16.403 -16.705 -16.490 -16.880 -16.801 -16.879
4.76000e+00 -14.132 -15.365 -16.461 -16.796 -16.601 -17.016 -16.960 -16.950
4.94000e+00 -14.262 -15.547 -16.651 -16.965 -16.772 -16.929 -17.023 -16.839
5.12000e+00 -14.657 -15.734 -16.774 -17.039 -16.873 -17.160 -17.152 -16.929
5.32000e+00 -14.677 -15.815 -16.817 -17.146 -16.997 -17.234 -17.234 -17.134
5.52000e+00 -14.916 -15.986 -16.966 -17.279 -17.142 -17.348 -17.298 -17.426
5.72000e+00 -15.066 -16.140 -17.097 -17.379 -17.220 -17.417 -17.277 -17.262
5.94000e+00 -15.321 -16.284 -17.151 -17.495 -17.312 -17.417 -17.454 -17.385
6.16000e+00 -15.412 -16.403 -17.261 -17.605 -17.444 -17.566 -17.460 -17.426
6.39000e+00 -15.632 -16.563 -17.410 -17.707 -17.510 -17.580 -17.470 -17.483
6.63000e+00 -15.756 -16.682 -17.461 -17.817 -17.665 -17.719 -17.549 -17.391
6.88000e+00 -15.931 -16.825 -17.579 -17.905 -17.760 -17.736 -17.734 -17.692
7.14000e+00 -16.120 -16.966 -17.685 -17.997 -17.867 -17.812 -17.708 -17.665
7.41000e+00 -16.225 -17.118 -17.769 -18.072 -17.981 -17.904 -17.771 -17.685
7.69000e+00 -16.406 -17.257 -17.882 -18.174 -18.097 -17.937 -17.798 -17.781
7.98000e+00 -16.571 -17.345 -17.999 -18.281 -18.213 -18.035 -17.803 -17.681
8.28000e+00 -16.747 -17.490 -18.077 -18.373 -18.301 -18.053 -17.896 -17.678
8.59000e+00 -16.882 -17.612 -18.168 -18.428 -18.377 -18.096 -17.892 -17.874
8.91000e+00 -16.980 -17.726 -18.245 -18.500 -18.458 -18.086 -17.896 -17.957
9.25000e+00 -17.161 -17.852 -18.332 -18.569 -18.557 -18.142 -17.969 -17.914
9.59000e+00 -17.278 -17.949 -18.418 -18.658 -18.662 -18.147 -17.929 -17.908
9.95000e+00 -17.409 -18.057 -18.501 -18.724 -18.716 -18.208 -18.048 -17.775
1.03300e+01 -17.534 -18.165 -18.571 -18.775 -18.781 -18.238 -17.947 -17.978
1.07100e+01 -17.651 -18.269 -18.660 -18.841 -18.819 -18.221 -17.926 -17.836
1.11200e+01 -17.790 -18.363 -18.727 -18.900 -18.887 -18.194 -17.942 -17.865
1.15400e+01 -17.865 -18.447 -18.801 -18.960 -18.926 -18.177 -17.904 -17.879
1.19700e+01 -17.961 -18.523 -18.872 -19.012 -18.952 -18.184 -17.883 -17.822
1.24200e+01 -18.056 -18.603 -18.940 -19.058 -19.019 -18.181 -17.858 -17.788
1.28800e+01 -18.123 -18.668 -19.004 -19.098 -19.024 -18.136 -17.861 -17.939
1.33700e+01 -18.219 -18.752 -19.069 -19.140 -19.072 -18.120 -17.847 -17.744
1.38700e+01 -18.241 -18.796 -19.123 -19.183 -19.074 -18.072 -17.786 -17.701
1.43900e+01 -18.323 -18.867 -19.186 -19.218 -19.108 -18.015 -17.766 -17.780
1.49300e+01 -18.373 -18.909 -19.236 -19.248 -19.119 -17.994 -17.712 -17.646
1.54900e+01 -18.403 -18.959 -19.293 -19.281 -19.147 -17.931 -17.689 -17.651
1.60800e+01 -18.432 -18.995 -19.330 -19.295 -19.151 -17.889 -17.627 -17.575
1.66800e+01 -18.434 -19.018 -19.375 -19.334 -19.155 -17.845 -17.564 -17.525
1.73100e+01 -18.453 -19.039 -19.409 -19.351 -19.171 -17.780 -17.612 -17.567
1.79600e+01 -18.443 -19.046 -19.452 -19.367 -19.190 -17.736 -17.555 -17.331
1.86300e+01 -18.462 -19.049 -19.484 -19.398 -19.173 -17.637 -17.530 -17.536
1.93300e+01 -18.433 -19.030 -19.501 -19.404 -19.191 -17.575 -17.476 -17.452
2.00600e+01 -18.365 -19.003 -19.533 -19.420 -19.182 -17.527 -17.530 -17.282
2.08100e+01 -18.317 -18.980 -19.542 -19.421 -19.207 -17.515 -17.558 -17.494
2.15900e+01 -18.268 -18.946 -19.555 -19.425 -19.226 -17.428 -17.499 -17.425
2.24100e+01 -18.196 -18.890 -19.554 -19.423 -19.243 -17.368 -17.634 -17.423
2.32500e+01 -18.092 -18.837 -19.548 -19.424 -19.256 -17.344 -17.625 -17.385
2.41200e+01 -17.987 -18.756 -19.526 -19.407 -19.297 -17.357 -17.817 -17.389
2.50300e+01 -17.879 -18.651 -19.498 -19.391 -19.317 -17.332 -17.903 -17.515
2.59700e+01 -17.778 -18.566 -19.464 -19.374 -19.313 -17.330 -17.992 -17.708
2.69400e+01 -17.600 -18.471 -19.408 -19.341 -19.308 -17.346 -18.126 -17.757
2.79600e+01 -17.441 -18.363 -19.357 -19.314 -19.312 -17.271 -18.259 -17.827
2.90100e+01 -17.270 -18.249 -19.281 -19.278 -19.316 -17.268 -18.435 -17.970
3.01000e+01 -17.093 -18.131 -19.207 -19.241 -19.300 -17.199 -18.573 -18.089
3.12300e+01 -16.861 -17.973 -19.107 -19.204 -19.266 -17.198 -18.679 -18.231
3.24000e+01 -16.646 -17.839 -19.002 -19.167 -19.258 -17.217 -18.769 -18.369
3.36200e+01 -16.439 -17.667 -18.905 -19.136 -19.263 -17.307 -18.882 -18.473
3.48800e+01 -16.251 -17.500 -18.799 -19.092 -19.236 -17.368 -18.984 -18.527
3.61900e+01 -16.049 -17.306 -18.685 -19.042 -19.188 -17.457 -19.061 -18.700
3.75500e+01 -15.794 -17.149 -18.565 -18.975 -19.139 -17.606 -19.129 -18.745
3.89600e+01 -15.651 -16.983 -18.451 -18.879 -19.097 -17.666 -19.130 -18.785
4.04300e+01 -15.431 -16.826 -18.329 -18.776 -19.019 -17.774 -19.114 -18.815
4.19500e+01 -15.184 -16.673 -18.196 -18.649 -18.948 -17.808 -19.067 -18.805
4.35200e+01 -15.046 -16.529 -18.076 -18.521 -18.859 -17.882 -19.006 -18.677
4.51600e+01 -14.901 -16.422 -17.970 -18.391 -18.740 -17.822 -18.890 -18.581
4.68600e+01 -14.703 -16.303 -17.856 -18.244 -18.632 -17.632 -18.718 -18.360
4.86200e+01 -14.587 -16.233 -17.757 -18.135 -18.540 -17.452 -18.523 -18.162
5.04400e+01 -14.433 -16.190 -17.714 -18.038 -18.460 -17.257 -18.329 -17.814
5.23400e+01 -14.376 -16.125 -17.637 -17.908 -18.393 -17.116 -18.078 -17.473
5.43000e+01 -14.328 -16.084 -17.572 -17.809 -18.324 -16.998 -17.856 -17.193
5.63500e+01 -14.323 -16.098 -17.541 -17.705 -18.257 -16.819 -17.564 -16.921
5.84600e+01 -14.270 -16.066 -17.493 -17.586 -18.185 -16.630 -17.392 -16.612
6.06600e+01 -14.207 -16.071 -17.448 -17.458 -18.111 -16.540 -17.147 -16.510
6.29400e+01 -14.173 -16.050 -17.403 -17.343 -18.059 -16.380 -16.999 -16.146
6.53000e+01 -14.169 -16.019 -17.357 -17.240 -17.991 -16.311 -16.658 -15.853
6.77600e+01 -14.124 -15.995 -17.281 -17.104 -17.924 -16.257 -16.530 -15.772
7.03000e+01 -14.084 -15.955 -17.235 -16.976 -17.840 -16.100 -16.387 -15.670
7.29400e+01 -14.038 -15.908 -17.159 -16.847 -17.754 -16.004 -16.162 -15.480
7.56900e+01 -14.037 -15.878 -17.105 -16.713 -17.698 -15.845 -15.963 -15.261
7.85300e+01 -13.955 -15.828 -17.023 -16.586 -17.611 -15.739 -15.808 -15.325
8.14800e+01 -13.960 -15.774 -16.944 -16.474 -17.570 -15.601 -15.658 -14.935
8.45400e+01 -13.863 -15.686 -16.832 -16.358 -17.536 -15.593 -15.448 -14.930
8.77200e+01 -13.870 -15.629 -16.748 -16.220 -17.455 -15.458 -15.334 -14.743
9.10100e+01 -13.789 -15.528 -16.631 -16.089 -17.423 -15.363 -15.184 -14.487
9.44300e+01 -13.776 -15.430 -16.532 -15.954 -17.351 -15.260 -14.904 -14.373
9.79800e+01 -13.653 -15.338 -16.441 -15.793 -17.291 -15.207 -14.946 -14.349
1.01660e+02 -13.520 -15.185 -16.262 -15.626 -17.233 -15.099 -14.512 -14.113
1.05480e+02 -12.838 -14.522 -15.555 -14.863 -16.575 -14.454 -14.003 -13.303
1.09450e+02 -10.323 -11.155 -11.984 -11.145 -13.316 -10.860 -10.505  -9.783
1.13560e+02  -5.643  99.999  99.999  99.999  99.999  99.999  99.999  99.999
1.17830e+02  99.999  99.999  99.999  99.999  99.999  99.999  99.999  99.999
