#NTIMES: 190
#NBANDS:   8
#OPTSET: Bessell
#NIRSET: 2MASS
#time[d] U B V R I J H K
1.13405e+00  -5.579  -7.185  -9.360 -10.632 -11.372 -12.747 -13.375 -13.821
1.45014e+00  -2.463  -5.671  -8.864 -10.471 -11.029 -12.064 -12.428 -12.624
1.76624e+00  -1.741  -5.961  -9.891 -11.777 -12.227 -13.358 -13.644 -14.018
2.08234e+00  -5.741  -8.926 -11.646 -13.111 -13.434 -14.297 -14.621 -14.725
2.39843e+00  -8.373 -11.376 -13.243 -14.068 -14.065 -14.794 -15.062 -15.064
2.71453e+00  -9.661 -12.488 -14.109 -14.647 -14.548 -15.221 -15.314 -15.344
3.03062e+00 -10.700 -13.143 -14.680 -15.072 -14.914 -15.544 -15.642 -15.681
3.34672e+00 -11.245 -13.575 -15.157 -15.480 -15.289 -15.864 -15.933 -16.047
3.66282e+00 -11.720 -14.043 -15.500 -15.798 -15.652 -16.160 -16.196 -16.263
3.97891e+00 -12.713 -14.522 -15.870 -16.099 -15.939 -16.479 -16.451 -16.637
4.29501e+00 -13.118 -14.891 -16.124 -16.348 -16.267 -16.663 -16.751 -16.753
4.61110e+00 -13.666 -15.270 -16.399 -16.619 -16.502 -16.852 -16.862 -17.064
4.92720e+00 -14.107 -15.619 -16.608 -16.827 -16.752 -17.080 -17.105 -17.116
5.24330e+00 -14.621 -15.940 -16.825 -17.039 -16.999 -17.251 -17.315 -17.347
5.55939e+00 -15.029 -16.263 -17.019 -17.228 -17.220 -17.466 -17.439 -17.420
5.87549e+00 -15.346 -16.541 -17.200 -17.411 -17.418 -17.729 -17.543 -17.573
6.19158e+00 -15.645 -16.836 -17.371 -17.545 -17.596 -17.740 -17.677 -17.695
6.50768e+00 -16.038 -17.075 -17.497 -17.722 -17.819 -17.799 -17.835 -17.909
6.82378e+00 -16.334 -17.287 -17.645 -17.866 -17.994 -17.913 -17.919 -17.974
7.13987e+00 -16.640 -17.499 -17.789 -17.984 -18.137 -18.009 -18.001 -18.116
7.45597e+00 -16.903 -17.648 -17.897 -18.129 -18.275 -18.120 -18.155 -18.183
7.77206e+00 -17.261 -17.800 -18.008 -18.226 -18.362 -18.148 -18.182 -18.248
8.08816e+00 -17.604 -17.935 -18.118 -18.327 -18.444 -18.246 -18.255 -18.288
8.40426e+00 -17.819 -18.059 -18.195 -18.414 -18.507 -18.309 -18.323 -18.365
8.72035e+00 -18.073 -18.161 -18.283 -18.504 -18.585 -18.391 -18.431 -18.441
9.03645e+00 -18.232 -18.272 -18.363 -18.583 -18.672 -18.417 -18.458 -18.491
9.35254e+00 -18.383 -18.350 -18.456 -18.666 -18.725 -18.491 -18.502 -18.587
9.66864e+00 -18.482 -18.432 -18.528 -18.721 -18.779 -18.564 -18.579 -18.643
9.98474e+00 -18.581 -18.498 -18.590 -18.788 -18.818 -18.596 -18.651 -18.670
1.03008e+01 -18.655 -18.563 -18.657 -18.832 -18.859 -18.637 -18.643 -18.673
1.06169e+01 -18.746 -18.621 -18.717 -18.895 -18.898 -18.692 -18.713 -18.800
1.09330e+01 -18.800 -18.675 -18.776 -18.946 -18.961 -18.738 -18.758 -18.790
1.12491e+01 -18.845 -18.731 -18.827 -18.987 -18.983 -18.755 -18.794 -18.788
1.15652e+01 -18.881 -18.780 -18.881 -19.035 -19.023 -18.802 -18.834 -18.805
1.18813e+01 -18.943 -18.830 -18.921 -19.069 -19.043 -18.831 -18.847 -18.859
1.21974e+01 -18.951 -18.869 -18.970 -19.099 -19.087 -18.870 -18.895 -18.902
1.25135e+01 -18.984 -18.906 -19.011 -19.136 -19.119 -18.848 -18.890 -18.929
1.28296e+01 -18.983 -18.938 -19.053 -19.165 -19.136 -18.897 -18.935 -18.934
1.31457e+01 -19.015 -18.970 -19.077 -19.191 -19.160 -18.891 -18.958 -19.004
1.34618e+01 -19.020 -19.005 -19.107 -19.216 -19.176 -18.922 -18.948 -19.017
1.37779e+01 -19.003 -19.030 -19.142 -19.249 -19.203 -18.954 -18.971 -19.069
1.40940e+01 -19.002 -19.049 -19.164 -19.267 -19.234 -18.959 -19.014 -19.054
1.44101e+01 -18.977 -19.072 -19.194 -19.292 -19.233 -18.961 -19.018 -19.100
1.47262e+01 -18.987 -19.095 -19.223 -19.306 -19.256 -18.995 -19.028 -19.088
1.50423e+01 -18.959 -19.101 -19.251 -19.328 -19.264 -18.992 -19.048 -19.120
1.53584e+01 -18.957 -19.124 -19.265 -19.339 -19.285 -18.990 -19.079 -19.129
1.56745e+01 -18.901 -19.128 -19.293 -19.360 -19.280 -18.990 -19.055 -19.138
1.59906e+01 -18.901 -19.138 -19.317 -19.374 -19.308 -19.000 -19.079 -19.161
1.63067e+01 -18.848 -19.139 -19.330 -19.384 -19.311 -18.997 -19.071 -19.113
1.66228e+01 -18.812 -19.136 -19.346 -19.402 -19.326 -18.989 -19.060 -19.182
1.69388e+01 -18.764 -19.142 -19.363 -19.411 -19.345 -18.992 -19.087 -19.185
1.72549e+01 -18.706 -19.138 -19.380 -19.426 -19.339 -18.977 -19.068 -19.191
1.75710e+01 -18.680 -19.140 -19.388 -19.438 -19.359 -18.983 -19.086 -19.174
1.78871e+01 -18.597 -19.121 -19.403 -19.446 -19.369 -19.000 -19.089 -19.177
1.82032e+01 -18.543 -19.121 -19.411 -19.453 -19.375 -18.964 -19.065 -19.209
1.85193e+01 -18.493 -19.101 -19.426 -19.461 -19.373 -18.949 -19.096 -19.205
1.88354e+01 -18.431 -19.086 -19.429 -19.459 -19.388 -18.952 -19.086 -19.194
1.91515e+01 -18.376 -19.068 -19.453 -19.474 -19.388 -18.946 -19.071 -19.176
1.94676e+01 -18.317 -19.044 -19.445 -19.471 -19.383 -18.940 -19.086 -19.187
1.97837e+01 -18.254 -19.021 -19.455 -19.466 -19.382 -18.923 -19.069 -19.175
2.00998e+01 -18.221 -18.998 -19.455 -19.472 -19.391 -18.897 -19.113 -19.211
2.04159e+01 -18.158 -18.967 -19.459 -19.473 -19.397 -18.881 -19.090 -19.179
2.07320e+01 -18.116 -18.933 -19.462 -19.471 -19.389 -18.885 -19.066 -19.203
2.10481e+01 -18.064 -18.902 -19.462 -19.468 -19.389 -18.851 -19.054 -19.202
2.13642e+01 -18.028 -18.870 -19.462 -19.467 -19.392 -18.848 -19.061 -19.194
2.16803e+01 -17.987 -18.834 -19.463 -19.461 -19.404 -18.820 -19.058 -19.196
2.19964e+01 -17.910 -18.792 -19.458 -19.459 -19.399 -18.809 -19.073 -19.206
2.23125e+01 -17.871 -18.755 -19.457 -19.451 -19.394 -18.786 -19.082 -19.124
2.26286e+01 -17.805 -18.711 -19.455 -19.444 -19.392 -18.773 -19.039 -19.167
2.29447e+01 -17.755 -18.669 -19.447 -19.434 -19.389 -18.750 -19.059 -19.180
2.32608e+01 -17.701 -18.624 -19.439 -19.430 -19.379 -18.730 -19.059 -19.131
2.35769e+01 -17.628 -18.575 -19.435 -19.420 -19.387 -18.717 -19.063 -19.154
2.38930e+01 -17.573 -18.538 -19.426 -19.413 -19.380 -18.706 -19.048 -19.160
2.42091e+01 -17.526 -18.490 -19.413 -19.397 -19.374 -18.677 -19.074 -19.154
2.45252e+01 -17.468 -18.442 -19.408 -19.391 -19.377 -18.646 -19.084 -19.159
2.48412e+01 -17.393 -18.395 -19.392 -19.376 -19.377 -18.626 -19.066 -19.125
2.51573e+01 -17.328 -18.345 -19.382 -19.363 -19.366 -18.612 -19.090 -19.167
2.54734e+01 -17.238 -18.293 -19.365 -19.345 -19.355 -18.582 -19.145 -19.222
2.57895e+01 -17.185 -18.238 -19.346 -19.330 -19.349 -18.554 -19.124 -19.176
2.61056e+01 -17.106 -18.185 -19.327 -19.317 -19.344 -18.534 -19.140 -19.199
2.64217e+01 -17.043 -18.136 -19.308 -19.300 -19.339 -18.521 -19.166 -19.170
2.67378e+01 -16.964 -18.082 -19.288 -19.291 -19.317 -18.488 -19.199 -19.198
2.70539e+01 -16.882 -18.024 -19.263 -19.274 -19.319 -18.446 -19.206 -19.243
2.73700e+01 -16.796 -17.963 -19.247 -19.264 -19.317 -18.450 -19.220 -19.237
2.76861e+01 -16.715 -17.916 -19.217 -19.254 -19.307 -18.429 -19.262 -19.285
2.80022e+01 -16.641 -17.865 -19.191 -19.234 -19.294 -18.396 -19.290 -19.267
2.83183e+01 -16.548 -17.798 -19.168 -19.223 -19.302 -18.410 -19.313 -19.268
2.86344e+01 -16.469 -17.747 -19.136 -19.208 -19.283 -18.399 -19.347 -19.294
2.89505e+01 -16.382 -17.683 -19.104 -19.198 -19.277 -18.397 -19.352 -19.308
2.92666e+01 -16.326 -17.629 -19.069 -19.181 -19.279 -18.386 -19.382 -19.339
2.95827e+01 -16.200 -17.563 -19.038 -19.174 -19.277 -18.394 -19.412 -19.396
2.98988e+01 -16.145 -17.498 -19.005 -19.160 -19.271 -18.414 -19.434 -19.387
3.02149e+01 -16.064 -17.447 -18.968 -19.144 -19.265 -18.399 -19.448 -19.400
3.05310e+01 -15.965 -17.375 -18.934 -19.134 -19.267 -18.405 -19.488 -19.423
3.08471e+01 -15.892 -17.310 -18.893 -19.120 -19.255 -18.434 -19.501 -19.430
3.11632e+01 -15.793 -17.244 -18.861 -19.113 -19.257 -18.457 -19.518 -19.471
3.14793e+01 -15.715 -17.175 -18.822 -19.099 -19.251 -18.476 -19.548 -19.459
3.17954e+01 -15.630 -17.111 -18.783 -19.081 -19.249 -18.479 -19.544 -19.482
3.21115e+01 -15.523 -17.055 -18.744 -19.074 -19.244 -18.499 -19.558 -19.517
3.24276e+01 -15.442 -16.985 -18.706 -19.056 -19.240 -18.523 -19.570 -19.509
3.27436e+01 -15.371 -16.927 -18.670 -19.043 -19.245 -18.537 -19.585 -19.535
3.30597e+01 -15.275 -16.870 -18.632 -19.024 -19.232 -18.554 -19.578 -19.546
3.33758e+01 -15.179 -16.801 -18.594 -19.008 -19.228 -18.578 -19.588 -19.529
3.36919e+01 -15.101 -16.741 -18.555 -18.994 -19.220 -18.597 -19.594 -19.545
3.40080e+01 -15.026 -16.688 -18.522 -18.972 -19.209 -18.609 -19.596 -19.550
3.43241e+01 -14.946 -16.633 -18.490 -18.955 -19.201 -18.647 -19.589 -19.533
3.46402e+01 -14.853 -16.587 -18.454 -18.931 -19.193 -18.660 -19.591 -19.553
3.49563e+01 -14.790 -16.532 -18.422 -18.915 -19.182 -18.678 -19.584 -19.541
3.52724e+01 -14.693 -16.488 -18.386 -18.894 -19.171 -18.703 -19.581 -19.547
3.55885e+01 -14.622 -16.447 -18.350 -18.872 -19.157 -18.725 -19.584 -19.541
3.59046e+01 -14.568 -16.410 -18.321 -18.852 -19.144 -18.735 -19.564 -19.552
3.62207e+01 -14.473 -16.361 -18.283 -18.830 -19.133 -18.737 -19.564 -19.544
3.65368e+01 -14.411 -16.312 -18.255 -18.809 -19.118 -18.770 -19.551 -19.528
3.68529e+01 -14.395 -16.283 -18.235 -18.789 -19.107 -18.768 -19.538 -19.518
3.71690e+01 -14.290 -16.251 -18.199 -18.766 -19.086 -18.766 -19.539 -19.502
3.74851e+01 -14.264 -16.221 -18.171 -18.744 -19.077 -18.751 -19.534 -19.489
3.78012e+01 -14.156 -16.185 -18.140 -18.720 -19.060 -18.780 -19.499 -19.471
3.81173e+01 -14.111 -16.146 -18.116 -18.698 -19.050 -18.784 -19.501 -19.476
3.84334e+01 -14.015 -16.118 -18.092 -18.680 -19.035 -18.787 -19.483 -19.450
3.87495e+01 -13.963 -16.090 -18.058 -18.658 -19.014 -18.794 -19.473 -19.480
3.90656e+01 -13.882 -16.058 -18.040 -18.631 -18.997 -18.787 -19.464 -19.441
3.93817e+01 -13.845 -16.043 -18.013 -18.608 -18.984 -18.788 -19.442 -19.453
3.96978e+01 -13.724 -16.005 -17.977 -18.586 -18.966 -18.782 -19.438 -19.399
4.00139e+01 -13.755 -15.982 -17.962 -18.566 -18.949 -18.777 -19.399 -19.380
4.03300e+01 -13.662 -15.956 -17.937 -18.542 -18.933 -18.771 -19.398 -19.366
4.06460e+01 -13.629 -15.927 -17.915 -18.528 -18.923 -18.770 -19.382 -19.365
4.09621e+01 -13.528 -15.899 -17.898 -18.504 -18.901 -18.754 -19.371 -19.343
4.12782e+01 -13.505 -15.874 -17.865 -18.476 -18.889 -18.746 -19.339 -19.326
4.15943e+01 -13.441 -15.855 -17.846 -18.456 -18.877 -18.742 -19.324 -19.281
4.19104e+01 -13.330 -15.813 -17.822 -18.433 -18.855 -18.722 -19.310 -19.286
4.22265e+01 -13.313 -15.794 -17.794 -18.414 -18.839 -18.701 -19.289 -19.240
4.25426e+01 -13.169 -15.769 -17.774 -18.390 -18.820 -18.684 -19.264 -19.213
4.28587e+01 -13.248 -15.747 -17.754 -18.371 -18.810 -18.677 -19.266 -19.222
4.31748e+01 -13.177 -15.727 -17.734 -18.349 -18.796 -18.657 -19.228 -19.194
4.34909e+01 -13.092 -15.699 -17.714 -18.332 -18.775 -18.639 -19.215 -19.178
4.38070e+01 -13.020 -15.676 -17.692 -18.315 -18.758 -18.629 -19.190 -19.132
4.41231e+01 -12.992 -15.648 -17.671 -18.297 -18.746 -18.594 -19.187 -19.110
4.44392e+01 -12.972 -15.633 -17.648 -18.274 -18.731 -18.586 -19.146 -19.094
4.47553e+01 -12.884 -15.610 -17.628 -18.253 -18.718 -18.571 -19.129 -19.052
4.50714e+01 -12.890 -15.581 -17.607 -18.231 -18.705 -18.559 -19.120 -19.032
4.53875e+01 -12.822 -15.556 -17.591 -18.214 -18.692 -18.526 -19.085 -19.001
4.57036e+01 -12.771 -15.539 -17.570 -18.199 -18.676 -18.513 -19.068 -18.976
4.60197e+01 -12.744 -15.526 -17.556 -18.181 -18.667 -18.486 -19.051 -18.950
4.63358e+01 -12.688 -15.509 -17.534 -18.167 -18.659 -18.472 -19.027 -18.895
4.66519e+01 -12.618 -15.464 -17.511 -18.145 -18.648 -18.441 -19.007 -18.884
4.69680e+01 -12.582 -15.441 -17.484 -18.128 -18.639 -18.422 -18.987 -18.867
4.72841e+01 -12.555 -15.431 -17.459 -18.105 -18.620 -18.415 -18.959 -18.833
4.76002e+01 -12.515 -15.406 -17.449 -18.093 -18.609 -18.389 -18.938 -18.790
4.79163e+01 -12.496 -15.385 -17.439 -18.078 -18.599 -18.364 -18.905 -18.777
4.82324e+01 -12.413 -15.355 -17.414 -18.067 -18.588 -18.349 -18.894 -18.730
4.85484e+01 -12.460 -15.341 -17.395 -18.039 -18.580 -18.330 -18.877 -18.720
4.88645e+01 -12.357 -15.321 -17.386 -18.030 -18.563 -18.303 -18.840 -18.677
4.91806e+01 -12.299 -15.301 -17.367 -18.015 -18.550 -18.287 -18.812 -18.644
4.94967e+01 -12.278 -15.274 -17.348 -18.002 -18.547 -18.266 -18.792 -18.614
4.98128e+01 -12.248 -15.251 -17.332 -17.989 -18.536 -18.246 -18.771 -18.595
5.01289e+01 -12.247 -15.242 -17.312 -17.970 -18.524 -18.220 -18.750 -18.566
5.04450e+01 -12.137 -15.219 -17.300 -17.960 -18.519 -18.213 -18.716 -18.522
5.07611e+01 -12.171 -15.207 -17.287 -17.938 -18.508 -18.187 -18.695 -18.513
5.10772e+01 -12.118 -15.180 -17.266 -17.932 -18.500 -18.173 -18.666 -18.483
5.13933e+01 -12.145 -15.160 -17.244 -17.914 -18.480 -18.163 -18.646 -18.439
5.17094e+01 -12.073 -15.134 -17.236 -17.903 -18.480 -18.145 -18.616 -18.403
5.20255e+01 -12.072 -15.120 -17.216 -17.892 -18.469 -18.136 -18.599 -18.396
5.23416e+01 -12.062 -15.101 -17.200 -17.874 -18.457 -18.115 -18.558 -18.344
5.26577e+01 -11.980 -15.066 -17.195 -17.858 -18.445 -18.098 -18.552 -18.324
5.29738e+01 -11.920 -15.054 -17.178 -17.849 -18.447 -18.073 -18.512 -18.297
5.32899e+01 -11.959 -15.032 -17.161 -17.838 -18.432 -18.080 -18.486 -18.270
5.36060e+01 -11.923 -15.011 -17.146 -17.825 -18.421 -18.055 -18.466 -18.271
5.39221e+01 -11.857 -14.995 -17.137 -17.817 -18.418 -18.054 -18.436 -18.180
5.42382e+01 -11.827 -14.971 -17.118 -17.803 -18.410 -18.040 -18.431 -18.182
5.45543e+01 -11.796 -14.936 -17.103 -17.787 -18.399 -18.029 -18.393 -18.149
5.48704e+01 -11.725 -14.930 -17.094 -17.775 -18.392 -18.026 -18.367 -18.106
5.51865e+01 -11.746 -14.902 -17.075 -17.765 -18.385 -18.004 -18.350 -18.112
5.55026e+01 -11.730 -14.889 -17.060 -17.756 -18.372 -18.000 -18.310 -18.073
5.58187e+01 -11.645 -14.845 -17.047 -17.739 -18.364 -17.978 -18.294 -18.050
5.61348e+01 -11.601 -14.820 -17.041 -17.737 -18.359 -17.974 -18.244 -18.039
5.64508e+01 -11.638 -14.822 -17.020 -17.723 -18.348 -17.956 -18.240 -18.001
5.67669e+01 -11.555 -14.789 -17.008 -17.714 -18.345 -17.959 -18.206 -17.973
5.70830e+01 -11.609 -14.763 -16.990 -17.695 -18.335 -17.947 -18.191 -17.930
5.73991e+01 -11.607 -14.754 -16.981 -17.691 -18.326 -17.938 -18.167 -17.910
5.77152e+01 -11.526 -14.730 -16.958 -17.673 -18.317 -17.925 -18.144 -17.904
5.80313e+01 -11.519 -14.688 -16.948 -17.667 -18.307 -17.912 -18.114 -17.861
5.83474e+01 -11.572 -14.673 -16.933 -17.657 -18.306 -17.915 -18.085 -17.842
5.86635e+01 -11.468 -14.651 -16.924 -17.646 -18.293 -17.902 -18.084 -17.819
5.89796e+01 -11.441 -14.634 -16.911 -17.634 -18.286 -17.888 -18.044 -17.786
5.92957e+01 -11.418 -14.591 -16.898 -17.621 -18.278 -17.883 -18.008 -17.743
5.96118e+01 -11.356 -14.574 -16.878 -17.615 -18.269 -17.873 -18.005 -17.772
5.99279e+01 -11.377 -14.536 -16.863 -17.602 -18.261 -17.872 -17.974 -17.738
6.02440e+01 -11.345 -14.528 -16.849 -17.591 -18.258 -17.857 -17.948 -17.701
6.05601e+01 -11.334 -14.500 -16.838 -17.580 -18.245 -17.854 -17.903 -17.676
6.08762e+01 -11.316 -14.446 -16.823 -17.573 -18.240 -17.839 -17.897 -17.675
