#NTIMES: 50
#NVEL: 78
#TIMES[d]: 199.16 202.03 204.93 207.87 210.86 213.89 216.97 220.09 223.25 226.46 229.71 233.01 236.36 239.76 243.21 246.70 250.25 253.85 257.50 261.20 264.95 268.76 272.62 276.54 280.51 284.55 288.64 292.79 296.99 301.26 305.59 309.99 314.44 318.96 323.55 328.19 332.91 337.70 342.55 347.48 352.47 357.54 362.68 367.89 373.18 378.54 383.98 389.50 395.10 400.78
#vel_mid[km/s] Tgas_t0[K] Tgas_t1[K] ... Tgas_tn[K]
440.10 4.424e+03 4.384e+03 4.350e+03 4.327e+03 4.292e+03 4.256e+03 4.214e+03 4.172e+03 4.130e+03 4.086e+03 4.041e+03 3.996e+03 3.955e+03 3.911e+03 3.865e+03 3.819e+03 3.774e+03 6.764e+03 4.484e+03 4.217e+03 4.023e+03 3.824e+03 3.709e+03 3.576e+03 5.387e+03 4.271e+03 3.973e+03 3.747e+03 3.576e+03 5.915e+03 3.938e+03 3.669e+03 3.389e+03 4.938e+03 3.713e+03 3.451e+03 3.861e+03 3.405e+03 3.870e+03 3.498e+03 3.111e+03 3.077e+03 3.014e+03 2.917e+03 2.746e+03 2.643e+03 2.624e+03 2.478e+03 2.293e+03 2.053e+03
886.22 4.381e+03 4.353e+03 4.333e+03 4.290e+03 4.241e+03 4.221e+03 4.182e+03 4.144e+03 4.107e+03 4.049e+03 3.993e+03 3.959e+03 3.929e+03 3.884e+03 3.833e+03 7.447e+03 4.656e+03 4.253e+03 4.064e+03 3.891e+03 7.619e+03 4.373e+03 4.021e+03 3.900e+03 3.686e+03 7.788e+03 4.155e+03 3.781e+03 3.655e+03 3.481e+03 4.877e+03 3.912e+03 3.395e+03 3.377e+03 3.258e+03 3.053e+03 4.477e+03 3.442e+03 3.053e+03 2.452e+03 2.411e+03 2.333e+03 2.822e+03 2.292e+03 2.281e+03 1.841e+03 1.657e+03 1.706e+03 1.538e+03 1.447e+03
906.14 4.402e+03 4.374e+03 4.334e+03 4.281e+03 4.246e+03 4.200e+03 4.167e+03 4.130e+03 4.095e+03 4.069e+03 4.053e+03 4.018e+03 3.971e+03 3.921e+03 3.869e+03 3.820e+03 3.773e+03 8.240e+03 4.493e+03 4.229e+03 3.962e+03 3.860e+03 3.765e+03 3.626e+03 6.286e+03 4.152e+03 3.878e+03 3.442e+03 4.283e+03 3.654e+03 3.388e+03 3.710e+03 3.392e+03 2.901e+03 2.832e+03 2.884e+03 3.006e+03 3.061e+03 2.974e+03 3.031e+03 2.930e+03 2.949e+03 2.662e+03 2.516e+03 2.528e+03 4.536e+03 2.495e+03 2.298e+03 2.034e+03 2.045e+03
944.43 4.393e+03 4.363e+03 4.331e+03 4.297e+03 4.264e+03 4.238e+03 4.204e+03 4.166e+03 4.133e+03 4.095e+03 4.053e+03 4.008e+03 3.965e+03 3.919e+03 3.864e+03 3.815e+03 3.772e+03 6.719e+03 4.649e+03 4.230e+03 4.028e+03 3.825e+03 3.740e+03 7.153e+03 4.282e+03 3.883e+03 3.698e+03 3.510e+03 6.718e+03 3.940e+03 3.571e+03 3.382e+03 3.178e+03 3.939e+03 3.381e+03 3.189e+03 3.011e+03 2.939e+03 2.846e+03 2.913e+03 2.901e+03 2.934e+03 3.124e+03 2.989e+03 2.160e+03 2.145e+03 2.116e+03 1.661e+03 2.328e+03 1.900e+03
999.11 4.417e+03 4.374e+03 4.339e+03 4.305e+03 4.273e+03 4.234e+03 4.191e+03 4.159e+03 4.113e+03 4.078e+03 4.036e+03 3.995e+03 3.955e+03 3.906e+03 3.872e+03 3.829e+03 7.756e+03 4.638e+03 4.334e+03 4.115e+03 3.904e+03 3.785e+03 3.650e+03 5.835e+03 4.215e+03 3.932e+03 3.666e+03 3.521e+03 4.932e+03 4.010e+03 3.739e+03 3.442e+03 3.282e+03 3.817e+03 3.542e+03 3.325e+03 3.096e+03 3.244e+03 3.349e+03 3.507e+03 4.062e+03 3.293e+03 3.400e+03 3.334e+03 3.018e+03 2.506e+03 2.389e+03 2.320e+03 1.951e+03 1.901e+03
1060.83 4.424e+03 4.388e+03 4.350e+03 4.319e+03 4.283e+03 4.245e+03 4.202e+03 4.163e+03 4.125e+03 4.084e+03 4.044e+03 4.010e+03 3.967e+03 3.922e+03 3.874e+03 3.829e+03 3.787e+03 7.862e+03 4.620e+03 4.312e+03 4.011e+03 3.863e+03 3.744e+03 3.621e+03 6.680e+03 4.250e+03 3.964e+03 3.743e+03 3.569e+03 4.607e+03 4.157e+03 3.726e+03 3.423e+03 3.429e+03 4.971e+03 3.493e+03 3.257e+03 3.237e+03 3.497e+03 3.232e+03 3.127e+03 2.964e+03 4.089e+03 3.131e+03 2.977e+03 2.786e+03 2.483e+03 2.474e+03 2.469e+03 1.626e+03
1125.62 4.427e+03 4.395e+03 4.371e+03 4.335e+03 4.293e+03 4.257e+03 4.214e+03 4.175e+03 4.137e+03 4.096e+03 4.059e+03 4.017e+03 3.971e+03 3.931e+03 3.886e+03 3.840e+03 3.797e+03 3.748e+03 8.000e+03 4.604e+03 4.288e+03 4.137e+03 3.882e+03 3.741e+03 3.591e+03 6.102e+03 4.116e+03 3.846e+03 3.579e+03 5.220e+03 3.914e+03 3.651e+03 3.453e+03 3.856e+03 3.575e+03 3.353e+03 4.237e+03 3.493e+03 3.141e+03 3.163e+03 2.969e+03 2.841e+03 2.946e+03 2.702e+03 2.763e+03 2.508e+03 2.720e+03 2.529e+03 2.322e+03 2.245e+03
1194.38 4.435e+03 4.400e+03 4.353e+03 4.317e+03 4.277e+03 4.237e+03 4.186e+03 4.164e+03 4.119e+03 4.080e+03 4.041e+03 3.999e+03 3.962e+03 3.924e+03 3.882e+03 3.838e+03 3.792e+03 3.745e+03 6.334e+03 4.547e+03 4.257e+03 4.044e+03 3.831e+03 3.711e+03 3.580e+03 5.527e+03 4.146e+03 3.874e+03 3.602e+03 5.284e+03 3.927e+03 3.654e+03 3.446e+03 3.511e+03 3.244e+03 3.050e+03 3.110e+03 4.268e+03 3.476e+03 3.766e+03 3.407e+03 3.402e+03 3.356e+03 3.471e+03 2.198e+03 2.208e+03 2.249e+03 2.130e+03 2.038e+03 1.870e+03
1267.34 4.442e+03 4.408e+03 4.367e+03 4.326e+03 4.285e+03 4.245e+03 4.209e+03 4.181e+03 4.144e+03 4.106e+03 4.064e+03 4.020e+03 3.973e+03 3.928e+03 3.883e+03 3.837e+03 7.899e+03 4.665e+03 4.264e+03 4.076e+03 3.920e+03 3.767e+03 3.674e+03 5.686e+03 4.250e+03 3.890e+03 3.712e+03 3.567e+03 4.762e+03 4.089e+03 3.799e+03 3.500e+03 4.003e+03 3.477e+03 3.348e+03 3.468e+03 3.816e+03 3.491e+03 3.239e+03 3.055e+03 3.142e+03 2.821e+03 2.776e+03 2.749e+03 2.593e+03 2.495e+03 2.508e+03 2.467e+03 2.278e+03 2.048e+03
1344.75 4.421e+03 4.388e+03 4.355e+03 4.328e+03 4.290e+03 4.248e+03 4.206e+03 4.166e+03 4.130e+03 4.089e+03 4.047e+03 4.013e+03 3.974e+03 3.932e+03 3.888e+03 3.842e+03 7.876e+03 4.651e+03 4.346e+03 4.129e+03 3.966e+03 3.837e+03 3.699e+03 6.842e+03 4.272e+03 3.984e+03 3.775e+03 3.564e+03 5.953e+03 4.012e+03 3.746e+03 3.469e+03 3.970e+03 3.678e+03 3.449e+03 3.961e+03 3.615e+03 3.256e+03 3.410e+03 3.420e+03 2.968e+03 2.899e+03 2.823e+03 2.876e+03 2.974e+03 3.203e+03 3.062e+03 2.811e+03 2.592e+03 2.307e+03
1426.89 4.396e+03 4.360e+03 4.321e+03 4.287e+03 4.248e+03 4.214e+03 4.179e+03 4.141e+03 4.102e+03 4.061e+03 4.018e+03 3.973e+03 3.930e+03 3.889e+03 3.845e+03 3.802e+03 7.419e+03 4.596e+03 4.208e+03 4.083e+03 3.929e+03 3.798e+03 3.693e+03 6.511e+03 4.288e+03 4.011e+03 3.738e+03 3.590e+03 4.618e+03 4.027e+03 3.765e+03 3.558e+03 4.454e+03 3.685e+03 3.358e+03 3.437e+03 3.881e+03 3.552e+03 3.205e+03 3.140e+03 3.139e+03 3.014e+03 2.889e+03 2.875e+03 3.004e+03 2.938e+03 2.817e+03 2.649e+03 2.588e+03 2.244e+03
1514.05 4.355e+03 4.319e+03 4.287e+03 4.256e+03 4.220e+03 4.186e+03 4.149e+03 4.113e+03 4.077e+03 4.038e+03 3.995e+03 3.954e+03 3.911e+03 3.866e+03 3.822e+03 7.666e+03 4.684e+03 4.379e+03 4.164e+03 3.946e+03 3.856e+03 3.747e+03 3.649e+03 6.860e+03 4.333e+03 4.042e+03 3.822e+03 3.650e+03 5.662e+03 4.092e+03 3.798e+03 3.573e+03 3.394e+03 5.086e+03 3.784e+03 3.512e+03 3.296e+03 4.051e+03 3.515e+03 3.258e+03 3.284e+03 3.381e+03 3.377e+03 3.252e+03 3.010e+03 2.868e+03 2.588e+03 2.639e+03 2.590e+03 2.323e+03
1606.54 4.352e+03 4.320e+03 4.283e+03 4.247e+03 4.215e+03 4.178e+03 4.143e+03 4.106e+03 4.068e+03 4.028e+03 3.986e+03 3.944e+03 3.903e+03 3.865e+03 3.823e+03 7.897e+03 4.714e+03 4.398e+03 4.172e+03 3.999e+03 3.823e+03 3.718e+03 6.993e+03 4.394e+03 4.095e+03 3.800e+03 3.644e+03 3.473e+03 5.536e+03 4.076e+03 3.794e+03 3.502e+03 3.343e+03 3.572e+03 3.369e+03 4.146e+03 3.751e+03 3.461e+03 3.976e+03 3.456e+03 3.605e+03 3.174e+03 3.127e+03 2.950e+03 2.894e+03 2.653e+03 2.670e+03 2.592e+03 2.543e+03 2.350e+03
1704.67 4.338e+03 4.309e+03 4.272e+03 4.236e+03 4.198e+03 4.160e+03 4.128e+03 4.090e+03 4.054e+03 4.014e+03 3.971e+03 3.928e+03 3.887e+03 3.848e+03 8.359e+03 4.625e+03 4.347e+03 4.144e+03 3.987e+03 3.860e+03 3.727e+03 6.539e+03 4.363e+03 4.088e+03 3.880e+03 3.717e+03 3.539e+03 5.681e+03 4.150e+03 3.857e+03 3.556e+03 4.373e+03 3.959e+03 3.562e+03 3.363e+03 3.658e+03 3.312e+03 3.536e+03 3.196e+03 3.287e+03 3.319e+03 3.249e+03 3.190e+03 3.034e+03 2.854e+03 2.735e+03 2.577e+03 2.530e+03 2.477e+03 2.309e+03
1808.80 4.339e+03 4.307e+03 4.272e+03 4.232e+03 4.191e+03 4.159e+03 4.121e+03 4.082e+03 4.040e+03 4.002e+03 3.961e+03 3.921e+03 3.880e+03 3.838e+03 7.995e+03 4.760e+03 4.438e+03 4.208e+03 4.033e+03 3.894e+03 3.750e+03 3.660e+03 6.549e+03 4.321e+03 4.041e+03 3.829e+03 3.607e+03 5.536e+03 4.096e+03 3.816e+03 3.602e+03 3.428e+03 5.045e+03 3.812e+03 3.453e+03 4.218e+03 3.646e+03 3.286e+03 3.184e+03 3.203e+03 3.417e+03 3.638e+03 3.171e+03 3.113e+03 3.010e+03 2.941e+03 2.922e+03 2.675e+03 2.580e+03 2.384e+03
1919.29 4.325e+03 4.291e+03 4.254e+03 4.216e+03 4.181e+03 4.144e+03 4.107e+03 4.072e+03 4.036e+03 4.000e+03 3.960e+03 3.917e+03 3.875e+03 3.833e+03 8.424e+03 4.645e+03 4.363e+03 4.156e+03 3.993e+03 3.826e+03 3.727e+03 6.856e+03 4.394e+03 4.100e+03 3.880e+03 3.708e+03 3.568e+03 6.156e+03 4.084e+03 3.806e+03 3.594e+03 5.145e+03 3.871e+03 3.602e+03 3.388e+03 4.633e+03 3.710e+03 3.429e+03 3.656e+03 3.360e+03 3.637e+03 3.313e+03 3.210e+03 3.225e+03 3.222e+03 3.203e+03 3.120e+03 2.809e+03 2.521e+03 2.443e+03
2036.53 4.332e+03 4.297e+03 4.264e+03 4.228e+03 4.188e+03 4.147e+03 4.109e+03 4.072e+03 4.038e+03 4.000e+03 3.960e+03 3.920e+03 3.877e+03 3.835e+03 8.110e+03 4.775e+03 4.449e+03 4.215e+03 4.038e+03 3.858e+03 3.753e+03 7.514e+03 4.327e+03 4.055e+03 3.784e+03 3.639e+03 6.360e+03 4.143e+03 3.859e+03 3.572e+03 5.498e+03 3.985e+03 3.694e+03 3.470e+03 4.579e+03 3.703e+03 3.433e+03 3.917e+03 3.428e+03 3.895e+03 3.376e+03 3.468e+03 3.062e+03 3.145e+03 3.081e+03 3.163e+03 3.067e+03 2.970e+03 2.918e+03 2.939e+03
2160.92 4.370e+03 4.332e+03 4.300e+03 4.261e+03 4.224e+03 4.188e+03 4.148e+03 4.111e+03 4.077e+03 4.038e+03 3.995e+03 3.956e+03 3.916e+03 3.875e+03 3.833e+03 8.318e+03 4.612e+03 4.333e+03 4.128e+03 3.926e+03 3.811e+03 3.684e+03 7.485e+03 4.287e+03 4.018e+03 3.815e+03 3.607e+03 6.536e+03 4.156e+03 3.860e+03 3.562e+03 5.714e+03 3.858e+03 3.592e+03 3.386e+03 5.935e+03 3.612e+03 3.357e+03 4.276e+03 3.474e+03 3.857e+03 3.334e+03 3.581e+03 3.243e+03 3.749e+03 3.051e+03 3.110e+03 3.224e+03 3.184e+03 3.104e+03
2292.92 4.456e+03 4.417e+03 4.382e+03 4.342e+03 4.306e+03 4.266e+03 4.229e+03 4.189e+03 4.156e+03 4.117e+03 4.079e+03 4.037e+03 3.996e+03 3.956e+03 3.919e+03 3.876e+03 3.834e+03 8.383e+03 4.564e+03 4.286e+03 4.086e+03 3.888e+03 3.775e+03 7.614e+03 4.282e+03 4.014e+03 3.813e+03 3.655e+03 7.321e+03 4.075e+03 3.802e+03 3.529e+03 6.941e+03 3.866e+03 3.595e+03 5.893e+03 3.628e+03 3.380e+03 4.412e+03 3.550e+03 3.283e+03 4.425e+03 3.327e+03 4.112e+03 3.148e+03 3.513e+03 2.924e+03 3.291e+03 3.408e+03 3.617e+03
2432.98 4.585e+03 4.546e+03 4.513e+03 4.475e+03 4.440e+03 4.400e+03 4.366e+03 4.324e+03 4.284e+03 4.251e+03 4.212e+03 4.176e+03 4.142e+03 4.100e+03 4.062e+03 4.020e+03 3.977e+03 3.938e+03 3.893e+03 3.850e+03 8.615e+03 4.523e+03 4.245e+03 4.046e+03 3.858e+03 3.749e+03 7.571e+03 4.226e+03 3.964e+03 3.770e+03 3.574e+03 6.900e+03 3.981e+03 3.722e+03 3.525e+03 6.899e+03 3.816e+03 3.546e+03 6.405e+03 3.628e+03 3.363e+03 5.450e+03 3.384e+03 4.943e+03 3.337e+03 4.763e+03 3.084e+03 4.130e+03 2.958e+03 3.661e+03
2581.60 4.735e+03 4.699e+03 4.671e+03 4.634e+03 4.604e+03 4.565e+03 4.534e+03 4.495e+03 4.457e+03 4.433e+03 4.397e+03 4.364e+03 4.324e+03 4.288e+03 4.248e+03 4.213e+03 4.171e+03 4.133e+03 4.092e+03 4.053e+03 4.012e+03 3.971e+03 3.927e+03 3.883e+03 3.839e+03 3.791e+03 8.070e+03 4.355e+03 4.100e+03 3.917e+03 3.775e+03 3.635e+03 7.873e+03 4.119e+03 3.851e+03 3.653e+03 7.030e+03 3.887e+03 3.630e+03 6.424e+03 3.722e+03 3.470e+03 6.178e+03 3.562e+03 5.326e+03 3.487e+03 4.865e+03 3.309e+03 4.855e+03 3.095e+03
2739.29 4.915e+03 4.880e+03 4.847e+03 4.815e+03 4.784e+03 4.765e+03 4.730e+03 4.694e+03 4.672e+03 4.636e+03 4.599e+03 4.572e+03 4.535e+03 4.499e+03 4.464e+03 4.441e+03 4.403e+03 4.363e+03 4.326e+03 4.295e+03 4.253e+03 4.215e+03 4.170e+03 4.130e+03 4.087e+03 4.052e+03 4.010e+03 3.966e+03 3.919e+03 3.870e+03 3.822e+03 3.777e+03 3.730e+03 7.325e+03 4.321e+03 4.037e+03 3.839e+03 3.655e+03 7.319e+03 3.987e+03 3.735e+03 3.499e+03 6.711e+03 3.781e+03 3.528e+03 6.128e+03 3.576e+03 5.431e+03 3.527e+03 5.847e+03
2906.62 5.112e+03 5.084e+03 5.055e+03 5.028e+03 5.001e+03 4.975e+03 4.945e+03 4.917e+03 4.891e+03 4.864e+03 4.834e+03 4.803e+03 4.774e+03 4.745e+03 4.715e+03 4.684e+03 4.665e+03 4.628e+03 4.590e+03 4.555e+03 4.524e+03 4.491e+03 4.470e+03 4.431e+03 4.396e+03 4.351e+03 4.307e+03 4.266e+03 4.235e+03 4.194e+03 4.151e+03 4.117e+03 4.071e+03 4.025e+03 3.973e+03 3.924e+03 3.872e+03 3.819e+03 3.767e+03 3.714e+03 6.981e+03 4.211e+03 3.943e+03 3.754e+03 3.580e+03 6.801e+03 3.987e+03 3.704e+03 3.496e+03 5.946e+03
3084.17 5.362e+03 5.340e+03 5.318e+03 5.296e+03 5.268e+03 5.243e+03 5.216e+03 5.188e+03 5.162e+03 5.138e+03 5.113e+03 5.085e+03 5.059e+03 5.032e+03 5.005e+03 4.978e+03 4.951e+03 4.923e+03 4.895e+03 4.867e+03 4.840e+03 4.812e+03 4.781e+03 4.748e+03 4.718e+03 4.688e+03 4.654e+03 4.620e+03 4.583e+03 4.547e+03 4.512e+03 4.473e+03 4.434e+03 4.396e+03 4.358e+03 4.318e+03 4.284e+03 4.235e+03 4.185e+03 4.145e+03 4.094e+03 4.045e+03 3.991e+03 3.933e+03 3.880e+03 3.826e+03 3.762e+03 3.701e+03 3.632e+03 6.047e+03
3272.56 5.644e+03 5.623e+03 5.603e+03 5.575e+03 5.550e+03 5.526e+03 5.500e+03 5.475e+03 5.449e+03 5.425e+03 5.399e+03 5.369e+03 5.345e+03 5.325e+03 5.301e+03 5.279e+03 5.251e+03 5.224e+03 5.197e+03 5.170e+03 5.143e+03 5.118e+03 5.089e+03 5.058e+03 5.027e+03 4.999e+03 4.971e+03 4.941e+03 4.917e+03 4.887e+03 4.852e+03 4.820e+03 4.786e+03 4.749e+03 4.710e+03 4.674e+03 4.637e+03 4.598e+03 4.557e+03 4.512e+03 4.468e+03 4.428e+03 4.386e+03 4.341e+03 4.297e+03 4.249e+03 4.197e+03 4.143e+03 4.091e+03 4.035e+03
3472.46 5.897e+03 5.873e+03 5.850e+03 5.828e+03 5.806e+03 5.783e+03 5.758e+03 5.732e+03 5.710e+03 5.685e+03 5.662e+03 5.636e+03 5.611e+03 5.583e+03 5.557e+03 5.533e+03 5.506e+03 5.478e+03 5.455e+03 5.431e+03 5.401e+03 5.376e+03 5.350e+03 5.320e+03 5.291e+03 5.263e+03 5.236e+03 5.210e+03 5.183e+03 5.153e+03 5.121e+03 5.088e+03 5.057e+03 5.024e+03 4.989e+03 4.950e+03 4.911e+03 4.874e+03 4.836e+03 4.800e+03 4.763e+03 4.726e+03 4.680e+03 4.629e+03 4.578e+03 4.532e+03 4.488e+03 4.442e+03 4.391e+03 4.329e+03
3684.57 6.147e+03 6.119e+03 6.090e+03 6.063e+03 6.039e+03 6.013e+03 5.985e+03 5.958e+03 5.931e+03 5.906e+03 5.878e+03 5.851e+03 5.827e+03 5.801e+03 5.773e+03 5.747e+03 5.720e+03 5.692e+03 5.666e+03 5.638e+03 5.612e+03 5.583e+03 5.555e+03 5.525e+03 5.499e+03 5.470e+03 5.437e+03 5.407e+03 5.380e+03 5.349e+03 5.316e+03 5.284e+03 5.255e+03 5.225e+03 5.193e+03 5.160e+03 5.122e+03 5.080e+03 5.037e+03 4.995e+03 4.951e+03 4.905e+03 4.860e+03 4.818e+03 4.772e+03 4.726e+03 4.678e+03 4.623e+03 4.571e+03 4.516e+03
3909.64 6.343e+03 6.310e+03 6.279e+03 6.249e+03 6.223e+03 6.193e+03 6.161e+03 6.134e+03 6.109e+03 6.080e+03 6.051e+03 6.020e+03 5.988e+03 5.960e+03 5.929e+03 5.898e+03 5.864e+03 5.832e+03 5.801e+03 5.771e+03 5.738e+03 5.706e+03 5.677e+03 5.643e+03 5.607e+03 5.574e+03 5.546e+03 5.510e+03 5.474e+03 5.440e+03 5.405e+03 5.369e+03 5.335e+03 5.301e+03 5.264e+03 5.223e+03 5.186e+03 5.153e+03 5.111e+03 5.074e+03 5.032e+03 4.984e+03 4.950e+03 4.914e+03 4.870e+03 4.822e+03 4.769e+03 4.719e+03 4.670e+03 4.621e+03
4148.46 6.317e+03 6.285e+03 6.254e+03 6.222e+03 6.190e+03 6.157e+03 6.123e+03 6.091e+03 6.059e+03 6.027e+03 5.995e+03 5.959e+03 5.924e+03 5.886e+03 5.849e+03 5.817e+03 5.784e+03 5.748e+03 5.711e+03 5.675e+03 5.641e+03 5.611e+03 5.580e+03 5.542e+03 5.502e+03 5.463e+03 5.429e+03 5.393e+03 5.353e+03 5.314e+03 5.274e+03 5.235e+03 5.193e+03 5.157e+03 5.124e+03 5.089e+03 5.046e+03 5.004e+03 4.975e+03 4.939e+03 4.896e+03 4.855e+03 4.813e+03 4.765e+03 4.719e+03 4.677e+03 4.636e+03 4.590e+03 4.546e+03 4.491e+03
4401.86 6.181e+03 6.146e+03 6.109e+03 6.073e+03 6.040e+03 6.006e+03 5.969e+03 5.935e+03 5.901e+03 5.868e+03 5.832e+03 5.795e+03 5.758e+03 5.723e+03 5.689e+03 5.656e+03 5.620e+03 5.586e+03 5.551e+03 5.518e+03 5.481e+03 5.446e+03 5.411e+03 5.373e+03 5.333e+03 5.296e+03 5.259e+03 5.227e+03 5.191e+03 5.148e+03 5.107e+03 5.071e+03 5.033e+03 4.993e+03 4.956e+03 4.915e+03 4.879e+03 4.843e+03 4.807e+03 4.767e+03 4.726e+03 4.675e+03 4.630e+03 4.589e+03 4.545e+03 4.495e+03 4.445e+03 4.406e+03 4.369e+03 4.317e+03
4670.75 6.194e+03 6.162e+03 6.129e+03 6.097e+03 6.061e+03 6.026e+03 5.994e+03 5.960e+03 5.924e+03 5.889e+03 5.856e+03 5.819e+03 5.785e+03 5.752e+03 5.718e+03 5.685e+03 5.650e+03 5.614e+03 5.578e+03 5.542e+03 5.510e+03 5.475e+03 5.438e+03 5.402e+03 5.367e+03 5.327e+03 5.289e+03 5.256e+03 5.221e+03 5.183e+03 5.145e+03 5.107e+03 5.074e+03 5.036e+03 4.994e+03 4.949e+03 4.905e+03 4.863e+03 4.828e+03 4.788e+03 4.748e+03 4.709e+03 4.669e+03 4.626e+03 4.586e+03 4.546e+03 4.498e+03 4.447e+03 4.408e+03 4.356e+03
4956.05 6.468e+03 6.436e+03 6.402e+03 6.367e+03 6.335e+03 6.304e+03 6.273e+03 6.244e+03 6.211e+03 6.175e+03 6.138e+03 6.103e+03 6.071e+03 6.042e+03 6.010e+03 5.976e+03 5.946e+03 5.914e+03 5.878e+03 5.842e+03 5.807e+03 5.766e+03 5.726e+03 5.693e+03 5.657e+03 5.619e+03 5.585e+03 5.549e+03 5.517e+03 5.480e+03 5.444e+03 5.404e+03 5.364e+03 5.326e+03 5.283e+03 5.242e+03 5.208e+03 5.174e+03 5.133e+03 5.086e+03 5.040e+03 4.997e+03 4.965e+03 4.930e+03 4.880e+03 4.829e+03 4.786e+03 4.739e+03 4.701e+03 4.661e+03
5258.79 6.878e+03 6.850e+03 6.822e+03 6.790e+03 6.761e+03 6.732e+03 6.697e+03 6.668e+03 6.642e+03 6.611e+03 6.580e+03 6.553e+03 6.525e+03 6.494e+03 6.464e+03 6.430e+03 6.395e+03 6.363e+03 6.332e+03 6.300e+03 6.261e+03 6.222e+03 6.186e+03 6.153e+03 6.122e+03 6.086e+03 6.046e+03 6.009e+03 5.972e+03 5.935e+03 5.897e+03 5.858e+03 5.818e+03 5.780e+03 5.736e+03 5.700e+03 5.663e+03 5.626e+03 5.590e+03 5.547e+03 5.506e+03 5.467e+03 5.424e+03 5.379e+03 5.333e+03 5.280e+03 5.234e+03 5.190e+03 5.145e+03 5.099e+03
5580.02 7.269e+03 7.240e+03 7.213e+03 7.186e+03 7.163e+03 7.141e+03 7.110e+03 7.083e+03 7.052e+03 7.028e+03 7.006e+03 6.979e+03 6.950e+03 6.921e+03 6.892e+03 6.864e+03 6.829e+03 6.793e+03 6.765e+03 6.738e+03 6.709e+03 6.678e+03 6.647e+03 6.618e+03 6.587e+03 6.550e+03 6.506e+03 6.475e+03 6.442e+03 6.409e+03 6.370e+03 6.338e+03 6.294e+03 6.259e+03 6.225e+03 6.187e+03 6.141e+03 6.095e+03 6.055e+03 6.021e+03 5.983e+03 5.935e+03 5.884e+03 5.843e+03 5.791e+03 5.744e+03 5.700e+03 5.655e+03 5.611e+03 5.558e+03
5920.87 7.605e+03 7.587e+03 7.562e+03 7.546e+03 7.531e+03 7.502e+03 7.474e+03 7.455e+03 7.429e+03 7.405e+03 7.375e+03 7.340e+03 7.317e+03 7.299e+03 7.278e+03 7.251e+03 7.221e+03 7.194e+03 7.162e+03 7.138e+03 7.109e+03 7.082e+03 7.054e+03 7.029e+03 6.995e+03 6.962e+03 6.925e+03 6.884e+03 6.860e+03 6.838e+03 6.798e+03 6.758e+03 6.718e+03 6.674e+03 6.637e+03 6.614e+03 6.570e+03 6.526e+03 6.475e+03 6.443e+03 6.403e+03 6.356e+03 6.322e+03 6.279e+03 6.230e+03 6.182e+03 6.131e+03 6.080e+03 6.032e+03 5.975e+03
6282.54 7.862e+03 7.840e+03 7.813e+03 7.793e+03 7.776e+03 7.763e+03 7.746e+03 7.727e+03 7.703e+03 7.670e+03 7.644e+03 7.621e+03 7.602e+03 7.578e+03 7.555e+03 7.536e+03 7.511e+03 7.476e+03 7.452e+03 7.425e+03 7.409e+03 7.387e+03 7.359e+03 7.330e+03 7.286e+03 7.253e+03 7.226e+03 7.204e+03 7.169e+03 7.139e+03 7.093e+03 7.055e+03 7.030e+03 6.993e+03 6.965e+03 6.930e+03 6.900e+03 6.849e+03 6.796e+03 6.759e+03 6.727e+03 6.690e+03 6.642e+03 6.596e+03 6.540e+03 6.496e+03 6.425e+03 6.377e+03 6.322e+03 6.275e+03
6666.30 7.952e+03 7.930e+03 7.901e+03 7.887e+03 7.880e+03 7.863e+03 7.838e+03 7.812e+03 7.792e+03 7.776e+03 7.749e+03 7.726e+03 7.712e+03 7.694e+03 7.669e+03 7.639e+03 7.629e+03 7.609e+03 7.575e+03 7.545e+03 7.521e+03 7.497e+03 7.469e+03 7.452e+03 7.420e+03 7.394e+03 7.361e+03 7.321e+03 7.294e+03 7.257e+03 7.210e+03 7.167e+03 7.145e+03 7.104e+03 7.078e+03 7.050e+03 7.010e+03 6.957e+03 6.918e+03 6.884e+03 6.839e+03 6.791e+03 6.756e+03 6.712e+03 6.659e+03 6.603e+03 6.553e+03 6.500e+03 6.448e+03 6.398e+03
7073.50 7.963e+03 7.942e+03 7.916e+03 7.891e+03 7.879e+03 7.867e+03 7.852e+03 7.830e+03 7.808e+03 7.791e+03 7.769e+03 7.744e+03 7.717e+03 7.698e+03 7.672e+03 7.654e+03 7.636e+03 7.625e+03 7.603e+03 7.567e+03 7.542e+03 7.514e+03 7.468e+03 7.445e+03 7.415e+03 7.388e+03 7.368e+03 7.333e+03 7.299e+03 7.265e+03 7.232e+03 7.199e+03 7.152e+03 7.119e+03 7.082e+03 7.051e+03 7.012e+03 6.961e+03 6.918e+03 6.885e+03 6.841e+03 6.795e+03 6.747e+03 6.696e+03 6.640e+03 6.599e+03 6.551e+03 6.501e+03 6.440e+03 6.394e+03
7505.58 7.979e+03 7.969e+03 7.952e+03 7.927e+03 7.904e+03 7.878e+03 7.856e+03 7.846e+03 7.826e+03 7.806e+03 7.786e+03 7.770e+03 7.754e+03 7.741e+03 7.719e+03 7.688e+03 7.647e+03 7.617e+03 7.602e+03 7.575e+03 7.552e+03 7.524e+03 7.488e+03 7.460e+03 7.432e+03 7.393e+03 7.376e+03 7.340e+03 7.313e+03 7.272e+03 7.229e+03 7.193e+03 7.159e+03 7.128e+03 7.085e+03 7.044e+03 6.995e+03 6.964e+03 6.913e+03 6.868e+03 6.816e+03 6.764e+03 6.730e+03 6.681e+03 6.635e+03 6.578e+03 6.529e+03 6.461e+03 6.409e+03 6.360e+03
7964.05 7.858e+03 7.828e+03 7.803e+03 7.780e+03 7.761e+03 7.750e+03 7.738e+03 7.714e+03 7.693e+03 7.669e+03 7.634e+03 7.606e+03 7.593e+03 7.580e+03 7.558e+03 7.520e+03 7.492e+03 7.467e+03 7.441e+03 7.399e+03 7.381e+03 7.365e+03 7.332e+03 7.288e+03 7.258e+03 7.228e+03 7.196e+03 7.171e+03 7.127e+03 7.085e+03 7.043e+03 7.003e+03 6.953e+03 6.909e+03 6.878e+03 6.844e+03 6.808e+03 6.746e+03 6.698e+03 6.657e+03 6.615e+03 6.568e+03 6.523e+03 6.463e+03 6.405e+03 6.360e+03 6.296e+03 6.240e+03 6.188e+03 6.134e+03
8450.53 7.466e+03 7.442e+03 7.424e+03 7.400e+03 7.376e+03 7.352e+03 7.331e+03 7.314e+03 7.288e+03 7.254e+03 7.222e+03 7.198e+03 7.180e+03 7.154e+03 7.123e+03 7.097e+03 7.062e+03 7.030e+03 6.994e+03 6.962e+03 6.931e+03 6.893e+03 6.865e+03 6.827e+03 6.795e+03 6.770e+03 6.730e+03 6.681e+03 6.637e+03 6.606e+03 6.577e+03 6.543e+03 6.495e+03 6.456e+03 6.408e+03 6.363e+03 6.330e+03 6.289e+03 6.244e+03 6.190e+03 6.153e+03 6.104e+03 6.053e+03 6.008e+03 5.951e+03 5.904e+03 5.859e+03 5.795e+03 5.749e+03 5.700e+03
8966.72 7.008e+03 6.984e+03 6.958e+03 6.928e+03 6.900e+03 6.873e+03 6.847e+03 6.822e+03 6.796e+03 6.764e+03 6.731e+03 6.703e+03 6.676e+03 6.641e+03 6.608e+03 6.578e+03 6.550e+03 6.514e+03 6.476e+03 6.448e+03 6.413e+03 6.375e+03 6.342e+03 6.309e+03 6.273e+03 6.233e+03 6.199e+03 6.164e+03 6.129e+03 6.085e+03 6.049e+03 6.019e+03 5.975e+03 5.936e+03 5.900e+03 5.856e+03 5.816e+03 5.779e+03 5.736e+03 5.689e+03 5.646e+03 5.597e+03 5.562e+03 5.520e+03 5.473e+03 5.425e+03 5.377e+03 5.328e+03 5.276e+03 5.238e+03
9514.44 6.547e+03 6.514e+03 6.485e+03 6.453e+03 6.417e+03 6.383e+03 6.356e+03 6.332e+03 6.305e+03 6.268e+03 6.233e+03 6.207e+03 6.186e+03 6.151e+03 6.121e+03 6.089e+03 6.057e+03 6.018e+03 5.982e+03 5.946e+03 5.912e+03 5.885e+03 5.854e+03 5.821e+03 5.791e+03 5.757e+03 5.723e+03 5.683e+03 5.648e+03 5.616e+03 5.579e+03 5.538e+03 5.505e+03 5.458e+03 5.424e+03 5.390e+03 5.352e+03 5.307e+03 5.271e+03 5.244e+03 5.200e+03 5.157e+03 5.122e+03 5.079e+03 5.037e+03 4.996e+03 4.964e+03 4.913e+03 4.873e+03 4.834e+03
10095.62 6.060e+03 6.029e+03 5.993e+03 5.962e+03 5.933e+03 5.906e+03 5.878e+03 5.845e+03 5.812e+03 5.782e+03 5.753e+03 5.726e+03 5.691e+03 5.661e+03 5.635e+03 5.603e+03 5.574e+03 5.532e+03 5.493e+03 5.460e+03 5.435e+03 5.412e+03 5.387e+03 5.341e+03 5.307e+03 5.279e+03 5.250e+03 5.219e+03 5.180e+03 5.155e+03 5.127e+03 5.089e+03 5.051e+03 5.010e+03 4.974e+03 4.933e+03 4.896e+03 4.864e+03 4.834e+03 4.790e+03 4.759e+03 4.732e+03 4.695e+03 4.651e+03 4.596e+03 4.569e+03 4.544e+03 4.510e+03 4.453e+03 4.425e+03
10712.30 5.648e+03 5.614e+03 5.586e+03 5.560e+03 5.525e+03 5.499e+03 5.468e+03 5.429e+03 5.397e+03 5.369e+03 5.346e+03 5.324e+03 5.295e+03 5.262e+03 5.232e+03 5.195e+03 5.162e+03 5.130e+03 5.106e+03 5.079e+03 5.057e+03 5.018e+03 4.981e+03 4.949e+03 4.931e+03 4.900e+03 4.864e+03 4.836e+03 4.815e+03 4.790e+03 4.745e+03 4.709e+03 4.678e+03 4.658e+03 4.617e+03 4.582e+03 4.531e+03 4.479e+03 4.442e+03 4.412e+03 4.387e+03 4.368e+03 4.331e+03 4.263e+03 4.226e+03 4.189e+03 4.153e+03 4.100e+03 4.056e+03 4.084e+03
11366.65 5.361e+03 5.315e+03 5.280e+03 5.250e+03 5.212e+03 5.183e+03 5.159e+03 5.129e+03 5.099e+03 5.071e+03 5.043e+03 5.015e+03 4.983e+03 4.951e+03 4.922e+03 4.895e+03 4.872e+03 4.842e+03 4.801e+03 4.772e+03 4.744e+03 4.712e+03 4.688e+03 4.652e+03 4.619e+03 4.588e+03 4.577e+03 4.542e+03 4.514e+03 4.486e+03 4.460e+03 4.433e+03 4.403e+03 4.359e+03 4.297e+03 4.256e+03 4.233e+03 4.200e+03 4.159e+03 4.126e+03 4.077e+03 4.014e+03 4.000e+03 3.955e+03 3.907e+03 3.891e+03 3.853e+03 3.789e+03 3.722e+03 3.720e+03
12061.10 5.182e+03 5.156e+03 5.127e+03 5.087e+03 5.043e+03 5.024e+03 4.996e+03 4.975e+03 4.934e+03 4.901e+03 4.862e+03 4.835e+03 4.823e+03 4.795e+03 4.768e+03 4.731e+03 4.695e+03 4.657e+03 4.644e+03 4.610e+03 4.579e+03 4.535e+03 4.502e+03 4.468e+03 4.453e+03 4.442e+03 4.408e+03 4.375e+03 4.331e+03 4.291e+03 4.255e+03 4.200e+03 4.169e+03 4.149e+03 4.106e+03 4.061e+03 4.012e+03 4.001e+03 3.941e+03 3.905e+03 3.851e+03 3.814e+03 3.751e+03 3.682e+03 3.699e+03 3.629e+03 3.580e+03 3.487e+03 3.514e+03 3.485e+03
12793.43 5.067e+03 5.054e+03 5.027e+03 5.001e+03 4.959e+03 4.918e+03 4.877e+03 4.840e+03 4.810e+03 4.799e+03 4.779e+03 4.741e+03 4.711e+03 4.697e+03 4.654e+03 4.623e+03 4.587e+03 4.538e+03 4.519e+03 4.482e+03 4.447e+03 4.426e+03 4.392e+03 4.364e+03 4.319e+03 4.287e+03 4.234e+03 4.204e+03 4.218e+03 4.199e+03 4.121e+03 4.071e+03 4.024e+03 3.982e+03 3.980e+03 3.917e+03 3.867e+03 3.855e+03 3.726e+03 3.719e+03 3.738e+03 3.662e+03 3.542e+03 3.514e+03 3.402e+03 3.435e+03 3.777e+03 3.376e+03 3.635e+03 3.321e+03
13528.61 5.010e+03 4.978e+03 4.940e+03 4.912e+03 4.873e+03 4.847e+03 4.810e+03 4.798e+03 4.758e+03 4.731e+03 4.714e+03 4.694e+03 4.658e+03 4.620e+03 4.568e+03 4.534e+03 4.511e+03 4.488e+03 4.443e+03 4.396e+03 4.358e+03 4.347e+03 4.281e+03 4.231e+03 4.255e+03 4.247e+03 4.186e+03 4.118e+03 4.110e+03 4.031e+03 4.029e+03 3.980e+03 3.933e+03 3.864e+03 3.811e+03 3.761e+03 3.722e+03 3.619e+03 3.584e+03 3.559e+03 3.548e+03 3.494e+03 3.337e+03 3.099e+03 3.272e+03 3.485e+03 3.168e+03 3.540e+03 3.186e+03 3.453e+03
14194.74 5.042e+03 5.014e+03 4.969e+03 4.948e+03 4.909e+03 4.866e+03 4.808e+03 4.760e+03 4.681e+03 4.649e+03 4.627e+03 4.612e+03 4.604e+03 4.602e+03 4.576e+03 4.527e+03 4.484e+03 4.469e+03 4.383e+03 4.373e+03 4.303e+03 4.314e+03 4.309e+03 4.262e+03 4.209e+03 4.141e+03 4.129e+03 4.060e+03 3.992e+03 3.933e+03 3.819e+03 3.785e+03 3.743e+03 3.793e+03 3.669e+03 3.614e+03 3.578e+03 3.528e+03 3.425e+03 4.038e+03 3.497e+03 3.238e+03 3.318e+03 3.384e+03 3.626e+03 3.061e+03 3.355e+03 3.341e+03 3.299e+03 3.123e+03
14757.77 5.035e+03 4.996e+03 4.961e+03 4.954e+03 4.925e+03 4.855e+03 4.837e+03 4.791e+03 4.744e+03 4.731e+03 4.727e+03 4.683e+03 4.686e+03 4.612e+03 4.562e+03 4.530e+03 4.486e+03 4.465e+03 4.440e+03 4.374e+03 4.309e+03 4.337e+03 4.280e+03 4.198e+03 4.089e+03 4.039e+03 4.008e+03 3.969e+03 3.929e+03 3.860e+03 3.899e+03 3.781e+03 3.779e+03 3.772e+03 3.654e+03 3.519e+03 3.478e+03 4.164e+03 3.492e+03 3.247e+03 3.961e+03 3.253e+03 3.201e+03 3.265e+03 3.647e+03 2.960e+03 3.683e+03 3.023e+03 2.985e+03 2.979e+03
15240.48 4.958e+03 4.948e+03 4.912e+03 4.899e+03 4.828e+03 4.754e+03 4.736e+03 4.728e+03 4.723e+03 4.599e+03 4.536e+03 4.570e+03 4.547e+03 4.497e+03 4.390e+03 4.413e+03 4.493e+03 4.419e+03 4.356e+03 4.361e+03 4.309e+03 4.290e+03 4.134e+03 4.094e+03 4.057e+03 3.904e+03 3.937e+03 3.886e+03 3.890e+03 3.845e+03 3.774e+03 3.709e+03 3.533e+03 3.540e+03 3.600e+03 3.468e+03 4.641e+03 3.500e+03 3.132e+03 4.790e+03 3.268e+03 4.123e+03 3.409e+03 4.145e+03 2.884e+03 3.888e+03 3.143e+03 3.098e+03 3.708e+03 2.819e+03
15646.99 4.892e+03 4.880e+03 4.827e+03 4.743e+03 4.717e+03 4.695e+03 4.689e+03 4.637e+03 4.589e+03 4.564e+03 4.550e+03 4.521e+03 4.474e+03 4.426e+03 4.417e+03 4.411e+03 4.315e+03 4.235e+03 4.223e+03 4.236e+03 4.185e+03 4.226e+03 4.127e+03 4.124e+03 4.034e+03 3.949e+03 4.005e+03 3.891e+03 3.895e+03 3.869e+03 3.777e+03 3.777e+03 3.723e+03 3.804e+03 3.673e+03 3.591e+03 3.585e+03 3.424e+03 4.873e+03 3.526e+03 3.332e+03 4.458e+03 3.614e+03 3.253e+03 4.454e+03 3.584e+03 3.089e+03 4.354e+03 3.032e+03 3.752e+03
15960.30 4.835e+03 4.798e+03 4.772e+03 4.734e+03 4.700e+03 4.651e+03 4.630e+03 4.589e+03 4.555e+03 4.571e+03 4.528e+03 4.452e+03 4.393e+03 4.364e+03 4.459e+03 4.397e+03 4.335e+03 4.284e+03 4.243e+03 4.189e+03 4.124e+03 4.144e+03 4.196e+03 4.154e+03 4.065e+03 4.051e+03 3.962e+03 3.926e+03 3.832e+03 3.860e+03 3.943e+03 3.878e+03 3.789e+03 3.784e+03 3.646e+03 3.780e+03 3.674e+03 3.676e+03 3.565e+03 3.449e+03 3.422e+03 3.282e+03 5.309e+03 3.617e+03 3.370e+03 4.986e+03 3.428e+03 3.016e+03 4.473e+03 3.686e+03
16187.41 4.981e+03 4.944e+03 4.908e+03 4.864e+03 4.837e+03 4.824e+03 4.772e+03 4.720e+03 4.680e+03 4.620e+03 4.583e+03 4.570e+03 4.577e+03 4.603e+03 4.610e+03 4.522e+03 4.402e+03 4.523e+03 4.467e+03 4.368e+03 4.455e+03 4.365e+03 4.442e+03 4.297e+03 4.210e+03 4.128e+03 4.148e+03 4.086e+03 4.168e+03 4.111e+03 4.211e+03 4.114e+03 4.108e+03 4.050e+03 3.963e+03 3.829e+03 3.745e+03 3.715e+03 3.758e+03 3.768e+03 3.761e+03 3.592e+03 3.505e+03 3.517e+03 3.423e+03 3.315e+03 5.420e+03 4.120e+03 3.724e+03 3.428e+03
16354.17 5.118e+03 5.103e+03 5.073e+03 5.001e+03 4.950e+03 4.942e+03 4.926e+03 4.887e+03 4.812e+03 4.829e+03 4.718e+03 4.764e+03 4.634e+03 4.619e+03 4.775e+03 4.780e+03 4.719e+03 4.600e+03 4.565e+03 4.529e+03 4.513e+03 4.523e+03 4.373e+03 4.369e+03 4.517e+03 4.536e+03 4.418e+03 4.282e+03 4.200e+03 4.143e+03 4.196e+03 4.078e+03 3.968e+03 3.974e+03 4.118e+03 4.183e+03 4.079e+03 4.077e+03 4.188e+03 3.987e+03 3.997e+03 3.870e+03 3.636e+03 3.519e+03 3.794e+03 3.767e+03 3.696e+03 3.833e+03 3.639e+03 3.643e+03
16484.18 5.298e+03 5.247e+03 5.202e+03 5.170e+03 5.114e+03 5.079e+03 5.089e+03 5.050e+03 5.041e+03 4.998e+03 4.988e+03 4.986e+03 4.932e+03 4.851e+03 4.819e+03 4.929e+03 4.889e+03 4.852e+03 4.827e+03 4.830e+03 4.840e+03 4.688e+03 4.638e+03 4.611e+03 4.498e+03 4.442e+03 4.326e+03 4.617e+03 4.507e+03 4.520e+03 4.481e+03 4.605e+03 4.497e+03 4.355e+03 4.233e+03 4.221e+03 4.206e+03 4.126e+03 4.001e+03 4.106e+03 4.132e+03 4.105e+03 3.976e+03 3.980e+03 3.998e+03 3.871e+03 3.711e+03 3.790e+03 3.906e+03 3.897e+03
16593.12 5.369e+03 5.310e+03 5.303e+03 5.316e+03 5.301e+03 5.300e+03 5.257e+03 5.265e+03 5.252e+03 5.167e+03 5.144e+03 5.107e+03 5.033e+03 4.994e+03 4.925e+03 4.942e+03 5.117e+03 5.004e+03 4.881e+03 4.842e+03 4.847e+03 4.712e+03 4.737e+03 4.697e+03 4.813e+03 4.660e+03 4.597e+03 4.509e+03 4.652e+03 4.672e+03 4.582e+03 4.477e+03 4.483e+03 4.420e+03 4.345e+03 4.285e+03 4.309e+03 4.460e+03 4.292e+03 4.350e+03 4.431e+03 4.297e+03 4.162e+03 4.102e+03 3.841e+03 3.948e+03 3.770e+03 3.884e+03 3.562e+03 3.838e+03
16691.99 5.530e+03 5.514e+03 5.516e+03 5.472e+03 5.399e+03 5.355e+03 5.406e+03 5.489e+03 5.443e+03 5.362e+03 5.204e+03 5.184e+03 5.052e+03 5.116e+03 5.061e+03 4.964e+03 4.963e+03 4.926e+03 4.859e+03 4.855e+03 4.894e+03 4.863e+03 4.771e+03 4.884e+03 4.983e+03 4.846e+03 4.860e+03 4.683e+03 4.651e+03 4.711e+03 4.686e+03 4.476e+03 4.648e+03 4.493e+03 4.553e+03 4.580e+03 4.726e+03 4.590e+03 4.382e+03 4.334e+03 4.522e+03 4.482e+03 4.707e+03 3.900e+03 4.441e+03 4.321e+03 4.228e+03 4.193e+03 4.085e+03 4.141e+03
16788.59 5.596e+03 5.455e+03 5.482e+03 5.453e+03 5.479e+03 5.514e+03 5.471e+03 5.353e+03 5.427e+03 5.322e+03 5.303e+03 5.295e+03 5.367e+03 5.351e+03 5.239e+03 5.249e+03 5.117e+03 5.151e+03 5.073e+03 5.126e+03 5.123e+03 5.048e+03 4.877e+03 4.838e+03 4.882e+03 4.726e+03 4.992e+03 4.879e+03 4.690e+03 4.580e+03 4.631e+03 4.542e+03 4.547e+03 4.697e+03 4.633e+03 4.394e+03 4.519e+03 4.593e+03 4.454e+03 4.540e+03 4.603e+03 4.509e+03 4.370e+03 4.178e+03 4.257e+03 4.020e+03 4.208e+03 4.200e+03 4.203e+03 4.018e+03
16888.37 5.649e+03 5.604e+03 5.553e+03 5.530e+03 5.583e+03 5.517e+03 5.459e+03 5.486e+03 5.432e+03 5.449e+03 5.450e+03 5.398e+03 5.374e+03 5.266e+03 5.187e+03 5.233e+03 5.228e+03 5.177e+03 5.149e+03 5.185e+03 5.057e+03 5.060e+03 5.171e+03 5.054e+03 4.989e+03 4.890e+03 4.967e+03 4.819e+03 4.761e+03 4.669e+03 4.712e+03 4.666e+03 4.705e+03 4.537e+03 4.514e+03 4.648e+03 4.730e+03 4.700e+03 4.715e+03 4.696e+03 4.491e+03 4.227e+03 4.158e+03 4.072e+03 4.215e+03 4.158e+03 4.259e+03 4.068e+03 4.207e+03 4.184e+03
16998.79 5.688e+03 5.655e+03 5.619e+03 5.645e+03 5.522e+03 5.582e+03 5.588e+03 5.588e+03 5.510e+03 5.462e+03 5.477e+03 5.506e+03 5.408e+03 5.374e+03 5.378e+03 5.363e+03 5.296e+03 5.404e+03 5.292e+03 5.252e+03 5.242e+03 5.064e+03 5.181e+03 5.010e+03 5.024e+03 5.018e+03 4.954e+03 4.903e+03 4.836e+03 4.872e+03 4.715e+03 4.625e+03 4.649e+03 4.598e+03 4.533e+03 4.732e+03 4.575e+03 4.563e+03 4.679e+03 4.464e+03 4.516e+03 4.385e+03 4.610e+03 4.561e+03 4.378e+03 4.254e+03 4.338e+03 4.438e+03 4.109e+03 4.352e+03
17146.37 5.736e+03 5.741e+03 5.677e+03 5.694e+03 5.732e+03 5.584e+03 5.650e+03 5.584e+03 5.611e+03 5.478e+03 5.475e+03 5.414e+03 5.467e+03 5.313e+03 5.357e+03 5.294e+03 5.361e+03 5.438e+03 5.303e+03 5.190e+03 5.200e+03 5.267e+03 5.224e+03 5.139e+03 5.120e+03 5.050e+03 4.946e+03 5.009e+03 5.019e+03 4.896e+03 4.843e+03 4.812e+03 4.830e+03 4.767e+03 4.879e+03 4.724e+03 4.776e+03 4.612e+03 4.847e+03 4.887e+03 4.720e+03 4.448e+03 4.203e+03 4.366e+03 4.528e+03 4.335e+03 4.329e+03 4.387e+03 4.289e+03 4.196e+03
17415.23 5.820e+03 5.765e+03 5.778e+03 5.725e+03 5.722e+03 5.717e+03 5.753e+03 5.668e+03 5.661e+03 5.515e+03 5.549e+03 5.516e+03 5.488e+03 5.498e+03 5.505e+03 5.435e+03 5.378e+03 5.363e+03 5.355e+03 5.311e+03 5.323e+03 5.324e+03 5.282e+03 5.263e+03 5.080e+03 5.143e+03 5.170e+03 5.161e+03 5.087e+03 4.903e+03 4.934e+03 4.907e+03 4.935e+03 4.965e+03 4.881e+03 4.830e+03 4.805e+03 4.731e+03 4.604e+03 4.486e+03 4.435e+03 4.362e+03 4.673e+03 4.518e+03 4.336e+03 4.036e+03 3.989e+03 4.171e+03 4.501e+03 3.957e+03
17888.12 5.826e+03 5.892e+03 5.868e+03 5.850e+03 5.872e+03 5.814e+03 5.796e+03 5.789e+03 5.750e+03 5.738e+03 5.763e+03 5.648e+03 5.653e+03 5.660e+03 5.592e+03 5.565e+03 5.582e+03 5.536e+03 5.484e+03 5.423e+03 5.410e+03 5.342e+03 5.360e+03 5.337e+03 5.328e+03 5.293e+03 5.271e+03 5.240e+03 5.172e+03 5.102e+03 5.083e+03 5.104e+03 4.951e+03 4.904e+03 4.840e+03 4.876e+03 4.872e+03 4.747e+03 4.628e+03 4.576e+03 4.750e+03 4.607e+03 4.553e+03 4.504e+03 4.532e+03 4.548e+03 4.222e+03 4.169e+03 4.176e+03 4.062e+03
18532.37 5.969e+03 5.940e+03 5.931e+03 5.917e+03 5.892e+03 5.837e+03 5.800e+03 5.780e+03 5.783e+03 5.730e+03 5.739e+03 5.715e+03 5.671e+03 5.676e+03 5.582e+03 5.602e+03 5.587e+03 5.589e+03 5.563e+03 5.524e+03 5.472e+03 5.416e+03 5.366e+03 5.439e+03 5.338e+03 5.229e+03 5.230e+03 5.215e+03 5.127e+03 5.040e+03 5.090e+03 5.027e+03 4.941e+03 4.969e+03 4.983e+03 4.826e+03 4.708e+03 4.738e+03 4.561e+03 4.534e+03 4.700e+03 4.698e+03 4.411e+03 4.405e+03 4.350e+03 4.405e+03 4.259e+03 3.700e+03 4.095e+03 3.747e+03
19260.76 6.099e+03 6.031e+03 5.991e+03 6.007e+03 5.915e+03 5.896e+03 5.945e+03 5.905e+03 5.731e+03 5.779e+03 5.802e+03 5.714e+03 5.751e+03 5.772e+03 5.700e+03 5.719e+03 5.508e+03 5.591e+03 5.522e+03 5.533e+03 5.503e+03 5.389e+03 5.395e+03 5.371e+03 5.368e+03 5.336e+03 5.186e+03 5.136e+03 5.180e+03 5.140e+03 5.012e+03 5.035e+03 5.052e+03 4.886e+03 4.870e+03 4.871e+03 4.764e+03 4.731e+03 4.555e+03 4.449e+03 4.342e+03 4.447e+03 4.300e+03 4.309e+03 4.463e+03 4.224e+03 3.994e+03 4.029e+03 4.037e+03 3.833e+03
20034.10 6.194e+03 6.290e+03 6.262e+03 6.200e+03 6.172e+03 5.983e+03 6.066e+03 6.064e+03 5.990e+03 6.017e+03 5.997e+03 5.907e+03 5.837e+03 5.847e+03 5.788e+03 5.713e+03 5.817e+03 5.783e+03 5.693e+03 5.625e+03 5.613e+03 5.720e+03 5.560e+03 5.433e+03 5.434e+03 5.461e+03 5.351e+03 5.189e+03 5.170e+03 5.228e+03 5.293e+03 5.070e+03 5.062e+03 5.091e+03 5.016e+03 4.858e+03 5.233e+03 5.150e+03 5.085e+03 4.573e+03 4.529e+03 4.555e+03 4.180e+03 4.179e+03 4.023e+03 4.214e+03 3.997e+03 3.564e+03 3.012e+03 6.625e+03
20838.00 6.419e+03 6.372e+03 6.392e+03 6.364e+03 6.340e+03 6.281e+03 6.284e+03 6.172e+03 6.172e+03 6.145e+03 6.197e+03 6.157e+03 6.159e+03 6.285e+03 6.051e+03 5.992e+03 6.010e+03 6.091e+03 5.801e+03 5.825e+03 5.738e+03 5.772e+03 5.666e+03 5.722e+03 5.545e+03 5.553e+03 5.653e+03 5.469e+03 5.456e+03 5.314e+03 5.277e+03 5.147e+03 4.972e+03 5.375e+03 4.955e+03 5.004e+03 4.791e+03 4.723e+03 4.942e+03 4.800e+03 4.694e+03 4.542e+03 4.236e+03 4.224e+03 3.964e+03 3.757e+03 3.897e+03 4.007e+03 3.576e+03 3.732e+03
21647.97 6.795e+03 6.583e+03 6.541e+03 6.554e+03 6.476e+03 6.453e+03 6.336e+03 6.344e+03 6.429e+03 6.337e+03 6.385e+03 6.157e+03 6.035e+03 6.000e+03 6.051e+03 6.097e+03 6.118e+03 6.031e+03 6.010e+03 5.961e+03 6.042e+03 5.931e+03 5.702e+03 5.566e+03 5.619e+03 5.676e+03 5.389e+03 5.664e+03 5.416e+03 5.431e+03 5.225e+03 5.364e+03 4.969e+03 5.265e+03 5.597e+03 5.318e+03 5.154e+03 4.764e+03 4.967e+03 4.877e+03 4.186e+03 4.222e+03 4.220e+03 4.709e+03 4.514e+03 4.164e+03 2.064e+03 4.129e+03 3.484e+03 3.149e+03
22447.94 7.172e+03 7.071e+03 6.801e+03 6.906e+03 6.926e+03 6.812e+03 6.816e+03 6.717e+03 6.732e+03 6.849e+03 6.666e+03 6.632e+03 6.377e+03 6.490e+03 6.548e+03 6.472e+03 6.432e+03 6.308e+03 6.216e+03 6.301e+03 6.188e+03 6.117e+03 5.962e+03 5.845e+03 5.857e+03 5.895e+03 5.974e+03 5.625e+03 5.617e+03 5.471e+03 5.586e+03 5.593e+03 5.730e+03 5.451e+03 5.413e+03 5.309e+03 5.337e+03 5.231e+03 5.174e+03 4.865e+03 4.988e+03 5.001e+03 5.357e+03 5.260e+03 4.560e+03 4.175e+03 3.860e+03 3.809e+03 4.556e+03 3.550e+03
23245.88 7.440e+03 7.388e+03 7.154e+03 7.348e+03 7.212e+03 7.313e+03 7.394e+03 7.290e+03 7.325e+03 7.224e+03 7.147e+03 6.884e+03 7.025e+03 6.898e+03 6.823e+03 7.007e+03 6.901e+03 6.726e+03 6.530e+03 6.705e+03 6.230e+03 6.339e+03 6.756e+03 6.431e+03 6.446e+03 6.310e+03 6.052e+03 6.504e+03 5.894e+03 6.373e+03 6.142e+03 5.717e+03 6.049e+03 5.940e+03 5.785e+03 5.787e+03 5.834e+03 5.637e+03 5.441e+03 5.014e+03 5.591e+03 5.397e+03 5.153e+03 5.016e+03 4.840e+03 4.669e+03 4.649e+03 4.819e+03 4.680e+03 4.377e+03
24052.47 7.935e+03 7.873e+03 7.796e+03 7.850e+03 7.678e+03 7.726e+03 7.622e+03 7.641e+03 7.691e+03 7.434e+03 7.455e+03 7.429e+03 7.430e+03 7.386e+03 7.332e+03 7.344e+03 7.081e+03 7.167e+03 7.119e+03 7.126e+03 6.933e+03 6.736e+03 6.815e+03 6.610e+03 7.190e+03 6.673e+03 6.652e+03 6.692e+03 6.680e+03 6.521e+03 6.783e+03 6.161e+03 6.645e+03 6.241e+03 6.027e+03 6.393e+03 6.055e+03 6.331e+03 5.920e+03 5.759e+03 5.965e+03 5.804e+03 5.741e+03 5.504e+03 5.896e+03 5.670e+03 4.839e+03 4.590e+03 4.863e+03 4.994e+03
24867.72 8.190e+03 8.199e+03 8.561e+03 8.573e+03 8.316e+03 8.160e+03 8.310e+03 8.275e+03 8.158e+03 7.910e+03 7.984e+03 7.916e+03 7.665e+03 7.565e+03 7.747e+03 7.548e+03 7.639e+03 7.953e+03 7.810e+03 7.945e+03 7.908e+03 7.781e+03 7.362e+03 7.438e+03 7.517e+03 7.385e+03 7.200e+03 6.924e+03 7.231e+03 7.074e+03 6.981e+03 7.039e+03 7.000e+03 6.786e+03 6.620e+03 6.852e+03 6.401e+03 6.181e+03 6.613e+03 6.388e+03 6.300e+03 6.064e+03 6.285e+03 6.011e+03 6.133e+03 6.020e+03 5.343e+03 5.208e+03 4.877e+03 5.449e+03
25698.86 8.952e+03 9.063e+03 8.801e+03 8.977e+03 8.726e+03 8.642e+03 8.802e+03 8.582e+03 8.467e+03 8.227e+03 8.545e+03 8.331e+03 8.100e+03 8.085e+03 8.320e+03 8.501e+03 8.302e+03 8.473e+03 8.271e+03 8.274e+03 8.298e+03 7.973e+03 7.686e+03 7.940e+03 7.471e+03 7.810e+03 7.619e+03 7.829e+03 7.919e+03 7.495e+03 7.607e+03 7.421e+03 7.036e+03 7.532e+03 6.373e+03 6.540e+03 6.667e+03 7.067e+03 7.001e+03 6.893e+03 6.930e+03 6.126e+03 6.728e+03 6.495e+03 6.460e+03 6.381e+03 6.316e+03 4.991e+03 5.441e+03 5.916e+03
26587.16 9.627e+03 9.661e+03 9.625e+03 9.558e+03 9.539e+03 9.687e+03 9.457e+03 9.674e+03 9.373e+03 9.575e+03 9.577e+03 9.354e+03 9.119e+03 8.827e+03 9.001e+03 8.944e+03 9.245e+03 9.030e+03 8.994e+03 8.941e+03 8.965e+03 8.745e+03 8.534e+03 8.355e+03 8.299e+03 8.312e+03 8.240e+03 8.250e+03 8.126e+03 8.331e+03 8.132e+03 8.240e+03 8.129e+03 7.952e+03 8.014e+03 7.784e+03 7.547e+03 7.486e+03 7.523e+03 7.563e+03 7.002e+03 6.383e+03 7.211e+03 7.033e+03 6.960e+03 6.741e+03 6.702e+03 6.169e+03 6.642e+03 6.395e+03
27637.54 1.093e+04 1.066e+04 1.084e+04 1.082e+04 1.053e+04 1.071e+04 1.078e+04 1.073e+04 1.082e+04 1.047e+04 1.052e+04 1.021e+04 9.942e+03 1.031e+04 1.017e+04 1.017e+04 9.850e+03 9.765e+03 9.837e+03 9.898e+03 9.620e+03 9.393e+03 9.650e+03 9.689e+03 9.415e+03 9.034e+03 9.384e+03 9.131e+03 8.948e+03 9.097e+03 9.050e+03 8.715e+03 8.413e+03 8.731e+03 8.499e+03 8.149e+03 8.348e+03 8.407e+03 8.296e+03 8.175e+03 7.419e+03 7.836e+03 7.611e+03 6.310e+03 6.944e+03 6.922e+03 6.820e+03 7.322e+03 7.053e+03 6.780e+03
28986.97 1.285e+04 1.267e+04 1.295e+04 1.303e+04 1.230e+04 1.219e+04 1.222e+04 1.214e+04 1.227e+04 1.232e+04 1.194e+04 1.167e+04 1.191e+04 1.183e+04 1.146e+04 1.184e+04 1.174e+04 1.135e+04 1.096e+04 1.143e+04 1.134e+04 1.096e+04 1.122e+04 1.093e+04 1.087e+04 1.085e+04 1.043e+04 1.054e+04 1.048e+04 1.017e+04 9.905e+03 9.998e+03 9.996e+03 9.680e+03 9.462e+03 9.584e+03 9.285e+03 9.227e+03 8.923e+03 8.907e+03 8.609e+03 8.721e+03 8.491e+03 8.361e+03 8.062e+03 8.092e+03 7.871e+03 7.666e+03 7.625e+03 7.630e+03
