#NTIMES: 4
#NVEL: 591
#TIMES[d]: 5.0 10.0 15.0 20.0
#vel_mid[km/s] ne_t0[/cm^3] ne_t1[/cm^3] … ne_tn[/cm^3]
5.525000E+03 1.000000E-99 1.000000E-99 1.000000E-99 2.767526E+09
5.574915E+03 1.000000E-99 1.000000E-99 1.000000E-99 2.722266E+09
5.624831E+03 1.000000E-99 1.000000E-99 1.000000E-99 2.677280E+09
5.674746E+03 1.000000E-99 1.000000E-99 1.000000E-99 2.633004E+09
5.724661E+03 1.000000E-99 1.000000E-99 1.000000E-99 2.589801E+09
5.774576E+03 1.000000E-99 1.000000E-99 1.000000E-99 2.547649E+09
5.824492E+03 1.000000E-99 1.000000E-99 1.000000E-99 2.506561E+09
5.874407E+03 1.000000E-99 1.000000E-99 1.000000E-99 2.466729E+09
5.924322E+03 1.000000E-99 1.000000E-99 1.000000E-99 2.428182E+09
5.974237E+03 1.000000E-99 1.000000E-99 1.000000E-99 2.390955E+09
6.024153E+03 1.000000E-99 1.000000E-99 1.000000E-99 2.354674E+09
6.074068E+03 1.000000E-99 1.000000E-99 1.000000E-99 2.319263E+09
6.123983E+03 1.000000E-99 1.000000E-99 1.000000E-99 2.284825E+09
6.173898E+03 1.000000E-99 1.000000E-99 1.000000E-99 2.252293E+09
6.223814E+03 1.000000E-99 1.000000E-99 1.000000E-99 2.220719E+09
6.273729E+03 1.000000E-99 1.000000E-99 1.000000E-99 2.189479E+09
6.323644E+03 1.000000E-99 1.000000E-99 1.000000E-99 2.159456E+09
6.373559E+03 1.000000E-99 1.000000E-99 1.000000E-99 2.128421E+09
6.423475E+03 1.000000E-99 1.000000E-99 1.000000E-99 2.098746E+09
6.473390E+03 1.000000E-99 1.000000E-99 1.000000E-99 2.068801E+09
6.523305E+03 1.000000E-99 1.000000E-99 1.000000E-99 2.040239E+09
6.573220E+03 1.000000E-99 1.000000E-99 1.000000E-99 2.010842E+09
6.623136E+03 1.000000E-99 1.000000E-99 1.000000E-99 1.981416E+09
6.673051E+03 1.000000E-99 1.000000E-99 1.000000E-99 1.952891E+09
6.722966E+03 1.000000E-99 1.000000E-99 1.000000E-99 1.925350E+09
6.772881E+03 1.000000E-99 1.000000E-99 1.000000E-99 1.898249E+09
6.822797E+03 1.000000E-99 1.000000E-99 1.000000E-99 1.873474E+09
6.872712E+03 1.000000E-99 1.000000E-99 1.000000E-99 1.850170E+09
6.922627E+03 1.000000E-99 1.000000E-99 1.000000E-99 1.826562E+09
6.972542E+03 1.000000E-99 1.000000E-99 1.000000E-99 1.804428E+09
7.022458E+03 1.000000E-99 1.000000E-99 1.000000E-99 1.783902E+09
7.072373E+03 1.000000E-99 1.000000E-99 1.000000E-99 1.764209E+09
7.122288E+03 1.000000E-99 1.000000E-99 1.000000E-99 1.744237E+09
7.172203E+03 1.000000E-99 1.000000E-99 1.000000E-99 1.724445E+09
7.222119E+03 1.000000E-99 1.000000E-99 1.000000E-99 1.705877E+09
7.272034E+03 1.000000E-99 1.000000E-99 1.000000E-99 1.689145E+09
7.321949E+03 1.000000E-99 1.000000E-99 1.000000E-99 1.671792E+09
7.371864E+03 1.000000E-99 1.000000E-99 1.000000E-99 1.655574E+09
7.421780E+03 1.000000E-99 1.000000E-99 1.000000E-99 1.638792E+09
7.471695E+03 1.000000E-99 1.000000E-99 1.000000E-99 1.623015E+09
7.521610E+03 1.000000E-99 1.000000E-99 1.000000E-99 1.608260E+09
7.571525E+03 1.000000E-99 1.000000E-99 1.000000E-99 1.594009E+09
7.621441E+03 1.000000E-99 1.000000E-99 1.000000E-99 1.580680E+09
7.671356E+03 1.000000E-99 1.000000E-99 1.000000E-99 1.566857E+09
7.721271E+03 1.000000E-99 1.000000E-99 1.000000E-99 1.552976E+09
7.771186E+03 1.000000E-99 1.000000E-99 1.000000E-99 1.540080E+09
7.821102E+03 1.000000E-99 1.000000E-99 1.000000E-99 1.527017E+09
7.871017E+03 1.000000E-99 1.000000E-99 1.000000E-99 1.514217E+09
7.920932E+03 1.000000E-99 1.000000E-99 1.000000E-99 1.500952E+09
7.970847E+03 1.000000E-99 1.000000E-99 1.000000E-99 1.488127E+09
8.020763E+03 1.000000E-99 1.000000E-99 1.000000E-99 1.474903E+09
8.070678E+03 1.000000E-99 1.000000E-99 1.000000E-99 1.461975E+09
8.120593E+03 1.000000E-99 1.000000E-99 1.000000E-99 1.448177E+09
8.170508E+03 1.000000E-99 1.000000E-99 1.000000E-99 1.434564E+09
8.220424E+03 1.000000E-99 1.000000E-99 1.000000E-99 1.420204E+09
8.270339E+03 1.000000E-99 1.000000E-99 1.000000E-99 1.405951E+09
8.320254E+03 1.000000E-99 1.000000E-99 1.000000E-99 1.392277E+09
8.370169E+03 1.000000E-99 1.000000E-99 1.000000E-99 1.377756E+09
8.420085E+03 1.000000E-99 1.000000E-99 1.000000E-99 1.363405E+09
8.470000E+03 1.000000E-99 1.000000E-99 1.000000E-99 1.349683E+09
8.519915E+03 1.000000E-99 1.000000E-99 1.000000E-99 1.335806E+09
8.569831E+03 1.000000E-99 1.000000E-99 1.000000E-99 1.321646E+09
8.619746E+03 1.000000E-99 1.000000E-99 1.000000E-99 1.307232E+09
8.669661E+03 1.000000E-99 1.000000E-99 1.000000E-99 1.293822E+09
8.719576E+03 1.000000E-99 1.000000E-99 1.000000E-99 1.280733E+09
8.769492E+03 1.000000E-99 1.000000E-99 1.000000E-99 1.267537E+09
8.819407E+03 1.000000E-99 1.000000E-99 1.000000E-99 1.254492E+09
8.869322E+03 1.000000E-99 1.000000E-99 1.000000E-99 1.241595E+09
8.919237E+03 1.000000E-99 1.000000E-99 1.000000E-99 1.228998E+09
8.969153E+03 1.000000E-99 1.000000E-99 1.000000E-99 1.216553E+09
9.019068E+03 1.000000E-99 1.000000E-99 1.000000E-99 1.204240E+09
9.068983E+03 1.000000E-99 1.000000E-99 1.000000E-99 1.192082E+09
9.118898E+03 1.000000E-99 1.000000E-99 1.000000E-99 1.179741E+09
9.168814E+03 1.000000E-99 1.000000E-99 1.000000E-99 1.167584E+09
9.218729E+03 1.000000E-99 1.000000E-99 1.000000E-99 1.155642E+09
9.268644E+03 1.000000E-99 1.000000E-99 1.000000E-99 1.143715E+09
9.318559E+03 1.000000E-99 1.000000E-99 1.000000E-99 1.131719E+09
9.368475E+03 1.000000E-99 1.000000E-99 1.000000E-99 1.119765E+09
9.418390E+03 1.000000E-99 1.000000E-99 1.000000E-99 1.107582E+09
9.468305E+03 1.000000E-99 1.000000E-99 1.000000E-99 1.095511E+09
9.518220E+03 1.000000E-99 1.000000E-99 1.000000E-99 1.083244E+09
9.568136E+03 1.000000E-99 1.000000E-99 1.000000E-99 1.070757E+09
9.618051E+03 1.000000E-99 1.000000E-99 1.000000E-99 1.058216E+09
9.667966E+03 1.000000E-99 1.000000E-99 1.000000E-99 1.045271E+09
9.717881E+03 1.000000E-99 1.000000E-99 1.000000E-99 1.032374E+09
9.767797E+03 1.000000E-99 1.000000E-99 1.000000E-99 1.019174E+09
9.817712E+03 1.000000E-99 1.000000E-99 1.000000E-99 1.005497E+09
9.867627E+03 1.000000E-99 1.000000E-99 1.000000E-99 9.915807E+08
9.917542E+03 1.000000E-99 1.000000E-99 1.000000E-99 9.773065E+08
9.967458E+03 1.000000E-99 1.000000E-99 1.000000E-99 9.623575E+08
1.001737E+04 1.000000E-99 1.000000E-99 1.000000E-99 9.465931E+08
1.006729E+04 1.000000E-99 1.000000E-99 1.607584E+09 9.307449E+08
1.011720E+04 1.000000E-99 1.000000E-99 1.585532E+09 9.139294E+08
1.016712E+04 1.000000E-99 1.000000E-99 1.563037E+09 8.958777E+08
1.021703E+04 1.000000E-99 1.000000E-99 1.541512E+09 8.774275E+08
1.026695E+04 1.000000E-99 1.000000E-99 1.519945E+09 8.579735E+08
1.031686E+04 1.000000E-99 1.000000E-99 1.498988E+09 8.380753E+08
1.036678E+04 1.000000E-99 1.000000E-99 1.478491E+09 8.174275E+08
1.041669E+04 1.000000E-99 1.000000E-99 1.458303E+09 7.954270E+08
1.046661E+04 1.000000E-99 1.000000E-99 1.438364E+09 7.731241E+08
1.051653E+04 1.000000E-99 1.000000E-99 1.418744E+09 7.502994E+08
1.056644E+04 1.000000E-99 1.000000E-99 1.399291E+09 7.259373E+08
1.061636E+04 1.000000E-99 1.000000E-99 1.380037E+09 7.007850E+08
1.066627E+04 1.000000E-99 1.000000E-99 1.360820E+09 6.755779E+08
1.071619E+04 1.000000E-99 1.000000E-99 1.341712E+09 6.500202E+08
1.076610E+04 1.000000E-99 1.000000E-99 1.322612E+09 6.247784E+08
1.081602E+04 1.000000E-99 1.000000E-99 1.303417E+09 6.018614E+08
1.086593E+04 1.000000E-99 1.000000E-99 1.284275E+09 5.820170E+08
1.091585E+04 1.000000E-99 1.000000E-99 1.264950E+09 5.638567E+08
1.096576E+04 1.000000E-99 1.000000E-99 1.245443E+09 5.481784E+08
1.101568E+04 1.000000E-99 1.000000E-99 1.225799E+09 5.346114E+08
1.106559E+04 1.000000E-99 1.000000E-99 1.205985E+09 5.227468E+08
1.111551E+04 1.000000E-99 1.000000E-99 1.185981E+09 5.124186E+08
1.116542E+04 1.000000E-99 1.000000E-99 1.165782E+09 5.030657E+08
1.121534E+04 1.000000E-99 1.000000E-99 1.145288E+09 4.943050E+08
1.126525E+04 1.000000E-99 1.000000E-99 1.124314E+09 4.859534E+08
1.131517E+04 1.000000E-99 1.000000E-99 1.103046E+09 4.779309E+08
1.136508E+04 1.000000E-99 1.000000E-99 1.081058E+09 4.700759E+08
1.141500E+04 1.000000E-99 1.000000E-99 1.059134E+09 4.623332E+08
1.146492E+04 1.000000E-99 1.000000E-99 1.036437E+09 4.546311E+08
1.151483E+04 1.000000E-99 1.000000E-99 1.013132E+09 4.468238E+08
1.156475E+04 1.000000E-99 1.000000E-99 9.900332E+08 4.389856E+08
1.161466E+04 1.000000E-99 1.000000E-99 9.668454E+08 4.309447E+08
1.166458E+04 1.000000E-99 1.000000E-99 9.436105E+08 4.228703E+08
1.171449E+04 1.000000E-99 1.000000E-99 9.200173E+08 4.144224E+08
1.176441E+04 1.000000E-99 1.000000E-99 8.976387E+08 4.057210E+08
1.181432E+04 1.000000E-99 1.000000E-99 8.748765E+08 3.967189E+08
1.186424E+04 1.000000E-99 1.000000E-99 8.527701E+08 3.874978E+08
1.191415E+04 1.000000E-99 1.000000E-99 8.314511E+08 3.780385E+08
1.196407E+04 1.000000E-99 1.000000E-99 8.108831E+08 3.679497E+08
1.201398E+04 1.000000E-99 1.000000E-99 7.919292E+08 3.580979E+08
1.206390E+04 1.000000E-99 1.000000E-99 7.734215E+08 3.482833E+08
1.211381E+04 1.000000E-99 1.000000E-99 7.559776E+08 3.387106E+08
1.216373E+04 1.000000E-99 1.000000E-99 7.398262E+08 3.296664E+08
1.221364E+04 1.000000E-99 1.000000E-99 7.242820E+08 3.212541E+08
1.226356E+04 1.000000E-99 1.000000E-99 7.100088E+08 3.133809E+08
1.231347E+04 1.000000E-99 1.000000E-99 6.963505E+08 3.060708E+08
1.236339E+04 1.000000E-99 1.000000E-99 6.830990E+08 2.996692E+08
1.241331E+04 1.000000E-99 1.000000E-99 6.706804E+08 2.936095E+08
1.246322E+04 1.000000E-99 1.000000E-99 6.588866E+08 2.882276E+08
1.251314E+04 1.000000E-99 1.000000E-99 6.473251E+08 2.829463E+08
1.256305E+04 1.000000E-99 1.000000E-99 6.359175E+08 2.774244E+08
1.261297E+04 1.000000E-99 1.000000E-99 6.248682E+08 2.722968E+08
1.266288E+04 1.000000E-99 1.000000E-99 6.140182E+08 2.672646E+08
1.271280E+04 1.000000E-99 1.000000E-99 6.034107E+08 2.626707E+08
1.276271E+04 1.000000E-99 1.000000E-99 5.929672E+08 2.579015E+08
1.281263E+04 1.000000E-99 1.000000E-99 5.826613E+08 2.533127E+08
1.286254E+04 1.000000E-99 1.000000E-99 5.725251E+08 2.487086E+08
1.291246E+04 1.000000E-99 1.000000E-99 5.626076E+08 2.441818E+08
1.296237E+04 1.000000E-99 1.000000E-99 5.528549E+08 2.398444E+08
1.301229E+04 1.000000E-99 1.000000E-99 5.433453E+08 2.356120E+08
1.306220E+04 1.000000E-99 1.000000E-99 5.338839E+08 2.312461E+08
1.311212E+04 1.000000E-99 1.000000E-99 5.246777E+08 2.271881E+08
1.316203E+04 1.000000E-99 1.000000E-99 5.155989E+08 2.231161E+08
1.321195E+04 1.000000E-99 1.000000E-99 5.067116E+08 2.191808E+08
1.326186E+04 1.000000E-99 1.000000E-99 4.979829E+08 2.151964E+08
1.331178E+04 1.000000E-99 1.000000E-99 4.893253E+08 2.112976E+08
1.336169E+04 1.000000E-99 1.000000E-99 4.808900E+08 2.074252E+08
1.341161E+04 1.000000E-99 1.000000E-99 4.725635E+08 2.036841E+08
1.346153E+04 1.000000E-99 1.000000E-99 4.643808E+08 2.001371E+08
1.351144E+04 1.000000E-99 1.000000E-99 4.564467E+08 1.967179E+08
1.356136E+04 1.000000E-99 1.000000E-99 4.486392E+08 1.932326E+08
1.361127E+04 1.000000E-99 1.000000E-99 4.407768E+08 1.898239E+08
1.366119E+04 1.000000E-99 1.000000E-99 4.331606E+08 1.864476E+08
1.371110E+04 1.000000E-99 1.000000E-99 4.256847E+08 1.831156E+08
1.376102E+04 1.000000E-99 1.000000E-99 4.183037E+08 1.799633E+08
1.381093E+04 1.000000E-99 1.000000E-99 4.110607E+08 1.768310E+08
1.386085E+04 1.000000E-99 1.000000E-99 4.039456E+08 1.737527E+08
1.391076E+04 1.000000E-99 1.000000E-99 3.969530E+08 1.706884E+08
1.396068E+04 1.000000E-99 1.000000E-99 3.901117E+08 1.677309E+08
1.401059E+04 1.000000E-99 1.000000E-99 3.833776E+08 1.647431E+08
1.406051E+04 1.000000E-99 1.000000E-99 3.767280E+08 1.618815E+08
1.411042E+04 1.000000E-99 1.000000E-99 3.702528E+08 1.590834E+08
1.416034E+04 1.000000E-99 1.000000E-99 3.638976E+08 1.562659E+08
1.421025E+04 1.000000E-99 1.000000E-99 3.576240E+08 1.535342E+08
1.426017E+04 1.000000E-99 1.000000E-99 3.515003E+08 1.508126E+08
1.431008E+04 1.000000E-99 1.000000E-99 3.454665E+08 1.481896E+08
1.436000E+04 1.000000E-99 1.000000E-99 3.395368E+08 1.456145E+08
1.440992E+04 1.000000E-99 1.000000E-99 3.336556E+08 1.430925E+08
1.445983E+04 1.000000E-99 1.000000E-99 3.278872E+08 1.405991E+08
1.450975E+04 1.000000E-99 1.000000E-99 3.222540E+08 1.381831E+08
1.455966E+04 1.000000E-99 1.000000E-99 3.167101E+08 1.357547E+08
1.460958E+04 1.000000E-99 1.000000E-99 3.112780E+08 1.333596E+08
1.465949E+04 1.000000E-99 1.000000E-99 3.058959E+08 1.310268E+08
1.470941E+04 1.000000E-99 1.000000E-99 3.006049E+08 1.287386E+08
1.475932E+04 1.000000E-99 1.000000E-99 2.954351E+08 1.265340E+08
1.480924E+04 1.000000E-99 1.000000E-99 2.903631E+08 1.243623E+08
1.485915E+04 1.000000E-99 1.000000E-99 2.853926E+08 1.222065E+08
1.490907E+04 1.000000E-99 1.000000E-99 2.804822E+08 1.200551E+08
1.495898E+04 1.000000E-99 1.000000E-99 2.756155E+08 1.179559E+08
1.500890E+04 1.000000E-99 1.000000E-99 2.708579E+08 1.159367E+08
1.505881E+04 1.000000E-99 1.000000E-99 2.662081E+08 1.139667E+08
1.510873E+04 1.000000E-99 1.000000E-99 2.616216E+08 1.120061E+08
1.515864E+04 1.000000E-99 1.000000E-99 2.571091E+08 1.100907E+08
1.520856E+04 1.000000E-99 1.000000E-99 2.526755E+08 1.082174E+08
1.525847E+04 1.000000E-99 1.000000E-99 2.483197E+08 1.063519E+08
1.530839E+04 1.000000E-99 1.000000E-99 2.440514E+08 1.044709E+08
1.535831E+04 1.000000E-99 1.000000E-99 2.398632E+08 1.026535E+08
1.540822E+04 1.000000E-99 1.000000E-99 2.357443E+08 1.008541E+08
1.545814E+04 1.000000E-99 1.000000E-99 2.316861E+08 9.911910E+07
1.550805E+04 1.000000E-99 1.000000E-99 2.277302E+08 9.738971E+07
1.555797E+04 1.000000E-99 1.000000E-99 2.238221E+08 9.567955E+07
1.560788E+04 1.000000E-99 1.000000E-99 2.199557E+08 9.403410E+07
1.565780E+04 1.000000E-99 1.000000E-99 2.161761E+08 9.244486E+07
1.570771E+04 1.000000E-99 1.000000E-99 2.124539E+08 9.084947E+07
1.575763E+04 1.000000E-99 1.000000E-99 2.087980E+08 8.929473E+07
1.580754E+04 1.000000E-99 1.000000E-99 2.052003E+08 8.776286E+07
1.585746E+04 1.000000E-99 1.000000E-99 2.016769E+08 8.624334E+07
1.590737E+04 1.000000E-99 1.000000E-99 1.982070E+08 8.475374E+07
1.595729E+04 1.000000E-99 1.000000E-99 1.948107E+08 8.327693E+07
1.600720E+04 1.000000E-99 1.000000E-99 1.914627E+08 8.182192E+07
1.605712E+04 1.000000E-99 1.000000E-99 1.881708E+08 8.041173E+07
1.610703E+04 1.000000E-99 1.000000E-99 1.849347E+08 7.902374E+07
1.615695E+04 1.000000E-99 1.000000E-99 1.817451E+08 7.765702E+07
1.620686E+04 1.000000E-99 1.000000E-99 1.786163E+08 7.632056E+07
1.625678E+04 1.000000E-99 1.000000E-99 1.755619E+08 7.502034E+07
1.630669E+04 1.000000E-99 1.000000E-99 1.725534E+08 7.374585E+07
1.635661E+04 1.000000E-99 1.000000E-99 1.696104E+08 7.246946E+07
1.640653E+04 1.000000E-99 1.000000E-99 1.667059E+08 7.120975E+07
1.645644E+04 1.000000E-99 1.000000E-99 1.638338E+08 6.997364E+07
1.650636E+04 1.000000E-99 1.000000E-99 1.610256E+08 6.876623E+07
1.655627E+04 1.000000E-99 1.000000E-99 1.582575E+08 6.757475E+07
1.660619E+04 1.000000E-99 1.000000E-99 1.555283E+08 6.640796E+07
1.665610E+04 1.000000E-99 1.000000E-99 1.528437E+08 6.526408E+07
1.670602E+04 1.000000E-99 1.000000E-99 1.502176E+08 6.413885E+07
1.675593E+04 1.000000E-99 1.000000E-99 1.476611E+08 6.302698E+07
1.680585E+04 1.000000E-99 1.000000E-99 1.451354E+08 6.193685E+07
1.685576E+04 1.000000E-99 1.000000E-99 1.426354E+08 6.087984E+07
1.690568E+04 1.000000E-99 1.000000E-99 1.401816E+08 5.984415E+07
1.695559E+04 1.000000E-99 1.000000E-99 1.377718E+08 5.881295E+07
1.700551E+04 1.000000E-99 1.000000E-99 1.354054E+08 5.779082E+07
1.705542E+04 1.000000E-99 4.624957E+08 1.330794E+08 5.679930E+07
1.710534E+04 1.000000E-99 4.541423E+08 1.307860E+08 5.583366E+07
1.715525E+04 1.000000E-99 4.460895E+08 1.285445E+08 5.487690E+07
1.720517E+04 1.000000E-99 4.382093E+08 1.263352E+08 5.393539E+07
1.725508E+04 1.000000E-99 4.304600E+08 1.241643E+08 5.301124E+07
1.730500E+04 1.000000E-99 4.228790E+08 1.220346E+08 5.210656E+07
1.735492E+04 1.000000E-99 4.154461E+08 1.199478E+08 5.121083E+07
1.740483E+04 1.000000E-99 4.081687E+08 1.178872E+08 5.032586E+07
1.745475E+04 1.000000E-99 4.010250E+08 1.158579E+08 4.946145E+07
1.750466E+04 1.000000E-99 3.939285E+08 1.138718E+08 4.860836E+07
1.755458E+04 1.000000E-99 3.869685E+08 1.119237E+08 4.778493E+07
1.760449E+04 1.000000E-99 3.802017E+08 1.100091E+08 4.697495E+07
1.765441E+04 1.000000E-99 3.735696E+08 1.081187E+08 4.616392E+07
1.770432E+04 1.000000E-99 3.671509E+08 1.062691E+08 4.537015E+07
1.775424E+04 1.000000E-99 3.607989E+08 1.044413E+08 4.459798E+07
1.780415E+04 1.000000E-99 3.544827E+08 1.026330E+08 4.382744E+07
1.785407E+04 1.000000E-99 3.483610E+08 1.008684E+08 4.307421E+07
1.790398E+04 1.000000E-99 3.423584E+08 9.914457E+07 4.232883E+07
1.795390E+04 1.000000E-99 3.363942E+08 9.744189E+07 4.160035E+07
1.800381E+04 1.000000E-99 3.305152E+08 9.577287E+07 4.089114E+07
1.805373E+04 1.000000E-99 3.247284E+08 9.412999E+07 4.019550E+07
1.810364E+04 1.000000E-99 3.190994E+08 9.251483E+07 3.951230E+07
1.815356E+04 1.000000E-99 3.135538E+08 9.093365E+07 3.883355E+07
1.820347E+04 1.000000E-99 3.080636E+08 8.937726E+07 3.816249E+07
1.825339E+04 1.000000E-99 3.027356E+08 8.784094E+07 3.750719E+07
1.830331E+04 1.000000E-99 2.975014E+08 8.632757E+07 3.686093E+07
1.835322E+04 1.000000E-99 2.923646E+08 8.484622E+07 3.622752E+07
1.840314E+04 1.000000E-99 2.873119E+08 8.338938E+07 3.560442E+07
1.845305E+04 1.000000E-99 2.823063E+08 8.195846E+07 3.498719E+07
1.850297E+04 1.000000E-99 2.774103E+08 8.055359E+07 3.438719E+07
1.855288E+04 1.000000E-99 2.726065E+08 7.916631E+07 3.380259E+07
1.860280E+04 1.000000E-99 2.678788E+08 7.780960E+07 3.322746E+07
1.865271E+04 1.000000E-99 2.632385E+08 7.648246E+07 3.266330E+07
1.870263E+04 1.000000E-99 2.587085E+08 7.517175E+07 3.210401E+07
1.875254E+04 1.000000E-99 2.542579E+08 7.388138E+07 3.154718E+07
1.880246E+04 1.000000E-99 2.498829E+08 7.261306E+07 3.100345E+07
1.885237E+04 1.000000E-99 2.455565E+08 7.136663E+07 3.047283E+07
1.890229E+04 1.000000E-99 2.413025E+08 7.014924E+07 2.994890E+07
1.895220E+04 1.000000E-99 2.371496E+08 6.895495E+07 2.943444E+07
1.900212E+04 1.000000E-99 2.330688E+08 6.777289E+07 2.893104E+07
1.905203E+04 1.000000E-99 2.290307E+08 6.661223E+07 2.843542E+07
1.910195E+04 1.000000E-99 2.250591E+08 6.546606E+07 2.794810E+07
1.915186E+04 1.000000E-99 2.211985E+08 6.434316E+07 2.747284E+07
1.920178E+04 1.000000E-99 2.173923E+08 6.324741E+07 2.700281E+07
1.925169E+04 1.000000E-99 2.136242E+08 6.216793E+07 2.653733E+07
1.930161E+04 1.000000E-99 2.099286E+08 6.109970E+07 2.608520E+07
1.935153E+04 1.000000E-99 2.063106E+08 6.004829E+07 2.564121E+07
1.940144E+04 1.000000E-99 2.027745E+08 5.902127E+07 2.520092E+07
1.945136E+04 1.000000E-99 1.992931E+08 5.801384E+07 2.476800E+07
1.950127E+04 1.000000E-99 1.958530E+08 5.702101E+07 2.434485E+07
1.955119E+04 1.000000E-99 1.924609E+08 5.603938E+07 2.392854E+07
1.960110E+04 1.000000E-99 1.891432E+08 5.507692E+07 2.351805E+07
1.965102E+04 1.000000E-99 1.859034E+08 5.413224E+07 2.311658E+07
1.970093E+04 1.000000E-99 1.827044E+08 5.320606E+07 2.271878E+07
1.975085E+04 1.000000E-99 1.795489E+08 5.229674E+07 2.232880E+07
1.980076E+04 1.000000E-99 1.764658E+08 5.140024E+07 2.194698E+07
1.985068E+04 1.000000E-99 1.734339E+08 5.052160E+07 2.157388E+07
1.990059E+04 1.000000E-99 1.704419E+08 4.965942E+07 2.120593E+07
1.995051E+04 1.000000E-99 1.675153E+08 4.880993E+07 2.083969E+07
2.000042E+04 1.000000E-99 1.646301E+08 4.797151E+07 2.048159E+07
2.005034E+04 1.000000E-99 1.617938E+08 4.715130E+07 2.013123E+07
2.010025E+04 1.000000E-99 1.590331E+08 4.634507E+07 1.978883E+07
2.015017E+04 1.000000E-99 1.563267E+08 4.555017E+07 1.945204E+07
2.020008E+04 1.000000E-99 1.536366E+08 4.476878E+07 1.911855E+07
2.025000E+04 1.000000E-99 1.509823E+08 4.400515E+07 1.879476E+07
2.029992E+04 1.000000E-99 1.483793E+08 4.325496E+07 1.847596E+07
2.034983E+04 1.000000E-99 1.458270E+08 4.251429E+07 1.816029E+07
2.039975E+04 1.000000E-99 1.433203E+08 4.178979E+07 1.785122E+07
2.044966E+04 1.000000E-99 1.408476E+08 4.107650E+07 1.754628E+07
2.049958E+04 1.000000E-99 1.384266E+08 4.037042E+07 1.724540E+07
2.054949E+04 1.088826E+09 1.360359E+08 3.967623E+07 1.695217E+07
2.059941E+04 1.069621E+09 1.336946E+08 3.899848E+07 1.666452E+07
2.064932E+04 1.050793E+09 1.314120E+08 3.833290E+07 1.637887E+07
2.069924E+04 1.032435E+09 1.291557E+08 3.767761E+07 1.609729E+07
2.074915E+04 1.014405E+09 1.269461E+08 3.703316E+07 1.581963E+07
2.079907E+04 9.966594E+08 1.247708E+08 3.640219E+07 1.555225E+07
2.084898E+04 9.792706E+08 1.226132E+08 3.578092E+07 1.529010E+07
2.089890E+04 9.622246E+08 1.205094E+08 3.516997E+07 1.502840E+07
2.094881E+04 9.455601E+08 1.184407E+08 3.457230E+07 1.476937E+07
2.099873E+04 9.291092E+08 1.164046E+08 3.398301E+07 1.451573E+07
2.104864E+04 9.129133E+08 1.144129E+08 3.340206E+07 1.426788E+07
2.109856E+04 8.971462E+08 1.124567E+08 3.283152E+07 1.402421E+07
2.114847E+04 8.816769E+08 1.105310E+08 3.227167E+07 1.378406E+07
2.119839E+04 8.664192E+08 1.086226E+08 3.171970E+07 1.354749E+07
2.124831E+04 8.514132E+08 1.067593E+08 3.117442E+07 1.331475E+07
2.129822E+04 8.367421E+08 1.049374E+08 3.064044E+07 1.308729E+07
2.134814E+04 8.222977E+08 1.031364E+08 3.011888E+07 1.286793E+07
2.139805E+04 8.080633E+08 1.013584E+08 2.960451E+07 1.264987E+07
2.144797E+04 7.941475E+08 9.961103E+07 2.909808E+07 1.243262E+07
2.149788E+04 7.805276E+08 9.790633E+07 2.860246E+07 1.222087E+07
2.154780E+04 7.670125E+08 9.623693E+07 2.811358E+07 1.201224E+07
2.159771E+04 7.536898E+08 9.458697E+07 2.763143E+07 1.180704E+07
2.164763E+04 7.406782E+08 9.296474E+07 2.715849E+07 1.160484E+07
2.169754E+04 7.279262E+08 9.137179E+07 2.669218E+07 1.140666E+07
2.174746E+04 7.153670E+08 8.980470E+07 2.623635E+07 1.121234E+07
2.179737E+04 7.029613E+08 8.826304E+07 2.578843E+07 1.102187E+07
2.184729E+04 6.908012E+08 8.675317E+07 2.534757E+07 1.083341E+07
2.189720E+04 6.789750E+08 8.527041E+07 2.491397E+07 1.064803E+07
2.194712E+04 6.673702E+08 8.380542E+07 2.448897E+07 1.046731E+07
2.199703E+04 6.558557E+08 8.237231E+07 2.407085E+07 1.028802E+07
2.204695E+04 6.445542E+08 8.097212E+07 2.365979E+07 1.011210E+07
2.209686E+04 6.334655E+08 7.958588E+07 2.325694E+07 9.940310E+06
2.214678E+04 6.225385E+08 7.822340E+07 2.286070E+07 9.770445E+06
2.219669E+04 6.117735E+08 7.688458E+07 2.246989E+07 9.602493E+06
2.224661E+04 6.012353E+08 7.556047E+07 2.208532E+07 9.437713E+06
2.229653E+04 5.908761E+08 7.425793E+07 2.170742E+07 9.277281E+06
2.234644E+04 5.806703E+08 7.298565E+07 2.133761E+07 9.119162E+06
2.239636E+04 5.706493E+08 7.173655E+07 2.097368E+07 8.964443E+06
2.244627E+04 5.608071E+08 7.050684E+07 2.061344E+07 8.812281E+06
2.249619E+04 5.511732E+08 6.929671E+07 2.026081E+07 8.661846E+06
2.254610E+04 5.417013E+08 6.810702E+07 1.991549E+07 8.514220E+06
2.259602E+04 5.324087E+08 6.693984E+07 1.957627E+07 8.368581E+06
2.264593E+04 5.232612E+08 6.579625E+07 1.924224E+07 8.224540E+06
2.269585E+04 5.142474E+08 6.466881E+07 1.891237E+07 8.083310E+06
2.274576E+04 5.053743E+08 6.355833E+07 1.858856E+07 7.945174E+06
2.279568E+04 4.966660E+08 6.247490E+07 1.827240E+07 7.810324E+06
2.284559E+04 4.881011E+08 6.141051E+07 1.796167E+07 7.678345E+06
2.289551E+04 4.796885E+08 6.035719E+07 1.765442E+07 7.547237E+06
2.294542E+04 4.714601E+08 5.932733E+07 1.735129E+07 7.417042E+06
2.299534E+04 4.633718E+08 5.831396E+07 1.705591E+07 7.290023E+06
2.304525E+04 4.554305E+08 5.731343E+07 1.676628E+07 7.165084E+06
2.309517E+04 4.476194E+08 5.633376E+07 1.647938E+07 7.042506E+06
2.314508E+04 4.399152E+08 5.536795E+07 1.619890E+07 6.923144E+06
2.319500E+04 4.323096E+08 5.441702E+07 1.592284E+07 6.805858E+06
2.324492E+04 4.248498E+08 5.348615E+07 1.565094E+07 6.689278E+06
2.329483E+04 4.175669E+08 5.257609E+07 1.538343E+07 6.574754E+06
2.334475E+04 4.103795E+08 5.167880E+07 1.512104E+07 6.462820E+06
2.339466E+04 4.033411E+08 5.079307E+07 1.486390E+07 6.353456E+06
2.344458E+04 3.964298E+08 4.992117E+07 1.460994E+07 6.245912E+06
2.349449E+04 3.896286E+08 4.906837E+07 1.436053E+07 6.138660E+06
2.354441E+04 3.829043E+08 4.823077E+07 1.411521E+07 6.033478E+06
2.359432E+04 3.763206E+08 4.741018E+07 1.387444E+07 5.930384E+06
2.364424E+04 3.698852E+08 4.659996E+07 1.363801E+07 5.829374E+06
2.369415E+04 3.635407E+08 4.580181E+07 1.340472E+07 5.729881E+06
2.374407E+04 3.572929E+08 4.501727E+07 1.317599E+07 5.631545E+06
2.379398E+04 3.511491E+08 4.424720E+07 1.295151E+07 5.535232E+06
2.384390E+04 3.451243E+08 4.349237E+07 1.272948E+07 5.441058E+06
2.389381E+04 3.392003E+08 4.274999E+07 1.251167E+07 5.348990E+06
2.394373E+04 3.333915E+08 4.201946E+07 1.229851E+07 5.257929E+06
2.399364E+04 3.276768E+08 4.129911E+07 1.208829E+07 5.168105E+06
2.404356E+04 3.220494E+08 4.059109E+07 1.188182E+07 5.079679E+06
2.409347E+04 3.165270E+08 3.989547E+07 1.167974E+07 4.992951E+06
2.414339E+04 3.110997E+08 3.921062E+07 1.147988E+07 4.908172E+06
2.419331E+04 3.057523E+08 3.854276E+07 1.128414E+07 4.824504E+06
2.424322E+04 3.004899E+08 3.788860E+07 1.109212E+07 4.741478E+06
2.429314E+04 2.953100E+08 3.723883E+07 1.090267E+07 4.660259E+06
2.434305E+04 2.902519E+08 3.659828E+07 1.071744E+07 4.581662E+06
2.439297E+04 2.852851E+08 3.597543E+07 1.053520E+07 4.504224E+06
2.444288E+04 2.803972E+08 3.536339E+07 1.035558E+07 4.427771E+06
2.449280E+04 2.755710E+08 3.475993E+07 1.017838E+07 4.351373E+06
2.454271E+04 2.708253E+08 3.416546E+07 1.000393E+07 4.276570E+06
2.459263E+04 2.662057E+08 3.358165E+07 9.833796E+06 4.203895E+06
2.464254E+04 2.616557E+08 3.300610E+07 9.665748E+06 4.132656E+06
2.469246E+04 2.571539E+08 3.244126E+07 9.500272E+06 4.061850E+06
2.474237E+04 2.527259E+08 3.188991E+07 9.338649E+06 3.992875E+06
2.479229E+04 2.483933E+08 3.134993E+07 9.179048E+06 3.924861E+06
2.484220E+04 2.441209E+08 3.081429E+07 9.022171E+06 3.857793E+06
2.489212E+04 2.399295E+08 3.028854E+07 8.868381E+06 3.792225E+06
2.494203E+04 2.358089E+08 2.977087E+07 8.716768E+06 3.727391E+06
2.499195E+04 2.317667E+08 2.926043E+07 8.568186E+06 3.663857E+06
2.504186E+04 2.278044E+08 2.875853E+07 8.421531E+06 3.601894E+06
2.509178E+04 2.238908E+08 2.826864E+07 8.277901E+06 3.540841E+06
2.514169E+04 2.200555E+08 2.778607E+07 8.136956E+06 3.480945E+06
2.519161E+04 2.162851E+08 2.731249E+07 7.998424E+06 3.421140E+06
2.524153E+04 2.125711E+08 2.684326E+07 7.861654E+06 3.362832E+06
2.529144E+04 2.089315E+08 2.638302E+07 7.727198E+06 3.304844E+06
2.534136E+04 2.053462E+08 2.593184E+07 7.595259E+06 3.248255E+06
2.539127E+04 2.018337E+08 2.549050E+07 7.466200E+06 3.192835E+06
2.544119E+04 1.983714E+08 2.505516E+07 7.338878E+06 3.138527E+06
2.549110E+04 1.949785E+08 2.462768E+07 7.213502E+06 3.085510E+06
2.554102E+04 1.916468E+08 2.420639E+07 7.090144E+06 3.032635E+06
2.559093E+04 1.883861E+08 2.379148E+07 6.969226E+06 2.980989E+06
2.564085E+04 1.851562E+08 2.338625E+07 6.849903E+06 2.930088E+06
2.569076E+04 1.819887E+08 2.298797E+07 6.732987E+06 2.879781E+06
2.574068E+04 1.788591E+08 2.259461E+07 6.618023E+06 2.830420E+06
2.579059E+04 1.757774E+08 2.220885E+07 6.505474E+06 2.782134E+06
2.584051E+04 1.727478E+08 2.182948E+07 6.394737E+06 2.734881E+06
2.589042E+04 1.697849E+08 2.145687E+07 6.285486E+06 2.688174E+06
2.594034E+04 1.668898E+08 2.108963E+07 6.178090E+06 2.642681E+06
2.599025E+04 1.640445E+08 2.072991E+07 6.072554E+06 2.598209E+06
2.604017E+04 1.612419E+08 2.037519E+07 5.969200E+06 2.553725E+06
2.609008E+04 1.584770E+08 2.002774E+07 5.867202E+06 2.509990E+06
2.614000E+04 1.557648E+08 1.968679E+07 5.767149E+06 2.467521E+06
2.618992E+04 1.531107E+08 1.935058E+07 5.668871E+06 2.425530E+06
2.623983E+04 1.504807E+08 1.901865E+07 5.572168E+06 2.383926E+06
2.628975E+04 1.479065E+08 1.869435E+07 5.477296E+06 2.343412E+06
2.633966E+04 1.453727E+08 1.837579E+07 5.383821E+06 2.303378E+06
2.638958E+04 1.428784E+08 1.806137E+07 5.291877E+06 2.264391E+06
2.643949E+04 1.404280E+08 1.775400E+07 5.201816E+06 2.226051E+06
2.648941E+04 1.380295E+08 1.745167E+07 5.113288E+06 2.187775E+06
2.653932E+04 1.356691E+08 1.715414E+07 5.026173E+06 2.150457E+06
2.658924E+04 1.333568E+08 1.686121E+07 4.940435E+06 2.113983E+06
2.663915E+04 1.310715E+08 1.657207E+07 4.856208E+06 2.077640E+06
2.668907E+04 1.288246E+08 1.628982E+07 4.772968E+06 2.042613E+06
2.673898E+04 1.266230E+08 1.601153E+07 4.691391E+06 2.008162E+06
2.678890E+04 1.244553E+08 1.573800E+07 4.611548E+06 1.974008E+06
2.683881E+04 1.223236E+08 1.546922E+07 4.532976E+06 1.940401E+06
2.688873E+04 1.202332E+08 1.520459E+07 4.455725E+06 1.907111E+06
2.693864E+04 1.181835E+08 1.494458E+07 4.379712E+06 1.874350E+06
2.698856E+04 1.161673E+08 1.468933E+07 4.305100E+06 1.842376E+06
2.703847E+04 1.141791E+08 1.443905E+07 4.231870E+06 1.811039E+06
2.708839E+04 1.122293E+08 1.419139E+07 4.159380E+06 1.780436E+06
2.713831E+04 1.103078E+08 1.394901E+07 4.088354E+06 1.749886E+06
2.718822E+04 1.084173E+08 1.371042E+07 4.018415E+06 1.720211E+06
2.723814E+04 1.065600E+08 1.347587E+07 3.949796E+06 1.691020E+06
2.728805E+04 1.047474E+08 1.324587E+07 3.882600E+06 1.661893E+06
2.733797E+04 1.029607E+08 1.302058E+07 3.816397E+06 1.633553E+06
2.738788E+04 1.011993E+08 1.279823E+07 3.751192E+06 1.605551E+06
2.743780E+04 9.946537E+07 1.257896E+07 3.687146E+06 1.578321E+06
2.748771E+04 9.776434E+07 1.236399E+07 3.624338E+06 1.551320E+06
2.753763E+04 9.609209E+07 1.215216E+07 3.562489E+06 1.524869E+06
2.758754E+04 9.444514E+07 1.194500E+07 3.501987E+06 1.498950E+06
2.763746E+04 9.282162E+07 1.174226E+07 3.442138E+06 1.473487E+06
2.768737E+04 9.123998E+07 1.154201E+07 3.383258E+06 1.448303E+06
2.773729E+04 8.968358E+07 1.134396E+07 3.325630E+06 1.423672E+06
2.778720E+04 8.815114E+07 1.115007E+07 3.268981E+06 1.399584E+06
2.783712E+04 8.664926E+07 1.095941E+07 3.213231E+06 1.375726E+06
2.788703E+04 8.516647E+07 1.077190E+07 3.158328E+06 1.351921E+06
2.793695E+04 8.371373E+07 1.058764E+07 3.104428E+06 1.328869E+06
2.798686E+04 8.228563E+07 1.040750E+07 3.051558E+06 1.306399E+06
2.803678E+04 8.087482E+07 1.023006E+07 2.999524E+06 1.284078E+06
2.808669E+04 7.949080E+07 1.005491E+07 2.948367E+06 1.262148E+06
2.813661E+04 7.813270E+07 9.883920E+06 2.898087E+06 1.240772E+06
2.818653E+04 7.679837E+07 9.715002E+06 2.848480E+06 1.219671E+06
2.823644E+04 7.549177E+07 9.549049E+06 2.799775E+06 1.198653E+06
2.828636E+04 7.420261E+07 9.385811E+06 2.751979E+06 1.178268E+06
2.833627E+04 7.293226E+07 9.226284E+06 2.705082E+06 1.158242E+06
2.838619E+04 7.169098E+07 9.068609E+06 2.659091E+06 1.138694E+06
2.843610E+04 7.047075E+07 8.913115E+06 2.613794E+06 1.119345E+06
2.848602E+04 6.926725E+07 8.761792E+06 2.569149E+06 1.100308E+06
2.853593E+04 6.808238E+07 8.612156E+06 2.525236E+06 1.081632E+06
2.858585E+04 6.692321E+07 8.465681E+06 2.482222E+06 1.063028E+06
2.863576E+04 6.578134E+07 8.321668E+06 2.439912E+06 1.044859E+06
2.868568E+04 6.465263E+07 8.179862E+06 2.398240E+06 1.027123E+06
2.873559E+04 6.355015E+07 8.040193E+06 2.357276E+06 1.009592E+06
2.878551E+04 6.246353E+07 7.902425E+06 2.317068E+06 9.923719E+05
2.883542E+04 6.139077E+07 7.767295E+06 2.277631E+06 9.753272E+05
2.888534E+04 6.034254E+07 7.634479E+06 2.238841E+06 9.587396E+05
2.893525E+04 5.931215E+07 7.504001E+06 2.200700E+06 9.422450E+05
2.898517E+04 5.830043E+07 7.376334E+06 2.163123E+06 9.260800E+05
2.903508E+04 5.730479E+07 7.250433E+06 2.126209E+06 9.102819E+05
2.908500E+04 5.632410E+07 7.126527E+06 2.089893E+06 8.948592E+05
2.913492E+04 5.536709E+07 7.005320E+06 2.054229E+06 8.797053E+05
2.918483E+04 5.442551E+07 6.885654E+06 2.019166E+06 8.647690E+05
2.923475E+04 5.349678E+07 6.767961E+06 1.984691E+06 8.499030E+05
2.928466E+04 5.257979E+07 6.652279E+06 1.950838E+06 8.354287E+05
2.933458E+04 5.168748E+07 6.539187E+06 1.917548E+06 8.212960E+05
2.938449E+04 5.080299E+07 6.427001E+06 1.884807E+06 8.074055E+05
2.943441E+04 4.993341E+07 6.317207E+06 1.852685E+06 7.935026E+05
2.948432E+04 4.907837E+07 6.209438E+06 1.821048E+06 7.800396E+05
2.953424E+04 4.823951E+07 6.103641E+06 1.789970E+06 7.667788E+05
2.958415E+04 4.741508E+07 5.999160E+06 1.759353E+06 7.536504E+05
2.963407E+04 4.660437E+07 5.896308E+06 1.729307E+06 7.408434E+05
2.968398E+04 4.580840E+07 5.795566E+06 1.699841E+06 7.283010E+05
2.973390E+04 4.502695E+07 5.696774E+06 1.670895E+06 7.157802E+05
2.978381E+04 4.425697E+07 5.599771E+06 1.642387E+06 7.035501E+05
2.983373E+04 4.350251E+07 5.504136E+06 1.614394E+06 6.914997E+05
2.988364E+04 4.276152E+07 5.410557E+06 1.586839E+06 6.797600E+05
2.993356E+04 4.203305E+07 5.318151E+06 1.559762E+06 6.682101E+05
2.998347E+04 4.131372E+07 5.227252E+06 1.533187E+06 6.569758E+05
3.003339E+04 4.060905E+07 5.138387E+06 1.507026E+06 6.457290E+05
3.008331E+04 3.991396E+07 5.050721E+06 1.481359E+06 6.345762E+05
3.013322E+04 3.923224E+07 4.964317E+06 1.456172E+06 6.237824E+05
3.018314E+04 3.855928E+07 4.878933E+06 1.431218E+06 6.132676E+05
3.023305E+04 3.790197E+07 4.795526E+06 1.406859E+06 6.028646E+05
3.028297E+04 3.725494E+07 4.713676E+06 1.382870E+06 5.925488E+05
3.033288E+04 3.661983E+07 4.633362E+06 1.359253E+06 5.824700E+05
3.038280E+04 3.599508E+07 4.554240E+06 1.336054E+06 5.726750E+05
3.043271E+04 3.537958E+07 4.476601E+06 1.313272E+06 5.629033E+05
3.048263E+04 3.477673E+07 4.400142E+06 1.290866E+06 5.533511E+05
3.053254E+04 3.418546E+07 4.325316E+06 1.268802E+06 5.438900E+05
3.058246E+04 3.360381E+07 4.251313E+06 1.247159E+06 5.345348E+05
3.063237E+04 3.302778E+07 4.178753E+06 1.225960E+06 5.254765E+05
3.068229E+04 3.246568E+07 4.107752E+06 1.205069E+06 5.164930E+05
3.073220E+04 3.191441E+07 4.037629E+06 1.184470E+06 5.076832E+05
3.078212E+04 3.136934E+07 3.968760E+06 1.164256E+06 4.990354E+05
3.083203E+04 3.083288E+07 3.901095E+06 1.144400E+06 4.905347E+05
3.088195E+04 3.030484E+07 3.834503E+06 1.124929E+06 4.822239E+05
3.093186E+04 2.978699E+07 3.768941E+06 1.105723E+06 4.740928E+05
3.098178E+04 2.927901E+07 3.704618E+06 1.086833E+06 4.659604E+05
3.103169E+04 2.877905E+07 3.641465E+06 1.068307E+06 4.580386E+05
3.108161E+04 2.828704E+07 3.579395E+06 1.050099E+06 4.501959E+05
3.113153E+04 2.780447E+07 3.518204E+06 1.032175E+06 4.424403E+05
3.118144E+04 2.732969E+07 3.458009E+06 1.014561E+06 4.348951E+05
3.123136E+04 2.686529E+07 3.399287E+06 9.972835E+05 4.275144E+05
3.128127E+04 2.640842E+07 3.341526E+06 9.802544E+05 4.202855E+05
3.133119E+04 2.595712E+07 3.284740E+06 9.635306E+05 4.131486E+05
3.138110E+04 2.551420E+07 3.228630E+06 9.471367E+05 4.062064E+05
3.143102E+04 2.507907E+07 3.173519E+06 9.309204E+05 3.992260E+05
3.148093E+04 2.464915E+07 3.119622E+06 9.150317E+05 3.924405E+05
3.153085E+04 2.422887E+07 3.066455E+06 8.994316E+05 3.857938E+05
3.158076E+04 2.381573E+07 3.013989E+06 8.840657E+05 3.792114E+05
3.163068E+04 2.340879E+07 2.962580E+06 8.690108E+05 3.727810E+05
3.168059E+04 2.300854E+07 2.911966E+06 8.541892E+05 3.664092E+05
3.173051E+04 2.261612E+07 2.862187E+06 8.395744E+05 3.601690E+05
3.178042E+04 2.223127E+07 2.813296E+06 8.252817E+05 3.540595E+05
3.183034E+04 2.185093E+07 2.765405E+06 8.111969E+05 3.480563E+05
3.188025E+04 2.147807E+07 2.718218E+06 7.973420E+05 3.421578E+05
3.193017E+04 2.111051E+07 2.671843E+06 7.837404E+05 3.362401E+05
3.198008E+04 2.075402E+07 2.626632E+06 7.704253E+05 3.305080E+05
3.203000E+04 2.039998E+07 2.581744E+06 7.572837E+05 3.248698E+05
3.207992E+04 2.005214E+07 2.537731E+06 7.443742E+05 3.193417E+05
3.212983E+04 1.970856E+07 2.494486E+06 7.316758E+05 3.139057E+05
3.217975E+04 1.937112E+07 2.451809E+06 7.191881E+05 3.085821E+05
3.222966E+04 1.904106E+07 2.410174E+06 7.069045E+05 3.033310E+05
3.227958E+04 1.871608E+07 2.368855E+06 6.948417E+05 2.981867E+05
3.232949E+04 1.839772E+07 2.328706E+06 6.830285E+05 2.930853E+05
3.237941E+04 1.808338E+07 2.288921E+06 6.713678E+05 2.880974E+05
3.242932E+04 1.777597E+07 2.249714E+06 6.599120E+05 2.832288E+05
3.247924E+04 1.747282E+07 2.211391E+06 6.486442E+05 2.784708E+05
3.252915E+04 1.717408E+07 2.173738E+06 6.375895E+05 2.737306E+05
3.257907E+04 1.688042E+07 2.136519E+06 6.267100E+05 2.690457E+05
3.262898E+04 1.659214E+07 2.099971E+06 6.160042E+05 2.644678E+05
3.267890E+04 1.630970E+07 2.064186E+06 6.054860E+05 2.599230E+05
3.272881E+04 1.603104E+07 2.029045E+06 5.951557E+05 2.555399E+05
3.277873E+04 1.575614E+07 1.994536E+06 5.850217E+05 2.511892E+05
3.282864E+04 1.548651E+07 1.960445E+06 5.750642E+05 2.468991E+05
3.287856E+04 1.522283E+07 1.927016E+06 5.652321E+05 2.426765E+05
3.292847E+04 1.496244E+07 1.894179E+06 5.555904E+05 2.385367E+05
3.297839E+04 1.470685E+07 1.861823E+06 5.461005E+05 2.344850E+05
3.302831E+04 1.445613E+07 1.830049E+06 5.367947E+05 2.304700E+05
3.307822E+04 1.421000E+07 1.798801E+06 5.276515E+05 2.265660E+05
3.312814E+04 1.396752E+07 1.768209E+06 5.186523E+05 2.226830E+05
3.317805E+04 1.372887E+07 1.738041E+06 5.097934E+05 2.189221E+05
3.322797E+04 1.349468E+07 1.708454E+06 5.011042E+05 2.151996E+05
3.327788E+04 1.326420E+07 1.679509E+06 4.925492E+05 2.115224E+05
3.332780E+04 1.303728E+07 1.650794E+06 4.841539E+05 2.079243E+05
3.337771E+04 1.281435E+07 1.622599E+06 4.759267E+05 2.043722E+05
3.342763E+04 1.259575E+07 1.594853E+06 4.677932E+05 2.008998E+05
3.347754E+04 1.238097E+07 1.567631E+06 4.598332E+05 1.975045E+05
3.352746E+04 1.216953E+07 1.540830E+06 4.519755E+05 1.941379E+05
3.357737E+04 1.196206E+07 1.514666E+06 4.442600E+05 1.908178E+05
3.362729E+04 1.175716E+07 1.488812E+06 4.366707E+05 1.876031E+05
3.367720E+04 1.155653E+07 1.463372E+06 4.292145E+05 1.844074E+05
3.372712E+04 1.135929E+07 1.438494E+06 4.218902E+05 1.812555E+05
3.377703E+04 1.116586E+07 1.413947E+06 4.146912E+05 1.781833E+05
3.382695E+04 1.097537E+07 1.389783E+06 4.076060E+05 1.751701E+05
3.387686E+04 1.078801E+07 1.366093E+06 4.006538E+05 1.721813E+05
3.392678E+04 1.060355E+07 1.342736E+06 3.938201E+05 1.692416E+05
3.397669E+04 1.042274E+07 1.319848E+06 3.870999E+05 1.663539E+05
3.402661E+04 1.024480E+07 1.297356E+06 3.804933E+05 1.635156E+05
3.407653E+04 1.007021E+07 1.275247E+06 3.740251E+05 1.607415E+05
3.412644E+04 9.898640E+06 1.253520E+06 3.676301E+05 1.580159E+05
3.417636E+04 9.729473E+06 1.232183E+06 3.613650E+05 1.553534E+05
3.422627E+04 9.563148E+06 1.211129E+06 3.551985E+05 1.526843E+05
3.427619E+04 9.400120E+06 1.190414E+06 3.491348E+05 1.501233E+05
3.432610E+04 9.239194E+06 1.170161E+06 3.431754E+05 1.475680E+05
3.437602E+04 9.081114E+06 1.150166E+06 3.373208E+05 1.450395E+05
3.442593E+04 8.926361E+06 1.130572E+06 3.315756E+05 1.425535E+05
3.447585E+04 8.774070E+06 1.111237E+06 3.259181E+05 1.401262E+05
3.452576E+04 8.624138E+06 1.092324E+06 3.203490E+05 1.377600E+05
3.457568E+04 8.476990E+06 1.073668E+06 3.148990E+05 1.353964E+05
3.462559E+04 8.332165E+06 1.055318E+06 3.095168E+05 1.330917E+05
3.467551E+04 8.190197E+06 1.037326E+06 3.042487E+05 1.308255E+05
3.472542E+04 8.050158E+06 1.019711E+06 2.990487E+05 1.286097E+05
3.477534E+04 7.912609E+06 1.002242E+06 2.939468E+05 1.264213E+05
3.482525E+04 7.777690E+06 9.850925E+05 2.889301E+05 1.243024E+05
3.487517E+04 7.644825E+06 9.683229E+05 2.840023E+05 1.221786E+05
3.492508E+04 7.514294E+06 9.518135E+05 2.791565E+05 1.200894E+05
3.497500E+04 7.385727E+06 9.355499E+05 2.743886E+05 1.180538E+05
