#NTIMES: 710
#NBANDS:   8
#OPTSET: Bessell
#NIRSET: 2MASS
#time[d] U B V R I J H K
5.98400e-07  -3.213  -3.047  -3.747  -4.185  -4.703  -4.896  -5.417  -5.417
1.11410e-06  -3.311  -3.142  -3.845  -4.282  -4.801  -4.999  -5.525  -5.525
1.97020e-06  -3.451  -3.282  -3.985  -4.423  -4.943  -5.148  -5.680  -5.680
3.38870e-06  -3.641  -3.472  -4.175  -4.615  -5.136  -5.348  -5.885  -5.885
5.82240e-06  -3.888  -3.722  -4.422  -4.863  -5.386  -5.608  -6.152  -6.152
1.00152e-05  -4.183  -4.015  -4.717  -5.158  -5.681  -5.911  -6.462  -6.462
1.59700e-05  -4.453  -4.287  -4.987  -5.429  -5.954  -6.191  -6.745  -6.745
2.29414e-05  -4.661  -4.492  -5.195  -5.638  -6.162  -6.403  -6.960  -6.960
3.21367e-05  -4.858  -4.692  -5.395  -5.836  -6.362  -6.606  -7.167  -7.167
5.12578e-05  -5.081  -4.913  -5.617  -6.059  -6.584  -6.838  -7.402  -7.402
6.93288e-05  -5.178  -5.010  -5.713  -6.157  -6.685  -6.943  -7.510  -7.510
1.10376e-04  -5.248  -5.082  -5.785  -6.232  -6.760  -7.033  -7.610  -7.610
8.76308e-04  -5.288  -5.136  -5.861  -6.334  -6.888  -7.243  -7.832  -7.832
1.04011e-03  -5.255  -5.109  -5.836  -6.313  -6.871  -7.235  -7.827  -7.827
1.23663e-03  -5.205  -5.062  -5.794  -6.279  -6.841  -7.222  -7.820  -7.820
1.47677e-03  -5.128  -4.992  -5.735  -6.229  -6.800  -7.207  -7.812  -7.812
1.77242e-03  -5.025  -4.901  -5.657  -6.165  -6.749  -7.197  -7.810  -7.810
2.15310e-03  -4.895  -4.789  -5.565  -6.097  -6.698  -7.187  -7.807  -7.807
2.99814e-03  -4.697  -4.632  -5.447  -6.023  -6.651  -7.189  -7.812  -7.812
3.89017e-03  -4.562  -4.532  -5.383  -5.984  -6.630  -7.194  -7.822  -7.822
4.86691e-03  -4.457  -4.458  -5.336  -5.959  -6.616  -7.199  -7.835  -7.835
5.86003e-03  -4.366  -4.397  -5.298  -5.937  -6.604  -7.206  -7.847  -7.847
6.89213e-03  -4.304  -4.356  -5.272  -5.925  -6.600  -7.219  -7.862  -7.862
8.18500e-03  -4.241  -4.317  -5.249  -5.915  -6.598  -7.234  -7.882  -7.882
9.42031e-03  -4.218  -4.297  -5.234  -5.903  -6.589  -7.244  -7.902  -7.902
1.15352e-02  -4.155  -4.256  -5.211  -5.894  -6.590  -7.271  -7.935  -7.935
1.15353e-02  -4.155  -4.256  -5.211  -5.894  -6.590  -7.271  -7.935  -7.935
1.15364e-02  -4.155  -4.256  -5.211  -5.894  -6.590  -7.271  -7.935  -7.935
1.39111e-02  -4.095  -4.220  -5.191  -5.889  -6.594  -7.301  -7.972  -7.972
1.60618e-02  -4.048  -4.188  -5.173  -5.884  -6.597  -7.326  -8.005  -8.005
1.83588e-02  -3.997  -4.157  -5.154  -5.880  -6.601  -7.351  -8.035  -8.035
2.07421e-02  -3.947  -4.123  -5.136  -5.872  -6.602  -7.376  -8.065  -8.065
2.32117e-02  -3.895  -4.087  -5.115  -5.865  -6.603  -7.398  -8.095  -8.095
2.49683e-02  -3.857  -4.063  -5.101  -5.860  -6.604  -7.416  -8.115  -8.115
2.68146e-02  -3.817  -4.036  -5.085  -5.852  -6.604  -7.430  -8.135  -8.135
3.09674e-02  -3.702  -3.953  -5.031  -5.823  -6.591  -7.455  -8.172  -8.172
3.38142e-02  -3.609  -3.888  -4.986  -5.797  -6.577  -7.470  -8.195  -8.195
3.66023e-02  -3.509  -3.817  -4.937  -5.768  -6.559  -7.483  -8.212  -8.212
3.93078e-02  -3.401  -3.742  -4.887  -5.738  -6.541  -7.492  -8.230  -8.230
4.21238e-02  -3.278  -3.652  -4.826  -5.700  -6.517  -7.502  -8.247  -8.247
4.51492e-02  -3.123  -3.538  -4.745  -5.649  -6.484  -7.507  -8.260  -8.260
4.83788e-02  -2.945  -3.404  -4.648  -5.585  -6.442  -7.510  -8.272  -8.272
5.15699e-02  -2.750  -3.255  -4.539  -5.510  -6.387  -7.502  -8.275  -8.275
5.42579e-02  -2.575  -3.119  -4.436  -5.437  -6.332  -7.487  -8.265  -8.265
5.61340e-02  -2.447  -3.018  -4.357  -5.380  -6.288  -7.469  -8.252  -8.252
5.75469e-02  -2.352  -2.940  -4.297  -5.333  -6.250  -7.452  -8.240  -8.240
5.91686e-02  -2.242  -2.852  -4.225  -5.277  -6.204  -7.429  -8.217  -8.217
5.96019e-02  -2.212  -2.827  -4.205  -5.261  -6.191  -7.421  -8.212  -8.212
6.04684e-02  -2.152  -2.779  -4.167  -5.231  -6.165  -7.404  -8.197  -8.197
6.19379e-02  -2.051  -2.695  -4.096  -5.174  -6.116  -7.376  -8.175  -8.175
6.38013e-02  -1.919  -2.587  -4.007  -5.100  -6.050  -7.336  -8.142  -8.142
6.42727e-02  -1.886  -2.560  -3.983  -5.080  -6.033  -7.326  -8.132  -8.132
6.52157e-02  -1.819  -2.504  -3.936  -5.040  -5.998  -7.306  -8.117  -8.117
6.66378e-02  -1.716  -2.418  -3.864  -4.981  -5.947  -7.276  -8.092  -8.092
6.85392e-02  -1.579  -2.305  -3.771  -4.905  -5.881  -7.238  -8.065  -8.065
7.10114e-02  -1.406  -2.166  -3.655  -4.811  -5.801  -7.196  -8.030  -8.030
7.36474e-02  -1.228  -2.022  -3.539  -4.717  -5.720  -7.156  -8.002  -8.002
7.65382e-02  -1.043  -1.873  -3.420  -4.624  -5.643  -7.116  -7.972  -7.972
7.98345e-02  -0.838  -1.712  -3.292  -4.524  -5.561  -7.078  -7.945  -7.945
8.35423e-02  -0.610  -1.535  -3.154  -4.418  -5.473  -7.035  -7.912  -7.912
8.79644e-02  -0.357  -1.336  -2.997  -4.299  -5.374  -6.983  -7.870  -7.870
9.18693e-02  -0.137  -1.159  -2.858  -4.191  -5.284  -6.932  -7.825  -7.825
9.56029e-02  99.999  -0.981  -2.715  -4.079  -5.189  -6.875  -7.775  -7.775
9.88889e-02  99.999  -0.809  -2.577  -3.972  -5.097  -6.817  -7.720  -7.720
9.97099e-02  99.999  -0.765  -2.540  -3.942  -5.072  -6.802  -7.705  -7.705
1.01352e-01  99.999  -0.673  -2.466  -3.884  -5.023  -6.770  -7.675  -7.675
1.03894e-01  99.999  -0.523  -2.345  -3.788  -4.941  -6.717  -7.625  -7.625
1.07122e-01  99.999  -0.321  -2.178  -3.655  -4.826  -6.644  -7.557  -7.557
1.07987e-01  99.999  -0.262  -2.130  -3.617  -4.795  -6.622  -7.537  -7.537
1.09716e-01  99.999  -0.146  -2.034  -3.539  -4.727  -6.579  -7.497  -7.497
1.09719e-01  99.999  -0.146  -2.034  -3.539  -4.727  -6.579  -7.497  -7.497
1.09762e-01  99.999  -0.143  -2.032  -3.537  -4.724  -6.579  -7.497  -7.497
1.09809e-01  99.999  -0.138  -2.027  -3.535  -4.724  -6.577  -7.495  -7.495
1.11956e-01  99.999  99.999  -1.907  -3.434  -4.636  -6.519  -7.442  -7.442
1.12459e-01  99.999  99.999  -1.876  -3.410  -4.614  -6.507  -7.430  -7.430
1.13465e-01  99.999  99.999  -1.816  -3.359  -4.570  -6.477  -7.405  -7.405
1.15584e-01  99.999  99.999  -1.686  -3.251  -4.475  -6.417  -7.350  -7.350
1.17824e-01  99.999  99.999  -1.544  -3.131  -4.368  -6.347  -7.287  -7.287
1.20453e-01  99.999  99.999  -1.352  -2.971  -4.227  -6.256  -7.205  -7.205
1.24912e-01  99.999  99.999  -0.983  -2.660  -3.952  -6.076  -7.047  -7.047
1.29833e-01  99.999  99.999  -0.501  -2.249  -3.584  -5.843  -6.845  -6.845
1.31226e-01  99.999  99.999  -0.249  -2.038  -3.404  -5.748  -6.772  -6.772
1.34011e-01  99.999  99.999  99.999  -1.757  -3.151  -5.588  -6.637  -6.637
1.38914e-01  99.999  99.999  99.999  -1.202  -2.657  -5.282  -6.380  -6.380
1.40038e-01  99.999  99.999  99.999  -1.069  -2.538  -5.209  -6.320  -6.320
1.42285e-01  99.999  99.999  99.999  -0.803  -2.301  -5.067  -6.200  -6.200
1.43408e-01  99.999  99.999  99.999  -0.674  -2.185  -4.994  -6.140  -6.140
1.45655e-01  99.999  99.999  99.999  -0.419  -1.956  -4.849  -6.020  -6.020
1.50149e-01  99.999  99.999  99.999  99.999  -1.489  -4.556  -5.774  -5.774
1.50150e-01  99.999  99.999  99.999  99.999  -1.489  -4.556  -5.774  -5.774
1.51487e-01  99.999  99.999  99.999  99.999  -1.364  -4.471  -5.702  -5.702
1.53039e-01  99.999  99.999  99.999  99.999  -1.223  -4.376  -5.622  -5.622
1.53855e-01  99.999  99.999  99.999  99.999  -1.145  -4.323  -5.577  -5.577
1.55488e-01  99.999  99.999  99.999  99.999  -0.995  -4.220  -5.489  -5.489
1.56304e-01  99.999  99.999  99.999  99.999  -0.914  -4.168  -5.444  -5.444
1.57937e-01  99.999  99.999  99.999  99.999  -0.761  -4.065  -5.357  -5.357
1.60386e-01  99.999  99.999  99.999  99.999  -0.524  -3.907  -5.227  -5.227
1.61275e-01  99.999  99.999  99.999  99.999  -0.437  -3.850  -5.177  -5.177
1.63052e-01  99.999  99.999  99.999  99.999  -0.269  -3.737  -5.082  -5.082
1.65718e-01  99.999  99.999  99.999  99.999  -0.010  -3.567  -4.939  -4.939
1.69226e-01  99.999  99.999  99.999  99.999  99.999  -3.339  -4.747  -4.747
1.70211e-01  99.999  99.999  99.999  99.999  99.999  -3.274  -4.692  -4.692
1.72180e-01  99.999  99.999  99.999  99.999  99.999  -3.144  -4.584  -4.584
1.75134e-01  99.999  99.999  99.999  99.999  99.999  -2.946  -4.419  -4.419
1.79073e-01  99.999  99.999  99.999  99.999  99.999  -2.699  -4.209  -4.209
1.81043e-01  99.999  99.999  99.999  99.999  99.999  -2.553  -4.089  -4.089
1.84981e-01  99.999  99.999  99.999  99.999  99.999  -2.251  -3.837  -3.837
1.84982e-01  99.999  99.999  99.999  99.999  99.999  -2.251  -3.837  -3.837
1.85118e-01  99.999  99.999  99.999  99.999  99.999  -2.120  -3.734  -3.734
1.87977e-01  99.999  99.999  99.999  99.999  99.999  -1.913  -3.562  -3.562
1.91758e-01  99.999  99.999  99.999  99.999  99.999  -1.640  -3.324  -3.324
1.96334e-01  99.999  99.999  99.999  99.999  99.999  -1.317  -3.039  -3.039
1.97519e-01  99.999  99.999  99.999  99.999  99.999  -1.220  -2.957  -2.957
1.99888e-01  99.999  99.999  99.999  99.999  99.999  -1.035  -2.797  -2.797
2.04628e-01  99.999  99.999  99.999  99.999  99.999  -0.699  -2.507  -2.507
2.09424e-01  99.999  99.999  99.999  99.999  99.999  -0.362  -2.214  -2.214
2.09424e-01  99.999  99.999  99.999  99.999  99.999  -0.362  -2.214  -2.214
2.09428e-01  99.999  99.999  99.999  99.999  99.999  -0.362  -2.214  -2.214
2.09439e-01  99.999  99.999  99.999  99.999  99.999  -0.359  -2.212  -2.212
2.09490e-01  99.999  99.999  99.999  99.999  99.999  -0.357  -2.209  -2.209
2.11735e-01  99.999  99.999  99.999  99.999  99.999  -0.172  -2.052  -2.052
2.15813e-01  99.999  99.999  99.999  99.999  99.999  99.999  -1.797  -1.797
2.16826e-01  99.999  99.999  99.999  99.999  99.999  99.999  -1.724  -1.724
2.22722e-01  99.999  99.999  99.999  99.999  99.999  99.999  -1.334  -1.334
2.26130e-01  99.999  99.999  99.999  99.999  99.999  99.999  -1.106  -1.106
2.30841e-01  99.999  99.999  99.999  99.999  99.999  99.999  -0.731  -0.731
2.32503e-01  99.999  99.999  99.999  99.999  99.999  99.999  -0.596  -0.596
2.32503e-01  99.999  99.999  99.999  99.999  99.999  99.999  -0.596  -0.596
2.32503e-01  99.999  99.999  99.999  99.999  99.999  99.999  -0.429  -0.429
2.32505e-01  99.999  99.999  99.999  99.999  99.999  99.999  -0.429  -0.429
2.32514e-01  99.999  99.999  99.999  99.999  99.999  99.999  -0.424  -0.424
2.32567e-01  99.999  99.999  99.999  99.999  99.999  99.999  -0.419  -0.419
2.32682e-01  99.999  99.999  99.999  99.999  99.999  99.999  -0.406  -0.406
2.33122e-01  99.999  99.999  99.999  99.999  99.999  99.999  -0.366  -0.366
2.39222e-01  99.999  99.999  99.999  99.999  99.999  99.999  99.999  99.999
2.42873e-01  99.999  99.999  99.999  99.999  99.999  99.999  99.999  99.999
2.47334e-01  99.999  99.999  99.999  99.999  99.999  99.999  99.999  99.999
2.50284e-01  99.999  99.999  99.999  99.999  99.999  99.999  99.999  99.999
2.58269e-01  99.999  99.999  99.999  99.999  99.999  99.999  99.999  99.999
2.60465e-01  99.999  99.999  99.999  99.999  99.999  99.999  99.999  99.999
2.60465e-01  99.999  99.999  99.999  99.999  99.999  99.999  99.999  99.999
2.60465e-01  99.999  99.999  99.999  99.999  99.999  99.999  99.999  99.999
2.60467e-01  99.999  99.999  99.999  99.999  99.999  99.999  99.999  99.999
2.60487e-01  99.999  99.999  99.999  99.999  99.999  99.999  99.999  99.999
2.60518e-01  99.999  99.999  99.999  99.999  99.999  99.999  99.999  99.999
2.61777e-01  99.999  99.999  99.999  99.999  99.999  99.999  99.999  99.999
2.64763e-01  99.999  99.999  99.999  99.999  99.999  99.999  99.999  99.999
2.66732e-01  99.999  99.999  99.999  99.999  99.999  99.999  99.999  99.999
2.69106e-01  99.999  99.999  99.999  99.999  99.999  99.999  99.999  99.999
2.72321e-01  99.999  99.999  99.999  99.999  99.999  99.999  99.999  99.999
2.77511e-01  99.999  99.999  99.999  99.999  99.999  99.999  99.999  99.999
2.78896e-01  99.999  99.999  99.999  99.999  99.999  99.999  99.999  99.999
2.81665e-01  99.999  99.999  99.999  99.999  99.999  99.999  99.999  99.999
2.87042e-01  99.999  99.999  99.999  99.999  99.999  99.999  99.999  99.999
2.89020e-01  99.999  99.999  99.999  99.999  99.999  99.999  99.999  99.999
2.92977e-01  -0.472  99.999  99.999  99.999  99.999  99.999  99.999  99.999
2.94886e-01  -0.697  99.999  99.999  99.999  99.999  99.999  99.999  99.999
2.95840e-01  -0.807  99.999  99.999  99.999  99.999  99.999  99.999  99.999
2.95840e-01  -0.807  99.999  99.999  99.999  99.999  99.999  99.999  99.999
2.95840e-01  -0.807  99.999  99.999  99.999  99.999  99.999  99.999  99.999
2.95841e-01  -0.807  99.999  99.999  99.999  99.999  99.999  99.999  99.999
2.95843e-01  -0.807  99.999  99.999  99.999  99.999  99.999  99.999  99.999
2.95927e-01  -0.816  99.999  99.999  99.999  99.999  99.999  99.999  99.999
2.96686e-01  -0.901  99.999  99.999  99.999  99.999  99.999  99.999  99.999
2.98359e-01  -1.089  99.999  99.999  99.999  99.999  99.999  99.999  99.999
2.99340e-01  -1.194  99.999  99.999  99.999  99.999  99.999  99.999  99.999
3.01301e-01  -1.393  99.999  99.999  99.999  99.999  99.999  99.999  99.999
3.06043e-01  -1.816  99.999  99.999  99.999  99.999  99.999  99.999  99.999
3.07815e-01  -1.948  -0.129  99.999  99.999  99.999  99.999  99.999  99.999
3.09587e-01  -2.070  -0.259  99.999  99.999  99.999  99.999  99.999  99.999
3.14954e-01  -2.390  -0.603  99.999  99.999  99.999  99.999  99.999  99.999
3.15727e-01  -2.420  -0.633  99.999  99.999  99.999  99.999  99.999  99.999
3.18319e-01  -2.550  -0.775  99.999  99.999  99.999  99.999  99.999  99.999
3.20912e-01  -2.669  -0.905  99.999  99.999  99.999  99.999  99.999  99.999
3.23504e-01  -2.779  -1.027  -0.022  99.999  99.999  99.999  99.999  99.999
3.26096e-01  -2.881  -1.142  -0.155  99.999  99.999  99.999  99.999  99.999
3.26996e-01  -2.916  -1.182  -0.200  99.999  99.999  99.999  99.999  99.999
3.28096e-01  -2.956  -1.227  -0.255  99.999  99.999  99.999  99.999  99.999
3.30997e-01  -3.061  -1.349  -0.396  99.999  99.999  99.999  99.999  99.999
3.34810e-01  -3.193  -1.501  -0.580  99.999  99.999  99.999  99.999  99.999
3.36000e-01  -3.233  -1.546  -0.632  99.999  99.999  99.999  99.999  99.999
3.38495e-01  -3.315  -1.640  -0.745  99.999  99.999  99.999  99.999  99.999
3.43495e-01  -3.475  -1.827  -0.967  99.999  99.999  99.999  99.999  99.999
3.47049e-01  -3.584  -1.955  -1.120  99.999  99.999  99.999  99.999  99.999
3.49414e-01  -3.656  -2.039  -1.223  -0.058  99.999  99.999  99.999  99.999
3.52811e-01  -3.759  -2.162  -1.366  -0.227  99.999  99.999  99.999  99.999
3.54649e-01  -3.813  -2.226  -1.447  -0.318  99.999  99.999  99.999  99.999
3.54932e-01  -3.823  -2.236  -1.457  -0.333  99.999  99.999  99.999  99.999
3.56014e-01  -3.856  -2.274  -1.502  -0.386  99.999  99.999  99.999  99.999
3.58918e-01  -3.943  -2.381  -1.633  -0.535  99.999  99.999  99.999  99.999
3.59803e-01  -3.953  -2.381  -1.630  -0.532  99.999  99.999  99.999  99.999
3.61392e-01  -4.003  -2.441  -1.698  -0.610  99.999  99.999  99.999  99.999
3.65072e-01  -4.120  -2.578  -1.864  -0.801  99.999  99.999  99.999  99.999
3.66949e-01  -4.177  -2.648  -1.947  -0.895  -0.066  99.999  99.999  99.999
3.66949e-01  -4.177  -2.648  -1.947  -0.895  -0.066  99.999  99.999  99.999
3.66949e-01  -4.177  -2.648  -1.947  -0.895  -0.066  99.999  99.999  99.999
3.66950e-01  -4.177  -2.648  -1.947  -0.895  -0.066  99.999  99.999  99.999
3.66953e-01  -4.177  -2.648  -1.947  -0.895  -0.066  99.999  99.999  99.999
3.66961e-01  -4.177  -2.648  -1.947  -0.895  -0.066  99.999  99.999  99.999
3.66982e-01  -4.180  -2.651  -1.947  -0.897  -0.066  99.999  99.999  99.999
3.67019e-01  -4.180  -2.651  -1.949  -0.897  -0.068  99.999  99.999  99.999
3.67310e-01  -4.190  -2.663  -1.962  -0.912  -0.083  99.999  99.999  99.999
3.70422e-01  -4.289  -2.783  -2.103  -1.073  -0.261  99.999  99.999  99.999
3.74428e-01  -4.426  -2.947  -2.296  -1.292  -0.499  99.999  99.999  99.999
3.77672e-01  -4.535  -3.079  -2.447  -1.458  -0.679  99.999  99.999  99.999
3.82011e-01  -4.694  -3.264  -2.657  -1.693  -0.935  99.999  99.999  99.999
3.83339e-01  -4.739  -3.319  -2.718  -1.758  -1.007  99.999  99.999  99.999
3.84393e-01  -4.776  -3.361  -2.765  -1.811  -1.062  99.999  99.999  99.999
3.89745e-01  -4.975  -3.588  -3.016  -2.083  -1.366  99.999  99.999  99.999
3.93423e-01  -5.112  -3.738  -3.177  -2.262  -1.559  99.999  99.999  99.999
3.94133e-01  -5.135  -3.766  -3.207  -2.287  -1.576  99.999  99.999  99.999
3.99504e-01  -5.332  -3.978  -3.435  -2.539  -1.860  99.999  99.999  99.999
4.03353e-01  -5.466  -4.121  -3.588  -2.709  -2.056  99.999  99.999  99.999
4.08199e-01  -5.631  -4.293  -3.774  -2.922  -2.307  99.999  99.999  99.999
4.13181e-01  -5.786  -4.453  -3.950  -3.129  -2.557  99.999  99.999  99.999
4.13571e-01  -5.798  -4.466  -3.963  -3.144  -2.574  99.999  99.999  99.999
4.14543e-01  -5.826  -4.496  -3.993  -3.182  -2.617  99.999  99.999  99.999
4.14932e-01  -5.838  -4.506  -4.006  -3.195  -2.635  99.999  99.999  99.999
4.15413e-01  -5.851  -4.521  -4.024  -3.215  -2.657  99.999  99.999  99.999
4.16567e-01  -5.883  -4.553  -4.059  -3.258  -2.708  99.999  99.999  99.999
4.18856e-01  -5.946  -4.619  -4.132  -3.343  -2.811  99.999  99.999  99.999
4.20191e-01  -5.983  -4.656  -4.172  -3.391  -2.869  99.999  99.999  99.999
4.21717e-01  -6.021  -4.696  -4.218  -3.445  -2.934  99.999  99.999  99.999
4.22375e-01  -6.038  -4.714  -4.238  -3.468  -2.962  99.999  99.999  99.999
4.27104e-01  -6.151  -4.834  -4.374  -3.636  -3.164  99.999  99.999  99.999
4.28266e-01  -6.176  -4.861  -4.407  -3.675  -3.212  -0.069  99.999  99.999
4.30590e-01  -6.228  -4.917  -4.470  -3.754  -3.307  -0.236  99.999  99.999
4.35100e-01  -6.321  -5.022  -4.596  -3.907  -3.491  -0.570  99.999  99.999
4.36297e-01  -6.346  -5.049  -4.629  -3.945  -3.537  -0.649  99.999  99.999
4.37345e-01  -6.366  -5.072  -4.657  -3.981  -3.577  -0.717  99.999  99.999
4.38542e-01  -6.388  -5.097  -4.687  -4.019  -3.622  -0.796  -0.035  -0.035
4.39639e-01  -6.411  -5.122  -4.717  -4.053  -3.663  -0.868  -0.120  -0.120
4.41833e-01  -6.451  -5.172  -4.775  -4.124  -3.746  -1.012  -0.295  -0.295
4.46190e-01  -6.535  -5.270  -4.894  -4.267  -3.912  -1.309  -0.662  -0.662
4.47112e-01  -6.550  -5.290  -4.917  -4.295  -3.945  -1.366  -0.730  -0.730
4.48035e-01  -6.568  -5.310  -4.942  -4.323  -3.978  -1.421  -0.797  -0.797
4.48957e-01  -6.585  -5.330  -4.967  -4.351  -4.010  -1.475  -0.865  -0.865
4.50036e-01  -6.605  -5.355  -4.995  -4.384  -4.048  -1.542  -0.945  -0.945
4.50576e-01  -6.613  -5.357  -4.992  -4.378  -4.035  -1.505  -0.890  -0.890
4.51655e-01  -6.633  -5.380  -5.022  -4.411  -4.073  -1.570  -0.970  -0.970
4.52305e-01  -6.645  -5.395  -5.038  -4.431  -4.096  -1.610  -1.015  -1.015
4.54324e-01  -6.682  -5.442  -5.093  -4.493  -4.169  -1.731  -1.167  -1.167
4.55238e-01  -6.702  -5.462  -5.118  -4.520  -4.199  -1.786  -1.235  -1.235
4.58480e-01  -6.767  -5.540  -5.206  -4.622  -4.315  -1.987  -1.487  -1.487
4.58480e-01  -6.767  -5.540  -5.206  -4.622  -4.315  -1.987  -1.487  -1.487
4.58481e-01  -6.767  -5.540  -5.206  -4.622  -4.315  -1.987  -1.487  -1.487
4.58484e-01  -6.767  -5.540  -5.206  -4.622  -4.315  -1.987  -1.490  -1.490
4.58615e-01  -6.769  -5.542  -5.209  -4.625  -4.318  -1.994  -1.497  -1.497
4.59812e-01  -6.794  -5.570  -5.241  -4.662  -4.358  -2.064  -1.585  -1.585
4.62279e-01  -6.844  -5.630  -5.307  -4.736  -4.444  -2.213  -1.770  -1.770
4.63150e-01  -6.862  -5.650  -5.330  -4.762  -4.471  -2.262  -1.832  -1.832
4.64022e-01  -6.879  -5.670  -5.352  -4.787  -4.501  -2.312  -1.895  -1.895
4.65184e-01  -6.904  -5.697  -5.382  -4.820  -4.539  -2.379  -1.977  -1.977
4.67508e-01  -6.951  -5.752  -5.445  -4.889  -4.615  -2.516  -2.150  -2.150
4.71890e-01  -7.046  -5.855  -5.556  -5.016  -4.761  -2.781  -2.490  -2.490
4.72642e-01  -7.061  -5.872  -5.576  -5.036  -4.784  -2.821  -2.540  -2.540
4.73544e-01  -7.078  -5.892  -5.599  -5.062  -4.812  -2.871  -2.602  -2.602
4.74220e-01  -7.093  -5.907  -5.614  -5.080  -4.834  -2.908  -2.647  -2.647
4.75496e-01  -7.118  -5.937  -5.646  -5.115  -4.875  -2.978  -2.735  -2.735
4.79667e-01  -7.203  -6.027  -5.745  -5.228  -5.006  -3.219  -3.040  -3.040
4.80602e-01  -7.221  -6.047  -5.767  -5.253  -5.034  -3.268  -3.100  -3.100
4.81848e-01  -7.246  -6.072  -5.795  -5.286  -5.072  -3.335  -3.182  -3.182
4.84341e-01  -7.293  -6.122  -5.850  -5.350  -5.147  -3.470  -3.347  -3.347
4.89296e-01  -7.380  -6.220  -5.961  -5.480  -5.299  -3.741  -3.685  -3.685
4.89622e-01  -7.385  -6.222  -5.961  -5.480  -5.299  -3.741  -3.680  -3.680
4.93430e-01  -7.450  -6.295  -6.042  -5.578  -5.413  -3.935  -3.915  -3.915
4.98629e-01  -7.538  -6.393  -6.158  -5.713  -5.569  -4.201  -4.237  -4.237
4.98664e-01  -7.538  -6.393  -6.158  -5.713  -5.572  -4.204  -4.240  -4.240
5.00157e-01  -7.563  -6.420  -6.191  -5.752  -5.615  -4.273  -4.322  -4.322
5.04161e-01  -7.625  -6.493  -6.277  -5.853  -5.728  -4.462  -4.555  -4.555
5.04987e-01  -7.640  -6.508  -6.295  -5.871  -5.751  -4.500  -4.597  -4.597
5.06293e-01  -7.660  -6.531  -6.322  -5.905  -5.789  -4.557  -4.667  -4.667
5.07508e-01  -7.677  -6.553  -6.348  -5.935  -5.821  -4.609  -4.730  -4.730
5.08716e-01  -7.697  -6.576  -6.373  -5.963  -5.854  -4.664  -4.792  -4.792
5.10437e-01  -7.722  -6.606  -6.408  -6.006  -5.902  -4.736  -4.880  -4.880
5.11691e-01  -7.742  -6.628  -6.433  -6.034  -5.935  -4.791  -4.945  -4.945
5.12788e-01  -7.759  -6.648  -6.459  -6.062  -5.965  -4.836  -4.997  -4.997
5.13729e-01  -7.774  -6.666  -6.476  -6.085  -5.990  -4.876  -5.045  -5.045
5.14982e-01  -7.794  -6.688  -6.504  -6.113  -6.023  -4.928  -5.105  -5.105
5.17490e-01  -7.832  -6.733  -6.554  -6.174  -6.091  -5.030  -5.227  -5.227
5.18453e-01  -7.847  -6.748  -6.575  -6.197  -6.114  -5.070  -5.272  -5.272
5.19738e-01  -7.867  -6.771  -6.600  -6.225  -6.149  -5.120  -5.332  -5.332
5.21001e-01  -7.887  -6.794  -6.627  -6.256  -6.182  -5.170  -5.392  -5.392
5.23529e-01  -7.924  -6.839  -6.678  -6.314  -6.245  -5.269  -5.507  -5.507
5.24318e-01  -7.936  -6.851  -6.693  -6.332  -6.265  -5.299  -5.542  -5.542
5.26214e-01  -7.964  -6.884  -6.731  -6.373  -6.313  -5.369  -5.625  -5.625
5.29332e-01  -8.009  -6.936  -6.791  -6.441  -6.388  -5.481  -5.755  -5.755
5.29616e-01  -8.014  -6.941  -6.796  -6.446  -6.394  -5.491  -5.767  -5.767
5.31221e-01  -8.034  -6.964  -6.822  -6.477  -6.429  -5.539  -5.815  -5.815
5.35327e-01  -8.091  -7.031  -6.897  -6.566  -6.527  -5.683  -5.987  -5.987
5.36285e-01  -8.104  -7.046  -6.915  -6.586  -6.550  -5.716  -6.025  -6.025
5.36951e-01  -8.113  -7.056  -6.928  -6.599  -6.565  -5.738  -6.050  -6.050
5.37904e-01  -8.126  -7.071  -6.945  -6.619  -6.587  -5.771  -6.085  -6.085
5.42987e-01  -8.191  -7.147  -7.036  -6.726  -6.703  -5.940  -6.285  -6.285
5.44639e-01  -8.213  -7.172  -7.066  -6.759  -6.741  -5.992  -6.345  -6.345
5.46586e-01  -8.236  -7.202  -7.099  -6.797  -6.784  -6.055  -6.417  -6.417
5.48047e-01  -8.253  -7.222  -7.125  -6.828  -6.816  -6.100  -6.470  -6.470
5.49183e-01  -8.268  -7.239  -7.145  -6.848  -6.842  -6.135  -6.510  -6.510
5.50806e-01  -8.288  -7.262  -7.172  -6.881  -6.877  -6.184  -6.570  -6.570
5.52023e-01  -8.303  -7.280  -7.193  -6.904  -6.902  -6.222  -6.612  -6.612
5.54458e-01  -8.333  -7.315  -7.235  -6.952  -6.955  -6.294  -6.697  -6.697
5.55470e-01  -8.345  -7.330  -7.251  -6.972  -6.975  -6.326  -6.735  -6.735
5.56819e-01  -8.360  -7.350  -7.273  -6.998  -7.005  -6.366  -6.782  -6.782
5.62653e-01  -8.432  -7.432  -7.372  -7.110  -7.126  -6.546  -6.995  -6.995
5.63873e-01  -8.445  -7.450  -7.392  -7.130  -7.151  -6.581  -7.037  -7.037
5.67465e-01  -8.490  -7.500  -7.447  -7.197  -7.224  -6.686  -7.162  -7.162
5.67615e-01  -8.490  -7.502  -7.450  -7.199  -7.227  -6.690  -7.167  -7.167
5.68848e-01  -8.505  -7.520  -7.470  -7.222  -7.249  -6.725  -7.207  -7.207
5.70293e-01  -8.522  -7.538  -7.493  -7.247  -7.279  -6.765  -7.255  -7.255
5.71377e-01  -8.535  -7.553  -7.510  -7.265  -7.300  -6.795  -7.290  -7.290
5.73063e-01  -8.554  -7.575  -7.536  -7.296  -7.332  -6.843  -7.345  -7.345
5.78506e-01  -8.614  -7.645  -7.617  -7.392  -7.438  -6.992  -7.525  -7.525
5.79551e-01  -8.627  -7.660  -7.634  -7.410  -7.458  -7.020  -7.557  -7.557
5.80178e-01  -8.632  -7.663  -7.637  -7.415  -7.466  -7.032  -7.570  -7.570
5.84356e-01  -8.679  -7.718  -7.700  -7.486  -7.544  -7.142  -7.697  -7.697
5.85740e-01  -8.694  -7.733  -7.720  -7.510  -7.572  -7.177  -7.737  -7.737
5.87815e-01  -8.717  -7.761  -7.750  -7.545  -7.609  -7.229  -7.797  -7.797
5.90580e-01  -8.746  -7.793  -7.791  -7.591  -7.660  -7.297  -7.877  -7.877
5.91796e-01  -8.759  -7.808  -7.809  -7.611  -7.682  -7.326  -7.910  -7.910
5.93417e-01  -8.776  -7.829  -7.831  -7.639  -7.710  -7.364  -7.955  -7.955
5.95126e-01  -8.794  -7.851  -7.857  -7.667  -7.743  -7.404  -8.000  -8.000
5.98545e-01  -8.829  -7.894  -7.905  -7.723  -7.803  -7.484  -8.092  -8.092
5.99827e-01  -8.844  -7.909  -7.925  -7.743  -7.826  -7.514  -8.125  -8.125
6.01536e-01  -8.861  -7.929  -7.947  -7.771  -7.856  -7.551  -8.167  -8.167
6.02444e-01  -8.871  -7.941  -7.962  -7.786  -7.871  -7.571  -8.190  -8.190
6.03488e-01  -8.881  -7.954  -7.975  -7.804  -7.888  -7.596  -8.217  -8.217
6.05703e-01  -8.906  -7.981  -8.008  -7.839  -7.928  -7.643  -8.272  -8.272
6.07168e-01  -8.921  -7.999  -8.028  -7.862  -7.954  -7.676  -8.307  -8.307
6.09365e-01  -8.943  -8.026  -8.059  -7.898  -7.991  -7.721  -8.360  -8.360
6.15318e-01  -9.008  -8.099  -8.144  -7.991  -8.092  -7.846  -8.497  -8.497
6.16403e-01  -9.018  -8.112  -8.159  -8.009  -8.109  -7.868  -8.520  -8.520
6.19008e-01  -9.046  -8.142  -8.195  -8.050  -8.154  -7.918  -8.575  -8.575
6.25360e-01  -9.113  -8.220  -8.283  -8.148  -8.260  -8.040  -8.707  -8.707
6.27467e-01  -9.136  -8.245  -8.311  -8.179  -8.292  -8.078  -8.750  -8.750
6.31998e-01  -9.183  -8.297  -8.371  -8.247  -8.365  -8.160  -8.837  -8.837
6.33367e-01  -9.195  -8.315  -8.391  -8.268  -8.388  -8.185  -8.862  -8.862
6.35192e-01  -9.215  -8.335  -8.414  -8.295  -8.415  -8.218  -8.895  -8.895
6.38843e-01  -9.253  -8.378  -8.462  -8.348  -8.470  -8.280  -8.962  -8.962
6.46068e-01  -9.325  -8.460  -8.555  -8.450  -8.581  -8.403  -9.087  -9.087
6.47296e-01  -9.338  -8.473  -8.570  -8.467  -8.598  -8.420  -9.110  -9.110
6.48733e-01  -9.353  -8.488  -8.588  -8.487  -8.618  -8.445  -9.132  -9.132
6.50440e-01  -9.368  -8.506  -8.608  -8.510  -8.643  -8.470  -9.160  -9.160
6.51727e-01  -9.373  -8.511  -8.613  -8.515  -8.651  -8.488  -9.177  -9.177
6.53657e-01  -9.393  -8.533  -8.636  -8.541  -8.679  -8.518  -9.207  -9.207
6.58336e-01  -9.435  -8.581  -8.689  -8.602  -8.744  -8.588  -9.280  -9.280
6.59603e-01  -9.447  -8.593  -8.704  -8.617  -8.759  -8.605  -9.300  -9.300
6.61454e-01  -9.465  -8.613  -8.727  -8.642  -8.784  -8.633  -9.325  -9.325
6.64856e-01  -9.495  -8.646  -8.764  -8.683  -8.829  -8.680  -9.375  -9.375
6.69391e-01  -9.535  -8.689  -8.813  -8.738  -8.887  -8.740  -9.435  -9.435
6.70636e-01  -9.545  -8.701  -8.825  -8.751  -8.902  -8.755  -9.452  -9.452
6.72750e-01  -9.562  -8.721  -8.848  -8.776  -8.927  -8.783  -9.477  -9.477
6.74136e-01  -9.575  -8.734  -8.863  -8.791  -8.944  -8.800  -9.495  -9.495
6.76908e-01  -9.597  -8.759  -8.891  -8.824  -8.977  -8.833  -9.530  -9.530
6.79178e-01  -9.615  -8.779  -8.913  -8.849  -9.002  -8.860  -9.555  -9.555
6.81034e-01  -9.632  -8.797  -8.933  -8.869  -9.022  -8.880  -9.577  -9.577
6.83088e-01  -9.647  -8.814  -8.954  -8.892  -9.047  -8.903  -9.600  -9.600
6.90788e-01  -9.709  -8.882  -9.029  -8.972  -9.129  -8.987  -9.682  -9.682
6.92229e-01  -9.722  -8.894  -9.042  -8.987  -9.144  -9.002  -9.697  -9.697
6.95687e-01  -9.747  -8.924  -9.075  -9.025  -9.181  -9.037  -9.730  -9.730
6.96988e-01  -9.757  -8.937  -9.087  -9.037  -9.194  -9.050  -9.745  -9.745
6.99591e-01  -9.779  -8.957  -9.112  -9.063  -9.221  -9.077  -9.770  -9.770
7.05050e-01  -9.819  -9.005  -9.162  -9.117  -9.274  -9.132  -9.822  -9.822
7.14008e-01  -9.889  -9.077  -9.243  -9.203  -9.361  -9.220  -9.907  -9.907
7.14939e-01  -9.896  -9.085  -9.251  -9.212  -9.368  -9.227  -9.915  -9.915
7.16623e-01  -9.899  -9.090  -9.258  -9.218  -9.376  -9.242  -9.927  -9.927
7.18771e-01  -9.914  -9.107  -9.276  -9.238  -9.396  -9.262  -9.947  -9.947
7.21688e-01  -9.936  -9.130  -9.301  -9.265  -9.421  -9.287  -9.972  -9.972
7.23156e-01  -9.946  -9.142  -9.313  -9.277  -9.433  -9.300  -9.985  -9.985
7.32127e-01 -10.003  -9.208  -9.386  -9.351  -9.502  -9.370 -10.052 -10.052
7.35217e-01 -10.026  -9.230  -9.411  -9.376  -9.527  -9.395 -10.077 -10.077
7.37424e-01 -10.041  -9.245  -9.429  -9.396  -9.545  -9.412 -10.095 -10.095
7.40548e-01 -10.061  -9.268  -9.451  -9.421  -9.569  -9.437 -10.117 -10.117
7.44436e-01 -10.086  -9.295  -9.481  -9.451  -9.599  -9.467 -10.147 -10.147
7.47792e-01 -10.108  -9.318  -9.507  -9.478  -9.624  -9.495 -10.172 -10.172
7.52422e-01 -10.138  -9.348  -9.539  -9.513  -9.661  -9.530 -10.205 -10.205
7.55089e-01 -10.155  -9.366  -9.559  -9.533  -9.681  -9.550 -10.225 -10.225
7.59960e-01 -10.185  -9.398  -9.595  -9.570  -9.716  -9.587 -10.260 -10.260
7.64203e-01 -10.210  -9.426  -9.625  -9.603  -9.748  -9.620 -10.290 -10.290
7.66657e-01 -10.225  -9.441  -9.642  -9.623  -9.766  -9.637 -10.305 -10.305
7.70473e-01 -10.248  -9.466  -9.668  -9.650  -9.793  -9.665 -10.332 -10.332
7.75277e-01 -10.275  -9.496  -9.700  -9.685  -9.828  -9.700 -10.365 -10.365
7.76779e-01 -10.283  -9.504  -9.710  -9.695  -9.838  -9.712 -10.377 -10.377
7.78544e-01 -10.288  -9.511  -9.718  -9.703  -9.846  -9.725 -10.390 -10.390
7.81119e-01 -10.303  -9.528  -9.736  -9.722  -9.863  -9.745 -10.407 -10.407
7.84379e-01 -10.320  -9.546  -9.758  -9.745  -9.886  -9.767 -10.430 -10.430
7.88105e-01 -10.337  -9.569  -9.783  -9.769  -9.908  -9.792 -10.455 -10.455
7.89995e-01 -10.347  -9.579  -9.793  -9.782  -9.920  -9.805 -10.467 -10.467
7.92630e-01 -10.360  -9.594  -9.811  -9.799  -9.938  -9.822 -10.482 -10.482
7.97900e-01 -10.387  -9.624  -9.844  -9.834  -9.970  -9.855 -10.515 -10.515
8.03170e-01 -10.412  -9.652  -9.876  -9.866 -10.000  -9.887 -10.545 -10.545
8.05324e-01 -10.422  -9.662  -9.889  -9.880 -10.012  -9.899 -10.555 -10.555
8.09509e-01 -10.439  -9.684  -9.914  -9.905 -10.034  -9.922 -10.577 -10.577
8.11601e-01 -10.449  -9.694  -9.926  -9.917 -10.044  -9.934 -10.590 -10.590
8.16622e-01 -10.472  -9.719  -9.954  -9.947 -10.071  -9.959 -10.612 -10.612
8.20169e-01 -10.489  -9.739  -9.974  -9.966 -10.089  -9.979 -10.630 -10.630
8.23607e-01 -10.504  -9.755  -9.994  -9.986 -10.106  -9.997 -10.647 -10.647
8.28763e-01 -10.527  -9.782 -10.022 -10.015 -10.131 -10.022 -10.670 -10.670
8.31771e-01 -10.541  -9.797 -10.039 -10.033 -10.148 -10.037 -10.685 -10.685
8.37542e-01 -10.569  -9.827 -10.072 -10.064 -10.175 -10.067 -10.710 -10.710
8.41615e-01 -10.589  -9.847 -10.094 -10.087 -10.197 -10.087 -10.730 -10.730
8.45879e-01 -10.609  -9.870 -10.119 -10.111 -10.219 -10.109 -10.747 -10.747
8.48305e-01 -10.616  -9.882 -10.132 -10.123 -10.228 -10.124 -10.767 -10.767
8.51288e-01 -10.628  -9.897 -10.149 -10.140 -10.243 -10.139 -10.780 -10.780
8.55551e-01 -10.648  -9.920 -10.172 -10.165 -10.265 -10.162 -10.800 -10.800
8.58596e-01 -10.663  -9.935 -10.189 -10.182 -10.280 -10.177 -10.815 -10.815
8.62859e-01 -10.683  -9.958 -10.214 -10.204 -10.300 -10.197 -10.835 -10.835
8.65904e-01 -10.696  -9.972 -10.229 -10.221 -10.314 -10.212 -10.847 -10.847
8.70168e-01 -10.716  -9.995 -10.254 -10.245 -10.334 -10.232 -10.867 -10.867
8.72760e-01 -10.728 -10.008 -10.267 -10.258 -10.347 -10.244 -10.877 -10.877
8.80310e-01 -10.758 -10.043 -10.307 -10.297 -10.379 -10.282 -10.910 -10.910
8.84042e-01 -10.773 -10.060 -10.327 -10.316 -10.396 -10.297 -10.927 -10.927
8.88874e-01 -10.793 -10.083 -10.352 -10.340 -10.416 -10.319 -10.947 -10.947
8.94394e-01 -10.815 -10.108 -10.379 -10.367 -10.438 -10.342 -10.970 -10.970
8.99033e-01 -10.832 -10.128 -10.404 -10.391 -10.455 -10.362 -10.987 -10.987
9.05722e-01 -10.860 -10.158 -10.437 -10.422 -10.480 -10.389 -11.012 -11.012
9.09546e-01 -10.872 -10.176 -10.454 -10.439 -10.495 -10.406 -11.027 -11.027
9.14826e-01 -10.892 -10.198 -10.482 -10.463 -10.512 -10.426 -11.047 -11.047
9.15115e-01 -10.889 -10.206 -10.487 -10.468 -10.516 -10.434 -11.060 -11.060
9.21080e-01 -10.904 -10.228 -10.516 -10.491 -10.528 -10.454 -11.080 -11.080
9.25051e-01 -10.911 -10.243 -10.534 -10.506 -10.528 -10.464 -11.092 -11.092
9.28466e-01 -10.919 -10.256 -10.551 -10.519 -10.532 -10.476 -11.102 -11.102
9.31958e-01 -10.931 -10.271 -10.566 -10.533 -10.540 -10.486 -11.112 -11.112
9.36579e-01 -10.949 -10.291 -10.588 -10.552 -10.554 -10.501 -11.127 -11.127
9.43718e-01 -10.976 -10.321 -10.621 -10.581 -10.576 -10.524 -11.150 -11.150
9.47287e-01 -10.988 -10.334 -10.636 -10.596 -10.589 -10.536 -11.160 -11.160
9.51551e-01 -11.006 -10.351 -10.655 -10.613 -10.601 -10.549 -11.172 -11.172
9.59547e-01 -11.038 -10.386 -10.690 -10.647 -10.628 -10.576 -11.197 -11.197
9.64343e-01 -11.055 -10.406 -10.713 -10.666 -10.645 -10.593 -11.212 -11.212
9.71109e-01 -11.083 -10.434 -10.743 -10.695 -10.665 -10.618 -11.237 -11.237
9.76573e-01 -11.105 -10.459 -10.768 -10.719 -10.685 -10.638 -11.257 -11.257
9.84019e-01 -11.130 -10.489 -10.800 -10.750 -10.708 -10.668 -11.285 -11.285
9.90057e-01 -11.152 -10.514 -10.828 -10.776 -10.725 -10.693 -11.307 -11.307
9.96069e-01 -11.172 -10.537 -10.853 -10.800 -10.742 -10.716 -11.330 -11.330
9.99564e-01 -11.172 -10.561 -10.877 -10.819 -10.756 -10.738 -11.357 -11.357
1.00825e+00 -11.197 -10.594 -10.912 -10.850 -10.777 -10.768 -11.390 -11.390
1.01246e+00 -11.209 -10.606 -10.930 -10.867 -10.789 -10.783 -11.405 -11.405
1.01947e+00 -11.229 -10.632 -10.957 -10.891 -10.806 -10.808 -11.427 -11.427
1.02754e+00 -11.251 -10.659 -10.987 -10.920 -10.829 -10.836 -11.455 -11.455
1.03598e+00 -11.279 -10.687 -11.017 -10.949 -10.854 -10.863 -11.482 -11.482
1.03969e+00 -11.289 -10.699 -11.032 -10.961 -10.864 -10.876 -11.495 -11.495
1.04625e+00 -11.311 -10.722 -11.057 -10.986 -10.886 -10.898 -11.517 -11.517
1.05396e+00 -11.336 -10.750 -11.087 -11.015 -10.911 -10.926 -11.545 -11.545
1.05986e+00 -11.358 -10.772 -11.109 -11.037 -10.931 -10.951 -11.567 -11.567
1.06633e+00 -11.383 -10.797 -11.134 -11.062 -10.956 -10.976 -11.592 -11.592
1.06962e+00 -11.393 -10.810 -11.149 -11.075 -10.969 -10.991 -11.605 -11.605
1.07394e+00 -11.411 -10.825 -11.167 -11.095 -10.987 -11.011 -11.625 -11.625
1.07790e+00 -11.426 -10.842 -11.182 -11.110 -11.002 -11.028 -11.642 -11.642
1.08222e+00 -11.443 -10.860 -11.199 -11.129 -11.019 -11.048 -11.660 -11.660
1.08677e+00 -11.463 -10.877 -11.219 -11.147 -11.039 -11.071 -11.680 -11.680
1.09038e+00 -11.481 -10.895 -11.234 -11.164 -11.052 -11.088 -11.702 -11.702
1.09307e+00 -11.493 -10.907 -11.247 -11.174 -11.064 -11.101 -11.715 -11.715
1.09721e+00 -11.511 -10.925 -11.264 -11.194 -11.085 -11.123 -11.735 -11.735
1.10153e+00 -11.531 -10.942 -11.282 -11.212 -11.105 -11.146 -11.755 -11.755
1.10477e+00 -11.546 -10.955 -11.297 -11.227 -11.120 -11.161 -11.770 -11.770
1.10845e+00 -11.561 -10.972 -11.312 -11.245 -11.140 -11.181 -11.790 -11.790
1.11626e+00 -11.598 -11.005 -11.345 -11.280 -11.178 -11.223 -11.827 -11.827
1.11984e+00 -11.613 -11.020 -11.360 -11.298 -11.198 -11.241 -11.847 -11.847
1.12360e+00 -11.631 -11.037 -11.377 -11.313 -11.215 -11.261 -11.865 -11.865
1.12850e+00 -11.651 -11.057 -11.397 -11.336 -11.240 -11.288 -11.892 -11.892
1.13187e+00 -11.666 -11.072 -11.412 -11.351 -11.256 -11.306 -11.910 -11.910
1.13558e+00 -11.683 -11.087 -11.428 -11.369 -11.276 -11.328 -11.927 -11.927
1.14055e+00 -11.703 -11.107 -11.448 -11.392 -11.298 -11.356 -11.955 -11.955
1.14397e+00 -11.718 -11.122 -11.463 -11.407 -11.316 -11.373 -11.972 -11.972
1.14780e+00 -11.736 -11.137 -11.478 -11.422 -11.334 -11.393 -11.992 -11.992
1.15299e+00 -11.756 -11.160 -11.500 -11.445 -11.359 -11.423 -12.020 -12.020
1.15656e+00 -11.771 -11.172 -11.513 -11.460 -11.374 -11.441 -12.037 -12.037
1.16051e+00 -11.786 -11.190 -11.531 -11.478 -11.394 -11.463 -12.057 -12.057
1.16317e+00 -11.798 -11.200 -11.541 -11.488 -11.405 -11.478 -12.072 -12.072
1.16690e+00 -11.811 -11.212 -11.556 -11.505 -11.422 -11.496 -12.090 -12.090
1.17021e+00 -11.826 -11.227 -11.568 -11.518 -11.437 -11.513 -12.107 -12.107
1.17519e+00 -11.848 -11.247 -11.588 -11.535 -11.448 -11.543 -12.135 -12.135
1.17809e+00 -11.861 -11.257 -11.598 -11.547 -11.460 -11.558 -12.150 -12.150
1.18209e+00 -11.876 -11.272 -11.613 -11.563 -11.478 -11.578 -12.167 -12.167
1.18555e+00 -11.888 -11.285 -11.626 -11.577 -11.491 -11.593 -12.185 -12.185
1.18836e+00 -11.898 -11.295 -11.636 -11.588 -11.504 -11.608 -12.197 -12.197
1.19274e+00 -11.914 -11.310 -11.651 -11.603 -11.521 -11.631 -12.220 -12.220
1.19577e+00 -11.926 -11.320 -11.664 -11.615 -11.534 -11.646 -12.232 -12.232
1.19952e+00 -11.939 -11.335 -11.676 -11.628 -11.549 -11.663 -12.250 -12.250
1.20422e+00 -11.954 -11.350 -11.691 -11.646 -11.569 -11.686 -12.272 -12.272
1.20861e+00 -11.969 -11.365 -11.709 -11.664 -11.587 -11.706 -12.292 -12.292
1.21153e+00 -11.979 -11.375 -11.719 -11.674 -11.600 -11.721 -12.307 -12.307
1.21523e+00 -11.994 -11.388 -11.731 -11.687 -11.615 -11.738 -12.322 -12.322
1.21820e+00 -12.004 -11.398 -11.741 -11.699 -11.625 -11.751 -12.337 -12.337
1.22194e+00 -12.016 -11.410 -11.754 -11.712 -11.640 -11.768 -12.355 -12.355
1.22494e+00 -12.026 -11.420 -11.764 -11.722 -11.653 -11.783 -12.367 -12.367
1.22868e+00 -12.039 -11.433 -11.777 -11.737 -11.666 -11.801 -12.385 -12.385
1.23166e+00 -12.049 -11.443 -11.787 -11.747 -11.678 -11.816 -12.397 -12.397
1.23542e+00 -12.059 -11.455 -11.799 -11.760 -11.693 -11.833 -12.415 -12.415
1.23845e+00 -12.074 -11.465 -11.809 -11.771 -11.698 -11.848 -12.430 -12.430
1.24223e+00 -12.086 -11.478 -11.822 -11.784 -11.714 -11.866 -12.447 -12.447
1.24753e+00 -12.104 -11.495 -11.842 -11.804 -11.734 -11.891 -12.470 -12.470
1.25131e+00 -12.114 -11.508 -11.854 -11.817 -11.749 -11.908 -12.487 -12.487
1.25678e+00 -12.131 -11.525 -11.872 -11.837 -11.769 -11.933 -12.512 -12.512
1.26127e+00 -12.146 -11.540 -11.887 -11.855 -11.787 -11.953 -12.532 -12.532
1.26540e+00 -12.159 -11.555 -11.902 -11.870 -11.802 -11.973 -12.552 -12.552
1.27098e+00 -12.179 -11.573 -11.922 -11.890 -11.823 -11.998 -12.577 -12.577
1.27484e+00 -12.189 -11.588 -11.935 -11.902 -11.838 -12.018 -12.595 -12.595
1.27948e+00 -12.204 -11.603 -11.952 -11.920 -11.855 -12.038 -12.617 -12.617
1.28413e+00 -12.219 -11.618 -11.968 -11.937 -11.873 -12.061 -12.637 -12.637
1.28947e+00 -12.236 -11.635 -11.988 -11.957 -11.893 -12.086 -12.662 -12.662
1.29610e+00 -12.256 -11.658 -12.010 -11.982 -11.919 -12.116 -12.692 -12.692
1.30016e+00 -12.269 -11.673 -12.025 -11.997 -11.934 -12.133 -12.710 -12.710
1.30503e+00 -12.284 -11.688 -12.043 -12.015 -11.952 -12.156 -12.730 -12.730
1.30991e+00 -12.299 -11.705 -12.058 -12.032 -11.969 -12.178 -12.752 -12.752
1.31623e+00 -12.319 -11.725 -12.081 -12.055 -11.995 -12.203 -12.777 -12.777
1.32423e+00 -12.344 -11.751 -12.108 -12.083 -12.022 -12.238 -12.810 -12.810
1.32932e+00 -12.359 -11.768 -12.126 -12.101 -12.042 -12.258 -12.830 -12.830
1.33448e+00 -12.374 -11.785 -12.141 -12.118 -12.060 -12.278 -12.850 -12.850
1.34153e+00 -12.399 -11.806 -12.163 -12.140 -12.078 -12.308 -12.877 -12.877
1.34694e+00 -12.417 -11.823 -12.181 -12.160 -12.098 -12.331 -12.897 -12.897
1.35249e+00 -12.432 -11.841 -12.198 -12.178 -12.118 -12.351 -12.920 -12.920
1.35992e+00 -12.454 -11.863 -12.223 -12.203 -12.143 -12.381 -12.947 -12.947
1.36554e+00 -12.472 -11.881 -12.241 -12.221 -12.163 -12.403 -12.970 -12.970
1.37121e+00 -12.489 -11.898 -12.259 -12.241 -12.184 -12.426 -12.990 -12.990
1.37880e+00 -12.509 -11.921 -12.281 -12.266 -12.209 -12.456 -13.020 -13.020
1.38451e+00 -12.527 -11.938 -12.299 -12.283 -12.229 -12.478 -13.042 -13.042
1.39031e+00 -12.544 -11.956 -12.319 -12.303 -12.250 -12.501 -13.062 -13.062
1.39813e+00 -12.567 -11.981 -12.344 -12.331 -12.277 -12.533 -13.092 -13.092
1.40405e+00 -12.584 -11.998 -12.364 -12.351 -12.297 -12.556 -13.117 -13.117
1.41002e+00 -12.602 -12.018 -12.382 -12.371 -12.318 -12.581 -13.140 -13.140
1.41795e+00 -12.627 -12.043 -12.409 -12.398 -12.346 -12.614 -13.170 -13.170
1.42385e+00 -12.644 -12.063 -12.429 -12.419 -12.368 -12.636 -13.192 -13.192
1.43004e+00 -12.664 -12.083 -12.452 -12.441 -12.389 -12.661 -13.217 -13.217
1.43832e+00 -12.689 -12.113 -12.480 -12.471 -12.419 -12.694 -13.247 -13.247
1.44456e+00 -12.709 -12.133 -12.502 -12.493 -12.441 -12.719 -13.272 -13.272
1.45087e+00 -12.729 -12.156 -12.522 -12.516 -12.464 -12.744 -13.297 -13.297
1.45933e+00 -12.757 -12.183 -12.552 -12.546 -12.494 -12.779 -13.327 -13.327
1.46569e+00 -12.779 -12.206 -12.575 -12.568 -12.517 -12.804 -13.352 -13.352
1.47211e+00 -12.799 -12.228 -12.597 -12.591 -12.540 -12.829 -13.377 -13.377
1.48074e+00 -12.827 -12.258 -12.625 -12.623 -12.573 -12.861 -13.410 -13.410
1.48727e+00 -12.847 -12.278 -12.648 -12.646 -12.595 -12.889 -13.435 -13.435
1.50025e+00 -12.889 -12.323 -12.693 -12.691 -12.641 -12.939 -13.482 -13.482
1.50674e+00 -12.912 -12.346 -12.713 -12.713 -12.664 -12.964 -13.507 -13.507
1.51107e+00 -12.929 -12.358 -12.728 -12.727 -12.669 -12.984 -13.525 -13.525
1.51972e+00 -12.957 -12.386 -12.758 -12.755 -12.699 -13.016 -13.555 -13.555
1.53345e+00 -12.999 -12.431 -12.801 -12.802 -12.747 -13.069 -13.605 -13.605
1.54030e+00 -13.022 -12.453 -12.823 -12.825 -12.770 -13.094 -13.630 -13.630
1.55401e+00 -13.067 -12.498 -12.868 -12.870 -12.818 -13.144 -13.677 -13.677
1.56822e+00 -13.112 -12.546 -12.913 -12.918 -12.866 -13.199 -13.730 -13.730
1.58242e+00 -13.157 -12.591 -12.959 -12.965 -12.912 -13.251 -13.780 -13.780
1.59663e+00 -13.202 -12.638 -13.002 -13.012 -12.960 -13.304 -13.830 -13.830
1.61112e+00 -13.247 -12.683 -13.047 -13.058 -13.009 -13.357 -13.882 -13.882
1.62561e+00 -13.295 -12.730 -13.090 -13.105 -13.057 -13.409 -13.932 -13.932
1.64010e+00 -13.340 -12.775 -13.132 -13.150 -13.103 -13.462 -13.982 -13.982
1.65523e+00 -13.385 -12.820 -13.177 -13.198 -13.151 -13.517 -14.035 -14.035
1.67036e+00 -13.432 -12.865 -13.220 -13.243 -13.200 -13.569 -14.085 -14.085
1.68549e+00 -13.477 -12.910 -13.263 -13.288 -13.246 -13.622 -14.135 -14.135
1.70126e+00 -13.525 -12.954 -13.306 -13.336 -13.294 -13.674 -14.187 -14.187
1.71704e+00 -13.570 -12.999 -13.346 -13.381 -13.341 -13.727 -14.237 -14.237
1.73281e+00 -13.618 -13.044 -13.387 -13.423 -13.387 -13.777 -14.285 -14.285
1.74896e+00 -13.663 -13.089 -13.429 -13.469 -13.435 -13.827 -14.335 -14.335
1.76511e+00 -13.710 -13.131 -13.470 -13.514 -13.482 -13.877 -14.382 -14.382
1.78126e+00 -13.755 -13.174 -13.510 -13.557 -13.528 -13.927 -14.430 -14.430
1.79765e+00 -13.803 -13.219 -13.550 -13.600 -13.574 -13.977 -14.477 -14.477
1.81367e+00 -13.848 -13.261 -13.588 -13.642 -13.618 -14.025 -14.525 -14.525
1.82969e+00 -13.893 -13.303 -13.628 -13.685 -13.665 -14.075 -14.570 -14.570
1.84564e+00 -13.941 -13.346 -13.666 -13.727 -13.709 -14.120 -14.617 -14.617
1.86160e+00 -13.986 -13.388 -13.704 -13.770 -13.752 -14.168 -14.660 -14.660
1.87755e+00 -14.031 -13.428 -13.742 -13.810 -13.796 -14.213 -14.705 -14.705
1.88319e+00 -14.051 -13.443 -13.754 -13.817 -13.783 -14.235 -14.712 -14.712
1.89446e+00 -14.084 -13.470 -13.782 -13.845 -13.812 -14.265 -14.742 -14.742
1.91701e+00 -14.146 -13.528 -13.833 -13.902 -13.871 -14.328 -14.802 -14.802
1.93991e+00 -14.209 -13.585 -13.886 -13.960 -13.933 -14.388 -14.860 -14.860
1.96212e+00 -14.269 -13.640 -13.934 -14.013 -13.990 -14.443 -14.915 -14.915
1.98701e+00 -14.334 -13.697 -13.989 -14.073 -14.053 -14.506 -14.975 -14.975
2.01806e+00 -14.414 -13.769 -14.052 -14.146 -14.130 -14.581 -15.047 -15.047
2.04983e+00 -14.494 -13.841 -14.118 -14.218 -14.208 -14.654 -15.120 -15.120
2.08151e+00 -14.575 -13.909 -14.182 -14.291 -14.282 -14.722 -15.185 -15.185
2.08824e+00 -14.590 -13.924 -14.194 -14.304 -14.298 -14.737 -15.197 -15.197
2.10171e+00 -14.625 -13.954 -14.220 -14.334 -14.329 -14.762 -15.225 -15.225
2.11957e+00 -14.667 -13.991 -14.253 -14.372 -14.370 -14.797 -15.257 -15.257
2.14030e+00 -14.717 -14.034 -14.293 -14.415 -14.415 -14.832 -15.292 -15.292
2.16224e+00 -14.770 -14.076 -14.333 -14.460 -14.465 -14.869 -15.327 -15.327
2.18564e+00 -14.825 -14.123 -14.376 -14.506 -14.516 -14.905 -15.362 -15.362
2.21150e+00 -14.885 -14.176 -14.424 -14.557 -14.571 -14.942 -15.400 -15.400
2.24096e+00 -14.955 -14.236 -14.476 -14.611 -14.635 -14.985 -15.440 -15.440
2.27599e+00 -15.038 -14.306 -14.541 -14.677 -14.707 -15.032 -15.487 -15.487
2.32035e+00 -15.138 -14.391 -14.621 -14.758 -14.795 -15.093 -15.547 -15.547
2.37830e+00 -15.266 -14.503 -14.724 -14.860 -14.906 -15.170 -15.625 -15.625
2.45160e+00 -15.419 -14.635 -14.846 -14.987 -15.039 -15.265 -15.717 -15.717
2.47321e+00 -15.464 -14.673 -14.881 -15.022 -15.079 -15.290 -15.745 -15.745
2.51642e+00 -15.549 -14.748 -14.951 -15.093 -15.152 -15.343 -15.797 -15.797
2.57843e+00 -15.672 -14.853 -15.051 -15.192 -15.258 -15.413 -15.867 -15.867
2.60061e+00 -15.714 -14.891 -15.086 -15.225 -15.293 -15.438 -15.890 -15.890
2.64497e+00 -15.797 -14.963 -15.156 -15.294 -15.366 -15.486 -15.940 -15.940
2.71989e+00 -15.935 -15.086 -15.270 -15.407 -15.481 -15.566 -16.017 -16.017
2.82894e+00 -16.122 -15.253 -15.432 -15.563 -15.641 -15.676 -16.125 -16.125
2.94468e+00 -16.308 -15.423 -15.594 -15.719 -15.798 -15.786 -16.232 -16.232
3.06042e+00 -16.480 -15.583 -15.748 -15.862 -15.946 -15.889 -16.332 -16.332
3.17616e+00 -16.643 -15.731 -15.892 -15.998 -16.084 -15.984 -16.427 -16.427
3.29190e+00 -16.793 -15.874 -16.028 -16.126 -16.214 -16.074 -16.515 -16.515
3.40764e+00 -16.934 -16.006 -16.157 -16.245 -16.337 -16.159 -16.597 -16.597
3.52338e+00 -17.066 -16.131 -16.279 -16.358 -16.453 -16.240 -16.675 -16.675
3.63912e+00 -17.189 -16.249 -16.393 -16.464 -16.559 -16.315 -16.750 -16.750
3.75486e+00 -17.304 -16.359 -16.499 -16.562 -16.663 -16.387 -16.817 -16.817
3.87060e+00 -17.412 -16.464 -16.601 -16.655 -16.757 -16.455 -16.885 -16.885
3.98634e+00 -17.512 -16.561 -16.695 -16.744 -16.848 -16.520 -16.947 -16.947
4.10209e+00 -17.607 -16.653 -16.785 -16.827 -16.932 -16.583 -17.007 -17.007
4.21783e+00 -17.695 -16.741 -16.869 -16.904 -17.011 -16.643 -17.062 -17.062
4.33357e+00 -17.780 -16.823 -16.948 -16.978 -17.087 -16.698 -17.117 -17.117
4.44931e+00 -17.860 -16.901 -17.025 -17.048 -17.159 -16.753 -17.170 -17.170
4.56505e+00 -17.936 -16.976 -17.097 -17.114 -17.228 -16.803 -17.220 -17.220
4.68079e+00 -18.008 -17.046 -17.166 -17.179 -17.293 -16.853 -17.267 -17.267
4.79653e+00 -18.076 -17.113 -17.231 -17.237 -17.355 -16.900 -17.312 -17.312
4.91227e+00 -18.141 -17.176 -17.293 -17.295 -17.414 -16.945 -17.357 -17.357
5.02801e+00 -18.204 -17.238 -17.352 -17.350 -17.469 -16.990 -17.400 -17.400
5.14375e+00 -18.261 -17.296 -17.409 -17.403 -17.523 -17.031 -17.440 -17.440
5.25949e+00 -18.319 -17.353 -17.464 -17.453 -17.575 -17.073 -17.480 -17.480
5.37523e+00 -18.374 -17.405 -17.514 -17.501 -17.622 -17.111 -17.517 -17.517
5.60672e+00 -18.329 -17.345 -17.434 -17.454 -17.611 -16.996 -17.402 -17.402
5.72246e+00 -18.377 -17.392 -17.478 -17.496 -17.654 -17.029 -17.437 -17.437
5.83820e+00 -18.425 -17.440 -17.523 -17.537 -17.696 -17.064 -17.470 -17.470
6.06968e+00 -18.515 -17.527 -17.603 -17.615 -17.777 -17.129 -17.535 -17.535
6.30116e+00 -18.597 -17.607 -17.680 -17.688 -17.850 -17.186 -17.595 -17.595
6.64838e+00 -18.705 -17.714 -17.782 -17.787 -17.944 -17.256 -17.665 -17.665
7.69005e+00 -18.962 -17.971 -18.030 -18.014 -18.153 -17.391 -17.800 -17.800
8.73172e+00 -19.159 -18.176 -18.223 -18.181 -18.307 -17.482 -17.887 -17.887
9.54190e+00 -19.304 -18.323 -18.357 -18.299 -18.426 -17.564 -17.962 -17.962
1.05836e+01 -19.456 -18.482 -18.498 -18.426 -18.550 -17.627 -18.017 -18.017
1.12780e+01 -19.543 -18.569 -18.584 -18.495 -18.611 -17.657 -18.045 -18.045
1.18567e+01 -19.607 -18.641 -18.651 -18.550 -18.666 -17.675 -18.057 -18.057
1.23197e+01 -19.659 -18.704 -18.707 -18.594 -18.705 -17.693 -18.070 -18.070
1.26669e+01 -19.696 -18.751 -18.746 -18.624 -18.732 -17.703 -18.080 -18.080
1.30141e+01 -19.731 -18.790 -18.778 -18.649 -18.757 -17.708 -18.080 -18.080
1.32456e+01 -19.746 -18.810 -18.793 -18.661 -18.769 -17.706 -18.075 -18.075
1.34771e+01 -19.758 -18.822 -18.805 -18.669 -18.777 -17.701 -18.067 -18.067
1.37086e+01 -19.768 -18.832 -18.813 -18.674 -18.784 -17.691 -18.055 -18.055
1.39400e+01 -19.773 -18.842 -18.820 -18.677 -18.789 -17.684 -18.042 -18.042
1.41715e+01 -19.775 -18.847 -18.825 -18.680 -18.794 -17.674 -18.030 -18.030
1.44030e+01 -19.775 -18.852 -18.832 -18.683 -18.801 -17.664 -18.020 -18.020
1.46345e+01 -19.777 -18.857 -18.837 -18.688 -18.806 -17.656 -18.007 -18.007
1.48660e+01 -19.777 -18.860 -18.844 -18.692 -18.813 -17.649 -17.997 -17.997
1.52132e+01 -19.777 -18.869 -18.856 -18.702 -18.823 -17.642 -17.985 -17.985
1.55604e+01 -19.779 -18.884 -18.876 -18.715 -18.838 -17.642 -17.980 -17.980
1.59076e+01 -19.784 -18.902 -18.895 -18.732 -18.855 -17.647 -17.980 -17.980
1.62549e+01 -19.791 -18.919 -18.918 -18.752 -18.873 -17.650 -17.980 -17.980
1.66021e+01 -19.793 -18.934 -18.935 -18.767 -18.890 -17.650 -17.975 -17.975
1.69493e+01 -19.790 -18.946 -18.952 -18.780 -18.903 -17.647 -17.967 -17.967
1.70650e+01 -19.798 -18.950 -18.971 -18.781 -18.872 -17.655 -17.975 -17.975
1.72965e+01 -19.795 -18.955 -18.981 -18.788 -18.880 -17.652 -17.967 -17.967
1.75280e+01 -19.790 -18.962 -18.991 -18.798 -18.887 -17.648 -17.962 -17.962
1.77595e+01 -19.787 -18.970 -19.003 -18.806 -18.897 -17.645 -17.957 -17.957
1.79910e+01 -19.784 -18.975 -19.015 -18.815 -18.904 -17.643 -17.952 -17.952
1.82225e+01 -19.779 -18.982 -19.028 -18.825 -18.912 -17.641 -17.947 -17.947
1.84539e+01 -19.774 -18.990 -19.042 -18.834 -18.919 -17.641 -17.942 -17.942
1.86854e+01 -19.768 -18.997 -19.055 -18.844 -18.924 -17.641 -17.940 -17.940
1.89169e+01 -19.763 -19.005 -19.067 -18.853 -18.929 -17.641 -17.937 -17.937
1.91484e+01 -19.755 -19.012 -19.077 -18.860 -18.934 -17.641 -17.935 -17.935
1.93799e+01 -19.748 -19.015 -19.084 -18.865 -18.939 -17.641 -17.932 -17.932
1.96113e+01 -19.735 -19.014 -19.087 -18.867 -18.942 -17.639 -17.927 -17.927
1.98428e+01 -19.722 -19.012 -19.084 -18.867 -18.942 -17.639 -17.922 -17.922
2.00743e+01 -19.707 -19.004 -19.082 -18.863 -18.942 -17.634 -17.917 -17.917
2.03058e+01 -19.689 -18.994 -19.074 -18.859 -18.942 -17.631 -17.912 -17.912
2.05373e+01 -19.672 -18.984 -19.067 -18.852 -18.940 -17.629 -17.907 -17.907
2.07688e+01 -19.651 -18.972 -19.060 -18.848 -18.941 -17.627 -17.905 -17.905
2.10002e+01 -19.631 -18.959 -19.052 -18.844 -18.941 -17.627 -17.902 -17.902
2.12317e+01 -19.611 -18.947 -19.047 -18.842 -18.941 -17.627 -17.900 -17.900
2.14632e+01 -19.588 -18.935 -19.043 -18.842 -18.941 -17.629 -17.902 -17.902
2.16947e+01 -19.566 -18.925 -19.040 -18.842 -18.944 -17.632 -17.905 -17.905
2.19262e+01 -19.545 -18.915 -19.038 -18.842 -18.944 -17.637 -17.910 -17.910
2.21576e+01 -19.523 -18.905 -19.038 -18.845 -18.947 -17.644 -17.917 -17.917
2.23891e+01 -19.500 -18.898 -19.036 -18.847 -18.949 -17.652 -17.925 -17.925
2.26206e+01 -19.477 -18.888 -19.037 -18.851 -18.950 -17.659 -17.932 -17.932
2.28521e+01 -19.462 -18.881 -19.054 -18.853 -18.911 -17.680 -17.952 -17.952
2.30836e+01 -19.439 -18.874 -19.054 -18.855 -18.911 -17.687 -17.960 -17.960
2.33150e+01 -19.414 -18.864 -19.052 -18.858 -18.914 -17.697 -17.970 -17.970
2.35465e+01 -19.391 -18.854 -19.052 -18.858 -18.914 -17.705 -17.980 -17.980
2.37780e+01 -19.366 -18.847 -19.052 -18.860 -18.917 -17.712 -17.990 -17.990
2.40095e+01 -19.341 -18.837 -19.052 -18.862 -18.917 -17.719 -18.000 -18.000
2.42410e+01 -19.315 -18.828 -19.052 -18.862 -18.917 -17.727 -18.010 -18.010
2.45882e+01 -19.275 -18.813 -19.052 -18.865 -18.918 -17.739 -18.027 -18.027
2.48197e+01 -19.247 -18.803 -19.055 -18.867 -18.918 -17.749 -18.042 -18.042
2.50512e+01 -19.217 -18.793 -19.055 -18.867 -18.918 -17.759 -18.055 -18.055
2.53984e+01 -19.172 -18.779 -19.055 -18.866 -18.913 -17.774 -18.075 -18.075
2.57456e+01 -19.121 -18.757 -19.047 -18.861 -18.911 -17.789 -18.097 -18.097
2.60928e+01 -19.066 -18.732 -19.032 -18.849 -18.902 -17.804 -18.117 -18.117
2.64400e+01 -19.008 -18.699 -19.011 -18.835 -18.895 -17.816 -18.135 -18.135
2.67873e+01 -18.951 -18.665 -18.984 -18.817 -18.886 -17.831 -18.155 -18.155
2.71345e+01 -18.890 -18.630 -18.957 -18.798 -18.877 -17.846 -18.175 -18.175
2.74817e+01 -18.830 -18.592 -18.930 -18.785 -18.870 -17.860 -18.197 -18.197
2.80604e+01 -18.730 -18.533 -18.894 -18.767 -18.864 -17.890 -18.242 -18.242
2.86391e+01 -18.627 -18.470 -18.868 -18.764 -18.876 -17.927 -18.290 -18.290
2.94493e+01 -18.474 -18.385 -18.833 -18.761 -18.882 -17.982 -18.365 -18.365
3.04910e+01 -18.263 -18.265 -18.785 -18.758 -18.904 -18.051 -18.457 -18.457
3.15326e+01 -18.045 -18.137 -18.733 -18.752 -18.918 -18.121 -18.550 -18.550
3.25743e+01 -17.812 -17.996 -18.667 -18.729 -18.907 -18.175 -18.625 -18.625
3.36160e+01 -17.579 -17.843 -18.580 -18.689 -18.881 -18.220 -18.680 -18.680
3.46576e+01 -17.369 -17.700 -18.497 -18.662 -18.883 -18.264 -18.737 -18.737
3.56993e+01 -17.191 -17.570 -18.433 -18.651 -18.888 -18.326 -18.807 -18.807
3.67410e+01 -17.021 -17.438 -18.369 -18.638 -18.900 -18.389 -18.875 -18.875
3.76669e+01 -16.863 -17.318 -18.309 -18.625 -18.907 -18.441 -18.930 -18.930
3.87086e+01 -16.683 -17.180 -18.240 -18.602 -18.896 -18.483 -18.980 -18.980
3.97502e+01 -16.498 -17.039 -18.162 -18.562 -18.870 -18.493 -18.997 -18.997
4.07919e+01 -16.323 -16.904 -18.078 -18.513 -18.845 -18.485 -18.992 -18.992
4.18336e+01 -16.175 -16.789 -18.005 -18.474 -18.819 -18.502 -19.010 -19.010
4.26438e+01 -16.080 -16.714 -17.959 -18.451 -18.811 -18.530 -19.037 -19.037
4.33382e+01 -16.008 -16.652 -17.919 -18.432 -18.805 -18.552 -19.060 -19.060
4.40326e+01 -15.933 -16.589 -17.879 -18.412 -18.796 -18.572 -19.080 -19.080
4.47271e+01 -15.858 -16.529 -17.839 -18.392 -18.784 -18.587 -19.097 -19.097
4.55373e+01 -15.770 -16.457 -17.794 -18.366 -18.765 -18.592 -19.105 -19.105
4.65789e+01 -15.653 -16.363 -17.727 -18.318 -18.738 -18.554 -19.072 -19.072
4.76206e+01 -15.527 -16.264 -17.649 -18.258 -18.695 -18.502 -19.022 -19.022
4.86623e+01 -15.412 -16.172 -17.581 -18.206 -18.656 -18.487 -19.007 -19.007
4.95882e+01 -15.322 -16.104 -17.528 -18.169 -18.629 -18.492 -19.015 -19.015
5.03984e+01 -15.252 -16.050 -17.485 -18.139 -18.608 -18.497 -19.020 -19.020
5.12086e+01 -15.182 -15.999 -17.444 -18.108 -18.584 -18.494 -19.015 -19.015
5.22502e+01 -15.095 -15.932 -17.389 -18.068 -18.556 -18.466 -18.992 -18.992
5.32919e+01 -14.997 -15.862 -17.330 -18.019 -18.518 -18.407 -18.935 -18.935
5.43336e+01 -14.897 -15.781 -17.264 -17.966 -18.477 -18.327 -18.860 -18.860
5.53752e+01 -14.794 -15.706 -17.203 -17.915 -18.431 -18.269 -18.807 -18.807
