#NTIMES: 50
#NVEL: 162
#TIMES[d]: 199.16 202.03 204.93 207.87 210.86 213.89 216.97 220.09 223.25 226.46 229.71 233.01 236.36 239.76 243.21 246.70 250.25 253.85 257.50 261.20 264.95 268.76 272.62 276.54 280.51 284.55 288.64 292.79 296.99 301.26 305.59 309.99 314.44 318.96 323.55 328.19 332.91 337.70 342.55 347.48 352.47 357.54 362.68 367.89 373.18 378.54 383.98 389.50 395.10 400.78
#vel_mid[km/s] ne_t0[/cm^3] ne_t1[/cm^3] … ne_tn[/cm^3]
125.00 1.309e+07 1.251e+07 1.189e+07 1.150e+07 1.105e+07 1.054e+07 1.019e+07 9.681e+06 9.183e+06 8.869e+06 8.488e+06 8.156e+06 7.779e+06 7.350e+06 7.053e+06 6.731e+06 6.379e+06 6.113e+06 5.797e+06 5.501e+06 5.323e+06 5.124e+06 4.895e+06 4.675e+06 4.522e+06 4.224e+06 4.047e+06 3.913e+06 3.776e+06 3.580e+06 3.438e+06 3.286e+06 3.044e+06 3.017e+06 2.923e+06 2.763e+06 2.517e+06 2.426e+06 2.356e+06 2.195e+06 2.111e+06 1.980e+06 1.913e+06 1.836e+06 1.776e+06 1.702e+06 1.625e+06 1.555e+06 1.415e+06 1.401e+06
375.00 1.245e+07 1.194e+07 1.138e+07 1.085e+07 1.041e+07 9.939e+06 9.519e+06 9.141e+06 8.715e+06 8.358e+06 7.956e+06 7.601e+06 7.278e+06 6.972e+06 6.650e+06 6.380e+06 6.085e+06 5.846e+06 5.597e+06 5.363e+06 5.098e+06 4.868e+06 4.656e+06 4.469e+06 4.248e+06 4.058e+06 3.858e+06 3.699e+06 3.535e+06 3.388e+06 3.241e+06 3.084e+06 2.943e+06 2.819e+06 2.682e+06 2.568e+06 2.476e+06 2.378e+06 2.256e+06 2.162e+06 2.063e+06 1.963e+06 1.830e+06 1.756e+06 1.650e+06 1.587e+06 1.536e+06 1.468e+06 1.378e+06 1.321e+06
625.00 1.163e+07 1.114e+07 1.066e+07 1.018e+07 9.728e+06 9.311e+06 8.889e+06 8.512e+06 8.166e+06 7.802e+06 7.477e+06 7.148e+06 6.857e+06 6.543e+06 6.276e+06 5.984e+06 5.726e+06 5.475e+06 5.245e+06 5.027e+06 4.797e+06 4.588e+06 4.393e+06 4.195e+06 4.014e+06 3.833e+06 3.658e+06 3.484e+06 3.331e+06 3.177e+06 3.023e+06 2.897e+06 2.766e+06 2.655e+06 2.534e+06 2.422e+06 2.307e+06 2.208e+06 2.106e+06 2.007e+06 1.920e+06 1.837e+06 1.746e+06 1.661e+06 1.586e+06 1.509e+06 1.444e+06 1.372e+06 1.309e+06 1.252e+06
875.00 1.084e+07 1.038e+07 9.930e+06 9.520e+06 9.094e+06 8.706e+06 8.340e+06 7.962e+06 7.601e+06 7.288e+06 6.972e+06 6.673e+06 6.381e+06 6.115e+06 5.847e+06 5.589e+06 5.345e+06 5.118e+06 4.887e+06 4.670e+06 4.477e+06 4.290e+06 4.100e+06 3.919e+06 3.744e+06 3.592e+06 3.420e+06 3.268e+06 3.127e+06 3.000e+06 2.853e+06 2.728e+06 2.602e+06 2.483e+06 2.372e+06 2.267e+06 2.172e+06 2.075e+06 1.980e+06 1.886e+06 1.794e+06 1.712e+06 1.640e+06 1.560e+06 1.485e+06 1.417e+06 1.354e+06 1.293e+06 1.229e+06 1.170e+06
1125.00 1.010e+07 9.668e+06 9.259e+06 8.862e+06 8.488e+06 8.121e+06 7.767e+06 7.427e+06 7.103e+06 6.806e+06 6.518e+06 6.237e+06 5.964e+06 5.704e+06 5.461e+06 5.233e+06 5.008e+06 4.783e+06 4.569e+06 4.367e+06 4.179e+06 4.003e+06 3.824e+06 3.655e+06 3.495e+06 3.343e+06 3.196e+06 3.049e+06 2.922e+06 2.794e+06 2.674e+06 2.549e+06 2.425e+06 2.324e+06 2.216e+06 2.118e+06 2.026e+06 1.931e+06 1.840e+06 1.759e+06 1.677e+06 1.607e+06 1.528e+06 1.459e+06 1.393e+06 1.328e+06 1.268e+06 1.205e+06 1.148e+06 1.096e+06
1375.00 9.389e+06 8.993e+06 8.619e+06 8.244e+06 7.895e+06 7.556e+06 7.236e+06 6.921e+06 6.627e+06 6.340e+06 6.067e+06 5.806e+06 5.554e+06 5.319e+06 5.085e+06 4.868e+06 4.659e+06 4.457e+06 4.270e+06 4.085e+06 3.909e+06 3.742e+06 3.582e+06 3.419e+06 3.271e+06 3.127e+06 2.983e+06 2.848e+06 2.716e+06 2.598e+06 2.490e+06 2.381e+06 2.273e+06 2.174e+06 2.073e+06 1.982e+06 1.896e+06 1.811e+06 1.728e+06 1.649e+06 1.572e+06 1.495e+06 1.430e+06 1.370e+06 1.302e+06 1.239e+06 1.185e+06 1.132e+06 1.077e+06 1.026e+06
1625.00 8.692e+06 8.320e+06 7.970e+06 7.643e+06 7.318e+06 7.007e+06 6.700e+06 6.418e+06 6.138e+06 5.884e+06 5.634e+06 5.388e+06 5.164e+06 4.942e+06 4.730e+06 4.532e+06 4.340e+06 4.150e+06 3.967e+06 3.794e+06 3.629e+06 3.474e+06 3.321e+06 3.170e+06 3.031e+06 2.903e+06 2.776e+06 2.656e+06 2.540e+06 2.428e+06 2.320e+06 2.217e+06 2.121e+06 2.028e+06 1.932e+06 1.844e+06 1.765e+06 1.687e+06 1.609e+06 1.534e+06 1.464e+06 1.400e+06 1.334e+06 1.275e+06 1.211e+06 1.157e+06 1.104e+06 1.049e+06 1.004e+06 9.559e+05
1875.00 8.024e+06 7.684e+06 7.369e+06 7.059e+06 6.768e+06 6.484e+06 6.209e+06 5.943e+06 5.692e+06 5.449e+06 5.216e+06 4.989e+06 4.779e+06 4.571e+06 4.375e+06 4.192e+06 4.015e+06 3.837e+06 3.673e+06 3.515e+06 3.368e+06 3.221e+06 3.079e+06 2.940e+06 2.813e+06 2.694e+06 2.579e+06 2.469e+06 2.358e+06 2.250e+06 2.152e+06 2.057e+06 1.968e+06 1.883e+06 1.800e+06 1.717e+06 1.640e+06 1.567e+06 1.496e+06 1.429e+06 1.364e+06 1.305e+06 1.246e+06 1.189e+06 1.133e+06 1.080e+06 1.031e+06 9.838e+05 9.368e+05 8.954e+05
2125.00 7.407e+06 7.099e+06 6.795e+06 6.504e+06 6.226e+06 5.961e+06 5.707e+06 5.465e+06 5.235e+06 5.011e+06 4.799e+06 4.603e+06 4.413e+06 4.219e+06 4.036e+06 3.863e+06 3.702e+06 3.539e+06 3.391e+06 3.247e+06 3.109e+06 2.971e+06 2.844e+06 2.721e+06 2.604e+06 2.489e+06 2.381e+06 2.278e+06 2.179e+06 2.082e+06 1.992e+06 1.906e+06 1.824e+06 1.740e+06 1.662e+06 1.587e+06 1.516e+06 1.450e+06 1.384e+06 1.322e+06 1.264e+06 1.206e+06 1.152e+06 1.099e+06 1.049e+06 1.002e+06 9.561e+05 9.116e+05 8.697e+05 8.298e+05
2375.00 6.787e+06 6.498e+06 6.226e+06 5.961e+06 5.711e+06 5.471e+06 5.241e+06 5.021e+06 4.807e+06 4.609e+06 4.422e+06 4.233e+06 4.047e+06 3.875e+06 3.707e+06 3.550e+06 3.402e+06 3.260e+06 3.118e+06 2.983e+06 2.856e+06 2.731e+06 2.617e+06 2.500e+06 2.391e+06 2.289e+06 2.192e+06 2.096e+06 2.004e+06 1.916e+06 1.831e+06 1.751e+06 1.674e+06 1.600e+06 1.531e+06 1.462e+06 1.398e+06 1.337e+06 1.279e+06 1.222e+06 1.166e+06 1.114e+06 1.065e+06 1.017e+06 9.677e+05 9.229e+05 8.812e+05 8.406e+05 8.012e+05 7.642e+05
2625.00 6.192e+06 5.932e+06 5.681e+06 5.434e+06 5.211e+06 4.994e+06 4.789e+06 4.583e+06 4.386e+06 4.199e+06 4.022e+06 3.851e+06 3.693e+06 3.536e+06 3.385e+06 3.242e+06 3.100e+06 2.969e+06 2.845e+06 2.723e+06 2.606e+06 2.497e+06 2.387e+06 2.284e+06 2.186e+06 2.089e+06 2.002e+06 1.914e+06 1.833e+06 1.751e+06 1.676e+06 1.603e+06 1.532e+06 1.466e+06 1.403e+06 1.342e+06 1.284e+06 1.225e+06 1.168e+06 1.116e+06 1.064e+06 1.017e+06 9.734e+05 9.289e+05 8.878e+05 8.462e+05 8.072e+05 7.709e+05 7.346e+05 7.011e+05
2875.00 5.623e+06 5.384e+06 5.161e+06 4.943e+06 4.739e+06 4.535e+06 4.346e+06 4.165e+06 3.986e+06 3.813e+06 3.656e+06 3.499e+06 3.351e+06 3.214e+06 3.074e+06 2.941e+06 2.819e+06 2.702e+06 2.587e+06 2.473e+06 2.367e+06 2.264e+06 2.166e+06 2.073e+06 1.985e+06 1.902e+06 1.818e+06 1.737e+06 1.665e+06 1.590e+06 1.520e+06 1.456e+06 1.393e+06 1.330e+06 1.273e+06 1.216e+06 1.164e+06 1.113e+06 1.064e+06 1.016e+06 9.712e+05 9.248e+05 8.837e+05 8.431e+05 8.048e+05 7.700e+05 7.331e+05 6.998e+05 6.690e+05 6.398e+05
3125.00 5.089e+06 4.880e+06 4.666e+06 4.474e+06 4.287e+06 4.106e+06 3.934e+06 3.770e+06 3.609e+06 3.458e+06 3.307e+06 3.167e+06 3.031e+06 2.910e+06 2.783e+06 2.664e+06 2.549e+06 2.440e+06 2.334e+06 2.235e+06 2.136e+06 2.045e+06 1.957e+06 1.874e+06 1.791e+06 1.716e+06 1.645e+06 1.574e+06 1.504e+06 1.440e+06 1.379e+06 1.316e+06 1.259e+06 1.204e+06 1.151e+06 1.100e+06 1.050e+06 1.005e+06 9.612e+05 9.192e+05 8.793e+05 8.402e+05 8.013e+05 7.640e+05 7.293e+05 6.972e+05 6.654e+05 6.352e+05 6.059e+05 5.792e+05
3375.00 4.606e+06 4.404e+06 4.214e+06 4.040e+06 3.865e+06 3.704e+06 3.546e+06 3.398e+06 3.252e+06 3.111e+06 2.978e+06 2.857e+06 2.736e+06 2.620e+06 2.503e+06 2.395e+06 2.297e+06 2.198e+06 2.105e+06 2.013e+06 1.927e+06 1.843e+06 1.759e+06 1.685e+06 1.613e+06 1.541e+06 1.479e+06 1.409e+06 1.348e+06 1.291e+06 1.234e+06 1.182e+06 1.130e+06 1.079e+06 1.035e+06 9.860e+05 9.421e+05 9.005e+05 8.598e+05 8.215e+05 7.844e+05 7.484e+05 7.143e+05 6.821e+05 6.502e+05 6.195e+05 5.937e+05 5.657e+05 5.383e+05 5.123e+05
3625.00 4.113e+06 3.935e+06 3.756e+06 3.588e+06 3.432e+06 3.284e+06 3.135e+06 2.994e+06 2.859e+06 2.734e+06 2.614e+06 2.500e+06 2.388e+06 2.281e+06 2.180e+06 2.084e+06 1.995e+06 1.903e+06 1.820e+06 1.737e+06 1.659e+06 1.584e+06 1.511e+06 1.443e+06 1.381e+06 1.318e+06 1.258e+06 1.203e+06 1.151e+06 1.098e+06 1.044e+06 9.965e+05 9.497e+05 9.054e+05 8.623e+05 8.247e+05 7.877e+05 7.524e+05 7.185e+05 6.832e+05 6.498e+05 6.194e+05 5.907e+05 5.626e+05 5.350e+05 5.101e+05 4.845e+05 4.606e+05 4.398e+05 4.175e+05
3875.00 3.524e+06 3.355e+06 3.203e+06 3.054e+06 2.912e+06 2.780e+06 2.647e+06 2.528e+06 2.416e+06 2.305e+06 2.197e+06 2.097e+06 2.007e+06 1.913e+06 1.825e+06 1.738e+06 1.659e+06 1.586e+06 1.513e+06 1.442e+06 1.377e+06 1.314e+06 1.260e+06 1.196e+06 1.140e+06 1.089e+06 1.037e+06 9.911e+05 9.445e+05 9.019e+05 8.601e+05 8.196e+05 7.818e+05 7.426e+05 7.072e+05 6.763e+05 6.428e+05 6.147e+05 5.833e+05 5.551e+05 5.336e+05 5.062e+05 4.820e+05 4.584e+05 4.378e+05 4.091e+05 3.917e+05 3.653e+05 3.452e+05 3.314e+05
4125.00 3.030e+06 2.888e+06 2.750e+06 2.616e+06 2.492e+06 2.378e+06 2.263e+06 2.156e+06 2.051e+06 1.951e+06 1.862e+06 1.780e+06 1.701e+06 1.620e+06 1.540e+06 1.468e+06 1.393e+06 1.328e+06 1.267e+06 1.199e+06 1.141e+06 1.091e+06 1.037e+06 9.890e+05 9.448e+05 8.970e+05 8.534e+05 8.113e+05 7.714e+05 7.268e+05 6.953e+05 6.552e+05 6.296e+05 6.011e+05 5.641e+05 5.394e+05 5.090e+05 4.804e+05 4.605e+05 4.412e+05 4.227e+05 3.946e+05 3.718e+05 3.506e+05 3.371e+05 3.239e+05 3.049e+05 2.929e+05 2.811e+05 2.602e+05
4375.00 2.720e+06 2.587e+06 2.465e+06 2.343e+06 2.225e+06 2.109e+06 2.010e+06 1.909e+06 1.813e+06 1.729e+06 1.636e+06 1.559e+06 1.487e+06 1.421e+06 1.345e+06 1.278e+06 1.213e+06 1.151e+06 1.099e+06 1.037e+06 9.860e+05 9.376e+05 8.930e+05 8.411e+05 8.018e+05 7.503e+05 7.181e+05 6.759e+05 6.371e+05 6.114e+05 5.724e+05 5.505e+05 5.155e+05 4.966e+05 4.623e+05 4.446e+05 4.211e+05 3.974e+05 3.760e+05 3.542e+05 3.351e+05 3.151e+05 3.039e+05 2.868e+05 2.706e+05 2.557e+05 2.470e+05 2.377e+05 2.162e+05 2.087e+05
4625.00 2.435e+06 2.322e+06 2.205e+06 2.097e+06 1.996e+06 1.895e+06 1.802e+06 1.720e+06 1.636e+06 1.552e+06 1.476e+06 1.399e+06 1.331e+06 1.266e+06 1.204e+06 1.148e+06 1.093e+06 1.036e+06 9.906e+05 9.431e+05 8.835e+05 8.452e+05 7.973e+05 7.525e+05 7.187e+05 6.775e+05 6.343e+05 5.997e+05 5.753e+05 5.514e+05 5.177e+05 4.903e+05 4.704e+05 4.414e+05 4.161e+05 3.936e+05 3.703e+05 3.519e+05 3.398e+05 3.190e+05 3.020e+05 2.867e+05 2.700e+05 2.550e+05 2.384e+05 2.316e+05 2.172e+05 2.055e+05 1.946e+05 1.806e+05
4875.00 2.191e+06 2.085e+06 1.981e+06 1.884e+06 1.796e+06 1.704e+06 1.621e+06 1.546e+06 1.474e+06 1.404e+06 1.330e+06 1.262e+06 1.207e+06 1.144e+06 1.093e+06 1.037e+06 9.888e+05 9.412e+05 8.952e+05 8.417e+05 7.944e+05 7.487e+05 7.183e+05 6.730e+05 6.334e+05 5.985e+05 5.657e+05 5.439e+05 5.219e+05 4.915e+05 4.634e+05 4.378e+05 4.207e+05 3.982e+05 3.751e+05 3.528e+05 3.395e+05 3.152e+05 3.048e+05 2.817e+05 2.721e+05 2.574e+05 2.428e+05 2.310e+05 2.138e+05 2.079e+05 1.934e+05 1.842e+05 1.740e+05 1.646e+05
5125.00 1.972e+06 1.873e+06 1.782e+06 1.698e+06 1.622e+06 1.537e+06 1.465e+06 1.390e+06 1.326e+06 1.259e+06 1.201e+06 1.143e+06 1.086e+06 1.030e+06 9.873e+05 9.271e+05 8.833e+05 8.435e+05 8.063e+05 7.602e+05 7.180e+05 6.764e+05 6.395e+05 6.019e+05 5.695e+05 5.400e+05 5.210e+05 4.930e+05 4.745e+05 4.447e+05 4.191e+05 3.968e+05 3.753e+05 3.559e+05 3.431e+05 3.235e+05 3.054e+05 2.884e+05 2.673e+05 2.600e+05 2.471e+05 2.298e+05 2.224e+05 2.145e+05 1.984e+05 1.876e+05 1.769e+05 1.711e+05 1.577e+05 1.492e+05
5375.00 1.781e+06 1.698e+06 1.613e+06 1.538e+06 1.471e+06 1.395e+06 1.325e+06 1.263e+06 1.196e+06 1.137e+06 1.083e+06 1.029e+06 9.815e+05 9.262e+05 8.825e+05 8.432e+05 8.052e+05 7.691e+05 7.181e+05 6.791e+05 6.517e+05 6.149e+05 5.814e+05 5.453e+05 5.251e+05 4.973e+05 4.784e+05 4.453e+05 4.292e+05 4.044e+05 3.819e+05 3.620e+05 3.407e+05 3.220e+05 3.104e+05 2.986e+05 2.791e+05 2.582e+05 2.498e+05 2.418e+05 2.238e+05 2.124e+05 1.998e+05 1.879e+05 1.826e+05 1.707e+05 1.617e+05 1.496e+05 1.448e+05 1.358e+05
5625.00 1.608e+06 1.532e+06 1.462e+06 1.397e+06 1.324e+06 1.258e+06 1.198e+06 1.138e+06 1.081e+06 1.030e+06 9.718e+05 9.281e+05 8.852e+05 8.452e+05 7.965e+05 7.666e+05 7.215e+05 6.912e+05 6.499e+05 6.219e+05 5.852e+05 5.608e+05 5.242e+05 4.940e+05 4.766e+05 4.573e+05 4.304e+05 4.031e+05 3.903e+05 3.657e+05 3.521e+05 3.237e+05 3.147e+05 2.910e+05 2.837e+05 2.661e+05 2.489e+05 2.423e+05 2.273e+05 2.192e+05 2.054e+05 1.937e+05 1.837e+05 1.743e+05 1.657e+05 1.567e+05 1.456e+05 1.405e+05 1.299e+05 1.263e+05
5875.00 1.460e+06 1.388e+06 1.320e+06 1.262e+06 1.202e+06 1.149e+06 1.090e+06 1.034e+06 9.841e+05 9.369e+05 8.921e+05 8.369e+05 8.005e+05 7.669e+05 7.224e+05 6.923e+05 6.554e+05 6.172e+05 5.818e+05 5.585e+05 5.368e+05 5.083e+05 4.807e+05 4.529e+05 4.275e+05 4.134e+05 3.859e+05 3.730e+05 3.529e+05 3.317e+05 3.192e+05 3.005e+05 2.842e+05 2.695e+05 2.534e+05 2.456e+05 2.310e+05 2.179e+05 2.064e+05 1.962e+05 1.863e+05 1.754e+05 1.692e+05 1.567e+05 1.490e+05 1.397e+05 1.330e+05 1.267e+05 1.191e+05 1.124e+05
6125.00 1.325e+06 1.260e+06 1.199e+06 1.144e+06 1.089e+06 1.042e+06 9.824e+05 9.280e+05 8.847e+05 8.367e+05 7.997e+05 7.640e+05 7.300e+05 6.871e+05 6.580e+05 6.291e+05 5.944e+05 5.703e+05 5.473e+05 5.138e+05 4.793e+05 4.615e+05 4.357e+05 4.181e+05 3.936e+05 3.710e+05 3.600e+05 3.373e+05 3.244e+05 3.067e+05 2.895e+05 2.785e+05 2.582e+05 2.440e+05 2.353e+05 2.198e+05 2.093e+05 1.978e+05 1.880e+05 1.814e+05 1.701e+05 1.583e+05 1.506e+05 1.430e+05 1.388e+05 1.276e+05 1.204e+05 1.173e+05 1.087e+05 1.024e+05
6375.00 1.209e+06 1.154e+06 1.095e+06 1.040e+06 9.894e+05 9.439e+05 8.980e+05 8.471e+05 8.099e+05 7.731e+05 7.290e+05 7.009e+05 6.604e+05 6.328e+05 5.981e+05 5.735e+05 5.406e+05 5.184e+05 4.858e+05 4.687e+05 4.420e+05 4.158e+05 4.006e+05 3.799e+05 3.599e+05 3.390e+05 3.203e+05 3.085e+05 2.908e+05 2.799e+05 2.619e+05 2.527e+05 2.384e+05 2.253e+05 2.181e+05 2.043e+05 1.939e+05 1.820e+05 1.726e+05 1.676e+05 1.528e+05 1.487e+05 1.399e+05 1.312e+05 1.245e+05 1.210e+05 1.100e+05 1.064e+05 9.959e+04 9.425e+04
6625.00 1.108e+06 1.051e+06 1.004e+06 9.414e+05 9.003e+05 8.583e+05 8.189e+05 7.733e+05 7.295e+05 7.016e+05 6.730e+05 6.323e+05 6.062e+05 5.731e+05 5.525e+05 5.222e+05 4.948e+05 4.690e+05 4.425e+05 4.284e+05 3.968e+05 3.840e+05 3.628e+05 3.445e+05 3.315e+05 3.146e+05 2.942e+05 2.793e+05 2.695e+05 2.528e+05 2.437e+05 2.301e+05 2.159e+05 2.038e+05 1.968e+05 1.844e+05 1.745e+05 1.657e+05 1.558e+05 1.510e+05 1.437e+05 1.347e+05 1.277e+05 1.241e+05 1.139e+05 1.075e+05 1.016e+05 9.828e+04 9.021e+04 8.508e+04
6875.00 1.005e+06 9.667e+05 9.103e+05 8.725e+05 8.306e+05 7.818e+05 7.387e+05 7.079e+05 6.765e+05 6.451e+05 6.159e+05 5.763e+05 5.523e+05 5.169e+05 4.963e+05 4.775e+05 4.501e+05 4.342e+05 4.062e+05 3.818e+05 3.676e+05 3.539e+05 3.339e+05 3.172e+05 2.999e+05 2.890e+05 2.716e+05 2.565e+05 2.479e+05 2.338e+05 2.185e+05 2.074e+05 1.961e+05 1.919e+05 1.781e+05 1.724e+05 1.625e+05 1.518e+05 1.436e+05 1.346e+05 1.314e+05 1.207e+05 1.147e+05 1.111e+05 1.055e+05 9.624e+04 9.329e+04 8.882e+04 8.405e+04 7.920e+04
7125.00 9.208e+05 8.787e+05 8.382e+05 7.996e+05 7.655e+05 7.201e+05 6.876e+05 6.464e+05 6.211e+05 5.927e+05 5.667e+05 5.417e+05 5.062e+05 4.855e+05 4.573e+05 4.332e+05 4.166e+05 3.924e+05 3.730e+05 3.607e+05 3.342e+05 3.220e+05 3.059e+05 2.881e+05 2.784e+05 2.603e+05 2.532e+05 2.349e+05 2.218e+05 2.112e+05 2.050e+05 1.928e+05 1.810e+05 1.768e+05 1.663e+05 1.562e+05 1.478e+05 1.385e+05 1.345e+05 1.263e+05 1.186e+05 1.127e+05 1.060e+05 9.946e+04 9.424e+04 9.165e+04 8.854e+04 8.047e+04 7.810e+04 7.198e+04
7375.00 8.358e+05 8.025e+05 7.653e+05 7.304e+05 6.982e+05 6.560e+05 6.282e+05 6.015e+05 5.742e+05 5.418e+05 5.181e+05 4.852e+05 4.601e+05 4.420e+05 4.243e+05 4.000e+05 3.796e+05 3.598e+05 3.468e+05 3.262e+05 3.077e+05 2.970e+05 2.750e+05 2.672e+05 2.527e+05 2.434e+05 2.338e+05 2.180e+05 2.105e+05 2.025e+05 1.895e+05 1.772e+05 1.718e+05 1.567e+05 1.527e+05 1.443e+05 1.369e+05 1.296e+05 1.220e+05 1.161e+05 1.093e+05 1.033e+05 9.724e+04 9.441e+04 8.777e+04 8.579e+04 7.697e+04 7.228e+04 7.015e+04 6.589e+04
7625.00 7.831e+05 7.473e+05 7.107e+05 6.790e+05 6.483e+05 6.183e+05 5.891e+05 5.610e+05 5.298e+05 5.009e+05 4.707e+05 4.453e+05 4.293e+05 4.061e+05 3.836e+05 3.635e+05 3.529e+05 3.333e+05 3.140e+05 3.052e+05 2.818e+05 2.723e+05 2.648e+05 2.483e+05 2.384e+05 2.264e+05 2.173e+05 2.031e+05 1.905e+05 1.835e+05 1.714e+05 1.614e+05 1.524e+05 1.481e+05 1.403e+05 1.312e+05 1.249e+05 1.205e+05 1.138e+05 1.058e+05 1.025e+05 9.746e+04 9.026e+04 8.746e+04 8.112e+04 7.629e+04 7.215e+04 6.983e+04 6.483e+04 6.143e+04
7875.00 7.260e+05 6.916e+05 6.663e+05 6.297e+05 6.015e+05 5.738e+05 5.463e+05 5.227e+05 4.969e+05 4.739e+05 4.451e+05 4.263e+05 4.027e+05 3.776e+05 3.644e+05 3.453e+05 3.243e+05 3.133e+05 2.957e+05 2.857e+05 2.682e+05 2.512e+05 2.426e+05 2.283e+05 2.155e+05 2.094e+05 1.961e+05 1.862e+05 1.758e+05 1.654e+05 1.598e+05 1.497e+05 1.455e+05 1.371e+05 1.258e+05 1.221e+05 1.143e+05 1.072e+05 1.050e+05 9.573e+04 9.111e+04 8.575e+04 8.352e+04 7.706e+04 7.532e+04 7.136e+04 6.679e+04 6.071e+04 5.841e+04 5.644e+04
8125.00 6.581e+05 6.266e+05 6.047e+05 5.747e+05 5.487e+05 5.232e+05 4.888e+05 4.600e+05 4.360e+05 4.200e+05 4.018e+05 3.856e+05 3.707e+05 3.502e+05 3.346e+05 3.160e+05 2.977e+05 2.874e+05 2.701e+05 2.597e+05 2.428e+05 2.292e+05 2.220e+05 2.094e+05 1.977e+05 1.847e+05 1.800e+05 1.705e+05 1.613e+05 1.561e+05 1.442e+05 1.364e+05 1.318e+05 1.280e+05 1.202e+05 1.166e+05 1.054e+05 9.799e+04 9.585e+04 8.862e+04 8.596e+04 7.917e+04 7.697e+04 7.208e+04 6.993e+04 6.418e+04 6.065e+04 5.744e+04 5.391e+04 5.222e+04
8375.00 6.143e+05 5.858e+05 5.610e+05 5.316e+05 5.052e+05 4.837e+05 4.602e+05 4.319e+05 4.046e+05 3.891e+05 3.743e+05 3.538e+05 3.381e+05 3.251e+05 3.052e+05 2.926e+05 2.801e+05 2.626e+05 2.483e+05 2.408e+05 2.268e+05 2.180e+05 2.000e+05 1.928e+05 1.866e+05 1.770e+05 1.632e+05 1.577e+05 1.497e+05 1.446e+05 1.358e+05 1.314e+05 1.214e+05 1.142e+05 1.111e+05 1.041e+05 9.631e+04 9.365e+04 9.088e+04 8.252e+04 8.080e+04 7.363e+04 7.166e+04 6.582e+04 6.379e+04 5.872e+04 5.717e+04 5.163e+04 5.015e+04 4.838e+04
8625.00 5.722e+05 5.425e+05 5.175e+05 4.955e+05 4.734e+05 4.536e+05 4.320e+05 4.092e+05 3.894e+05 3.744e+05 3.513e+05 3.350e+05 3.198e+05 3.051e+05 2.909e+05 2.721e+05 2.603e+05 2.463e+05 2.368e+05 2.235e+05 2.151e+05 2.015e+05 1.893e+05 1.821e+05 1.705e+05 1.605e+05 1.551e+05 1.490e+05 1.406e+05 1.327e+05 1.233e+05 1.202e+05 1.094e+05 1.064e+05 1.007e+05 9.799e+04 9.038e+04 8.543e+04 8.310e+04 7.658e+04 7.192e+04 6.756e+04 6.405e+04 6.093e+04 5.760e+04 5.444e+04 5.173e+04 4.835e+04 4.542e+04 4.245e+04
8875.00 5.295e+05 5.038e+05 4.830e+05 4.586e+05 4.352e+05 4.126e+05 3.946e+05 3.764e+05 3.605e+05 3.432e+05 3.227e+05 3.108e+05 2.892e+05 2.795e+05 2.667e+05 2.516e+05 2.410e+05 2.248e+05 2.173e+05 2.044e+05 1.932e+05 1.824e+05 1.761e+05 1.688e+05 1.596e+05 1.479e+05 1.434e+05 1.346e+05 1.296e+05 1.188e+05 1.150e+05 1.089e+05 1.026e+05 9.647e+04 9.397e+04 8.720e+04 8.116e+04 7.863e+04 7.449e+04 7.255e+04 6.804e+04 6.242e+04 5.948e+04 5.642e+04 5.467e+04 4.944e+04 4.818e+04 4.544e+04 4.267e+04 4.119e+04
9125.00 4.938e+05 4.715e+05 4.485e+05 4.260e+05 4.061e+05 3.892e+05 3.704e+05 3.526e+05 3.375e+05 3.171e+05 3.045e+05 2.916e+05 2.767e+05 2.645e+05 2.459e+05 2.352e+05 2.187e+05 2.108e+05 2.029e+05 1.894e+05 1.798e+05 1.739e+05 1.642e+05 1.579e+05 1.474e+05 1.426e+05 1.328e+05 1.258e+05 1.162e+05 1.125e+05 1.064e+05 1.005e+05 9.729e+04 9.036e+04 8.449e+04 8.214e+04 7.699e+04 7.288e+04 6.942e+04 6.497e+04 6.172e+04 6.023e+04 5.559e+04 5.145e+04 5.016e+04 4.577e+04 4.445e+04 4.138e+04 3.814e+04 3.605e+04
9375.00 5.181e+05 4.942e+05 4.744e+05 4.526e+05 4.322e+05 4.124e+05 3.928e+05 3.740e+05 3.585e+05 3.415e+05 3.240e+05 3.067e+05 2.926e+05 2.783e+05 2.643e+05 2.501e+05 2.365e+05 2.251e+05 2.148e+05 2.047e+05 1.947e+05 1.836e+05 1.754e+05 1.662e+05 1.569e+05 1.483e+05 1.403e+05 1.325e+05 1.242e+05 1.168e+05 1.110e+05 1.054e+05 9.948e+04 9.094e+04 8.483e+04 8.305e+04 7.746e+04 7.303e+04 6.905e+04 6.431e+04 6.127e+04 5.820e+04 5.419e+04 5.043e+04 4.701e+04 4.386e+04 4.262e+04 3.992e+04 3.664e+04 3.463e+04
9625.00 4.717e+05 4.524e+05 4.323e+05 4.146e+05 3.984e+05 3.791e+05 3.612e+05 3.442e+05 3.263e+05 3.099e+05 2.954e+05 2.800e+05 2.657e+05 2.546e+05 2.430e+05 2.299e+05 2.186e+05 2.070e+05 1.960e+05 1.853e+05 1.758e+05 1.673e+05 1.580e+05 1.484e+05 1.423e+05 1.333e+05 1.283e+05 1.199e+05 1.126e+05 1.049e+05 9.821e+04 9.322e+04 8.774e+04 8.142e+04 7.722e+04 7.467e+04 6.835e+04 6.425e+04 6.089e+04 5.766e+04 5.578e+04 5.190e+04 4.645e+04 4.530e+04 4.247e+04 3.916e+04 3.864e+04 3.536e+04 3.218e+04 3.022e+04
9875.00 4.370e+05 4.170e+05 4.007e+05 3.839e+05 3.694e+05 3.519e+05 3.352e+05 3.215e+05 3.048e+05 2.918e+05 2.785e+05 2.642e+05 2.510e+05 2.386e+05 2.262e+05 2.153e+05 2.049e+05 1.935e+05 1.830e+05 1.736e+05 1.652e+05 1.560e+05 1.470e+05 1.411e+05 1.331e+05 1.255e+05 1.178e+05 1.117e+05 1.037e+05 9.977e+04 9.319e+04 8.717e+04 8.193e+04 7.734e+04 7.307e+04 6.852e+04 6.363e+04 6.061e+04 5.876e+04 5.370e+04 4.984e+04 4.728e+04 4.492e+04 4.085e+04 3.882e+04 3.602e+04 3.341e+04 3.162e+04 2.990e+04 2.673e+04
10125.00 3.836e+05 3.661e+05 3.496e+05 3.356e+05 3.218e+05 3.082e+05 2.933e+05 2.804e+05 2.665e+05 2.517e+05 2.377e+05 2.277e+05 2.171e+05 2.060e+05 1.940e+05 1.842e+05 1.738e+05 1.619e+05 1.553e+05 1.485e+05 1.420e+05 1.354e+05 1.258e+05 1.200e+05 1.122e+05 1.054e+05 1.015e+05 9.520e+04 8.969e+04 8.116e+04 7.898e+04 7.480e+04 7.055e+04 6.695e+04 6.540e+04 6.153e+04 5.830e+04 5.317e+04 5.149e+04 4.769e+04 4.495e+04 4.171e+04 4.032e+04 3.799e+04 3.508e+04 3.385e+04 3.102e+04 2.852e+04 2.760e+04 2.658e+04
10375.00 3.810e+05 3.644e+05 3.480e+05 3.333e+05 3.191e+05 3.053e+05 2.926e+05 2.804e+05 2.673e+05 2.557e+05 2.433e+05 2.322e+05 2.198e+05 2.107e+05 2.001e+05 1.908e+05 1.810e+05 1.719e+05 1.628e+05 1.531e+05 1.451e+05 1.362e+05 1.289e+05 1.209e+05 1.140e+05 1.088e+05 1.021e+05 9.657e+04 9.222e+04 8.625e+04 8.039e+04 7.524e+04 7.102e+04 6.662e+04 6.241e+04 6.104e+04 5.654e+04 5.186e+04 5.046e+04 4.535e+04 4.382e+04 4.094e+04 3.712e+04 3.529e+04 3.351e+04 3.115e+04 2.904e+04 2.620e+04 2.470e+04 2.242e+04
10625.00 3.539e+05 3.393e+05 3.245e+05 3.112e+05 2.975e+05 2.839e+05 2.724e+05 2.611e+05 2.487e+05 2.381e+05 2.271e+05 2.175e+05 2.074e+05 1.969e+05 1.881e+05 1.798e+05 1.714e+05 1.620e+05 1.535e+05 1.443e+05 1.369e+05 1.295e+05 1.236e+05 1.159e+05 1.090e+05 1.023e+05 9.647e+04 9.208e+04 8.624e+04 8.118e+04 7.586e+04 7.059e+04 6.585e+04 6.163e+04 5.691e+04 5.387e+04 5.081e+04 4.848e+04 4.517e+04 4.377e+04 3.956e+04 3.843e+04 3.485e+04 3.166e+04 2.935e+04 2.856e+04 2.593e+04 2.496e+04 2.306e+04 2.120e+04
10875.00 3.273e+05 3.134e+05 3.005e+05 2.887e+05 2.754e+05 2.634e+05 2.524e+05 2.422e+05 2.316e+05 2.205e+05 2.109e+05 2.010e+05 1.924e+05 1.839e+05 1.758e+05 1.675e+05 1.592e+05 1.516e+05 1.436e+05 1.356e+05 1.297e+05 1.235e+05 1.156e+05 1.099e+05 1.042e+05 9.825e+04 9.179e+04 8.634e+04 8.029e+04 7.592e+04 6.918e+04 6.555e+04 6.313e+04 5.725e+04 5.241e+04 5.101e+04 4.810e+04 4.380e+04 4.106e+04 4.046e+04 3.760e+04 3.456e+04 3.054e+04 2.988e+04 2.891e+04 2.726e+04 2.535e+04 2.210e+04 2.123e+04 1.977e+04
11125.00 3.035e+05 2.905e+05 2.786e+05 2.674e+05 2.550e+05 2.444e+05 2.343e+05 2.242e+05 2.148e+05 2.042e+05 1.963e+05 1.880e+05 1.792e+05 1.717e+05 1.643e+05 1.568e+05 1.503e+05 1.432e+05 1.362e+05 1.294e+05 1.228e+05 1.170e+05 1.113e+05 1.061e+05 1.002e+05 9.595e+04 9.130e+04 8.558e+04 8.051e+04 7.574e+04 7.037e+04 6.558e+04 6.151e+04 5.737e+04 5.290e+04 4.799e+04 4.582e+04 4.430e+04 4.178e+04 3.811e+04 3.517e+04 3.311e+04 2.958e+04 2.861e+04 2.782e+04 2.496e+04 2.395e+04 2.128e+04 1.864e+04 1.814e+04
11375.00 2.765e+05 2.650e+05 2.540e+05 2.435e+05 2.339e+05 2.236e+05 2.140e+05 2.056e+05 1.956e+05 1.876e+05 1.796e+05 1.709e+05 1.640e+05 1.564e+05 1.482e+05 1.426e+05 1.358e+05 1.291e+05 1.225e+05 1.167e+05 1.107e+05 1.046e+05 9.842e+04 9.300e+04 8.734e+04 8.196e+04 7.721e+04 7.271e+04 6.573e+04 6.343e+04 5.766e+04 5.288e+04 5.038e+04 4.604e+04 4.498e+04 4.238e+04 4.000e+04 3.676e+04 3.363e+04 3.286e+04 3.174e+04 2.906e+04 2.645e+04 2.618e+04 2.309e+04 2.070e+04 2.038e+04 1.827e+04 1.699e+04 1.649e+04
11625.00 2.592e+05 2.477e+05 2.373e+05 2.268e+05 2.172e+05 2.084e+05 1.995e+05 1.909e+05 1.824e+05 1.747e+05 1.672e+05 1.601e+05 1.534e+05 1.460e+05 1.394e+05 1.335e+05 1.279e+05 1.218e+05 1.167e+05 1.113e+05 1.065e+05 1.019e+05 9.698e+04 9.248e+04 8.821e+04 8.385e+04 7.965e+04 7.544e+04 7.176e+04 6.811e+04 6.342e+04 5.965e+04 5.603e+04 5.292e+04 4.929e+04 4.624e+04 4.104e+04 3.827e+04 3.586e+04 3.268e+04 2.926e+04 2.652e+04 2.470e+04 2.316e+04 2.114e+04 1.979e+04 1.777e+04 1.820e+04 1.620e+04 1.532e+04
11875.00 2.384e+05 2.284e+05 2.184e+05 2.088e+05 1.998e+05 1.921e+05 1.831e+05 1.758e+05 1.680e+05 1.608e+05 1.539e+05 1.472e+05 1.410e+05 1.351e+05 1.292e+05 1.238e+05 1.185e+05 1.131e+05 1.080e+05 1.036e+05 9.838e+04 9.431e+04 8.995e+04 8.613e+04 8.212e+04 7.841e+04 7.472e+04 7.087e+04 6.702e+04 6.385e+04 6.029e+04 5.679e+04 5.350e+04 4.977e+04 4.694e+04 4.358e+04 3.997e+04 3.662e+04 3.344e+04 3.251e+04 2.869e+04 2.666e+04 2.376e+04 2.141e+04 2.068e+04 1.778e+04 1.671e+04 1.564e+04 1.595e+04 1.411e+04
12125.00 2.196e+05 2.096e+05 2.012e+05 1.933e+05 1.851e+05 1.763e+05 1.689e+05 1.613e+05 1.543e+05 1.477e+05 1.413e+05 1.355e+05 1.297e+05 1.240e+05 1.186e+05 1.137e+05 1.086e+05 1.040e+05 9.961e+04 9.531e+04 9.099e+04 8.734e+04 8.325e+04 7.952e+04 7.580e+04 7.274e+04 6.913e+04 6.567e+04 6.261e+04 5.983e+04 5.654e+04 5.389e+04 5.060e+04 4.702e+04 4.332e+04 4.059e+04 3.729e+04 3.406e+04 3.147e+04 2.890e+04 2.623e+04 2.387e+04 2.224e+04 2.029e+04 1.797e+04 1.738e+04 1.543e+04 1.489e+04 1.443e+04 1.347e+04
12375.00 2.022e+05 1.933e+05 1.850e+05 1.774e+05 1.700e+05 1.626e+05 1.557e+05 1.483e+05 1.420e+05 1.364e+05 1.308e+05 1.252e+05 1.192e+05 1.141e+05 1.094e+05 1.048e+05 1.008e+05 9.579e+04 9.159e+04 8.795e+04 8.388e+04 8.028e+04 7.701e+04 7.347e+04 6.994e+04 6.709e+04 6.398e+04 6.082e+04 5.763e+04 5.480e+04 5.171e+04 4.919e+04 4.687e+04 4.468e+04 4.164e+04 3.871e+04 3.647e+04 3.366e+04 3.137e+04 2.910e+04 2.538e+04 2.321e+04 2.023e+04 1.808e+04 1.738e+04 1.556e+04 1.494e+04 1.316e+04 1.286e+04 1.248e+04
12625.00 1.859e+05 1.782e+05 1.713e+05 1.636e+05 1.568e+05 1.497e+05 1.441e+05 1.372e+05 1.324e+05 1.269e+05 1.206e+05 1.149e+05 1.100e+05 1.050e+05 1.007e+05 9.652e+04 9.252e+04 8.835e+04 8.461e+04 8.095e+04 7.715e+04 7.392e+04 7.080e+04 6.727e+04 6.448e+04 6.176e+04 5.903e+04 5.612e+04 5.361e+04 5.089e+04 4.839e+04 4.633e+04 4.377e+04 4.140e+04 3.881e+04 3.671e+04 3.420e+04 3.144e+04 2.883e+04 2.512e+04 2.342e+04 2.155e+04 1.944e+04 1.700e+04 1.637e+04 1.409e+04 1.364e+04 1.313e+04 1.263e+04 1.140e+04
12875.00 1.719e+05 1.638e+05 1.571e+05 1.501e+05 1.438e+05 1.378e+05 1.318e+05 1.269e+05 1.217e+05 1.157e+05 1.105e+05 1.059e+05 1.013e+05 9.739e+04 9.279e+04 8.845e+04 8.456e+04 8.107e+04 7.753e+04 7.407e+04 7.105e+04 6.769e+04 6.492e+04 6.190e+04 5.937e+04 5.655e+04 5.417e+04 5.174e+04 4.949e+04 4.727e+04 4.494e+04 4.231e+04 4.066e+04 3.827e+04 3.678e+04 3.478e+04 3.247e+04 2.973e+04 2.716e+04 2.471e+04 2.208e+04 1.946e+04 1.765e+04 1.581e+04 1.406e+04 1.372e+04 1.273e+04 1.143e+04 1.112e+04 1.004e+04
13125.00 1.577e+05 1.509e+05 1.446e+05 1.381e+05 1.327e+05 1.268e+05 1.210e+05 1.163e+05 1.113e+05 1.059e+05 1.017e+05 9.740e+04 9.349e+04 8.966e+04 8.608e+04 8.226e+04 7.876e+04 7.527e+04 7.150e+04 6.828e+04 6.548e+04 6.244e+04 5.986e+04 5.713e+04 5.458e+04 5.222e+04 4.998e+04 4.757e+04 4.506e+04 4.322e+04 4.080e+04 3.913e+04 3.758e+04 3.574e+04 3.390e+04 3.195e+04 2.960e+04 2.750e+04 2.532e+04 2.354e+04 2.084e+04 1.863e+04 1.714e+04 1.484e+04 1.306e+04 1.275e+04 1.239e+04 1.152e+04 1.087e+04 9.657e+03
13375.00 1.453e+05 1.391e+05 1.334e+05 1.273e+05 1.217e+05 1.168e+05 1.123e+05 1.075e+05 1.022e+05 9.851e+04 9.394e+04 9.066e+04 8.623e+04 8.261e+04 7.901e+04 7.538e+04 7.188e+04 6.857e+04 6.577e+04 6.288e+04 6.040e+04 5.801e+04 5.528e+04 5.280e+04 4.982e+04 4.773e+04 4.573e+04 4.363e+04 4.187e+04 4.015e+04 3.821e+04 3.645e+04 3.437e+04 3.289e+04 3.088e+04 2.913e+04 2.733e+04 2.516e+04 2.285e+04 2.028e+04 1.683e+04 1.639e+04 1.450e+04 1.280e+04 1.155e+04 1.088e+04 1.101e+04 1.055e+04 1.009e+04 9.402e+03
13625.00 1.340e+05 1.280e+05 1.223e+05 1.179e+05 1.128e+05 1.079e+05 1.025e+05 9.814e+04 9.397e+04 9.006e+04 8.697e+04 8.278e+04 7.890e+04 7.562e+04 7.215e+04 6.956e+04 6.617e+04 6.333e+04 6.039e+04 5.815e+04 5.553e+04 5.323e+04 5.069e+04 4.859e+04 4.661e+04 4.425e+04 4.226e+04 4.053e+04 3.827e+04 3.681e+04 3.516e+04 3.373e+04 3.190e+04 3.020e+04 2.843e+04 2.671e+04 2.536e+04 2.422e+04 2.153e+04 1.882e+04 1.690e+04 1.549e+04 1.480e+04 1.239e+04 1.155e+04 1.041e+04 1.013e+04 9.526e+03 9.041e+03 8.686e+03
13875.00 1.232e+05 1.172e+05 1.122e+05 1.079e+05 1.031e+05 9.886e+04 9.506e+04 9.149e+04 8.704e+04 8.397e+04 7.959e+04 7.613e+04 7.312e+04 6.942e+04 6.671e+04 6.382e+04 6.088e+04 5.840e+04 5.622e+04 5.370e+04 5.126e+04 4.880e+04 4.676e+04 4.481e+04 4.243e+04 4.072e+04 3.885e+04 3.721e+04 3.548e+04 3.398e+04 3.267e+04 3.120e+04 2.972e+04 2.793e+04 2.640e+04 2.494e+04 2.380e+04 2.249e+04 2.003e+04 1.867e+04 1.630e+04 1.398e+04 1.240e+04 1.095e+04 1.072e+04 9.757e+03 9.498e+03 8.497e+03 8.218e+03 8.979e+03
14125.00 1.136e+05 1.087e+05 1.044e+05 9.942e+04 9.473e+04 9.091e+04 8.662e+04 8.321e+04 7.954e+04 7.631e+04 7.369e+04 7.007e+04 6.688e+04 6.391e+04 6.121e+04 5.844e+04 5.609e+04 5.387e+04 5.101e+04 4.890e+04 4.672e+04 4.453e+04 4.268e+04 4.090e+04 3.911e+04 3.762e+04 3.557e+04 3.395e+04 3.284e+04 3.128e+04 2.956e+04 2.823e+04 2.704e+04 2.534e+04 2.364e+04 2.223e+04 2.028e+04 1.794e+04 1.562e+04 1.412e+04 1.197e+04 1.126e+04 1.063e+04 1.028e+04 9.419e+03 8.630e+03 8.192e+03 7.560e+03 7.865e+03 6.892e+03
14375.00 1.045e+05 9.996e+04 9.529e+04 9.160e+04 8.790e+04 8.376e+04 8.048e+04 7.638e+04 7.353e+04 7.069e+04 6.744e+04 6.438e+04 6.171e+04 5.922e+04 5.621e+04 5.408e+04 5.192e+04 4.989e+04 4.743e+04 4.530e+04 4.330e+04 4.129e+04 3.934e+04 3.779e+04 3.613e+04 3.452e+04 3.281e+04 3.142e+04 3.021e+04 2.884e+04 2.744e+04 2.618e+04 2.487e+04 2.394e+04 2.254e+04 2.109e+04 1.978e+04 1.891e+04 1.745e+04 1.614e+04 1.473e+04 1.260e+04 1.172e+04 9.835e+03 9.451e+03 9.848e+03 8.299e+03 7.322e+03 7.531e+03 6.979e+03
14625.00 9.576e+04 9.202e+04 8.812e+04 8.435e+04 8.080e+04 7.778e+04 7.427e+04 7.082e+04 6.779e+04 6.474e+04 6.227e+04 5.958e+04 5.630e+04 5.524e+04 5.230e+04 4.950e+04 4.751e+04 4.540e+04 4.311e+04 4.134e+04 3.974e+04 3.769e+04 3.647e+04 3.460e+04 3.321e+04 3.159e+04 3.020e+04 2.873e+04 2.748e+04 2.613e+04 2.506e+04 2.396e+04 2.280e+04 2.140e+04 2.044e+04 1.922e+04 1.764e+04 1.598e+04 1.411e+04 1.263e+04 1.221e+04 1.113e+04 9.620e+03 8.820e+03 8.148e+03 7.543e+03 7.402e+03 6.655e+03 6.118e+03 6.271e+03
14875.00 8.829e+04 8.477e+04 8.135e+04 7.765e+04 7.454e+04 7.095e+04 6.813e+04 6.543e+04 6.227e+04 5.989e+04 5.693e+04 5.490e+04 5.401e+04 5.053e+04 4.823e+04 4.574e+04 4.373e+04 4.183e+04 4.035e+04 3.825e+04 3.671e+04 3.479e+04 3.357e+04 3.216e+04 3.084e+04 2.974e+04 2.801e+04 2.651e+04 2.537e+04 2.449e+04 2.317e+04 2.222e+04 2.116e+04 2.018e+04 1.922e+04 1.826e+04 1.689e+04 1.603e+04 1.382e+04 1.276e+04 1.176e+04 1.020e+04 9.055e+03 8.078e+03 7.429e+03 7.143e+03 6.926e+03 6.205e+03 5.835e+03 5.663e+03
15125.00 8.189e+04 7.817e+04 7.407e+04 7.126e+04 6.839e+04 6.672e+04 6.326e+04 6.063e+04 5.764e+04 5.464e+04 5.275e+04 5.052e+04 4.870e+04 4.707e+04 4.405e+04 4.225e+04 4.044e+04 3.854e+04 3.671e+04 3.496e+04 3.362e+04 3.223e+04 3.073e+04 2.939e+04 2.808e+04 2.688e+04 2.579e+04 2.442e+04 2.338e+04 2.227e+04 2.109e+04 2.039e+04 1.926e+04 1.844e+04 1.750e+04 1.645e+04 1.567e+04 1.503e+04 1.350e+04 1.224e+04 1.113e+04 9.534e+03 9.132e+03 7.826e+03 7.560e+03 6.917e+03 6.155e+03 5.981e+03 5.762e+03 5.604e+03
15375.00 7.523e+04 7.188e+04 6.894e+04 6.607e+04 6.309e+04 6.048e+04 5.775e+04 5.577e+04 5.309e+04 5.095e+04 4.873e+04 4.652e+04 4.415e+04 4.257e+04 4.023e+04 3.968e+04 3.739e+04 3.534e+04 3.366e+04 3.231e+04 3.065e+04 2.973e+04 2.833e+04 2.712e+04 2.607e+04 2.506e+04 2.342e+04 2.254e+04 2.134e+04 2.064e+04 1.954e+04 1.837e+04 1.728e+04 1.676e+04 1.536e+04 1.475e+04 1.343e+04 1.183e+04 1.085e+04 9.344e+03 8.446e+03 7.814e+03 6.897e+03 6.643e+03 6.032e+03 5.907e+03 5.393e+03 5.686e+03 5.020e+03 4.733e+03
15625.00 6.892e+04 6.602e+04 6.381e+04 6.233e+04 5.970e+04 5.631e+04 5.378e+04 5.122e+04 4.864e+04 4.768e+04 4.555e+04 4.339e+04 4.107e+04 3.909e+04 3.729e+04 3.649e+04 3.459e+04 3.311e+04 3.116e+04 2.957e+04 2.847e+04 2.717e+04 2.628e+04 2.518e+04 2.387e+04 2.285e+04 2.178e+04 2.072e+04 1.996e+04 1.883e+04 1.816e+04 1.724e+04 1.622e+04 1.547e+04 1.447e+04 1.373e+04 1.281e+04 1.187e+04 9.743e+03 8.865e+03 8.553e+03 7.504e+03 6.611e+03 5.945e+03 6.231e+03 5.823e+03 5.154e+03 4.990e+03 4.712e+03 4.497e+03
15875.00 6.418e+04 6.190e+04 5.901e+04 5.611e+04 5.366e+04 5.153e+04 4.874e+04 4.814e+04 4.506e+04 4.373e+04 4.103e+04 3.924e+04 3.762e+04 3.675e+04 3.475e+04 3.337e+04 3.126e+04 2.990e+04 2.864e+04 2.728e+04 2.622e+04 2.537e+04 2.405e+04 2.276e+04 2.178e+04 2.088e+04 2.008e+04 1.891e+04 1.825e+04 1.742e+04 1.645e+04 1.579e+04 1.465e+04 1.407e+04 1.307e+04 1.267e+04 1.193e+04 1.148e+04 1.087e+04 1.000e+04 9.173e+03 7.896e+03 7.232e+03 6.573e+03 6.266e+03 5.701e+03 5.581e+03 4.851e+03 4.312e+03 4.539e+03
16125.00 5.830e+04 5.639e+04 5.375e+04 5.132e+04 4.897e+04 4.704e+04 4.551e+04 4.376e+04 4.244e+04 3.998e+04 3.760e+04 3.595e+04 3.450e+04 3.332e+04 3.151e+04 3.060e+04 2.922e+04 2.757e+04 2.665e+04 2.560e+04 2.408e+04 2.288e+04 2.214e+04 2.102e+04 1.992e+04 1.931e+04 1.833e+04 1.739e+04 1.647e+04 1.580e+04 1.505e+04 1.405e+04 1.358e+04 1.310e+04 1.247e+04 1.180e+04 1.083e+04 9.959e+03 8.702e+03 7.239e+03 6.560e+03 6.079e+03 6.197e+03 5.500e+03 4.904e+03 5.414e+03 4.856e+03 4.933e+03 4.419e+03 3.814e+03
16375.00 5.408e+04 5.196e+04 5.125e+04 4.814e+04 4.535e+04 4.352e+04 4.178e+04 4.012e+04 3.862e+04 3.651e+04 3.545e+04 3.325e+04 3.256e+04 3.076e+04 2.939e+04 2.840e+04 2.721e+04 2.563e+04 2.436e+04 2.414e+04 2.250e+04 2.126e+04 2.006e+04 1.926e+04 1.838e+04 1.782e+04 1.691e+04 1.591e+04 1.519e+04 1.463e+04 1.385e+04 1.295e+04 1.260e+04 1.198e+04 1.133e+04 1.103e+04 9.648e+03 8.353e+03 7.577e+03 6.855e+03 6.506e+03 5.530e+03 5.787e+03 5.864e+03 4.935e+03 4.338e+03 4.469e+03 4.418e+03 3.777e+03 3.674e+03
16625.00 4.992e+04 4.803e+04 4.660e+04 4.529e+04 4.260e+04 4.013e+04 3.824e+04 3.683e+04 3.656e+04 3.390e+04 3.293e+04 3.098e+04 2.939e+04 2.845e+04 2.714e+04 2.553e+04 2.454e+04 2.380e+04 2.249e+04 2.125e+04 2.039e+04 1.958e+04 1.879e+04 1.763e+04 1.674e+04 1.611e+04 1.531e+04 1.452e+04 1.393e+04 1.335e+04 1.244e+04 1.191e+04 1.163e+04 1.090e+04 1.031e+04 9.886e+03 9.188e+03 8.605e+03 7.092e+03 6.468e+03 6.268e+03 6.014e+03 4.871e+03 4.731e+03 5.071e+03 4.306e+03 3.867e+03 3.833e+03 3.625e+03 3.468e+03
16875.00 4.646e+04 4.489e+04 4.280e+04 3.998e+04 3.878e+04 3.702e+04 3.585e+04 3.473e+04 3.310e+04 3.126e+04 2.954e+04 2.842e+04 2.703e+04 2.617e+04 2.432e+04 2.340e+04 2.263e+04 2.177e+04 2.077e+04 1.973e+04 1.871e+04 1.766e+04 1.709e+04 1.614e+04 1.529e+04 1.467e+04 1.410e+04 1.334e+04 1.316e+04 1.219e+04 1.157e+04 1.112e+04 1.077e+04 1.010e+04 9.593e+03 9.113e+03 8.744e+03 8.099e+03 7.516e+03 7.275e+03 7.075e+03 6.362e+03 5.751e+03 4.825e+03 4.575e+03 4.108e+03 3.974e+03 3.454e+03 3.385e+03 3.503e+03
17125.00 4.293e+04 4.121e+04 3.902e+04 4.002e+04 3.649e+04 3.482e+04 3.288e+04 3.109e+04 3.063e+04 2.871e+04 2.747e+04 2.649e+04 2.503e+04 2.385e+04 2.345e+04 2.230e+04 2.059e+04 1.994e+04 1.899e+04 1.823e+04 1.728e+04 1.654e+04 1.562e+04 1.482e+04 1.432e+04 1.376e+04 1.283e+04 1.234e+04 1.170e+04 1.121e+04 1.063e+04 1.023e+04 9.843e+03 9.363e+03 8.842e+03 8.606e+03 8.026e+03 7.359e+03 6.951e+03 6.609e+03 6.266e+03 6.002e+03 4.858e+03 4.580e+03 4.342e+03 4.176e+03 3.536e+03 3.214e+03 3.093e+03 2.855e+03
17375.00 3.935e+04 3.795e+04 3.603e+04 3.405e+04 3.300e+04 3.175e+04 3.018e+04 2.841e+04 2.719e+04 2.685e+04 2.517e+04 2.415e+04 2.320e+04 2.236e+04 2.126e+04 2.023e+04 1.913e+04 1.811e+04 1.810e+04 1.663e+04 1.586e+04 1.518e+04 1.480e+04 1.377e+04 1.301e+04 1.246e+04 1.197e+04 1.133e+04 1.082e+04 1.040e+04 9.767e+03 9.348e+03 8.958e+03 8.513e+03 8.088e+03 7.736e+03 7.289e+03 6.967e+03 5.797e+03 5.501e+03 5.130e+03 4.686e+03 4.550e+03 3.681e+03 3.492e+03 3.167e+03 3.298e+03 2.951e+03 2.748e+03 2.557e+03
17625.00 3.624e+04 3.498e+04 3.357e+04 3.242e+04 3.129e+04 2.924e+04 2.742e+04 2.656e+04 2.513e+04 2.427e+04 2.335e+04 2.211e+04 2.132e+04 2.036e+04 1.928e+04 1.846e+04 1.760e+04 1.679e+04 1.600e+04 1.542e+04 1.439e+04 1.392e+04 1.327e+04 1.270e+04 1.196e+04 1.139e+04 1.086e+04 1.045e+04 9.774e+03 9.628e+03 9.090e+03 8.432e+03 8.121e+03 7.653e+03 7.468e+03 6.926e+03 6.486e+03 5.949e+03 5.156e+03 4.890e+03 4.205e+03 4.327e+03 4.250e+03 3.743e+03 3.795e+03 3.043e+03 2.874e+03 2.723e+03 2.520e+03 2.348e+03
17875.00 3.429e+04 3.235e+04 3.116e+04 2.963e+04 2.847e+04 2.777e+04 2.639e+04 2.456e+04 2.358e+04 2.206e+04 2.187e+04 2.034e+04 1.931e+04 1.836e+04 1.861e+04 1.693e+04 1.625e+04 1.525e+04 1.459e+04 1.414e+04 1.348e+04 1.272e+04 1.199e+04 1.147e+04 1.116e+04 1.030e+04 9.717e+03 9.458e+03 9.093e+03 8.465e+03 8.409e+03 7.981e+03 7.522e+03 7.053e+03 6.773e+03 6.491e+03 5.973e+03 5.915e+03 5.213e+03 4.793e+03 4.440e+03 3.701e+03 3.393e+03 3.271e+03 3.210e+03 2.813e+03 2.669e+03 2.539e+03 2.419e+03 2.667e+03
18125.00 3.086e+04 3.005e+04 2.890e+04 2.699e+04 2.600e+04 2.479e+04 2.383e+04 2.262e+04 2.170e+04 2.095e+04 1.967e+04 1.878e+04 1.765e+04 1.698e+04 1.641e+04 1.592e+04 1.480e+04 1.418e+04 1.348e+04 1.320e+04 1.221e+04 1.162e+04 1.108e+04 1.078e+04 1.030e+04 9.731e+03 9.220e+03 8.845e+03 8.405e+03 7.888e+03 7.561e+03 7.259e+03 7.062e+03 6.641e+03 6.355e+03 6.054e+03 5.708e+03 5.469e+03 5.100e+03 4.875e+03 4.527e+03 4.527e+03 4.004e+03 3.732e+03 3.312e+03 2.901e+03 2.650e+03 2.494e+03 2.429e+03 2.211e+03
18375.00 2.889e+04 2.817e+04 2.619e+04 2.515e+04 2.418e+04 2.256e+04 2.201e+04 2.107e+04 1.972e+04 1.891e+04 1.823e+04 1.769e+04 1.639e+04 1.563e+04 1.493e+04 1.425e+04 1.367e+04 1.285e+04 1.241e+04 1.189e+04 1.133e+04 1.076e+04 1.014e+04 9.918e+03 9.352e+03 8.782e+03 8.418e+03 8.180e+03 8.012e+03 7.353e+03 6.789e+03 6.515e+03 6.391e+03 6.113e+03 5.883e+03 5.733e+03 5.401e+03 4.963e+03 4.686e+03 4.478e+03 4.098e+03 3.875e+03 3.554e+03 3.296e+03 2.899e+03 2.698e+03 2.549e+03 2.226e+03 2.279e+03 2.063e+03
18625.00 2.612e+04 2.566e+04 2.413e+04 2.331e+04 2.226e+04 2.093e+04 2.056e+04 1.921e+04 1.819e+04 1.728e+04 1.669e+04 1.606e+04 1.510e+04 1.452e+04 1.373e+04 1.320e+04 1.273e+04 1.179e+04 1.135e+04 1.104e+04 1.025e+04 9.703e+03 9.450e+03 9.032e+03 8.790e+03 8.229e+03 7.754e+03 7.326e+03 7.020e+03 6.747e+03 6.360e+03 6.106e+03 5.882e+03 5.524e+03 5.325e+03 4.898e+03 4.766e+03 4.532e+03 4.102e+03 3.977e+03 3.733e+03 3.433e+03 2.832e+03 2.739e+03 2.437e+03 2.339e+03 2.159e+03 2.277e+03 1.910e+03 1.862e+03
18875.00 2.444e+04 2.376e+04 2.274e+04 2.145e+04 2.037e+04 1.959e+04 1.889e+04 1.767e+04 1.673e+04 1.594e+04 1.532e+04 1.462e+04 1.425e+04 1.341e+04 1.298e+04 1.193e+04 1.131e+04 1.095e+04 1.049e+04 1.008e+04 9.453e+03 9.027e+03 8.848e+03 8.376e+03 7.779e+03 7.447e+03 7.138e+03 6.832e+03 6.747e+03 6.258e+03 6.025e+03 5.662e+03 5.454e+03 5.130e+03 4.754e+03 4.600e+03 4.472e+03 4.044e+03 3.877e+03 3.484e+03 2.960e+03 2.871e+03 2.545e+03 2.479e+03 2.197e+03 2.214e+03 2.314e+03 2.074e+03 1.938e+03 1.764e+03
19125.00 2.257e+04 2.143e+04 2.047e+04 1.966e+04 1.846e+04 1.826e+04 1.666e+04 1.619e+04 1.537e+04 1.497e+04 1.419e+04 1.355e+04 1.292e+04 1.236e+04 1.157e+04 1.094e+04 1.064e+04 9.968e+03 9.647e+03 9.148e+03 8.998e+03 8.286e+03 8.216e+03 7.653e+03 7.235e+03 6.972e+03 6.630e+03 6.470e+03 5.986e+03 5.733e+03 5.459e+03 5.117e+03 4.949e+03 4.746e+03 4.480e+03 4.277e+03 4.173e+03 3.940e+03 3.820e+03 3.464e+03 3.150e+03 2.913e+03 2.619e+03 2.401e+03 2.553e+03 2.112e+03 2.125e+03 2.060e+03 2.113e+03 1.613e+03
19375.00 2.040e+04 1.991e+04 1.932e+04 1.837e+04 1.726e+04 1.616e+04 1.559e+04 1.494e+04 1.456e+04 1.349e+04 1.326e+04 1.226e+04 1.191e+04 1.144e+04 1.093e+04 1.035e+04 9.789e+03 9.267e+03 9.110e+03 8.298e+03 7.979e+03 7.835e+03 7.380e+03 7.177e+03 6.510e+03 6.281e+03 6.258e+03 5.860e+03 5.469e+03 5.198e+03 4.990e+03 4.751e+03 4.582e+03 4.416e+03 4.134e+03 3.998e+03 3.780e+03 3.613e+03 3.343e+03 3.127e+03 2.952e+03 2.707e+03 2.458e+03 2.329e+03 2.201e+03 1.917e+03 1.905e+03 1.795e+03 1.793e+03 1.497e+03
19625.00 1.952e+04 1.854e+04 1.735e+04 1.706e+04 1.584e+04 1.481e+04 1.437e+04 1.378e+04 1.299e+04 1.241e+04 1.173e+04 1.126e+04 1.076e+04 1.026e+04 9.786e+03 9.376e+03 9.244e+03 8.765e+03 8.420e+03 7.925e+03 7.559e+03 7.112e+03 6.824e+03 6.495e+03 6.227e+03 5.851e+03 5.557e+03 5.350e+03 5.052e+03 4.850e+03 4.590e+03 4.313e+03 4.166e+03 4.021e+03 3.738e+03 3.669e+03 3.572e+03 3.341e+03 3.156e+03 2.959e+03 2.838e+03 2.609e+03 2.367e+03 2.369e+03 1.998e+03 1.828e+03 1.762e+03 1.560e+03 1.714e+03 1.404e+03
19875.00 1.752e+04 1.675e+04 1.603e+04 1.547e+04 1.487e+04 1.397e+04 1.309e+04 1.256e+04 1.210e+04 1.146e+04 1.124e+04 1.053e+04 9.885e+03 9.597e+03 8.870e+03 8.735e+03 8.245e+03 8.102e+03 7.588e+03 7.269e+03 6.792e+03 6.413e+03 6.187e+03 6.114e+03 5.639e+03 5.385e+03 5.243e+03 4.995e+03 4.592e+03 4.395e+03 4.267e+03 4.049e+03 3.871e+03 3.687e+03 3.464e+03 3.335e+03 3.203e+03 3.074e+03 3.079e+03 2.774e+03 2.510e+03 2.427e+03 2.317e+03 2.115e+03 1.881e+03 1.702e+03 1.759e+03 1.592e+03 1.364e+03 1.305e+03
20125.00 1.614e+04 1.529e+04 1.483e+04 1.412e+04 1.342e+04 1.259e+04 1.231e+04 1.155e+04 1.095e+04 1.069e+04 1.032e+04 9.671e+03 9.072e+03 8.777e+03 8.185e+03 7.960e+03 7.683e+03 7.470e+03 6.988e+03 6.706e+03 6.570e+03 6.125e+03 5.885e+03 5.513e+03 5.122e+03 5.029e+03 4.724e+03 4.455e+03 4.235e+03 4.068e+03 3.904e+03 3.754e+03 3.639e+03 3.525e+03 3.365e+03 3.117e+03 3.038e+03 2.835e+03 2.727e+03 2.615e+03 2.335e+03 2.163e+03 2.152e+03 1.932e+03 1.866e+03 1.657e+03 1.510e+03 1.378e+03 1.248e+03 1.192e+03
20375.00 1.512e+04 1.429e+04 1.384e+04 1.311e+04 1.228e+04 1.179e+04 1.150e+04 1.082e+04 1.006e+04 9.870e+03 9.292e+03 8.703e+03 8.188e+03 7.938e+03 7.721e+03 7.422e+03 6.951e+03 6.729e+03 6.717e+03 6.195e+03 5.797e+03 5.704e+03 5.332e+03 5.190e+03 4.848e+03 4.648e+03 4.523e+03 4.165e+03 3.924e+03 3.707e+03 3.612e+03 3.446e+03 3.342e+03 3.249e+03 2.962e+03 2.838e+03 2.721e+03 2.591e+03 2.431e+03 2.120e+03 2.081e+03 1.837e+03 1.897e+03 1.727e+03 1.796e+03 1.337e+03 1.291e+03 1.327e+03 1.148e+03 1.059e+03
20625.00 1.389e+04 1.282e+04 1.229e+04 1.191e+04 1.120e+04 1.109e+04 1.048e+04 9.897e+03 9.449e+03 9.100e+03 8.502e+03 7.949e+03 7.535e+03 7.320e+03 7.033e+03 6.616e+03 6.377e+03 6.376e+03 6.268e+03 5.697e+03 5.336e+03 5.166e+03 4.961e+03 4.602e+03 4.421e+03 4.239e+03 4.059e+03 3.873e+03 3.755e+03 3.546e+03 3.436e+03 3.281e+03 3.139e+03 2.888e+03 2.719e+03 2.643e+03 2.640e+03 2.431e+03 2.247e+03 2.127e+03 2.080e+03 1.918e+03 1.757e+03 1.581e+03 1.566e+03 1.457e+03 1.307e+03 1.272e+03 1.290e+03 1.215e+03
20875.00 1.269e+04 1.211e+04 1.153e+04 1.090e+04 1.042e+04 9.704e+03 9.453e+03 9.095e+03 8.828e+03 8.323e+03 7.786e+03 7.378e+03 7.073e+03 6.786e+03 6.516e+03 6.117e+03 5.806e+03 5.932e+03 5.509e+03 5.241e+03 4.958e+03 4.760e+03 4.557e+03 4.251e+03 4.087e+03 3.940e+03 3.749e+03 3.572e+03 3.436e+03 3.257e+03 3.154e+03 2.894e+03 2.734e+03 2.660e+03 2.557e+03 2.494e+03 2.351e+03 2.233e+03 2.145e+03 2.036e+03 1.880e+03 1.788e+03 1.642e+03 1.557e+03 1.502e+03 1.408e+03 1.238e+03 1.101e+03 1.040e+03 1.021e+03
21125.00 1.177e+04 1.091e+04 1.066e+04 1.013e+04 9.758e+03 8.876e+03 8.708e+03 8.222e+03 7.929e+03 7.464e+03 7.188e+03 6.802e+03 6.723e+03 6.200e+03 5.951e+03 6.049e+03 5.373e+03 5.367e+03 5.164e+03 4.914e+03 4.607e+03 4.431e+03 4.189e+03 3.928e+03 3.725e+03 3.648e+03 3.453e+03 3.271e+03 3.180e+03 3.009e+03 2.971e+03 2.675e+03 2.573e+03 2.463e+03 2.360e+03 2.344e+03 2.146e+03 2.032e+03 2.001e+03 1.831e+03 1.739e+03 1.641e+03 1.527e+03 1.366e+03 1.221e+03 1.177e+03 1.118e+03 9.934e+02 9.454e+02 9.236e+02
21375.00 1.099e+04 1.033e+04 1.025e+04 9.285e+03 8.614e+03 8.372e+03 8.193e+03 7.537e+03 7.306e+03 6.847e+03 6.851e+03 6.429e+03 6.123e+03 5.700e+03 5.489e+03 5.400e+03 5.010e+03 5.122e+03 4.811e+03 4.434e+03 4.206e+03 4.036e+03 3.881e+03 3.677e+03 3.535e+03 3.410e+03 3.184e+03 3.027e+03 2.971e+03 2.786e+03 2.579e+03 2.463e+03 2.394e+03 2.247e+03 2.161e+03 2.245e+03 2.136e+03 1.896e+03 1.845e+03 1.728e+03 1.659e+03 1.528e+03 1.424e+03 1.404e+03 1.195e+03 1.109e+03 1.066e+03 1.014e+03 8.887e+02 8.676e+02
21625.00 1.013e+04 9.526e+03 9.040e+03 8.502e+03 8.099e+03 7.738e+03 7.536e+03 7.126e+03 6.861e+03 6.342e+03 6.268e+03 6.036e+03 5.680e+03 5.638e+03 5.301e+03 4.964e+03 4.778e+03 4.499e+03 4.374e+03 4.091e+03 3.950e+03 3.753e+03 3.786e+03 3.263e+03 3.164e+03 3.124e+03 2.928e+03 2.851e+03 2.649e+03 2.535e+03 2.496e+03 2.388e+03 2.333e+03 2.081e+03 2.021e+03 1.913e+03 1.808e+03 1.741e+03 1.674e+03 1.569e+03 1.525e+03 1.423e+03 1.302e+03 1.361e+03 1.128e+03 1.068e+03 9.446e+02 9.238e+02 8.769e+02 9.026e+02
21875.00 9.095e+03 8.435e+03 8.325e+03 7.564e+03 7.468e+03 7.173e+03 6.786e+03 6.517e+03 6.104e+03 5.853e+03 5.819e+03 5.545e+03 5.342e+03 4.943e+03 5.022e+03 4.527e+03 4.292e+03 4.122e+03 3.962e+03 3.788e+03 3.574e+03 3.470e+03 3.229e+03 3.177e+03 3.042e+03 2.828e+03 2.781e+03 2.586e+03 2.674e+03 2.378e+03 2.290e+03 2.172e+03 2.063e+03 1.922e+03 1.813e+03 1.749e+03 1.648e+03 1.584e+03 1.495e+03 1.449e+03 1.333e+03 1.170e+03 1.149e+03 1.061e+03 9.387e+02 9.743e+02 8.462e+02 8.052e+02 7.330e+02 7.059e+02
22125.00 8.463e+03 8.005e+03 7.909e+03 7.153e+03 7.029e+03 6.889e+03 6.411e+03 5.824e+03 5.784e+03 5.331e+03 5.296e+03 5.004e+03 4.814e+03 4.487e+03 4.664e+03 4.152e+03 4.002e+03 3.845e+03 3.573e+03 3.442e+03 3.248e+03 3.159e+03 2.989e+03 2.906e+03 2.771e+03 2.557e+03 2.505e+03 2.370e+03 2.282e+03 2.177e+03 2.107e+03 2.026e+03 1.855e+03 1.877e+03 1.696e+03 1.607e+03 1.529e+03 1.450e+03 1.398e+03 1.350e+03 1.271e+03 1.182e+03 1.094e+03 1.021e+03 1.046e+03 8.954e+02 8.227e+02 7.771e+02 7.364e+02 6.813e+02
22375.00 7.866e+03 7.066e+03 7.201e+03 6.849e+03 6.391e+03 6.184e+03 6.198e+03 5.372e+03 5.452e+03 5.123e+03 4.934e+03 4.559e+03 4.378e+03 4.096e+03 3.940e+03 3.817e+03 3.895e+03 3.503e+03 3.252e+03 3.249e+03 3.034e+03 2.910e+03 2.744e+03 2.649e+03 2.603e+03 2.370e+03 2.259e+03 2.172e+03 2.129e+03 1.969e+03 1.893e+03 1.791e+03 1.704e+03 1.639e+03 1.551e+03 1.468e+03 1.413e+03 1.326e+03 1.269e+03 1.230e+03 1.175e+03 1.158e+03 9.709e+02 9.785e+02 8.890e+02 8.782e+02 8.438e+02 6.809e+02 6.366e+02 6.249e+02
22625.00 7.099e+03 6.859e+03 6.618e+03 6.380e+03 5.823e+03 5.477e+03 5.275e+03 5.014e+03 4.980e+03 4.800e+03 4.515e+03 4.299e+03 4.017e+03 3.815e+03 3.706e+03 3.536e+03 3.384e+03 3.207e+03 3.000e+03 2.972e+03 2.780e+03 2.684e+03 2.581e+03 2.451e+03 2.497e+03 2.171e+03 2.091e+03 2.005e+03 1.918e+03 1.814e+03 1.773e+03 1.697e+03 1.607e+03 1.532e+03 1.456e+03 1.370e+03 1.315e+03 1.248e+03 1.191e+03 1.133e+03 1.084e+03 1.055e+03 9.079e+02 8.880e+02 8.960e+02 8.597e+02 7.828e+02 6.558e+02 5.979e+02 5.896e+02
22875.00 6.632e+03 6.136e+03 6.109e+03 5.669e+03 5.383e+03 5.178e+03 4.991e+03 4.698e+03 4.870e+03 4.521e+03 4.222e+03 4.029e+03 3.653e+03 3.526e+03 3.328e+03 3.411e+03 3.216e+03 2.942e+03 2.943e+03 2.756e+03 2.595e+03 2.616e+03 2.540e+03 2.221e+03 2.156e+03 2.024e+03 1.953e+03 1.852e+03 1.756e+03 1.678e+03 1.705e+03 1.616e+03 1.473e+03 1.425e+03 1.334e+03 1.359e+03 1.220e+03 1.150e+03 1.125e+03 1.046e+03 1.038e+03 1.003e+03 8.626e+02 8.368e+02 8.593e+02 8.077e+02 7.183e+02 6.167e+02 5.573e+02 5.809e+02
23125.00 6.320e+03 5.927e+03 5.518e+03 5.175e+03 4.935e+03 4.763e+03 4.466e+03 4.289e+03 4.243e+03 4.088e+03 3.932e+03 3.714e+03 3.529e+03 3.266e+03 3.069e+03 3.013e+03 2.833e+03 2.974e+03 2.848e+03 2.580e+03 2.381e+03 2.311e+03 2.213e+03 2.061e+03 2.023e+03 1.906e+03 1.811e+03 1.708e+03 1.623e+03 1.550e+03 1.491e+03 1.444e+03 1.368e+03 1.330e+03 1.235e+03 1.171e+03 1.141e+03 1.077e+03 1.043e+03 1.037e+03 9.163e+02 8.717e+02 8.319e+02 7.799e+02 6.863e+02 6.859e+02 6.318e+02 5.690e+02 5.916e+02 5.132e+02
23375.00 5.633e+03 5.204e+03 4.961e+03 4.799e+03 4.438e+03 4.309e+03 4.173e+03 4.007e+03 3.888e+03 3.672e+03 3.734e+03 3.271e+03 3.219e+03 3.020e+03 2.916e+03 2.755e+03 2.639e+03 2.531e+03 2.462e+03 2.284e+03 2.289e+03 2.083e+03 2.141e+03 1.924e+03 1.799e+03 1.723e+03 1.664e+03 1.580e+03 1.500e+03 1.432e+03 1.499e+03 1.304e+03 1.305e+03 1.240e+03 1.140e+03 1.088e+03 1.076e+03 1.072e+03 9.406e+02 9.861e+02 8.512e+02 8.080e+02 7.701e+02 6.904e+02 6.668e+02 6.362e+02 6.041e+02 5.349e+02 5.333e+02 4.696e+02
23625.00 5.060e+03 4.805e+03 4.606e+03 4.384e+03 4.174e+03 4.036e+03 4.028e+03 3.714e+03 3.591e+03 3.472e+03 3.356e+03 3.149e+03 2.953e+03 2.916e+03 2.712e+03 2.553e+03 2.594e+03 2.410e+03 2.198e+03 2.155e+03 2.224e+03 1.996e+03 1.972e+03 1.754e+03 1.662e+03 1.609e+03 1.548e+03 1.487e+03 1.399e+03 1.326e+03 1.333e+03 1.215e+03 1.236e+03 1.158e+03 1.075e+03 1.006e+03 1.038e+03 1.012e+03 8.819e+02 9.115e+02 8.197e+02 7.545e+02 7.118e+02 6.966e+02 6.506e+02 5.819e+02 5.597e+02 4.949e+02 5.027e+02 4.382e+02
23875.00 4.658e+03 4.751e+03 4.255e+03 4.099e+03 3.923e+03 3.724e+03 3.601e+03 3.467e+03 3.325e+03 3.227e+03 3.079e+03 2.903e+03 2.712e+03 2.579e+03 2.426e+03 2.431e+03 2.371e+03 2.291e+03 2.022e+03 1.934e+03 1.884e+03 1.888e+03 1.949e+03 1.613e+03 1.537e+03 1.469e+03 1.539e+03 1.512e+03 1.443e+03 1.217e+03 1.174e+03 1.117e+03 1.101e+03 1.063e+03 1.076e+03 9.515e+02 9.122e+02 8.412e+02 8.266e+02 7.609e+02 7.370e+02 7.126e+02 7.600e+02 6.127e+02 5.336e+02 5.201e+02 5.331e+02 4.438e+02 4.368e+02 4.060e+02
24125.00 4.503e+03 4.367e+03 3.855e+03 3.741e+03 3.579e+03 3.598e+03 3.399e+03 3.275e+03 3.168e+03 3.076e+03 2.876e+03 2.720e+03 2.495e+03 2.412e+03 2.409e+03 2.248e+03 2.144e+03 2.154e+03 1.901e+03 1.819e+03 1.966e+03 1.758e+03 1.610e+03 1.496e+03 1.472e+03 1.359e+03 1.395e+03 1.269e+03 1.226e+03 1.181e+03 1.090e+03 1.054e+03 1.011e+03 9.689e+02 1.110e+03 8.522e+02 8.175e+02 7.858e+02 7.666e+02 7.080e+02 6.633e+02 6.549e+02 5.811e+02 5.600e+02 4.962e+02 4.767e+02 4.605e+02 4.155e+02 4.246e+02 4.201e+02
24375.00 4.197e+03 3.920e+03 3.730e+03 3.486e+03 3.345e+03 3.403e+03 3.098e+03 2.991e+03 2.759e+03 2.633e+03 2.547e+03 2.464e+03 2.303e+03 2.284e+03 2.209e+03 2.059e+03 2.050e+03 1.908e+03 1.772e+03 1.727e+03 1.649e+03 1.778e+03 1.647e+03 1.466e+03 1.499e+03 1.314e+03 1.264e+03 1.172e+03 1.130e+03 1.165e+03 1.025e+03 9.785e+02 9.141e+02 8.744e+02 1.030e+03 7.895e+02 7.996e+02 7.142e+02 7.111e+02 6.852e+02 6.167e+02 5.962e+02 5.196e+02 5.263e+02 4.613e+02 4.477e+02 4.515e+02 3.970e+02 4.175e+02 4.443e+02
24625.00 3.851e+03 3.544e+03 3.361e+03 3.345e+03 3.043e+03 3.074e+03 2.912e+03 2.708e+03 2.559e+03 2.464e+03 2.468e+03 2.282e+03 2.122e+03 2.203e+03 2.057e+03 2.075e+03 1.755e+03 1.691e+03 1.629e+03 1.542e+03 1.510e+03 1.569e+03 1.466e+03 1.411e+03 1.420e+03 1.214e+03 1.168e+03 1.098e+03 1.041e+03 1.046e+03 1.017e+03 8.907e+02 8.439e+02 8.168e+02 8.945e+02 7.356e+02 7.384e+02 6.587e+02 6.806e+02 6.809e+02 5.933e+02 5.597e+02 5.008e+02 4.851e+02 4.361e+02 4.198e+02 4.319e+02 3.977e+02 3.376e+02 3.531e+02
24875.00 3.387e+03 3.276e+03 3.177e+03 2.974e+03 2.855e+03 3.066e+03 2.754e+03 2.482e+03 2.367e+03 2.261e+03 2.151e+03 2.126e+03 2.023e+03 1.908e+03 1.843e+03 1.759e+03 1.667e+03 1.577e+03 1.503e+03 1.420e+03 1.389e+03 1.339e+03 1.286e+03 1.243e+03 1.157e+03 1.141e+03 1.098e+03 1.070e+03 9.523e+02 9.025e+02 8.574e+02 8.239e+02 7.966e+02 7.684e+02 7.382e+02 6.840e+02 6.742e+02 6.085e+02 6.380e+02 6.286e+02 5.498e+02 5.198e+02 5.003e+02 4.330e+02 3.934e+02 4.044e+02 3.920e+02 3.843e+02 3.103e+02 2.984e+02
25125.00 3.141e+03 3.018e+03 3.039e+03 2.702e+03 2.605e+03 2.514e+03 2.404e+03 2.373e+03 2.199e+03 2.116e+03 1.994e+03 2.024e+03 1.941e+03 1.797e+03 1.899e+03 1.607e+03 1.522e+03 1.468e+03 1.395e+03 1.326e+03 1.277e+03 1.215e+03 1.193e+03 1.222e+03 1.069e+03 1.055e+03 9.823e+02 1.028e+03 8.878e+02 8.355e+02 7.961e+02 7.713e+02 7.358e+02 6.999e+02 6.751e+02 6.401e+02 6.296e+02 5.661e+02 5.866e+02 5.527e+02 5.007e+02 4.818e+02 4.653e+02 4.224e+02 3.718e+02 3.451e+02 3.349e+02 3.638e+02 2.900e+02 2.965e+02
25375.00 2.999e+03 2.728e+03 2.690e+03 2.530e+03 2.448e+03 2.353e+03 2.231e+03 2.189e+03 2.062e+03 1.964e+03 1.848e+03 1.871e+03 1.806e+03 1.594e+03 1.694e+03 1.490e+03 1.410e+03 1.329e+03 1.280e+03 1.217e+03 1.244e+03 1.098e+03 1.157e+03 1.039e+03 1.001e+03 9.681e+02 9.184e+02 9.830e+02 8.243e+02 7.758e+02 7.378e+02 7.096e+02 6.835e+02 6.396e+02 6.152e+02 6.023e+02 5.856e+02 5.287e+02 5.238e+02 4.768e+02 4.617e+02 4.517e+02 4.414e+02 4.106e+02 3.502e+02 3.344e+02 3.330e+02 3.428e+02 2.724e+02 2.628e+02
25625.00 2.914e+03 2.659e+03 2.534e+03 2.447e+03 2.299e+03 2.162e+03 2.064e+03 1.943e+03 1.901e+03 1.876e+03 1.844e+03 1.691e+03 1.592e+03 1.469e+03 1.510e+03 1.360e+03 1.313e+03 1.232e+03 1.282e+03 1.160e+03 1.153e+03 1.014e+03 9.865e+02 9.584e+02 9.274e+02 9.736e+02 8.907e+02 8.594e+02 7.741e+02 7.090e+02 6.828e+02 6.549e+02 6.789e+02 5.847e+02 5.634e+02 5.512e+02 5.374e+02 5.374e+02 5.114e+02 4.380e+02 4.418e+02 4.411e+02 4.065e+02 3.795e+02 3.304e+02 3.087e+02 3.023e+02 3.128e+02 2.847e+02 2.400e+02
25875.00 2.463e+03 2.488e+03 2.344e+03 2.325e+03 2.141e+03 1.925e+03 1.882e+03 1.786e+03 1.826e+03 1.766e+03 1.656e+03 1.715e+03 1.444e+03 1.403e+03 1.374e+03 1.252e+03 1.208e+03 1.141e+03 1.115e+03 1.097e+03 1.007e+03 9.568e+02 9.114e+02 8.685e+02 8.511e+02 8.743e+02 8.464e+02 8.137e+02 7.075e+02 6.605e+02 6.623e+02 6.074e+02 5.873e+02 5.493e+02 5.258e+02 5.089e+02 5.362e+02 5.172e+02 4.796e+02 3.990e+02 3.835e+02 3.947e+02 4.002e+02 4.003e+02 3.137e+02 3.084e+02 2.772e+02 2.541e+02 2.523e+02 2.713e+02
26125.00 2.355e+03 2.369e+03 2.356e+03 2.133e+03 2.092e+03 1.969e+03 1.821e+03 1.662e+03 1.732e+03 1.544e+03 1.604e+03 1.600e+03 1.351e+03 1.303e+03 1.283e+03 1.222e+03 1.114e+03 1.057e+03 1.108e+03 1.063e+03 1.025e+03 8.886e+02 8.452e+02 8.070e+02 7.703e+02 7.843e+02 7.435e+02 7.201e+02 6.587e+02 6.074e+02 6.010e+02 5.534e+02 5.338e+02 5.080e+02 4.860e+02 4.766e+02 4.604e+02 4.671e+02 4.045e+02 3.708e+02 3.652e+02 3.816e+02 3.293e+02 3.525e+02 3.035e+02 2.760e+02 2.498e+02 2.430e+02 2.413e+02 2.667e+02
26375.00 2.094e+03 2.110e+03 2.015e+03 1.944e+03 1.939e+03 1.658e+03 1.720e+03 1.576e+03 1.555e+03 1.437e+03 1.484e+03 1.342e+03 1.292e+03 1.189e+03 1.148e+03 1.087e+03 1.050e+03 9.728e+02 9.385e+02 9.381e+02 8.895e+02 8.353e+02 7.888e+02 7.483e+02 7.428e+02 7.168e+02 6.940e+02 6.403e+02 6.127e+02 6.027e+02 5.395e+02 5.152e+02 4.940e+02 4.696e+02 4.512e+02 4.691e+02 4.287e+02 3.902e+02 3.880e+02 3.446e+02 3.489e+02 3.372e+02 3.080e+02 3.216e+02 3.316e+02 2.675e+02 2.433e+02 2.217e+02 2.148e+02 2.230e+02
26625.00 2.048e+03 1.960e+03 1.759e+03 1.993e+03 1.741e+03 1.570e+03 1.523e+03 1.575e+03 1.373e+03 1.319e+03 1.425e+03 1.242e+03 1.204e+03 1.102e+03 1.059e+03 1.008e+03 9.663e+02 9.121e+02 8.803e+02 8.472e+02 8.791e+02 8.462e+02 7.504e+02 6.895e+02 7.293e+02 6.375e+02 6.389e+02 5.986e+02 5.683e+02 5.726e+02 4.947e+02 4.766e+02 4.560e+02 4.344e+02 4.178e+02 4.283e+02 3.708e+02 3.582e+02 3.669e+02 3.122e+02 3.041e+02 3.167e+02 2.833e+02 3.031e+02 2.678e+02 2.742e+02 2.297e+02 2.051e+02 2.109e+02 1.860e+02
26875.00 1.857e+03 1.796e+03 1.901e+03 1.621e+03 1.544e+03 1.478e+03 1.415e+03 1.373e+03 1.275e+03 1.222e+03 1.173e+03 1.129e+03 1.112e+03 1.021e+03 9.841e+02 9.981e+02 8.868e+02 8.526e+02 8.266e+02 8.102e+02 7.968e+02 7.056e+02 6.831e+02 6.434e+02 6.895e+02 6.122e+02 5.980e+02 5.502e+02 5.258e+02 5.303e+02 4.654e+02 4.472e+02 4.228e+02 4.030e+02 4.068e+02 3.933e+02 3.449e+02 3.330e+02 3.164e+02 2.954e+02 2.925e+02 3.065e+02 2.618e+02 2.718e+02 2.519e+02 2.460e+02 2.068e+02 1.906e+02 1.802e+02 1.876e+02
27125.00 1.886e+03 1.670e+03 1.730e+03 1.680e+03 1.398e+03 1.396e+03 1.293e+03 1.265e+03 1.162e+03 1.122e+03 1.088e+03 1.089e+03 1.045e+03 9.409e+02 1.000e+03 8.850e+02 8.429e+02 8.083e+02 7.816e+02 7.505e+02 7.209e+02 6.646e+02 6.300e+02 6.021e+02 5.902e+02 5.385e+02 5.672e+02 5.355e+02 4.854e+02 4.719e+02 4.583e+02 4.065e+02 3.910e+02 3.733e+02 3.768e+02 3.407e+02 3.249e+02 3.235e+02 2.862e+02 2.758e+02 2.707e+02 2.877e+02 2.509e+02 2.239e+02 2.251e+02 2.374e+02 1.825e+02 1.769e+02 1.706e+02 1.713e+02
27375.00 1.585e+03 1.607e+03 1.553e+03 1.588e+03 1.366e+03 1.278e+03 1.223e+03 1.182e+03 1.067e+03 1.036e+03 9.998e+02 1.007e+03 9.775e+02 1.013e+03 8.500e+02 8.216e+02 8.022e+02 7.925e+02 6.802e+02 6.809e+02 6.289e+02 6.581e+02 5.845e+02 5.629e+02 5.228e+02 5.021e+02 5.712e+02 5.236e+02 4.779e+02 4.112e+02 3.980e+02 3.817e+02 3.636e+02 3.464e+02 3.487e+02 3.165e+02 3.008e+02 2.874e+02 2.763e+02 2.618e+02 2.524e+02 2.542e+02 2.323e+02 2.073e+02 2.272e+02 1.978e+02 1.712e+02 1.768e+02 1.570e+02 1.555e+02
27625.00 1.443e+03 1.395e+03 1.590e+03 1.388e+03 1.198e+03 1.268e+03 1.120e+03 1.102e+03 9.875e+02 9.613e+02 1.048e+03 9.517e+02 8.806e+02 8.361e+02 8.003e+02 7.694e+02 7.424e+02 7.208e+02 6.312e+02 6.216e+02 6.253e+02 6.033e+02 5.454e+02 5.283e+02 4.896e+02 4.925e+02 4.380e+02 4.334e+02 4.409e+02 3.938e+02 3.675e+02 3.543e+02 3.373e+02 3.219e+02 3.104e+02 2.944e+02 2.789e+02 2.670e+02 2.562e+02 2.396e+02 2.367e+02 2.231e+02 2.159e+02 1.997e+02 1.965e+02 1.845e+02 1.619e+02 2.161e+02 1.467e+02 1.674e+02
27875.00 1.325e+03 1.302e+03 1.258e+03 1.284e+03 1.112e+03 1.389e+03 1.065e+03 1.031e+03 9.341e+02 9.378e+02 8.784e+02 9.719e+02 8.011e+02 7.769e+02 8.071e+02 7.390e+02 7.124e+02 6.843e+02 5.845e+02 6.852e+02 5.933e+02 5.649e+02 5.060e+02 5.068e+02 4.784e+02 4.596e+02 4.058e+02 4.106e+02 3.864e+02 3.712e+02 3.405e+02 3.282e+02 3.130e+02 2.985e+02 2.879e+02 2.726e+02 2.586e+02 2.473e+02 2.375e+02 2.247e+02 2.173e+02 2.056e+02 2.000e+02 1.875e+02 1.808e+02 1.598e+02 1.485e+02 1.826e+02 1.610e+02 1.633e+02
28125.00 1.268e+03 1.225e+03 1.219e+03 1.132e+03 1.097e+03 1.125e+03 9.879e+02 9.440e+02 9.154e+02 8.265e+02 8.222e+02 8.527e+02 7.364e+02 7.144e+02 6.638e+02 7.019e+02 5.924e+02 5.792e+02 6.746e+02 5.882e+02 5.120e+02 5.196e+02 4.696e+02 4.550e+02 4.394e+02 4.100e+02 3.808e+02 3.706e+02 3.586e+02 3.443e+02 3.131e+02 3.040e+02 2.901e+02 2.773e+02 2.765e+02 2.496e+02 2.399e+02 2.305e+02 2.202e+02 2.086e+02 2.044e+02 2.098e+02 1.859e+02 1.724e+02 1.685e+02 1.479e+02 1.567e+02 1.466e+02 1.590e+02 1.375e+02
28375.00 1.243e+03 1.117e+03 1.141e+03 1.032e+03 1.087e+03 9.681e+02 1.000e+03 9.795e+02 8.583e+02 7.530e+02 7.472e+02 6.974e+02 6.901e+02 6.592e+02 6.607e+02 6.252e+02 6.350e+02 5.656e+02 5.238e+02 4.869e+02 4.772e+02 4.627e+02 4.433e+02 4.146e+02 4.009e+02 3.838e+02 3.500e+02 3.357e+02 3.633e+02 3.145e+02 2.929e+02 2.824e+02 2.693e+02 2.569e+02 2.519e+02 2.394e+02 2.221e+02 2.141e+02 2.038e+02 1.915e+02 1.835e+02 1.850e+02 1.713e+02 1.613e+02 1.583e+02 1.380e+02 1.409e+02 1.244e+02 1.508e+02 1.293e+02
28625.00 1.073e+03 1.070e+03 1.074e+03 1.014e+03 9.768e+02 8.799e+02 8.594e+02 8.296e+02 8.148e+02 6.980e+02 7.035e+02 6.416e+02 6.402e+02 6.036e+02 6.196e+02 6.022e+02 6.215e+02 5.238e+02 4.670e+02 4.543e+02 4.396e+02 4.650e+02 4.275e+02 3.811e+02 3.694e+02 3.561e+02 3.250e+02 3.146e+02 3.712e+02 2.957e+02 2.695e+02 2.619e+02 2.501e+02 2.518e+02 2.235e+02 2.313e+02 2.148e+02 1.975e+02 1.888e+02 1.796e+02 1.720e+02 1.644e+02 1.571e+02 1.495e+02 1.467e+02 1.280e+02 1.192e+02 1.138e+02 1.389e+02 1.216e+02
28875.00 9.843e+02 9.457e+02 9.310e+02 9.010e+02 8.690e+02 8.339e+02 8.005e+02 8.321e+02 7.505e+02 7.081e+02 6.633e+02 5.937e+02 5.878e+02 5.661e+02 5.961e+02 5.187e+02 5.145e+02 4.976e+02 4.322e+02 4.213e+02 4.312e+02 3.827e+02 3.971e+02 3.891e+02 4.026e+02 3.300e+02 3.013e+02 2.918e+02 2.861e+02 2.749e+02 2.498e+02 2.426e+02 2.322e+02 2.332e+02 2.075e+02 2.007e+02 1.997e+02 1.926e+02 1.727e+02 1.663e+02 1.598e+02 1.467e+02 1.459e+02 1.385e+02 1.374e+02 1.195e+02 1.139e+02 1.043e+02 1.180e+02 1.440e+02
29125.00 1.119e+03 8.689e+02 9.176e+02 8.699e+02 8.576e+02 7.544e+02 7.295e+02 7.458e+02 6.469e+02 6.714e+02 6.066e+02 5.516e+02 5.307e+02 5.160e+02 5.023e+02 4.825e+02 4.683e+02 4.299e+02 4.066e+02 3.921e+02 3.823e+02 3.692e+02 3.688e+02 3.463e+02 3.122e+02 3.089e+02 2.793e+02 2.709e+02 2.597e+02 2.497e+02 2.340e+02 2.255e+02 2.157e+02 2.227e+02 1.921e+02 1.862e+02 1.874e+02 1.906e+02 1.596e+02 1.543e+02 1.483e+02 1.356e+02 1.352e+02 1.227e+02 1.295e+02 1.122e+02 1.038e+02 1.005e+02 9.836e+01 1.145e+02
29375.00 8.768e+02 8.123e+02 8.166e+02 7.902e+02 7.657e+02 6.999e+02 7.073e+02 6.521e+02 5.910e+02 6.569e+02 5.610e+02 5.181e+02 5.192e+02 4.846e+02 4.744e+02 4.446e+02 4.314e+02 4.147e+02 3.734e+02 3.635e+02 3.557e+02 3.434e+02 3.447e+02 3.093e+02 2.845e+02 2.878e+02 2.783e+02 2.468e+02 2.401e+02 2.325e+02 2.174e+02 2.095e+02 2.133e+02 2.073e+02 1.782e+02 1.846e+02 1.665e+02 1.690e+02 1.480e+02 1.430e+02 1.376e+02 1.264e+02 1.270e+02 1.135e+02 1.151e+02 1.037e+02 9.571e+01 9.202e+01 9.213e+01 1.036e+02
29625.00 7.833e+02 7.517e+02 7.755e+02 7.235e+02 6.962e+02 6.309e+02 6.066e+02 5.744e+02 5.547e+02 5.600e+02 5.332e+02 4.766e+02 5.155e+02 4.561e+02 4.308e+02 4.165e+02 4.042e+02 3.773e+02 3.848e+02 3.743e+02 3.274e+02 3.383e+02 3.243e+02 2.821e+02 2.666e+02 2.630e+02 2.563e+02 2.292e+02 2.279e+02 2.201e+02 2.012e+02 1.944e+02 2.050e+02 1.953e+02 1.878e+02 1.691e+02 1.549e+02 1.535e+02 1.373e+02 1.331e+02 1.301e+02 1.192e+02 1.155e+02 1.117e+02 1.105e+02 9.685e+01 9.128e+01 8.555e+01 8.318e+01 9.463e+01
29875.00 7.330e+02 6.955e+02 6.897e+02 7.099e+02 6.527e+02 5.874e+02 5.579e+02 5.384e+02 5.104e+02 5.029e+02 5.197e+02 5.171e+02 4.958e+02 4.200e+02 4.410e+02 3.820e+02 3.680e+02 3.465e+02 3.333e+02 3.312e+02 3.081e+02 3.184e+02 2.955e+02 2.646e+02 2.880e+02 2.437e+02 2.378e+02 2.131e+02 2.097e+02 2.023e+02 1.979e+02 1.771e+02 1.722e+02 1.764e+02 1.841e+02 1.571e+02 1.427e+02 1.410e+02 1.274e+02 1.239e+02 1.213e+02 1.181e+02 1.043e+02 1.051e+02 1.021e+02 9.008e+01 8.557e+01 7.940e+01 7.725e+01 9.072e+01
30125.00 6.882e+02 6.494e+02 6.324e+02 6.329e+02 6.084e+02 6.031e+02 5.183e+02 5.004e+02 4.742e+02 4.732e+02 4.941e+02 4.266e+02 4.594e+02 3.877e+02 4.208e+02 3.639e+02 3.494e+02 3.398e+02 3.066e+02 3.084e+02 3.115e+02 2.692e+02 2.717e+02 2.542e+02 2.272e+02 2.271e+02 2.204e+02 1.980e+02 1.953e+02 1.827e+02 1.792e+02 1.665e+02 1.603e+02 1.636e+02 1.645e+02 1.469e+02 1.304e+02 1.262e+02 1.195e+02 1.153e+02 1.182e+02 1.074e+02 9.617e+01 9.540e+01 9.567e+01 8.381e+01 8.083e+01 7.429e+01 7.080e+01 8.468e+01
30375.00 6.471e+02 5.994e+02 6.634e+02 5.994e+02 5.774e+02 6.077e+02 4.812e+02 4.652e+02 4.407e+02 4.468e+02 4.551e+02 4.397e+02 4.408e+02 3.501e+02 3.691e+02 3.649e+02 3.638e+02 3.290e+02 2.839e+02 2.865e+02 2.824e+02 2.576e+02 2.478e+02 2.389e+02 2.142e+02 2.087e+02 2.054e+02 1.838e+02 1.792e+02 1.697e+02 1.674e+02 1.531e+02 1.486e+02 1.551e+02 1.350e+02 1.363e+02 1.213e+02 1.175e+02 1.110e+02 1.074e+02 1.063e+02 1.017e+02 8.960e+01 8.917e+01 8.679e+01 7.790e+01 7.372e+01 6.986e+01 6.485e+01 7.397e+01
30625.00 6.011e+02 5.585e+02 5.815e+02 5.387e+02 5.917e+02 4.861e+02 4.528e+02 4.264e+02 4.131e+02 3.968e+02 4.140e+02 3.631e+02 4.000e+02 3.393e+02 3.466e+02 3.339e+02 3.204e+02 2.930e+02 2.649e+02 2.813e+02 2.437e+02 2.353e+02 2.224e+02 2.292e+02 2.004e+02 1.944e+02 1.881e+02 1.706e+02 1.683e+02 1.579e+02 1.602e+02 1.419e+02 1.383e+02 1.315e+02 1.366e+02 1.280e+02 1.124e+02 1.091e+02 1.032e+02 1.001e+02 9.523e+01 9.469e+01 8.339e+01 8.234e+01 7.783e+01 7.116e+01 6.929e+01 6.375e+01 6.148e+01 5.930e+01
30875.00 5.589e+02 5.251e+02 5.010e+02 5.159e+02 5.509e+02 4.390e+02 4.153e+02 3.989e+02 3.845e+02 3.967e+02 3.845e+02 3.327e+02 3.704e+02 3.157e+02 3.212e+02 2.893e+02 2.929e+02 2.556e+02 2.476e+02 2.569e+02 2.270e+02 2.189e+02 2.067e+02 2.073e+02 1.866e+02 1.760e+02 1.734e+02 1.608e+02 1.548e+02 1.465e+02 1.514e+02 1.327e+02 1.285e+02 1.215e+02 1.184e+02 1.152e+02 1.100e+02 9.912e+01 9.643e+01 9.816e+01 8.663e+01 8.805e+01 7.833e+01 7.759e+01 7.235e+01 6.666e+01 6.352e+01 6.196e+01 5.763e+01 5.328e+01
31125.00 5.190e+02 4.920e+02 4.666e+02 4.872e+02 4.985e+02 4.218e+02 4.534e+02 3.827e+02 3.721e+02 3.608e+02 3.522e+02 3.088e+02 3.333e+02 3.164e+02 2.985e+02 2.648e+02 2.752e+02 2.440e+02 2.311e+02 2.228e+02 2.145e+02 2.160e+02 2.077e+02 1.909e+02 1.735e+02 1.635e+02 1.617e+02 1.474e+02 1.456e+02 1.346e+02 1.349e+02 1.223e+02 1.191e+02 1.126e+02 1.104e+02 1.054e+02 1.038e+02 9.186e+01 8.951e+01 8.893e+01 7.973e+01 7.995e+01 7.221e+01 7.306e+01 6.645e+01 6.302e+01 5.804e+01 5.625e+01 5.479e+01 5.082e+01
31375.00 4.810e+02 4.199e+02 4.392e+02 4.374e+02 4.294e+02 3.972e+02 3.621e+02 3.728e+02 3.545e+02 3.426e+02 3.218e+02 3.079e+02 3.125e+02 2.936e+02 2.608e+02 2.515e+02 2.517e+02 2.413e+02 2.119e+02 2.001e+02 1.931e+02 1.881e+02 1.786e+02 1.766e+02 1.613e+02 1.518e+02 1.510e+02 1.419e+02 1.367e+02 1.249e+02 1.260e+02 1.213e+02 1.083e+02 1.055e+02 1.094e+02 9.875e+01 9.609e+01 8.551e+01 8.322e+01 8.438e+01 7.477e+01 7.482e+01 6.707e+01 6.689e+01 6.241e+01 5.890e+01 5.414e+01 5.286e+01 5.041e+01 4.687e+01
31625.00 4.169e+02 4.292e+02 3.742e+02 4.070e+02 3.842e+02 3.899e+02 3.374e+02 3.221e+02 3.315e+02 3.418e+02 3.041e+02 2.896e+02 2.889e+02 2.725e+02 2.421e+02 2.337e+02 2.272e+02 2.281e+02 1.990e+02 1.839e+02 1.883e+02 1.826e+02 1.639e+02 1.650e+02 1.499e+02 1.411e+02 1.384e+02 1.273e+02 1.258e+02 1.161e+02 1.153e+02 1.117e+02 1.008e+02 9.813e+01 1.018e+02 9.180e+01 8.923e+01 7.952e+01 7.780e+01 7.719e+01 6.883e+01 6.673e+01 6.397e+01 6.274e+01 5.732e+01 5.539e+01 5.053e+01 4.846e+01 4.639e+01 4.342e+01
31875.00 3.904e+02 4.420e+02 3.499e+02 3.730e+02 3.630e+02 3.617e+02 2.912e+02 3.013e+02 2.945e+02 2.811e+02 2.935e+02 2.649e+02 2.712e+02 2.476e+02 2.260e+02 2.201e+02 2.129e+02 2.097e+02 1.849e+02 1.709e+02 1.711e+02 1.795e+02 1.551e+02 1.521e+02 1.393e+02 1.312e+02 1.298e+02 1.183e+02 1.165e+02 1.107e+02 1.071e+02 1.040e+02 9.376e+01 9.131e+01 9.699e+01 8.443e+01 8.319e+01 7.382e+01 7.162e+01 7.117e+01 6.404e+01 6.446e+01 5.827e+01 5.763e+01 5.331e+01 5.159e+01 4.783e+01 4.425e+01 4.289e+01 4.097e+01
32125.00 3.646e+02 3.896e+02 3.264e+02 3.506e+02 3.292e+02 3.376e+02 2.712e+02 2.991e+02 2.764e+02 2.629e+02 2.703e+02 2.473e+02 2.500e+02 2.352e+02 2.059e+02 2.039e+02 1.975e+02 1.939e+02 1.735e+02 1.598e+02 1.591e+02 1.660e+02 1.442e+02 1.413e+02 1.295e+02 1.219e+02 1.197e+02 1.102e+02 1.079e+02 1.048e+02 1.010e+02 9.818e+01 8.698e+01 8.493e+01 8.242e+01 7.870e+01 7.714e+01 6.864e+01 7.107e+01 6.328e+01 6.033e+01 5.827e+01 5.718e+01 5.387e+01 4.949e+01 4.785e+01 4.536e+01 4.175e+01 4.086e+01 3.866e+01
32375.00 3.500e+02 3.560e+02 3.067e+02 3.596e+02 3.323e+02 3.131e+02 2.797e+02 2.431e+02 2.598e+02 2.444e+02 2.486e+02 2.244e+02 2.193e+02 2.185e+02 1.925e+02 1.874e+02 1.823e+02 1.800e+02 1.624e+02 1.498e+02 1.446e+02 1.486e+02 1.327e+02 1.318e+02 1.203e+02 1.134e+02 1.137e+02 1.018e+02 9.985e+01 9.862e+01 9.288e+01 8.944e+01 8.094e+01 7.891e+01 7.628e+01 7.309e+01 7.156e+01 6.378e+01 6.294e+01 5.819e+01 5.659e+01 5.261e+01 5.116e+01 4.956e+01 4.650e+01 4.654e+01 4.167e+01 3.841e+01 3.732e+01 3.638e+01
32625.00 3.323e+02 3.103e+02 3.215e+02 3.230e+02 3.239e+02 2.922e+02 2.733e+02 2.272e+02 2.413e+02 2.298e+02 2.210e+02 1.891e+02 2.055e+02 2.028e+02 1.799e+02 1.737e+02 1.608e+02 1.632e+02 1.517e+02 1.420e+02 1.387e+02 1.332e+02 1.224e+02 1.215e+02 1.136e+02 1.041e+02 1.056e+02 9.463e+01 9.235e+01 9.550e+01 8.509e+01 8.540e+01 7.591e+01 7.350e+01 7.082e+01 6.860e+01 6.622e+01 5.936e+01 5.783e+01 5.474e+01 5.213e+01 4.950e+01 5.008e+01 4.614e+01 4.272e+01 4.767e+01 3.888e+01 3.590e+01 3.472e+01 3.383e+01
32875.00 3.016e+02 3.317e+02 3.073e+02 2.573e+02 2.879e+02 2.747e+02 2.606e+02 2.131e+02 2.274e+02 1.938e+02 2.080e+02 1.763e+02 1.907e+02 1.837e+02 1.709e+02 1.626e+02 1.503e+02 1.508e+02 1.439e+02 1.331e+02 1.291e+02 1.230e+02 1.158e+02 1.088e+02 1.138e+02 9.748e+01 9.390e+01 8.921e+01 8.604e+01 8.715e+01 7.845e+01 7.763e+01 6.988e+01 6.814e+01 7.288e+01 6.353e+01 6.155e+01 5.514e+01 5.377e+01 5.090e+01 4.850e+01 4.602e+01 4.424e+01 4.271e+01 3.951e+01 4.132e+01 4.012e+01 3.394e+01 3.244e+01 3.151e+01
33125.00 2.944e+02 2.734e+02 2.869e+02 2.440e+02 2.608e+02 2.431e+02 2.395e+02 2.019e+02 2.193e+02 1.835e+02 1.961e+02 1.668e+02 1.797e+02 1.730e+02 1.653e+02 1.520e+02 1.416e+02 1.417e+02 1.330e+02 1.245e+02 1.209e+02 1.152e+02 1.083e+02 1.029e+02 9.856e+01 9.199e+01 9.006e+01 8.314e+01 8.037e+01 8.329e+01 7.319e+01 7.251e+01 6.534e+01 6.370e+01 6.900e+01 5.940e+01 5.749e+01 5.157e+01 5.031e+01 4.758e+01 4.535e+01 4.307e+01 4.294e+01 4.056e+01 3.699e+01 3.604e+01 3.931e+01 3.125e+01 3.064e+01 2.966e+01
33375.00 2.749e+02 2.618e+02 2.785e+02 2.289e+02 2.427e+02 2.167e+02 2.248e+02 1.889e+02 2.109e+02 1.716e+02 1.800e+02 1.558e+02 1.671e+02 1.597e+02 1.605e+02 1.408e+02 1.281e+02 1.311e+02 1.202e+02 1.157e+02 1.129e+02 1.068e+02 1.020e+02 9.552e+01 9.117e+01 8.461e+01 8.421e+01 7.759e+01 7.356e+01 7.262e+01 7.037e+01 6.787e+01 6.015e+01 5.875e+01 6.371e+01 5.463e+01 5.309e+01 4.772e+01 4.648e+01 4.388e+01 4.191e+01 3.973e+01 4.096e+01 3.625e+01 3.527e+01 3.271e+01 3.377e+01 2.960e+01 2.755e+01 2.647e+01
33625.00 2.593e+02 2.717e+02 2.271e+02 2.443e+02 2.082e+02 2.259e+02 1.932e+02 1.799e+02 1.954e+02 1.624e+02 1.770e+02 1.506e+02 1.561e+02 1.497e+02 1.468e+02 1.324e+02 1.190e+02 1.223e+02 1.132e+02 1.093e+02 1.053e+02 1.004e+02 9.525e+01 8.950e+01 8.475e+01 7.961e+01 7.791e+01 7.196e+01 6.852e+01 6.747e+01 6.532e+01 6.312e+01 5.656e+01 5.472e+01 5.176e+01 5.340e+01 4.775e+01 4.586e+01 4.210e+01 4.103e+01 3.887e+01 3.689e+01 3.561e+01 3.324e+01 3.324e+01 3.036e+01 3.132e+01 2.760e+01 2.553e+01 2.460e+01
33875.00 2.480e+02 2.339e+02 2.248e+02 2.054e+02 2.214e+02 1.901e+02 1.776e+02 1.869e+02 1.610e+02 1.721e+02 1.460e+02 1.506e+02 1.392e+02 1.390e+02 1.354e+02 1.276e+02 1.121e+02 1.123e+02 1.084e+02 1.017e+02 9.625e+01 9.445e+01 8.884e+01 8.329e+01 7.770e+01 7.596e+01 7.240e+01 6.831e+01 6.415e+01 6.102e+01 6.083e+01 5.872e+01 5.339e+01 5.034e+01 4.867e+01 4.530e+01 4.411e+01 4.458e+01 3.961e+01 3.786e+01 3.615e+01 3.438e+01 3.465e+01 3.101e+01 2.989e+01 2.858e+01 2.895e+01 2.815e+01 2.368e+01 2.320e+01
34125.00 2.344e+02 2.229e+02 2.132e+02 2.040e+02 1.934e+02 1.804e+02 1.705e+02 1.641e+02 1.519e+02 1.517e+02 1.374e+02 1.407e+02 1.340e+02 1.306e+02 1.148e+02 1.233e+02 1.071e+02 1.046e+02 1.015e+02 9.508e+01 8.942e+01 8.916e+01 8.240e+01 7.853e+01 7.307e+01 7.100e+01 6.654e+01 6.518e+01 5.986e+01 5.700e+01 5.715e+01 5.304e+01 5.148e+01 4.688e+01 4.467e+01 4.254e+01 4.057e+01 4.076e+01 3.636e+01 3.548e+01 3.359e+01 3.196e+01 3.230e+01 2.912e+01 2.815e+01 2.656e+01 2.687e+01 2.832e+01 2.299e+01 2.190e+01
34375.00 2.175e+02 2.076e+02 1.990e+02 1.897e+02 1.807e+02 1.758e+02 1.649e+02 1.575e+02 1.492e+02 1.424e+02 1.364e+02 1.306e+02 1.251e+02 1.225e+02 1.118e+02 1.147e+02 1.019e+02 9.845e+01 9.460e+01 8.872e+01 8.372e+01 8.335e+01 7.701e+01 7.339e+01 6.835e+01 6.660e+01 6.220e+01 6.092e+01 5.596e+01 5.328e+01 5.308e+01 4.950e+01 4.771e+01 4.365e+01 4.131e+01 3.951e+01 3.772e+01 3.788e+01 3.382e+01 3.351e+01 3.089e+01 3.001e+01 3.056e+01 2.713e+01 2.590e+01 2.468e+01 2.699e+01 2.609e+01 2.078e+01 2.003e+01
34625.00 2.029e+02 1.937e+02 1.852e+02 1.769e+02 1.682e+02 1.619e+02 1.554e+02 1.465e+02 1.396e+02 1.336e+02 1.266e+02 1.221e+02 1.161e+02 1.140e+02 1.043e+02 1.067e+02 9.484e+01 9.146e+01 8.854e+01 8.322e+01 7.762e+01 7.787e+01 7.146e+01 6.824e+01 6.420e+01 6.192e+01 5.758e+01 5.665e+01 5.231e+01 4.981e+01 4.736e+01 4.600e+01 4.497e+01 4.052e+01 3.856e+01 3.663e+01 3.518e+01 3.444e+01 3.151e+01 3.158e+01 2.870e+01 2.791e+01 2.768e+01 2.629e+01 2.377e+01 2.314e+01 2.320e+01 2.422e+01 1.934e+01 1.861e+01
34875.00 1.895e+02 1.802e+02 1.723e+02 1.645e+02 1.597e+02 1.496e+02 1.450e+02 1.362e+02 1.302e+02 1.239e+02 1.180e+02 1.135e+02 1.080e+02 1.058e+02 9.891e+01 9.913e+01 8.861e+01 8.568e+01 8.275e+01 7.808e+01 7.278e+01 7.177e+01 6.832e+01 6.435e+01 5.996e+01 5.803e+01 5.385e+01 5.323e+01 4.869e+01 4.655e+01 4.426e+01 4.319e+01 4.199e+01 3.808e+01 3.643e+01 3.460e+01 3.245e+01 3.304e+01 2.988e+01 2.935e+01 2.668e+01 2.728e+01 2.482e+01 2.419e+01 2.213e+01 2.152e+01 2.146e+01 2.258e+01 1.801e+01 1.721e+01
35125.00 1.766e+02 1.676e+02 1.602e+02 1.530e+02 1.477e+02 1.392e+02 1.351e+02 1.266e+02 1.211e+02 1.156e+02 1.102e+02 1.058e+02 1.009e+02 9.773e+01 9.181e+01 9.200e+01 8.252e+01 7.845e+01 7.690e+01 7.247e+01 6.829e+01 6.689e+01 6.438e+01 6.076e+01 5.558e+01 5.405e+01 5.075e+01 4.938e+01 4.573e+01 4.349e+01 4.135e+01 4.015e+01 3.914e+01 3.538e+01 3.363e+01 3.193e+01 3.031e+01 3.068e+01 2.772e+01 2.675e+01 2.512e+01 2.546e+01 2.288e+01 2.292e+01 2.053e+01 1.999e+01 2.152e+01 2.078e+01 1.659e+01 1.622e+01
35375.00 1.635e+02 1.553e+02 1.485e+02 1.419e+02 1.368e+02 1.293e+02 1.255e+02 1.177e+02 1.127e+02 1.074e+02 1.025e+02 9.846e+01 9.362e+01 9.122e+01 8.550e+01 8.541e+01 7.703e+01 7.335e+01 7.083e+01 6.794e+01 6.341e+01 6.251e+01 5.798e+01 5.655e+01 5.226e+01 5.046e+01 4.716e+01 4.614e+01 4.268e+01 4.059e+01 3.859e+01 3.720e+01 3.637e+01 3.325e+01 3.156e+01 2.982e+01 2.833e+01 2.844e+01 2.591e+01 2.555e+01 2.330e+01 2.392e+01 2.132e+01 2.051e+01 1.935e+01 1.844e+01 1.987e+01 1.910e+01 1.550e+01 1.512e+01
35625.00 1.515e+02 1.439e+02 1.374e+02 1.314e+02 1.265e+02 1.199e+02 1.163e+02 1.095e+02 1.045e+02 9.981e+01 9.529e+01 9.164e+01 8.666e+01 8.424e+01 7.945e+01 7.808e+01 7.284e+01 6.822e+01 6.589e+01 6.200e+01 5.903e+01 5.817e+01 5.360e+01 5.258e+01 4.858e+01 4.708e+01 4.400e+01 4.315e+01 3.983e+01 3.787e+01 3.600e+01 3.422e+01 3.348e+01 3.114e+01 2.931e+01 2.786e+01 2.646e+01 2.658e+01 2.417e+01 2.391e+01 2.180e+01 2.261e+01 1.985e+01 1.907e+01 1.799e+01 1.714e+01 1.646e+01 1.844e+01 1.442e+01 1.408e+01
35875.00 1.399e+02 1.331e+02 1.280e+02 1.216e+02 1.171e+02 1.110e+02 1.077e+02 1.015e+02 9.684e+01 9.250e+01 8.832e+01 8.490e+01 8.053e+01 7.683e+01 7.375e+01 7.225e+01 6.794e+01 6.335e+01 6.128e+01 5.752e+01 5.498e+01 5.398e+01 4.985e+01 4.898e+01 4.521e+01 4.399e+01 4.098e+01 4.011e+01 3.724e+01 3.517e+01 3.347e+01 3.182e+01 3.132e+01 2.902e+01 2.736e+01 2.601e+01 2.470e+01 2.476e+01 2.254e+01 2.211e+01 2.026e+01 2.082e+01 1.847e+01 1.825e+01 1.635e+01 1.584e+01 1.529e+01 1.548e+01 1.374e+01 1.279e+01
36125.00 1.293e+02 1.231e+02 1.183e+02 1.125e+02 1.082e+02 1.027e+02 9.973e+01 9.386e+01 8.958e+01 8.555e+01 8.181e+01 7.853e+01 7.461e+01 7.120e+01 6.834e+01 6.666e+01 6.379e+01 5.879e+01 5.681e+01 5.362e+01 5.120e+01 5.006e+01 4.627e+01 4.556e+01 4.196e+01 4.069e+01 3.805e+01 3.737e+01 3.442e+01 3.295e+01 3.120e+01 2.969e+01 2.889e+01 2.681e+01 2.554e+01 2.427e+01 2.306e+01 2.310e+01 2.101e+01 1.978e+01 1.975e+01 1.934e+01 1.711e+01 1.646e+01 1.545e+01 1.493e+01 1.407e+01 1.337e+01 1.269e+01 1.212e+01
36375.00 1.194e+02 1.138e+02 1.092e+02 1.040e+02 1.000e+02 9.498e+01 9.223e+01 8.673e+01 8.290e+01 7.920e+01 7.565e+01 7.225e+01 6.899e+01 6.595e+01 6.320e+01 6.088e+01 5.916e+01 5.474e+01 5.265e+01 4.982e+01 4.750e+01 4.630e+01 4.303e+01 4.114e+01 3.955e+01 3.803e+01 3.541e+01 3.476e+01 3.207e+01 3.075e+01 2.907e+01 2.787e+01 2.687e+01 2.501e+01 2.401e+01 2.263e+01 2.170e+01 2.131e+01 1.956e+01 1.845e+01 1.839e+01 1.794e+01 1.596e+01 1.573e+01 1.417e+01 1.383e+01 1.308e+01 1.244e+01 1.181e+01 1.125e+01
36625.00 1.102e+02 1.051e+02 1.009e+02 9.612e+01 9.226e+01 8.780e+01 8.524e+01 8.021e+01 7.668e+01 7.327e+01 7.032e+01 6.687e+01 6.386e+01 6.099e+01 5.850e+01 5.639e+01 5.468e+01 5.071e+01 4.842e+01 4.652e+01 4.404e+01 4.278e+01 4.026e+01 3.820e+01 3.640e+01 3.529e+01 3.293e+01 3.230e+01 2.986e+01 2.858e+01 2.723e+01 2.593e+01 2.502e+01 2.330e+01 2.234e+01 2.108e+01 2.020e+01 1.910e+01 1.893e+01 1.723e+01 1.698e+01 1.668e+01 1.477e+01 1.461e+01 1.332e+01 1.288e+01 1.216e+01 1.153e+01 1.095e+01 1.043e+01
36875.00 1.017e+02 9.700e+01 9.306e+01 8.877e+01 8.517e+01 8.112e+01 7.872e+01 7.412e+01 7.087e+01 6.774e+01 6.496e+01 6.184e+01 5.907e+01 5.643e+01 5.410e+01 5.219e+01 5.052e+01 4.694e+01 4.473e+01 4.305e+01 4.080e+01 3.889e+01 3.794e+01 3.541e+01 3.374e+01 3.220e+01 3.070e+01 2.999e+01 2.776e+01 2.654e+01 2.529e+01 2.408e+01 2.327e+01 2.168e+01 2.077e+01 1.977e+01 1.872e+01 1.787e+01 1.757e+01 1.599e+01 1.587e+01 1.550e+01 1.377e+01 1.361e+01 1.233e+01 1.198e+01 1.129e+01 1.071e+01 1.018e+01 9.702e+00
37125.00 9.395e+01 8.965e+01 8.596e+01 8.207e+01 7.873e+01 7.505e+01 7.280e+01 6.862e+01 6.560e+01 6.274e+01 6.003e+01 5.762e+01 5.478e+01 5.234e+01 5.017e+01 4.846e+01 4.676e+01 4.361e+01 4.159e+01 4.000e+01 3.792e+01 3.618e+01 3.527e+01 3.303e+01 3.143e+01 3.002e+01 2.867e+01 2.787e+01 2.624e+01 2.485e+01 2.368e+01 2.256e+01 2.187e+01 2.050e+01 1.950e+01 1.857e+01 1.766e+01 1.680e+01 1.652e+01 1.509e+01 1.491e+01 1.407e+01 1.300e+01 1.283e+01 1.173e+01 1.114e+01 1.048e+01 9.982e+00 9.453e+00 9.017e+00
37375.00 8.650e+01 8.258e+01 7.915e+01 7.559e+01 7.228e+01 6.912e+01 6.702e+01 6.320e+01 6.042e+01 5.778e+01 5.523e+01 5.291e+01 5.044e+01 4.820e+01 4.620e+01 4.460e+01 4.289e+01 4.015e+01 3.830e+01 3.682e+01 3.492e+01 3.331e+01 3.242e+01 3.039e+01 2.892e+01 2.761e+01 2.633e+01 2.514e+01 2.457e+01 2.286e+01 2.176e+01 2.073e+01 2.006e+01 1.883e+01 1.791e+01 1.705e+01 1.622e+01 1.543e+01 1.518e+01 1.391e+01 1.366e+01 1.256e+01 1.199e+01 1.133e+01 1.116e+01 1.025e+01 9.737e+00 9.240e+00 8.793e+00 8.377e+00
37625.00 7.972e+01 7.614e+01 7.290e+01 6.990e+01 6.668e+01 6.376e+01 6.180e+01 5.832e+01 5.576e+01 5.333e+01 5.098e+01 4.882e+01 4.658e+01 4.452e+01 4.266e+01 4.089e+01 3.965e+01 3.710e+01 3.541e+01 3.403e+01 3.228e+01 3.082e+01 2.997e+01 2.810e+01 2.678e+01 2.555e+01 2.439e+01 2.326e+01 2.276e+01 2.118e+01 2.014e+01 1.919e+01 1.861e+01 1.746e+01 1.661e+01 1.583e+01 1.506e+01 1.433e+01 1.414e+01 1.293e+01 1.271e+01 1.168e+01 1.110e+01 1.059e+01 1.042e+01 9.547e+00 9.054e+00 8.585e+00 8.173e+00 7.787e+00
37875.00 7.344e+01 7.042e+01 6.725e+01 6.440e+01 6.157e+01 5.890e+01 5.702e+01 5.385e+01 5.150e+01 4.926e+01 4.710e+01 4.510e+01 4.305e+01 4.116e+01 3.939e+01 3.766e+01 3.687e+01 3.434e+01 3.279e+01 3.150e+01 2.992e+01 2.859e+01 2.777e+01 2.605e+01 2.488e+01 2.374e+01 2.267e+01 2.164e+01 2.114e+01 1.972e+01 1.877e+01 1.789e+01 1.737e+01 1.629e+01 1.548e+01 1.476e+01 1.405e+01 1.337e+01 1.316e+01 1.211e+01 1.188e+01 1.094e+01 1.042e+01 9.880e+00 9.749e+00 8.880e+00 8.501e+00 8.040e+00 7.622e+00 7.234e+00
38125.00 6.769e+01 6.484e+01 6.192e+01 5.928e+01 5.669e+01 5.423e+01 5.238e+01 4.973e+01 4.743e+01 4.536e+01 4.338e+01 4.152e+01 3.966e+01 3.791e+01 3.624e+01 3.472e+01 3.395e+01 3.164e+01 3.021e+01 2.901e+01 2.757e+01 2.634e+01 2.557e+01 2.402e+01 2.292e+01 2.187e+01 2.089e+01 1.993e+01 1.948e+01 1.813e+01 1.729e+01 1.648e+01 1.598e+01 1.497e+01 1.426e+01 1.359e+01 1.294e+01 1.231e+01 1.215e+01 1.115e+01 1.095e+01 1.002e+01 9.598e+00 9.114e+00 8.998e+00 8.173e+00 7.850e+00 7.419e+00 7.122e+00 6.729e+00
38375.00 6.219e+01 5.957e+01 5.704e+01 5.460e+01 5.223e+01 4.997e+01 4.781e+01 4.625e+01 4.372e+01 4.185e+01 4.000e+01 3.834e+01 3.664e+01 3.497e+01 3.343e+01 3.202e+01 3.130e+01 2.923e+01 2.789e+01 2.677e+01 2.546e+01 2.433e+01 2.360e+01 2.219e+01 2.118e+01 2.022e+01 1.931e+01 1.843e+01 1.801e+01 1.678e+01 1.600e+01 1.526e+01 1.470e+01 1.397e+01 1.322e+01 1.260e+01 1.200e+01 1.142e+01 1.124e+01 1.038e+01 1.018e+01 9.311e+00 8.912e+00 8.463e+00 8.350e+00 7.576e+00 7.351e+00 6.936e+00 6.552e+00 6.299e+00
38625.00 5.729e+01 5.488e+01 5.255e+01 5.030e+01 4.813e+01 4.606e+01 4.407e+01 4.261e+01 4.031e+01 3.859e+01 3.692e+01 3.531e+01 3.378e+01 3.230e+01 3.089e+01 2.958e+01 2.885e+01 2.707e+01 2.577e+01 2.473e+01 2.354e+01 2.250e+01 2.181e+01 2.053e+01 1.960e+01 1.873e+01 1.788e+01 1.708e+01 1.667e+01 1.556e+01 1.485e+01 1.417e+01 1.352e+01 1.311e+01 1.229e+01 1.172e+01 1.117e+01 1.064e+01 1.044e+01 9.659e+00 9.274e+00 8.961e+00 8.327e+00 7.917e+00 7.773e+00 7.115e+00 6.814e+00 6.482e+00 6.161e+00 5.833e+00
38875.00 5.272e+01 5.050e+01 4.836e+01 4.629e+01 4.430e+01 4.239e+01 4.056e+01 3.890e+01 3.713e+01 3.552e+01 3.398e+01 3.251e+01 3.109e+01 2.974e+01 2.844e+01 2.724e+01 2.656e+01 2.493e+01 2.374e+01 2.277e+01 2.168e+01 2.073e+01 2.008e+01 1.892e+01 1.806e+01 1.726e+01 1.648e+01 1.574e+01 1.536e+01 1.435e+01 1.369e+01 1.306e+01 1.246e+01 1.208e+01 1.133e+01 1.081e+01 1.030e+01 9.808e+00 9.626e+00 8.905e+00 8.475e+00 8.326e+00 7.677e+00 7.300e+00 7.183e+00 6.560e+00 6.289e+00 5.964e+00 5.690e+00 5.431e+00
39125.00 4.851e+01 4.650e+01 4.452e+01 4.260e+01 4.078e+01 3.903e+01 3.735e+01 3.574e+01 3.419e+01 3.272e+01 3.130e+01 2.995e+01 2.864e+01 2.740e+01 2.621e+01 2.509e+01 2.439e+01 2.308e+01 2.189e+01 2.094e+01 2.001e+01 1.912e+01 1.852e+01 1.746e+01 1.667e+01 1.593e+01 1.522e+01 1.454e+01 1.417e+01 1.325e+01 1.265e+01 1.207e+01 1.152e+01 1.117e+01 1.049e+01 9.999e+00 9.531e+00 9.082e+00 8.900e+00 8.247e+00 7.852e+00 7.700e+00 7.119e+00 6.771e+00 6.657e+00 6.130e+00 5.838e+00 5.537e+00 5.284e+00 5.056e+00
39375.00 4.463e+01 4.281e+01 4.089e+01 3.922e+01 3.755e+01 3.593e+01 3.439e+01 3.291e+01 3.149e+01 3.014e+01 2.884e+01 2.759e+01 2.639e+01 2.525e+01 2.415e+01 2.313e+01 2.231e+01 2.140e+01 2.021e+01 1.937e+01 1.848e+01 1.766e+01 1.708e+01 1.614e+01 1.542e+01 1.472e+01 1.406e+01 1.343e+01 1.309e+01 1.226e+01 1.171e+01 1.118e+01 1.067e+01 1.033e+01 9.717e+00 9.270e+00 8.840e+00 8.430e+00 8.245e+00 7.662e+00 7.299e+00 7.135e+00 6.625e+00 6.305e+00 6.184e+00 5.715e+00 5.438e+00 5.166e+00 4.912e+00 4.713e+00
39625.00 4.106e+01 3.937e+01 3.762e+01 3.607e+01 3.447e+01 3.299e+01 3.158e+01 3.021e+01 2.891e+01 2.767e+01 2.647e+01 2.533e+01 2.428e+01 2.324e+01 2.223e+01 2.129e+01 2.054e+01 1.966e+01 1.865e+01 1.779e+01 1.705e+01 1.626e+01 1.571e+01 1.488e+01 1.420e+01 1.361e+01 1.297e+01 1.238e+01 1.206e+01 1.130e+01 1.079e+01 1.030e+01 9.835e+00 9.526e+00 8.960e+00 8.549e+00 8.154e+00 7.776e+00 7.467e+00 7.232e+00 6.737e+00 6.585e+00 6.115e+00 5.821e+00 5.708e+00 5.278e+00 5.020e+00 4.779e+00 4.540e+00 4.355e+00
39875.00 3.778e+01 3.622e+01 3.462e+01 3.319e+01 3.172e+01 3.037e+01 2.906e+01 2.782e+01 2.662e+01 2.548e+01 2.438e+01 2.333e+01 2.236e+01 2.140e+01 2.048e+01 1.961e+01 1.891e+01 1.810e+01 1.719e+01 1.640e+01 1.568e+01 1.500e+01 1.434e+01 1.386e+01 1.311e+01 1.258e+01 1.198e+01 1.145e+01 1.113e+01 1.044e+01 9.989e+00 9.543e+00 9.115e+00 8.808e+00 8.297e+00 7.935e+00 7.559e+00 7.228e+00 6.897e+00 6.719e+00 6.259e+00 6.108e+00 5.687e+00 5.437e+00 5.303e+00 4.916e+00 4.701e+00 4.479e+00 4.264e+00 4.061e+00
40125.00 3.474e+01 3.330e+01 3.184e+01 3.052e+01 2.918e+01 2.793e+01 2.673e+01 2.559e+01 2.449e+01 2.343e+01 2.243e+01 2.146e+01 2.056e+01 1.967e+01 1.884e+01 1.800e+01 1.740e+01 1.665e+01 1.581e+01 1.509e+01 1.443e+01 1.381e+01 1.320e+01 1.275e+01 1.207e+01 1.156e+01 1.106e+01 1.054e+01 1.024e+01 9.618e+00 9.198e+00 8.787e+00 8.393e+00 8.111e+00 7.643e+00 7.308e+00 6.975e+00 6.656e+00 6.351e+00 6.187e+00 5.765e+00 5.626e+00 5.239e+00 5.007e+00 4.843e+00 4.615e+00 4.313e+00 4.125e+00 3.928e+00 3.741e+00
40375.00 3.195e+01 3.063e+01 2.928e+01 2.807e+01 2.684e+01 2.569e+01 2.459e+01 2.354e+01 2.253e+01 2.157e+01 2.064e+01 1.975e+01 1.890e+01 1.812e+01 1.734e+01 1.657e+01 1.601e+01 1.533e+01 1.457e+01 1.390e+01 1.329e+01 1.272e+01 1.216e+01 1.174e+01 1.112e+01 1.063e+01 1.020e+01 9.720e+00 9.438e+00 8.875e+00 8.488e+00 8.111e+00 7.749e+00 7.485e+00 7.061e+00 6.752e+00 6.448e+00 6.154e+00 5.873e+00 5.716e+00 5.337e+00 5.202e+00 4.853e+00 4.638e+00 4.422e+00 4.312e+00 4.000e+00 3.825e+00 3.642e+00 3.471e+00
