#NTIMES: 4
#NVEL: 521
#TIMES[d]: 5.0 10.0 15.0 20.0
#vel_mid[km/s] ne_t0[/cm^3] ne_t1[/cm^3] … ne_tn[/cm^3]
9.025000E+03 1.000000E-99 1.000000E-99 1.000000E-99 5.773067E+08
9.074904E+03 1.000000E-99 1.000000E-99 1.000000E-99 5.673848E+08
9.124808E+03 1.000000E-99 1.000000E-99 1.000000E-99 5.576431E+08
9.174712E+03 1.000000E-99 1.000000E-99 1.000000E-99 5.480716E+08
9.224615E+03 1.000000E-99 1.000000E-99 1.000000E-99 5.386840E+08
9.274519E+03 1.000000E-99 1.000000E-99 1.000000E-99 5.294305E+08
9.324423E+03 1.000000E-99 1.000000E-99 1.000000E-99 5.203746E+08
9.374327E+03 1.000000E-99 1.000000E-99 1.000000E-99 5.114591E+08
9.424231E+03 1.000000E-99 1.000000E-99 1.000000E-99 5.027012E+08
9.474135E+03 1.000000E-99 1.000000E-99 1.000000E-99 4.940985E+08
9.524038E+03 1.000000E-99 1.000000E-99 1.000000E-99 4.856474E+08
9.573942E+03 1.000000E-99 1.000000E-99 1.000000E-99 4.773143E+08
9.623846E+03 1.000000E-99 1.000000E-99 1.000000E-99 4.691377E+08
9.673750E+03 1.000000E-99 1.000000E-99 1.000000E-99 4.611235E+08
9.723654E+03 1.000000E-99 1.000000E-99 1.000000E-99 4.532325E+08
9.773558E+03 1.000000E-99 1.000000E-99 1.000000E-99 4.454600E+08
9.823462E+03 1.000000E-99 1.000000E-99 1.000000E-99 4.378517E+08
9.873365E+03 1.000000E-99 1.000000E-99 1.000000E-99 4.303422E+08
9.923269E+03 1.000000E-99 1.000000E-99 1.000000E-99 4.229728E+08
9.973173E+03 1.000000E-99 1.000000E-99 1.000000E-99 4.157378E+08
1.002308E+04 1.000000E-99 1.000000E-99 1.000000E-99 4.086071E+08
1.007298E+04 1.000000E-99 1.000000E-99 1.000000E-99 4.016127E+08
1.012288E+04 1.000000E-99 1.000000E-99 1.000000E-99 3.947614E+08
1.017279E+04 1.000000E-99 1.000000E-99 1.000000E-99 3.879975E+08
1.022269E+04 1.000000E-99 1.000000E-99 1.000000E-99 3.813621E+08
1.027260E+04 1.000000E-99 1.000000E-99 1.000000E-99 3.748366E+08
1.032250E+04 1.000000E-99 1.000000E-99 1.000000E-99 3.684253E+08
1.037240E+04 1.000000E-99 1.000000E-99 1.000000E-99 3.621096E+08
1.042231E+04 1.000000E-99 1.000000E-99 1.000000E-99 3.559291E+08
1.047221E+04 1.000000E-99 1.000000E-99 1.000000E-99 3.498269E+08
1.052212E+04 1.000000E-99 1.000000E-99 1.000000E-99 3.438428E+08
1.057202E+04 1.000000E-99 1.000000E-99 1.000000E-99 3.379470E+08
1.062192E+04 1.000000E-99 1.000000E-99 1.000000E-99 3.321759E+08
1.067183E+04 1.000000E-99 1.000000E-99 1.000000E-99 3.264911E+08
1.072173E+04 1.000000E-99 1.000000E-99 1.000000E-99 3.209127E+08
1.077163E+04 1.000000E-99 1.000000E-99 1.000000E-99 3.154231E+08
1.082154E+04 1.000000E-99 1.000000E-99 1.000000E-99 3.100247E+08
1.087144E+04 1.000000E-99 1.000000E-99 1.000000E-99 3.047222E+08
1.092135E+04 1.000000E-99 1.000000E-99 1.000000E-99 2.995131E+08
1.097125E+04 1.000000E-99 1.000000E-99 1.000000E-99 2.943962E+08
1.102115E+04 1.000000E-99 1.000000E-99 1.000000E-99 2.893688E+08
1.107106E+04 1.000000E-99 1.000000E-99 6.830993E+08 2.844173E+08
1.112096E+04 1.000000E-99 1.000000E-99 6.711010E+08 2.795523E+08
1.117087E+04 1.000000E-99 1.000000E-99 6.593896E+08 2.747792E+08
1.122077E+04 1.000000E-99 1.000000E-99 6.479481E+08 2.700713E+08
1.127067E+04 1.000000E-99 1.000000E-99 6.366738E+08 2.654332E+08
1.132058E+04 1.000000E-99 1.000000E-99 6.256020E+08 2.608927E+08
1.137048E+04 1.000000E-99 1.000000E-99 6.148199E+08 2.564353E+08
1.142038E+04 1.000000E-99 1.000000E-99 6.041256E+08 2.520514E+08
1.147029E+04 1.000000E-99 1.000000E-99 5.936594E+08 2.477465E+08
1.152019E+04 1.000000E-99 1.000000E-99 5.834133E+08 2.434957E+08
1.157010E+04 1.000000E-99 1.000000E-99 5.734263E+08 2.393276E+08
1.162000E+04 1.000000E-99 1.000000E-99 5.635140E+08 2.352272E+08
1.166990E+04 1.000000E-99 1.000000E-99 5.537714E+08 2.312092E+08
1.171981E+04 1.000000E-99 1.000000E-99 5.442955E+08 2.272558E+08
1.176971E+04 1.000000E-99 1.000000E-99 5.348440E+08 2.233756E+08
1.181962E+04 1.000000E-99 1.000000E-99 5.255769E+08 2.195612E+08
1.186952E+04 1.000000E-99 1.000000E-99 5.164760E+08 2.157943E+08
1.191942E+04 1.000000E-99 1.000000E-99 5.075945E+08 2.121008E+08
1.196933E+04 1.000000E-99 1.000000E-99 4.988293E+08 2.084679E+08
1.201923E+04 1.000000E-99 1.000000E-99 4.902919E+08 2.049138E+08
1.206913E+04 1.000000E-99 1.000000E-99 4.818673E+08 2.014128E+08
1.211904E+04 1.000000E-99 1.000000E-99 4.736024E+08 1.979648E+08
1.216894E+04 1.000000E-99 1.000000E-99 4.654328E+08 1.945819E+08
1.221885E+04 1.000000E-99 1.000000E-99 4.574242E+08 1.912542E+08
1.226875E+04 1.000000E-99 1.000000E-99 4.495586E+08 1.879791E+08
1.231865E+04 1.000000E-99 1.000000E-99 4.418428E+08 1.847637E+08
1.236856E+04 1.000000E-99 1.000000E-99 4.341912E+08 1.816064E+08
1.241846E+04 1.000000E-99 1.000000E-99 4.267495E+08 1.785008E+08
1.246837E+04 1.000000E-99 1.000000E-99 4.194156E+08 1.754427E+08
1.251827E+04 1.000000E-99 1.000000E-99 4.122486E+08 1.724453E+08
1.256817E+04 1.000000E-99 1.000000E-99 4.051288E+08 1.694950E+08
1.261808E+04 1.000000E-99 1.000000E-99 3.981619E+08 1.665948E+08
1.266798E+04 1.000000E-99 1.000000E-99 3.913543E+08 1.637448E+08
1.271788E+04 1.000000E-99 1.000000E-99 3.846463E+08 1.609416E+08
1.276779E+04 1.000000E-99 1.000000E-99 3.780244E+08 1.581909E+08
1.281769E+04 1.000000E-99 1.000000E-99 3.715358E+08 1.554850E+08
1.286760E+04 1.000000E-99 1.000000E-99 3.651574E+08 1.528255E+08
1.291750E+04 1.000000E-99 1.000000E-99 3.588758E+08 1.502122E+08
1.296740E+04 1.000000E-99 1.000000E-99 3.527397E+08 1.476463E+08
1.301731E+04 1.000000E-99 1.000000E-99 3.467080E+08 1.451222E+08
1.306721E+04 1.000000E-99 1.000000E-99 3.407424E+08 1.426388E+08
1.311712E+04 1.000000E-99 1.000000E-99 3.348960E+08 1.402014E+08
1.316702E+04 1.000000E-99 1.000000E-99 3.291619E+08 1.378045E+08
1.321692E+04 1.000000E-99 1.000000E-99 3.235336E+08 1.354440E+08
1.326683E+04 1.000000E-99 1.000000E-99 3.179903E+08 1.331266E+08
1.331673E+04 1.000000E-99 1.000000E-99 3.125370E+08 1.308483E+08
1.336663E+04 1.000000E-99 1.000000E-99 3.071552E+08 1.286120E+08
1.341654E+04 1.000000E-99 1.000000E-99 3.018897E+08 1.264136E+08
1.346644E+04 1.000000E-99 1.000000E-99 2.967214E+08 1.242488E+08
1.351635E+04 1.000000E-99 1.000000E-99 2.916294E+08 1.221225E+08
1.356625E+04 1.000000E-99 1.000000E-99 2.866345E+08 1.200324E+08
1.361615E+04 1.000000E-99 1.000000E-99 2.817287E+08 1.179831E+08
1.366606E+04 1.000000E-99 1.000000E-99 2.768782E+08 1.159627E+08
1.371596E+04 1.000000E-99 1.000000E-99 2.721276E+08 1.139785E+08
1.376587E+04 1.000000E-99 1.000000E-99 2.674764E+08 1.120309E+08
1.381577E+04 1.000000E-99 1.000000E-99 2.629076E+08 1.101140E+08
1.386567E+04 1.000000E-99 1.000000E-99 2.583935E+08 1.082312E+08
1.391558E+04 1.000000E-99 1.000000E-99 2.539755E+08 1.063806E+08
1.396548E+04 1.000000E-99 1.000000E-99 2.496090E+08 1.045607E+08
1.401538E+04 1.000000E-99 1.000000E-99 2.453281E+08 1.027712E+08
1.406529E+04 1.000000E-99 8.441351E+08 2.411210E+08 1.010115E+08
1.411519E+04 1.000000E-99 8.290985E+08 2.369665E+08 9.928297E+07
1.416510E+04 1.000000E-99 8.144509E+08 2.329169E+08 9.758516E+07
1.421500E+04 1.000000E-99 8.001160E+08 2.289302E+08 9.591649E+07
1.426490E+04 1.000000E-99 7.860535E+08 2.250216E+08 9.427769E+07
1.431481E+04 1.000000E-99 7.722390E+08 2.211510E+08 9.266564E+07
1.436471E+04 1.000000E-99 7.587892E+08 2.173512E+08 9.108012E+07
1.441462E+04 1.000000E-99 7.455722E+08 2.136208E+08 8.952257E+07
1.446452E+04 1.000000E-99 7.325579E+08 2.099592E+08 8.799224E+07
1.451442E+04 1.000000E-99 7.196188E+08 2.063556E+08 8.648485E+07
1.456433E+04 1.000000E-99 7.071672E+08 2.028216E+08 8.500628E+07
1.461423E+04 1.000000E-99 6.950265E+08 1.993320E+08 8.355167E+07
1.466413E+04 1.000000E-99 6.828626E+08 1.959203E+08 8.212321E+07
1.471404E+04 1.000000E-99 6.710539E+08 1.925509E+08 8.071709E+07
1.476394E+04 1.000000E-99 6.595655E+08 1.892490E+08 7.933630E+07
1.481385E+04 1.000000E-99 6.480550E+08 1.860090E+08 7.797835E+07
1.486375E+04 1.000000E-99 6.367528E+08 1.828197E+08 7.664481E+07
1.491365E+04 1.000000E-99 6.256702E+08 1.796833E+08 7.533513E+07
1.496356E+04 1.000000E-99 6.147977E+08 1.766098E+08 7.404656E+07
1.501346E+04 1.000000E-99 6.040827E+08 1.735922E+08 7.278086E+07
1.506337E+04 1.000000E-99 5.937055E+08 1.706193E+08 7.153787E+07
1.511327E+04 1.000000E-99 5.835427E+08 1.676957E+08 7.031401E+07
1.516317E+04 1.000000E-99 5.734294E+08 1.648131E+08 6.910873E+07
1.521308E+04 1.000000E-99 5.635798E+08 1.619910E+08 6.792753E+07
1.526298E+04 1.000000E-99 5.538330E+08 1.592163E+08 6.676626E+07
1.531288E+04 1.000000E-99 5.441972E+08 1.564932E+08 6.562495E+07
1.536279E+04 1.000000E-99 5.349991E+08 1.538076E+08 6.450085E+07
1.541269E+04 1.000000E-99 5.257463E+08 1.511765E+08 6.339874E+07
1.546260E+04 1.000000E-99 5.166044E+08 1.485806E+08 6.231369E+07
1.551250E+04 1.000000E-99 5.077293E+08 1.460343E+08 6.124836E+07
1.556240E+04 1.000000E-99 4.989769E+08 1.435306E+08 6.020106E+07
1.561231E+04 1.000000E-99 4.904068E+08 1.410751E+08 5.917082E+07
1.566221E+04 1.000000E-99 4.819408E+08 1.386523E+08 5.815902E+07
1.571212E+04 1.000000E-99 4.736462E+08 1.362794E+08 5.716310E+07
1.576202E+04 1.000000E-99 4.655324E+08 1.339422E+08 5.618452E+07
1.581192E+04 1.000000E-99 4.574829E+08 1.316518E+08 5.522517E+07
1.586183E+04 1.000000E-99 4.495713E+08 1.293966E+08 5.428228E+07
1.591173E+04 1.000000E-99 4.418513E+08 1.271796E+08 5.335301E+07
1.596163E+04 1.000000E-99 4.342304E+08 1.250018E+08 5.244127E+07
1.601154E+04 1.000000E-99 4.267240E+08 1.228604E+08 5.154424E+07
1.606144E+04 1.000000E-99 4.193806E+08 1.207606E+08 5.066193E+07
1.611135E+04 1.000000E-99 4.121559E+08 1.186902E+08 4.979550E+07
1.616125E+04 1.000000E-99 4.050337E+08 1.166551E+08 4.894430E+07
1.621115E+04 1.000000E-99 3.980512E+08 1.146552E+08 4.810676E+07
1.626106E+04 1.000000E-99 3.911810E+08 1.126933E+08 4.728454E+07
1.631096E+04 1.000000E-99 3.844597E+08 1.107601E+08 4.647573E+07
1.636087E+04 1.000000E-99 3.778195E+08 1.088643E+08 4.568179E+07
1.641077E+04 1.000000E-99 3.712660E+08 1.070000E+08 4.489966E+07
1.646067E+04 1.000000E-99 3.649207E+08 1.051633E+08 4.413127E+07
1.651058E+04 1.000000E-99 3.586296E+08 1.033620E+08 4.337603E+07
1.656048E+04 1.000000E-99 3.524180E+08 1.015925E+08 4.263441E+07
1.661038E+04 1.000000E-99 3.464284E+08 9.985313E+07 4.190559E+07
1.666029E+04 1.000000E-99 3.405186E+08 9.814506E+07 4.118949E+07
1.671019E+04 1.000000E-99 3.346549E+08 9.646509E+07 4.048541E+07
1.676010E+04 1.000000E-99 3.288574E+08 9.481356E+07 3.979352E+07
1.681000E+04 1.000000E-99 3.231749E+08 9.318711E+07 3.911221E+07
1.685990E+04 1.000000E-99 3.176171E+08 9.158992E+07 3.844242E+07
1.690981E+04 1.000000E-99 3.121645E+08 9.002306E+07 3.778541E+07
1.695971E+04 1.000000E-99 3.068103E+08 8.848107E+07 3.713955E+07
1.700962E+04 1.000000E-99 3.015611E+08 8.696644E+07 3.650564E+07
1.705952E+04 1.000000E-99 2.963805E+08 8.547597E+07 3.588195E+07
1.710942E+04 1.000000E-99 2.912421E+08 8.400978E+07 3.526703E+07
1.715933E+04 1.000000E-99 2.862250E+08 8.257472E+07 3.466492E+07
1.720923E+04 1.000000E-99 2.813051E+08 8.116174E+07 3.407263E+07
1.725913E+04 1.000000E-99 2.764711E+08 7.977331E+07 3.349034E+07
1.730904E+04 1.000000E-99 2.717188E+08 7.840375E+07 3.291689E+07
1.735894E+04 1.000000E-99 2.670484E+08 7.706126E+07 3.235413E+07
1.740885E+04 1.000000E-99 2.624731E+08 7.574207E+07 3.180038E+07
1.745875E+04 1.000000E-99 2.579698E+08 7.444819E+07 3.125672E+07
1.750865E+04 1.000000E-99 2.535418E+08 7.317386E+07 3.072188E+07
1.755856E+04 1.000000E-99 2.491735E+08 7.192195E+07 3.019664E+07
1.760846E+04 1.000000E-99 2.448805E+08 7.068823E+07 2.968003E+07
1.765837E+04 1.000000E-99 2.406679E+08 6.947538E+07 2.917164E+07
1.770827E+04 1.000000E-99 2.365340E+08 6.828644E+07 2.867368E+07
1.775817E+04 1.000000E-99 2.324751E+08 6.711887E+07 2.818416E+07
1.780808E+04 1.000000E-99 2.284726E+08 6.596837E+07 2.770111E+07
1.785798E+04 1.000000E-99 2.245551E+08 6.483990E+07 2.722656E+07
1.790788E+04 1.000000E-99 2.207092E+08 6.373198E+07 2.676176E+07
1.795779E+04 1.000000E-99 2.169124E+08 6.264053E+07 2.630412E+07
1.800769E+04 1.000000E-99 2.132206E+08 6.156960E+07 2.585516E+07
1.805760E+04 1.000000E-99 2.095724E+08 6.051667E+07 2.541330E+07
1.810750E+04 1.000000E-99 2.059527E+08 5.948136E+07 2.497920E+07
1.815740E+04 1.000000E-99 2.024079E+08 5.846141E+07 2.455201E+07
1.820731E+04 1.000000E-99 1.989340E+08 5.746022E+07 2.413268E+07
1.825721E+04 1.000000E-99 1.954990E+08 5.647494E+07 2.372020E+07
1.830712E+04 1.000000E-99 1.921398E+08 5.550783E+07 2.331456E+07
1.835702E+04 1.000000E-99 1.888563E+08 5.455768E+07 2.291592E+07
1.840692E+04 1.000000E-99 1.856042E+08 5.362308E+07 2.252334E+07
1.845683E+04 1.000000E-99 1.824204E+08 5.270643E+07 2.213842E+07
1.850673E+04 1.000000E-99 1.792803E+08 5.180455E+07 2.176065E+07
1.855663E+04 1.000000E-99 1.761936E+08 5.091725E+07 2.138874E+07
1.860654E+04 1.000000E-99 1.731651E+08 5.004537E+07 2.102263E+07
1.865644E+04 1.000000E-99 1.701969E+08 4.918849E+07 2.066332E+07
1.870635E+04 1.000000E-99 1.672843E+08 4.834754E+07 2.031030E+07
1.875625E+04 1.000000E-99 1.644168E+08 4.751993E+07 1.996299E+07
1.880615E+04 1.000000E-99 1.615933E+08 4.670593E+07 1.962225E+07
1.885606E+04 1.000000E-99 1.588137E+08 4.590674E+07 1.928713E+07
1.890596E+04 1.000000E-99 1.560824E+08 4.512216E+07 1.895744E+07
1.895587E+04 1.000000E-99 1.534011E+08 4.435079E+07 1.863352E+07
1.900577E+04 1.000000E-99 1.507656E+08 4.359147E+07 1.831511E+07
1.905567E+04 1.021481E+09 1.481644E+08 4.284606E+07 1.800204E+07
1.910558E+04 1.004161E+09 1.456241E+08 4.211320E+07 1.769434E+07
1.915548E+04 9.866522E+08 1.431271E+08 4.139200E+07 1.739199E+07
1.920538E+04 9.694142E+08 1.406695E+08 4.068394E+07 1.709456E+07
1.925529E+04 9.529855E+08 1.382579E+08 3.998797E+07 1.680249E+07
1.930519E+04 9.371838E+08 1.358881E+08 3.930357E+07 1.651542E+07
1.935510E+04 9.208081E+08 1.335563E+08 3.863091E+07 1.623293E+07
1.940500E+04 9.050258E+08 1.312587E+08 3.797025E+07 1.595535E+07
1.945490E+04 8.901056E+08 1.290031E+08 3.732048E+07 1.568238E+07
1.950481E+04 8.755002E+08 1.267939E+08 3.668226E+07 1.541445E+07
1.955471E+04 8.607594E+08 1.246185E+08 3.605461E+07 1.515114E+07
1.960462E+04 8.459467E+08 1.224816E+08 3.543811E+07 1.489207E+07
1.965452E+04 8.314762E+08 1.203832E+08 3.483144E+07 1.463728E+07
1.970442E+04 8.174654E+08 1.183202E+08 3.423503E+07 1.438708E+07
1.975433E+04 8.036921E+08 1.162949E+08 3.364964E+07 1.414123E+07
1.980423E+04 7.899259E+08 1.142991E+08 3.307441E+07 1.389945E+07
1.985413E+04 7.763030E+08 1.123339E+08 3.250881E+07 1.366177E+07
1.990404E+04 7.632734E+08 1.103992E+08 3.195359E+07 1.342850E+07
1.995394E+04 7.500981E+08 1.084988E+08 3.140725E+07 1.319901E+07
2.000385E+04 7.374615E+08 1.066403E+08 3.086975E+07 1.297341E+07
2.005375E+04 7.253475E+08 1.048105E+08 3.034153E+07 1.275183E+07
2.010365E+04 7.131054E+08 1.030154E+08 2.982227E+07 1.253383E+07
2.015356E+04 7.010187E+08 1.012470E+08 2.931211E+07 1.231963E+07
2.020346E+04 6.890522E+08 9.951007E+07 2.881049E+07 1.210918E+07
2.025337E+04 6.770580E+08 9.781059E+07 2.831781E+07 1.190221E+07
2.030327E+04 6.653956E+08 9.613368E+07 2.783389E+07 1.169856E+07
2.035317E+04 6.542071E+08 9.448465E+07 2.735762E+07 1.149841E+07
2.040308E+04 6.433216E+08 9.286627E+07 2.688965E+07 1.130197E+07
2.045298E+04 6.327809E+08 9.127156E+07 2.642982E+07 1.110888E+07
2.050288E+04 6.220734E+08 8.970343E+07 2.597752E+07 1.091918E+07
2.055279E+04 6.113213E+08 8.816697E+07 2.553342E+07 1.073258E+07
2.060269E+04 6.007289E+08 8.665317E+07 2.509677E+07 1.054927E+07
2.065260E+04 5.904678E+08 8.516523E+07 2.466742E+07 1.036909E+07
2.070250E+04 5.809003E+08 8.370603E+07 2.424550E+07 1.019173E+07
2.075240E+04 5.713726E+08 8.227067E+07 2.383131E+07 1.001762E+07
2.080231E+04 5.618279E+08 8.085841E+07 2.342399E+07 9.846542E+06
2.085221E+04 5.523458E+08 7.946709E+07 2.302339E+07 9.678247E+06
2.090212E+04 5.427637E+08 7.810215E+07 2.262975E+07 9.512936E+06
2.095202E+04 5.331993E+08 7.676266E+07 2.224249E+07 9.350395E+06
2.100192E+04 5.241362E+08 7.544546E+07 2.186205E+07 9.190503E+06
2.105183E+04 5.152277E+08 7.415541E+07 2.148819E+07 9.033404E+06
2.110173E+04 5.063052E+08 7.288607E+07 2.112057E+07 8.879001E+06
2.115163E+04 4.976731E+08 7.163648E+07 2.075945E+07 8.727207E+06
2.120154E+04 4.891153E+08 7.041098E+07 2.040438E+07 8.578085E+06
2.125144E+04 4.808336E+08 6.920442E+07 2.005550E+07 8.431565E+06
2.130135E+04 4.724651E+08 6.801762E+07 1.971272E+07 8.287502E+06
2.135125E+04 4.643681E+08 6.685245E+07 1.937581E+07 8.145920E+06
2.140115E+04 4.566502E+08 6.570736E+07 1.904461E+07 8.006768E+06
2.145106E+04 4.491421E+08 6.458166E+07 1.871873E+07 7.869859E+06
2.150096E+04 4.416835E+08 6.347298E+07 1.839862E+07 7.735221E+06
2.155087E+04 4.341214E+08 6.238307E+07 1.808408E+07 7.602946E+06
2.160077E+04 4.267510E+08 6.131402E+07 1.777492E+07 7.473038E+06
2.165067E+04 4.195904E+08 6.026427E+07 1.747112E+07 7.345383E+06
2.170058E+04 4.125198E+08 5.923413E+07 1.717250E+07 7.219907E+06
2.175048E+04 4.055817E+08 5.821930E+07 1.687900E+07 7.096557E+06
2.180038E+04 3.985742E+08 5.722020E+07 1.659056E+07 6.975221E+06
2.185029E+04 3.915600E+08 5.624225E+07 1.630708E+07 6.855900E+06
2.190019E+04 3.850128E+08 5.528033E+07 1.602857E+07 6.738741E+06
2.195010E+04 3.786050E+08 5.433371E+07 1.575454E+07 6.623560E+06
2.200000E+04 3.720739E+08 5.340604E+07 1.548495E+07 6.510423E+06
2.204990E+04 3.657134E+08 5.249137E+07 1.522010E+07 6.399324E+06
2.209981E+04 3.594505E+08 5.159016E+07 1.495994E+07 6.289924E+06
2.214971E+04 3.531581E+08 5.070734E+07 1.470432E+07 6.182406E+06
2.219962E+04 3.471722E+08 4.984029E+07 1.445288E+07 6.076904E+06
2.224952E+04 3.413195E+08 4.898703E+07 1.420558E+07 5.973025E+06
2.229942E+04 3.354793E+08 4.814802E+07 1.396233E+07 5.870772E+06
2.234933E+04 3.299078E+08 4.732465E+07 1.372357E+07 5.770455E+06
2.239923E+04 3.243186E+08 4.651459E+07 1.348917E+07 5.671919E+06
2.244913E+04 3.187422E+08 4.571675E+07 1.325854E+07 5.575094E+06
2.249904E+04 3.133302E+08 4.493260E+07 1.303179E+07 5.479824E+06
2.254894E+04 3.080315E+08 4.416236E+07 1.280892E+07 5.386094E+06
2.259885E+04 3.028929E+08 4.340649E+07 1.259004E+07 5.294055E+06
2.264875E+04 2.977319E+08 4.266275E+07 1.237493E+07 5.203591E+06
2.269865E+04 2.926093E+08 4.193283E+07 1.216338E+07 5.114666E+06
2.274856E+04 2.875233E+08 4.121530E+07 1.195545E+07 5.027241E+06
2.279846E+04 2.824476E+08 4.051073E+07 1.175118E+07 4.941363E+06
2.284837E+04 2.776431E+08 3.982007E+07 1.155029E+07 4.856975E+06
2.289827E+04 2.730603E+08 3.913847E+07 1.135283E+07 4.773998E+06
2.294817E+04 2.683932E+08 3.846824E+07 1.115881E+07 4.692447E+06
2.299808E+04 2.638144E+08 3.780927E+07 1.096801E+07 4.612192E+06
2.304798E+04 2.593254E+08 3.716149E+07 1.078071E+07 4.533362E+06
2.309788E+04 2.548260E+08 3.652539E+07 1.059642E+07 4.455916E+06
2.314779E+04 2.504874E+08 3.590047E+07 1.041522E+07 4.379824E+06
2.319769E+04 2.462670E+08 3.528472E+07 1.023713E+07 4.304893E+06
2.324760E+04 2.421127E+08 3.467964E+07 1.006223E+07 4.231284E+06
2.329750E+04 2.379631E+08 3.408686E+07 9.890446E+06 4.159086E+06
2.334740E+04 2.338043E+08 3.350346E+07 9.721311E+06 4.088016E+06
2.339731E+04 2.297293E+08 3.293076E+07 9.555132E+06 4.018166E+06
2.344721E+04 2.257940E+08 3.236904E+07 9.391806E+06 3.949499E+06
2.349712E+04 2.219893E+08 3.181547E+07 9.231184E+06 3.881980E+06
2.354702E+04 2.182928E+08 3.127041E+07 9.073299E+06 3.815642E+06
2.359692E+04 2.146479E+08 3.073608E+07 8.918243E+06 3.750529E+06
2.364683E+04 2.110905E+08 3.021091E+07 8.765915E+06 3.686511E+06
2.369673E+04 2.076057E+08 2.969364E+07 8.616143E+06 3.623496E+06
2.374663E+04 2.040593E+08 2.918512E+07 8.468806E+06 3.561537E+06
2.379654E+04 2.004753E+08 2.868546E+07 8.324106E+06 3.500707E+06
2.384644E+04 1.969708E+08 2.819454E+07 8.181856E+06 3.440898E+06
2.389635E+04 1.936115E+08 2.771167E+07 8.041978E+06 3.382087E+06
2.394625E+04 1.903759E+08 2.723784E+07 7.904630E+06 3.324324E+06
2.399615E+04 1.871107E+08 2.677268E+07 7.769292E+06 3.267444E+06
2.404606E+04 1.839517E+08 2.631518E+07 7.636365E+06 3.211605E+06
2.409596E+04 1.808185E+08 2.586393E+07 7.505729E+06 3.156730E+06
2.414587E+04 1.777089E+08 2.542060E+07 7.377409E+06 3.102767E+06
2.419577E+04 1.747059E+08 2.498642E+07 7.251541E+06 3.049795E+06
2.424567E+04 1.717631E+08 2.455954E+07 7.127590E+06 2.997687E+06
2.429558E+04 1.687862E+08 2.413938E+07 7.005575E+06 2.946346E+06
2.434548E+04 1.658254E+08 2.372720E+07 6.886058E+06 2.896043E+06
2.439538E+04 1.629856E+08 2.332240E+07 6.768458E+06 2.846650E+06
2.444529E+04 1.602521E+08 2.292333E+07 6.652694E+06 2.798006E+06
2.449519E+04 1.575660E+08 2.253074E+07 6.539036E+06 2.750198E+06
2.454510E+04 1.548726E+08 2.214549E+07 6.427190E+06 2.703174E+06
2.459500E+04 1.522138E+08 2.176794E+07 6.317336E+06 2.657008E+06
2.464490E+04 1.496505E+08 2.139531E+07 6.209236E+06 2.611546E+06
2.469481E+04 1.471520E+08 2.102832E+07 6.103109E+06 2.566899E+06
2.474471E+04 1.446239E+08 2.066862E+07 5.998846E+06 2.523084E+06
2.479462E+04 1.421064E+08 2.031583E+07 5.896384E+06 2.480001E+06
2.484452E+04 1.397922E+08 1.996887E+07 5.795605E+06 2.437624E+06
2.489442E+04 1.374989E+08 1.962739E+07 5.696548E+06 2.395978E+06
2.494433E+04 1.350838E+08 1.929142E+07 5.599137E+06 2.355024E+06
2.499423E+04 1.327065E+08 1.896147E+07 5.503495E+06 2.314828E+06
2.504413E+04 1.304645E+08 1.863638E+07 5.409291E+06 2.275257E+06
2.509404E+04 1.282563E+08 1.831751E+07 5.316846E+06 2.236368E+06
2.514394E+04 1.260304E+08 1.800540E+07 5.226139E+06 2.198169E+06
2.519385E+04 1.238726E+08 1.769837E+07 5.136851E+06 2.160621E+06
2.524375E+04 1.217834E+08 1.739588E+07 5.049046E+06 2.123708E+06
2.529365E+04 1.197227E+08 1.709784E+07 4.962658E+06 2.087393E+06
2.534356E+04 1.176990E+08 1.680478E+07 4.877870E+06 2.051735E+06
2.539346E+04 1.157205E+08 1.651697E+07 4.794582E+06 2.016740E+06
2.544337E+04 1.137822E+08 1.623453E+07 4.712604E+06 1.982281E+06
2.549327E+04 1.118076E+08 1.595728E+07 4.632032E+06 1.948399E+06
2.554317E+04 1.098802E+08 1.568428E+07 4.552898E+06 1.915113E+06
2.559308E+04 1.080256E+08 1.541583E+07 4.475090E+06 1.882393E+06
2.564298E+04 1.061995E+08 1.515238E+07 4.398574E+06 1.850241E+06
2.569288E+04 1.044083E+08 1.489327E+07 4.323353E+06 1.818624E+06
2.574279E+04 1.026411E+08 1.463860E+07 4.249495E+06 1.787532E+06
2.579269E+04 1.008957E+08 1.438819E+07 4.176869E+06 1.756970E+06
2.584260E+04 9.917209E+07 1.414251E+07 4.105502E+06 1.726959E+06
2.589250E+04 9.746035E+07 1.390028E+07 4.035299E+06 1.697454E+06
2.594240E+04 9.579515E+07 1.366223E+07 3.966331E+06 1.668446E+06
2.599231E+04 9.418251E+07 1.342876E+07 3.898535E+06 1.639947E+06
2.604221E+04 9.253684E+07 1.319936E+07 3.831891E+06 1.611944E+06
2.609212E+04 9.093408E+07 1.297405E+07 3.766411E+06 1.584413E+06
2.614202E+04 8.938419E+07 1.275235E+07 3.702072E+06 1.557352E+06
2.619192E+04 8.787701E+07 1.253445E+07 3.638851E+06 1.530753E+06
2.624183E+04 8.641462E+07 1.231982E+07 3.576650E+06 1.504606E+06
2.629173E+04 8.496105E+07 1.210914E+07 3.515500E+06 1.478894E+06
2.634163E+04 8.352405E+07 1.190230E+07 3.455391E+06 1.453600E+06
2.639154E+04 8.207232E+07 1.169930E+07 3.396361E+06 1.428765E+06
2.644144E+04 8.066437E+07 1.149926E+07 3.338317E+06 1.404362E+06
2.649135E+04 7.928103E+07 1.130237E+07 3.281248E+06 1.380371E+06
2.654125E+04 7.793579E+07 1.110922E+07 3.225156E+06 1.356787E+06
2.659115E+04 7.664472E+07 1.091952E+07 3.170015E+06 1.333610E+06
2.664106E+04 7.536321E+07 1.073263E+07 3.115833E+06 1.310827E+06
2.669096E+04 7.411552E+07 1.054892E+07 3.062630E+06 1.288428E+06
2.674087E+04 7.282553E+07 1.036839E+07 3.010310E+06 1.266423E+06
2.679077E+04 7.158532E+07 1.019125E+07 2.958832E+06 1.244784E+06
2.684067E+04 7.036913E+07 1.001719E+07 2.908268E+06 1.223527E+06
2.689058E+04 6.917657E+07 9.845912E+06 2.858597E+06 1.202628E+06
2.694048E+04 6.800626E+07 9.677660E+06 2.809717E+06 1.182072E+06
2.699038E+04 6.681277E+07 9.512223E+06 2.761692E+06 1.161875E+06
2.704029E+04 6.565732E+07 9.349692E+06 2.714461E+06 1.142024E+06
2.709019E+04 6.457736E+07 9.189882E+06 2.668055E+06 1.122523E+06
2.714010E+04 6.345528E+07 9.033029E+06 2.622469E+06 1.103339E+06
2.719000E+04 6.237394E+07 8.878446E+06 2.577655E+06 1.084489E+06
2.723990E+04 6.133310E+07 8.726703E+06 2.533604E+06 1.065960E+06
2.728981E+04 6.031369E+07 8.577575E+06 2.490324E+06 1.047751E+06
2.733971E+04 5.929745E+07 8.431060E+06 2.447788E+06 1.029849E+06
2.738962E+04 5.827699E+07 8.286992E+06 2.405936E+06 1.012251E+06
2.743952E+04 5.727499E+07 8.145163E+06 2.364812E+06 9.949465E+05
2.748942E+04 5.629895E+07 8.006081E+06 2.324427E+06 9.779597E+05
2.753933E+04 5.532777E+07 7.868994E+06 2.284706E+06 9.612439E+05
2.758923E+04 5.437714E+07 7.734501E+06 2.245696E+06 9.448221E+05
2.763913E+04 5.345060E+07 7.602311E+06 2.207308E+06 9.286941E+05
2.768904E+04 5.255394E+07 7.472428E+06 2.169583E+06 9.128368E+05
2.773894E+04 5.164164E+07 7.344802E+06 2.132495E+06 8.972348E+05
2.778885E+04 5.077744E+07 7.219310E+06 2.096045E+06 8.818904E+05
2.783875E+04 4.993694E+07 7.095827E+06 2.060217E+06 8.668218E+05
2.788865E+04 4.907150E+07 6.974522E+06 2.024984E+06 8.520113E+05
2.793856E+04 4.826319E+07 6.855337E+06 1.990388E+06 8.374657E+05
2.798846E+04 4.747206E+07 6.738183E+06 1.956408E+06 8.231688E+05
2.803837E+04 4.667089E+07 6.622936E+06 1.922972E+06 8.091008E+05
2.808827E+04 4.585316E+07 6.509668E+06 1.890108E+06 7.952716E+05
2.813817E+04 4.506796E+07 6.398456E+06 1.857780E+06 7.816735E+05
2.818808E+04 4.430656E+07 6.289222E+06 1.826038E+06 7.683245E+05
2.823798E+04 4.354442E+07 6.181617E+06 1.794836E+06 7.551977E+05
2.828788E+04 4.279444E+07 6.076028E+06 1.764175E+06 7.422956E+05
2.833779E+04 4.206907E+07 5.972166E+06 1.734029E+06 7.296229E+05
2.838769E+04 4.135911E+07 5.870005E+06 1.704417E+06 7.171704E+05
2.843760E+04 4.066415E+07 5.769655E+06 1.675305E+06 7.049071E+05
2.848750E+04 3.997661E+07 5.670896E+06 1.646675E+06 6.928572E+05
2.853740E+04 3.929372E+07 5.573940E+06 1.618516E+06 6.810183E+05
2.858731E+04 3.862218E+07 5.478679E+06 1.590866E+06 6.693854E+05
2.863721E+04 3.797264E+07 5.385187E+06 1.563686E+06 6.579523E+05
2.868712E+04 3.733419E+07 5.293322E+06 1.536980E+06 6.467251E+05
2.873702E+04 3.668353E+07 5.202991E+06 1.510711E+06 6.356774E+05
2.878692E+04 3.607374E+07 5.114072E+06 1.484877E+06 6.248131E+05
2.883683E+04 3.547669E+07 5.026604E+06 1.459507E+06 6.141353E+05
2.888673E+04 3.487126E+07 4.940677E+06 1.434559E+06 6.036400E+05
2.893663E+04 3.428385E+07 4.856228E+06 1.410044E+06 5.933269E+05
2.898654E+04 3.369626E+07 4.773171E+06 1.385960E+06 5.832022E+05
2.903644E+04 3.312480E+07 4.691601E+06 1.362279E+06 5.732352E+05
2.908635E+04 3.257033E+07 4.611345E+06 1.338999E+06 5.634318E+05
2.913625E+04 3.201814E+07 4.532690E+06 1.316141E+06 5.538092E+05
2.918615E+04 3.146805E+07 4.455272E+06 1.293654E+06 5.443517E+05
2.923606E+04 3.092256E+07 4.379183E+06 1.271531E+06 5.350437E+05
2.928596E+04 3.040005E+07 4.304419E+06 1.249829E+06 5.259125E+05
2.933587E+04 2.989505E+07 4.230804E+06 1.228466E+06 5.169282E+05
2.938577E+04 2.939365E+07 4.158385E+06 1.207472E+06 5.080911E+05
2.943567E+04 2.889227E+07 4.087397E+06 1.186837E+06 4.994099E+05
2.948558E+04 2.840992E+07 4.017513E+06 1.166560E+06 4.908823E+05
2.953548E+04 2.792943E+07 3.948987E+06 1.146648E+06 4.825024E+05
2.958538E+04 2.745726E+07 3.881582E+06 1.127040E+06 4.742509E+05
2.963529E+04 2.699560E+07 3.815169E+06 1.107780E+06 4.661491E+05
2.968519E+04 2.652142E+07 3.749996E+06 1.088851E+06 4.581865E+05
2.973510E+04 2.606787E+07 3.685970E+06 1.070256E+06 4.503642E+05
2.978500E+04 2.561875E+07 3.622951E+06 1.051966E+06 4.426722E+05
2.983490E+04 2.518067E+07 3.561107E+06 1.034005E+06 4.351121E+05
2.988481E+04 2.475743E+07 3.500193E+06 1.016344E+06 4.276794E+05
2.993471E+04 2.434626E+07 3.440336E+06 9.989715E+05 4.203658E+05
2.998462E+04 2.392835E+07 3.381598E+06 9.819013E+05 4.131800E+05
3.003452E+04 2.353570E+07 3.323899E+06 9.651419E+05 4.061313E+05
3.008442E+04 2.312635E+07 3.267114E+06 9.486371E+05 3.991894E+05
3.013433E+04 2.272465E+07 3.211232E+06 9.324153E+05 3.923691E+05
3.018423E+04 2.233007E+07 3.156244E+06 9.164720E+05 3.856556E+05
3.023413E+04 2.194063E+07 3.102445E+06 9.008465E+05 3.790790E+05
3.028404E+04 2.157042E+07 3.049435E+06 8.854644E+05 3.726057E+05
3.033394E+04 2.120133E+07 2.997292E+06 8.703198E+05 3.662328E+05
3.038385E+04 2.083995E+07 2.946029E+06 8.554276E+05 3.599671E+05
3.043375E+04 2.048206E+07 2.895773E+06 8.408126E+05 3.538233E+05
3.048365E+04 2.013269E+07 2.846277E+06 8.264522E+05 3.477777E+05
3.053356E+04 1.979167E+07 2.797592E+06 8.123397E+05 3.418402E+05
3.058346E+04 1.945949E+07 2.749790E+06 7.984572E+05 3.359997E+05
3.063337E+04 1.913537E+07 2.702883E+06 7.848291E+05 3.302627E+05
3.068327E+04 1.881714E+07 2.656775E+06 7.714287E+05 3.246257E+05
3.073317E+04 1.850083E+07 2.611379E+06 7.582353E+05 3.190720E+05
3.078308E+04 1.818632E+07 2.566823E+06 7.452873E+05 3.136226E+05
3.083298E+04 1.788117E+07 2.523006E+06 7.325679E+05 3.082722E+05
3.088288E+04 1.756472E+07 2.479886E+06 7.200477E+05 3.030021E+05
3.093279E+04 1.725110E+07 2.437523E+06 7.077346E+05 2.978200E+05
3.098269E+04 1.695451E+07 2.395994E+06 6.956553E+05 2.927376E+05
3.103260E+04 1.667658E+07 2.355035E+06 6.837755E+05 2.877355E+05
3.108250E+04 1.639578E+07 2.314712E+06 6.720809E+05 2.828155E+05
3.113240E+04 1.611311E+07 2.275101E+06 6.605769E+05 2.779784E+05
3.118231E+04 1.583331E+07 2.236254E+06 6.492856E+05 2.732256E+05
3.123221E+04 1.555665E+07 2.198162E+06 6.382243E+05 2.685687E+05
3.128212E+04 1.528884E+07 2.160547E+06 6.273130E+05 2.639800E+05
3.133202E+04 1.503110E+07 2.123598E+06 6.165914E+05 2.594706E+05
3.138192E+04 1.477249E+07 2.087375E+06 6.060610E+05 2.550391E+05
3.143183E+04 1.452930E+07 2.051616E+06 5.956865E+05 2.506729E+05
3.148173E+04 1.428243E+07 2.016560E+06 5.855053E+05 2.463896E+05
3.153163E+04 1.403677E+07 1.982196E+06 5.755130E+05 2.421841E+05
3.158154E+04 1.379437E+07 1.948330E+06 5.656783E+05 2.380432E+05
3.163144E+04 1.355121E+07 1.915037E+06 5.560319E+05 2.339829E+05
3.168135E+04 1.332178E+07 1.882315E+06 5.465290E+05 2.299823E+05
3.173125E+04 1.309702E+07 1.850086E+06 5.371758E+05 2.260469E+05
3.178115E+04 1.287800E+07 1.818565E+06 5.280091E+05 2.221899E+05
3.183106E+04 1.265867E+07 1.787521E+06 5.189889E+05 2.183947E+05
3.188096E+04 1.244912E+07 1.756998E+06 5.101210E+05 2.146619E+05
3.193087E+04 1.224090E+07 1.726986E+06 5.014039E+05 2.109932E+05
3.198077E+04 1.202930E+07 1.697581E+06 4.928652E+05 2.074017E+05
3.203067E+04 1.182039E+07 1.668548E+06 4.844351E+05 2.038512E+05
3.208058E+04 1.161939E+07 1.640092E+06 4.761574E+05 2.003673E+05
3.213048E+04 1.141990E+07 1.612114E+06 4.680230E+05 1.969462E+05
3.218038E+04 1.122697E+07 1.584535E+06 4.600323E+05 1.935814E+05
3.223029E+04 1.103784E+07 1.557428E+06 4.521774E+05 1.902742E+05
3.228019E+04 1.084666E+07 1.530826E+06 4.444462E+05 1.870232E+05
3.233010E+04 1.066575E+07 1.504661E+06 4.368520E+05 1.838281E+05
3.238000E+04 1.047975E+07 1.479010E+06 4.293863E+05 1.806864E+05
3.242990E+04 1.030333E+07 1.453722E+06 4.220526E+05 1.775994E+05
3.247981E+04 1.013000E+07 1.428884E+06 4.148411E+05 1.745639E+05
3.252971E+04 9.959218E+06 1.404511E+06 4.077553E+05 1.715825E+05
3.257962E+04 9.786682E+06 1.380503E+06 4.007959E+05 1.686515E+05
3.262952E+04 9.619140E+06 1.356902E+06 3.939453E+05 1.657697E+05
3.267942E+04 9.456961E+06 1.333730E+06 3.872122E+05 1.629371E+05
3.272933E+04 9.296921E+06 1.310931E+06 3.805996E+05 1.601536E+05
3.277923E+04 9.135880E+06 1.288540E+06 3.741006E+05 1.574182E+05
3.282913E+04 8.980577E+06 1.266593E+06 3.677104E+05 1.547273E+05
3.287904E+04 8.826710E+06 1.244975E+06 3.614333E+05 1.520853E+05
3.292894E+04 8.674439E+06 1.223719E+06 3.552599E+05 1.494866E+05
3.297885E+04 8.526983E+06 1.202820E+06 3.491870E+05 1.469323E+05
3.302875E+04 8.379491E+06 1.182251E+06 3.432217E+05 1.444214E+05
3.307865E+04 8.239699E+06 1.162039E+06 3.373572E+05 1.419534E+05
3.312856E+04 8.097992E+06 1.142172E+06 3.315961E+05 1.395284E+05
3.317846E+04 7.957924E+06 1.122675E+06 3.259302E+05 1.371443E+05
3.322837E+04 7.823057E+06 1.103523E+06 3.203616E+05 1.348012E+05
3.327827E+04 7.689030E+06 1.084724E+06 3.148854E+05 1.324972E+05
3.332817E+04 7.558889E+06 1.066188E+06 3.095078E+05 1.302345E+05
3.337808E+04 7.427519E+06 1.047996E+06 3.042245E+05 1.280104E+05
3.342798E+04 7.298681E+06 1.030101E+06 2.990268E+05 1.258229E+05
3.347788E+04 7.174595E+06 1.012532E+06 2.939159E+05 1.236725E+05
3.352779E+04 7.053607E+06 9.952149E+05 2.888963E+05 1.215593E+05
3.357769E+04 6.934577E+06 9.782271E+05 2.839605E+05 1.194830E+05
3.362760E+04 6.814996E+06 9.615064E+05 2.791102E+05 1.174417E+05
3.367750E+04 6.697382E+06 9.450817E+05 2.743410E+05 1.154340E+05
3.372740E+04 6.582626E+06 9.289485E+05 2.696550E+05 1.134619E+05
3.377731E+04 6.468973E+06 9.130773E+05 2.650526E+05 1.115248E+05
3.382721E+04 6.359361E+06 8.974853E+05 2.605205E+05 1.096187E+05
3.387712E+04 6.248992E+06 8.821760E+05 2.560734E+05 1.077466E+05
3.392702E+04 6.140516E+06 8.671024E+05 2.516983E+05 1.059058E+05
3.397692E+04 6.036335E+06 8.523081E+05 2.473974E+05 1.040952E+05
3.402683E+04 5.930956E+06 8.377487E+05 2.431712E+05 1.023161E+05
3.407673E+04 5.829167E+06 8.234413E+05 2.390211E+05 1.005694E+05
3.412663E+04 5.730242E+06 8.093648E+05 2.349326E+05 9.884991E+04
3.417654E+04 5.629233E+06 7.955775E+05 2.309237E+05 9.716237E+04
3.422644E+04 5.535256E+06 7.819778E+05 2.269797E+05 9.550170E+04
3.427635E+04 5.441510E+06 7.686407E+05 2.231037E+05 9.386993E+04
3.432625E+04 5.348237E+06 7.554889E+05 2.192901E+05 9.226449E+04
3.437615E+04 5.256274E+06 7.425855E+05 2.155446E+05 9.068769E+04
3.442606E+04 5.167155E+06 7.299225E+05 2.118642E+05 8.914021E+04
3.447596E+04 5.078736E+06 7.174572E+05 2.082446E+05 8.761674E+04
3.452587E+04 4.989751E+06 7.051995E+05 2.046817E+05 8.611858E+04
3.457577E+04 4.903227E+06 6.931819E+05 2.011899E+05 8.464852E+04
3.462567E+04 4.819084E+06 6.813254E+05 1.977514E+05 8.320121E+04
3.467558E+04 4.737380E+06 6.696932E+05 1.943754E+05 8.178044E+04
3.472548E+04 4.654939E+06 6.582489E+05 1.910534E+05 8.038244E+04
3.477538E+04 4.575484E+06 6.470113E+05 1.877892E+05 7.900925E+04
3.482529E+04 4.495973E+06 6.359503E+05 1.845783E+05 7.765812E+04
3.487519E+04 4.418821E+06 6.250977E+05 1.814261E+05 7.633180E+04
3.492510E+04 4.341330E+06 6.144207E+05 1.783279E+05 7.502817E+04
3.497500E+04 4.266814E+06 6.039147E+05 1.752791E+05 7.374486E+04
