#NTIMES:  59
#NVEL:   100
#TIMES: 2.00100e+00 2.00200e+00 2.00300e+00 2.00500e+00 2.01000e+00 2.02000e+00 2.05000e+00 2.10000e+00 2.20000e+00 2.40000e+00 2.64000e+00 2.90000e+00 3.19000e+00 3.51000e+00 3.86000e+00 4.25000e+00 4.67000e+00 5.14000e+00 5.65000e+00 6.21000e+00 6.83000e+00 7.51000e+00 8.26000e+00 9.09000e+00 1.00000e+01 1.10000e+01 1.21000e+01 1.33100e+01 1.46400e+01 1.61000e+01 1.77100e+01 1.94800e+01 2.14300e+01 2.35700e+01 2.59300e+01 2.85200e+01 3.13700e+01 3.45100e+01 3.79600e+01 4.17600e+01 4.59400e+01 5.05300e+01 5.55800e+01 6.11400e+01 6.72500e+01 7.39700e+01 8.13700e+01 8.95100e+01 9.84600e+01 1.08300e+02 1.18000e+02 1.28000e+02 1.38000e+02 1.48000e+02 1.58000e+02 1.68000e+02 1.80000e+02 1.90000e+02 2.00000e+02
#vel_mid[km/s] ne_t0[/cm^3] ne_t1[/cm^3] ... ne_tn[/cm^3]
1.02500e+03 2.38784e+13 2.38427e+13 2.38070e+13 2.37358e+13 2.35591e+13 2.32109e+13 2.22068e+13 2.06580e+13 1.79671e+13 1.38393e+13 1.03976e+13 7.84426e+12 5.89350e+12 4.42408e+12 3.32644e+12 2.49214e+12 1.87837e+12 1.40873e+12 1.06057e+12 7.98607e+11 5.99984e+11 4.50738e+11 3.37437e+11 2.50042e+11 1.81473e+11 1.27859e+11 8.97545e+10 6.52824e+10 4.86296e+10 3.56556e+10 2.36444e+10 1.58200e+10 1.16836e+10 8.71748e+09 5.58941e+09 3.66386e+09 2.71467e+09 2.04200e+09 1.53732e+09 1.15563e+09 8.20987e+08 5.97518e+08 4.51102e+08 3.37705e+08 2.53601e+08 1.90157e+08 1.42170e+08 1.06794e+08 7.97890e+07 5.91739e+07 4.54996e+07 3.53243e+07 2.79333e+07 2.20890e+07 1.81456e+07 1.52203e+07 1.22414e+07 1.03931e+07 8.79305e+06
1.03363e+03 2.38085e+13 2.37729e+13 2.37373e+13 2.36664e+13 2.34902e+13 2.31430e+13 2.21419e+13 2.05978e+13 1.79147e+13 1.37989e+13 1.03673e+13 7.82136e+12 5.87629e+12 4.41116e+12 3.31673e+12 2.48486e+12 1.87289e+12 1.40462e+12 1.05748e+12 7.96276e+11 5.98234e+11 4.49424e+11 3.36457e+11 2.49323e+11 1.80963e+11 1.27505e+11 8.95018e+10 6.50954e+10 4.84902e+10 3.55556e+10 2.35813e+10 1.57755e+10 1.16501e+10 8.69254e+09 5.57413e+09 3.65480e+09 2.70844e+09 2.03640e+09 1.53243e+09 1.15252e+09 8.19091e+08 5.96351e+08 4.49950e+08 3.37016e+08 2.52913e+08 1.89817e+08 1.42117e+08 1.06320e+08 7.96744e+07 5.90861e+07 4.53472e+07 3.52486e+07 2.77431e+07 2.22370e+07 1.80985e+07 1.51734e+07 1.22268e+07 1.04340e+07 8.78156e+06
1.05089e+03 2.36692e+13 2.36342e+13 2.35988e+13 2.35284e+13 2.33534e+13 2.30083e+13 2.20131e+13 2.04779e+13 1.78106e+13 1.37187e+13 1.03071e+13 7.77592e+12 5.84216e+12 4.38554e+12 3.29747e+12 2.47043e+12 1.86201e+12 1.39646e+12 1.05133e+12 7.91652e+11 5.94762e+11 4.46820e+11 3.34516e+11 2.47903e+11 1.79960e+11 1.26816e+11 8.90094e+10 6.47265e+10 4.82146e+10 3.53583e+10 2.34582e+10 1.56887e+10 1.15838e+10 8.64320e+09 5.54550e+09 3.63701e+09 2.69553e+09 2.02543e+09 1.52424e+09 1.14627e+09 8.16500e+08 5.94768e+08 4.48162e+08 3.35908e+08 2.52079e+08 1.89389e+08 1.41832e+08 1.05771e+08 7.92502e+07 5.89849e+07 4.52109e+07 3.51318e+07 2.77554e+07 2.25655e+07 1.82394e+07 1.50571e+07 1.21993e+07 1.03519e+07 8.77786e+06
1.08542e+03 2.33937e+13 2.33600e+13 2.33256e+13 2.32552e+13 2.30834e+13 2.27427e+13 2.17590e+13 2.02409e+13 1.76055e+13 1.35607e+13 1.01883e+13 7.68636e+12 5.77486e+12 4.33502e+12 3.25948e+12 2.44197e+12 1.84056e+12 1.38038e+12 1.03923e+12 7.82537e+11 5.87917e+11 4.41685e+11 3.30686e+11 2.45097e+11 1.77973e+11 1.25447e+11 8.80350e+10 6.40005e+10 4.76723e+10 3.49668e+10 2.32081e+10 1.55165e+10 1.14534e+10 8.54520e+09 5.48924e+09 3.60098e+09 2.66815e+09 2.00419e+09 1.50910e+09 1.13416e+09 8.11742e+08 5.91439e+08 4.45054e+08 3.33611e+08 2.50799e+08 1.88493e+08 1.40887e+08 1.05090e+08 7.84173e+07 5.86944e+07 4.50699e+07 3.48584e+07 2.76177e+07 2.22570e+07 1.82161e+07 1.49785e+07 1.22090e+07 1.02916e+07 8.73371e+06
1.19283e+03 2.25632e+13 2.25358e+13 2.25025e+13 2.24362e+13 2.22718e+13 2.19421e+13 2.09946e+13 1.95307e+13 1.69880e+13 1.30851e+13 9.83102e+12 7.41679e+12 5.57233e+12 4.18299e+12 3.14517e+12 2.35633e+12 1.77601e+12 1.33196e+12 1.00278e+12 7.55090e+11 5.67294e+11 4.26185e+11 3.19072e+11 2.36480e+11 1.71720e+11 1.21042e+11 8.49527e+10 6.17985e+10 4.60373e+10 3.37496e+10 2.23572e+10 1.49755e+10 1.10600e+10 8.24200e+09 5.28355e+09 3.48024e+09 2.57856e+09 1.93857e+09 1.45889e+09 1.09767e+09 7.87840e+08 5.74835e+08 4.32446e+08 3.23868e+08 2.43729e+08 1.83010e+08 1.37039e+08 1.02182e+08 7.64039e+07 5.68387e+07 4.38390e+07 3.39041e+07 2.67721e+07 2.15818e+07 1.77270e+07 1.46383e+07 1.18047e+07 9.99937e+06 8.50114e+06
1.31062e+03 2.16954e+13 2.16716e+13 2.16403e+13 2.15767e+13 2.14205e+13 2.11036e+13 2.01936e+13 1.87865e+13 1.63411e+13 1.25868e+13 9.45667e+12 7.13437e+12 5.36015e+12 4.02371e+12 3.02541e+12 2.26660e+12 1.70838e+12 1.28124e+12 9.64587e+11 7.26325e+11 5.45666e+11 4.09903e+11 3.06812e+11 2.27265e+11 1.64867e+11 1.16125e+11 8.15916e+10 5.94866e+10 4.43259e+10 3.24330e+10 2.13741e+10 1.43991e+10 1.06493e+10 7.91764e+09 5.03005e+09 3.34748e+09 2.48461e+09 1.86804e+09 1.40576e+09 1.05794e+09 7.59422e+08 5.55855e+08 4.17138e+08 3.13348e+08 2.35224e+08 1.76587e+08 1.32505e+08 9.88211e+07 7.37587e+07 5.49669e+07 4.23380e+07 3.28396e+07 2.60893e+07 2.09808e+07 1.70722e+07 1.41692e+07 1.14654e+07 9.70320e+06 8.27925e+06
1.44003e+03 2.07964e+13 2.07765e+13 2.07469e+13 2.06861e+13 2.05387e+13 2.02351e+13 1.93643e+13 1.80164e+13 1.56716e+13 1.20711e+13 9.06920e+12 6.84205e+12 5.14053e+12 3.85884e+12 2.90145e+12 2.17373e+12 1.63838e+12 1.22874e+12 9.25052e+11 6.96540e+11 5.23259e+11 3.93008e+11 2.94032e+11 2.17541e+11 1.57479e+11 1.10763e+11 7.80291e+10 5.71106e+10 4.25640e+10 3.10236e+10 2.02822e+10 1.38068e+10 1.02286e+10 7.57221e+09 4.74794e+09 3.20928e+09 2.38707e+09 1.79422e+09 1.35060e+09 1.01641e+09 7.27801e+08 5.34727e+08 4.00958e+08 3.01416e+08 2.26359e+08 1.70141e+08 1.27503e+08 9.51573e+07 7.10973e+07 5.30833e+07 4.07808e+07 3.16928e+07 2.50454e+07 2.02116e+07 1.65316e+07 1.35922e+07 1.10729e+07 9.33534e+06 7.96103e+06
1.58223e+03 1.98753e+13 1.98603e+13 1.98322e+13 1.97745e+13 1.96366e+13 1.93468e+13 1.85167e+13 1.72298e+13 1.49878e+13 1.15444e+13 8.67346e+12 6.54349e+12 4.91622e+12 3.69046e+12 2.77484e+12 2.07887e+12 1.56688e+12 1.17511e+12 8.84667e+11 6.66108e+11 5.00349e+11 3.75702e+11 2.80874e+11 2.07406e+11 1.49646e+11 1.05078e+11 7.43953e+10 5.47286e+10 4.07825e+10 2.95231e+10 1.91250e+10 1.32173e+10 9.80563e+09 7.19797e+09 4.44501e+09 3.06590e+09 2.28539e+09 1.71916e+09 1.29454e+09 9.73510e+08 6.92976e+08 5.11073e+08 3.83552e+08 2.88485e+08 2.16573e+08 1.62673e+08 1.22151e+08 9.11062e+07 6.82088e+07 5.09758e+07 3.90775e+07 3.03529e+07 2.41052e+07 1.94490e+07 1.58692e+07 1.30821e+07 1.06102e+07 8.97513e+06 7.66705e+06
1.73846e+03 1.89454e+13 1.89360e+13 1.89093e+13 1.88551e+13 1.87282e+13 1.84524e+13 1.76640e+13 1.64391e+13 1.43004e+13 1.10150e+13 8.27569e+12 6.24341e+12 4.69075e+12 3.52121e+12 2.64758e+12 1.98353e+12 1.49501e+12 1.12120e+12 8.44065e+11 6.35503e+11 4.77289e+11 3.58239e+11 2.67509e+11 1.96965e+11 1.41466e+11 9.92461e+10 7.08563e+10 5.24103e+10 3.90163e+10 2.79223e+10 1.79752e+10 1.26457e+10 9.38904e+09 6.77711e+09 4.14110e+09 2.92088e+09 2.18349e+09 1.64347e+09 1.23743e+09 9.29184e+08 6.56089e+08 4.85922e+08 3.64801e+08 2.74537e+08 2.06425e+08 1.55021e+08 1.16262e+08 8.68038e+07 6.50804e+07 4.86292e+07 3.73134e+07 2.90203e+07 2.30403e+07 1.86013e+07 1.52169e+07 1.25519e+07 1.02028e+07 8.62623e+06 7.37585e+06
1.91013e+03 1.80238e+13 1.80209e+13 1.79976e+13 1.79468e+13 1.78316e+13 1.75699e+13 1.68232e+13 1.56601e+13 1.36232e+13 1.04933e+13 7.88377e+12 5.94773e+12 4.46861e+12 3.35445e+12 2.52219e+12 1.88958e+12 1.42420e+12 1.06808e+12 8.04047e+11 6.05323e+11 4.54515e+11 3.40929e+11 2.54131e+11 1.86326e+11 1.33082e+11 9.35531e+10 6.75927e+10 5.02303e+10 3.72964e+10 2.61958e+10 1.69379e+10 1.21058e+10 8.98735e+09 6.27620e+09 3.85562e+09 2.78028e+09 2.08444e+09 1.56894e+09 1.18085e+09 8.83386e+08 6.17389e+08 4.58764e+08 3.45306e+08 2.60036e+08 1.95596e+08 1.46974e+08 1.10154e+08 8.25088e+07 6.17399e+07 4.61095e+07 3.55073e+07 2.76530e+07 2.19374e+07 1.77591e+07 1.45204e+07 1.20115e+07 9.72322e+06 8.21639e+06 7.03510e+06
2.09874e+03 1.71320e+13 1.71361e+13 1.71187e+13 1.70715e+13 1.69682e+13 1.67195e+13 1.60136e+13 1.49103e+13 1.29714e+13 9.99127e+12 7.50658e+12 5.66316e+12 4.25481e+12 3.19395e+12 2.40151e+12 1.79916e+12 1.35603e+12 1.01694e+12 7.65509e+11 5.76231e+11 4.32509e+11 3.24090e+11 2.40912e+11 1.75588e+11 1.24745e+11 8.84141e+10 6.47651e+10 4.82571e+10 3.56270e+10 2.43358e+10 1.60838e+10 1.16136e+10 8.59975e+09 5.67272e+09 3.60513e+09 2.64961e+09 1.99060e+09 1.49852e+09 1.12544e+09 8.30703e+08 5.76631e+08 4.30734e+08 3.24644e+08 2.44980e+08 1.84305e+08 1.38561e+08 1.03972e+08 7.79310e+07 5.83531e+07 4.36326e+07 3.35986e+07 2.62712e+07 2.08440e+07 1.68177e+07 1.37752e+07 1.14223e+07 9.27461e+06 7.83823e+06 6.69828e+06
2.30598e+03 1.62946e+13 1.63047e+13 1.62940e+13 1.62506e+13 1.61588e+13 1.59225e+13 1.52538e+13 1.42063e+13 1.23595e+13 9.51995e+12 7.15247e+12 5.39601e+12 4.05409e+12 3.04327e+12 2.28820e+12 1.71427e+12 1.29203e+12 9.68902e+11 7.29285e+11 5.48837e+11 4.11688e+11 3.07966e+11 2.27936e+11 1.64878e+11 1.16979e+11 8.42872e+10 6.24533e+10 4.65300e+10 3.39188e+10 2.25231e+10 1.53765e+10 1.11878e+10 8.18387e+09 5.03587e+09 3.40210e+09 2.53375e+09 1.90563e+09 1.43231e+09 1.06776e+09 7.56697e+08 5.35214e+08 4.02311e+08 3.03651e+08 2.29270e+08 1.72725e+08 1.30045e+08 9.76104e+07 7.33533e+07 5.49597e+07 4.12108e+07 3.17263e+07 2.48198e+07 1.97115e+07 1.59406e+07 1.30271e+07 1.08334e+07 8.79094e+06 7.43568e+06 6.35960e+06
2.53369e+03 1.55326e+13 1.55464e+13 1.55417e+13 1.55023e+13 1.54187e+13 1.51965e+13 1.45562e+13 1.35583e+13 1.17961e+13 9.08601e+12 6.82644e+12 5.15004e+12 3.86928e+12 2.90454e+12 2.18388e+12 1.63609e+12 1.23307e+12 9.24625e+11 6.95845e+11 5.23452e+11 3.92200e+11 2.92515e+11 2.15069e+11 1.54489e+11 1.10665e+11 8.13617e+10 6.06143e+10 4.49939e+10 3.19007e+10 2.11244e+10 1.47445e+10 1.08286e+10 7.56486e+09 4.52379e+09 3.24798e+09 2.43598e+09 1.82963e+09 1.36174e+09 1.00436e+09 6.77711e+08 4.94449e+08 3.72939e+08 2.81967e+08 2.13204e+08 1.60952e+08 1.21206e+08 9.11279e+07 6.86290e+07 5.14895e+07 3.86861e+07 2.98362e+07 2.33338e+07 1.85749e+07 1.50110e+07 1.23137e+07 1.02439e+07 8.31071e+06 7.04152e+06 6.01756e+06
2.78424e+03 1.48567e+13 1.48667e+13 1.48630e+13 1.48280e+13 1.47433e+13 1.45317e+13 1.39154e+13 1.29605e+13 1.12781e+13 8.68696e+12 6.52662e+12 4.92384e+12 3.69932e+12 2.77693e+12 2.08790e+12 1.56414e+12 1.17878e+12 8.83790e+11 6.64889e+11 4.99736e+11 3.73576e+11 2.77136e+11 2.02110e+11 1.45518e+11 1.06584e+11 7.93162e+10 5.90694e+10 4.32680e+10 2.95010e+10 1.99846e+10 1.42273e+10 1.04344e+10 6.53487e+09 4.22187e+09 3.13442e+09 2.35043e+09 1.74364e+09 1.27873e+09 9.07640e+08 6.09100e+08 4.53757e+08 3.43226e+08 2.60350e+08 1.96854e+08 1.48953e+08 1.12332e+08 8.45619e+07 6.37401e+07 4.79200e+07 3.60408e+07 2.78858e+07 2.18020e+07 1.73819e+07 1.40592e+07 1.15544e+07 9.60712e+06 7.79767e+06 6.62423e+06 5.66786e+06
3.05404e+03 1.42558e+13 1.42525e+13 1.42434e+13 1.42094e+13 1.41166e+13 1.39121e+13 1.33199e+13 1.23985e+13 1.07897e+13 8.31078e+12 6.24397e+12 4.71058e+12 3.53906e+12 2.65659e+12 1.99736e+12 1.49621e+12 1.12742e+12 8.45008e+11 6.35216e+11 4.76509e+11 3.54568e+11 2.61100e+11 1.90302e+11 1.39718e+11 1.03958e+11 7.74478e+10 5.72995e+10 4.05009e+10 2.73081e+10 1.88634e+10 1.37929e+10 9.51606e+09 5.63623e+09 4.06372e+09 3.03839e+09 2.24262e+09 1.62804e+09 1.19106e+09 7.74982e+08 5.51560e+08 4.15789e+08 3.15092e+08 2.39072e+08 1.81253e+08 1.37182e+08 1.03792e+08 7.81413e+07 5.90243e+07 4.44770e+07 3.34709e+07 2.59049e+07 2.02900e+07 1.61618e+07 1.31040e+07 1.07786e+07 8.95842e+06 7.27258e+06 6.17383e+06 5.29572e+06
3.27771e+03 1.38182e+13 1.38031e+13 1.37866e+13 1.37504e+13 1.36539e+13 1.34552e+13 1.28754e+13 1.19821e+13 1.04257e+13 8.03040e+12 6.03329e+12 4.55159e+12 3.41956e+12 2.56680e+12 1.92973e+12 1.44537e+12 1.08883e+12 8.15593e+11 6.12259e+11 4.57884e+11 3.39031e+11 2.49478e+11 1.84196e+11 1.36969e+11 1.02030e+11 7.58296e+10 5.49690e+10 3.76537e+10 2.54621e+10 1.82590e+10 1.32249e+10 8.13851e+09 5.33970e+09 3.97486e+09 2.93397e+09 2.11043e+09 1.53649e+09 1.08226e+09 6.91849e+08 5.10279e+08 3.85793e+08 2.93135e+08 2.22589e+08 1.68877e+08 1.28007e+08 9.68048e+07 7.31534e+07 5.52283e+07 4.16068e+07 3.13797e+07 2.42916e+07 1.90815e+07 1.51889e+07 1.23264e+07 1.01385e+07 8.42608e+06 6.84685e+06 5.82337e+06 4.98926e+06
3.45736e+03 1.34774e+13 1.34571e+13 1.34372e+13 1.33981e+13 1.32999e+13 1.31042e+13 1.25386e+13 1.16652e+13 1.01470e+13 7.81570e+12 5.87193e+12 4.42979e+12 3.32795e+12 2.49791e+12 1.87775e+12 1.40615e+12 1.05884e+12 7.92396e+11 5.93711e+11 4.42686e+11 3.27534e+11 2.42907e+11 1.81070e+11 1.34788e+11 1.00348e+11 7.39059e+10 5.20295e+10 3.50320e+10 2.43393e+10 1.78149e+10 1.21640e+10 7.25692e+09 5.23114e+09 3.88811e+09 2.79321e+09 2.00276e+09 1.46496e+09 9.50851e+08 6.41815e+08 4.80166e+08 3.63676e+08 2.76859e+08 2.10354e+08 1.59476e+08 1.21008e+08 9.15721e+07 6.92523e+07 5.22906e+07 3.94728e+07 2.97998e+07 2.30395e+07 1.80953e+07 1.44156e+07 1.17060e+07 9.61030e+06 7.99117e+06 6.50638e+06 5.52138e+06 4.72696e+06
3.60052e+03 1.31933e+13 1.31716e+13 1.31516e+13 1.31113e+13 1.30139e+13 1.28208e+13 1.22667e+13 1.14112e+13 9.92387e+12 7.64376e+12 5.74266e+12 4.33217e+12 3.25447e+12 2.44256e+12 1.83587e+12 1.37438e+12 1.03431e+12 7.73150e+11 5.78290e+11 4.30915e+11 3.20236e+11 2.39109e+11 1.78432e+11 1.32774e+11 9.85747e+10 7.13292e+10 4.88832e+10 3.30097e+10 2.37342e+10 1.71871e+10 1.08151e+10 6.95110e+09 5.15240e+09 3.76586e+09 2.65685e+09 1.92754e+09 1.38658e+09 8.57199e+08 6.08442e+08 4.57853e+08 3.47574e+08 2.64589e+08 2.00953e+08 1.52328e+08 1.15668e+08 8.75941e+07 6.62358e+07 5.00205e+07 3.77944e+07 2.84839e+07 2.20422e+07 1.73432e+07 1.38137e+07 1.12045e+07 9.19864e+06 7.64769e+06 6.22759e+06 5.28134e+06 4.52204e+06
3.71567e+03 1.29466e+13 1.29252e+13 1.29059e+13 1.28653e+13 1.27691e+13 1.25795e+13 1.20351e+13 1.11952e+13 9.73571e+12 7.49878e+12 5.63364e+12 4.24978e+12 3.19239e+12 2.39571e+12 1.80031e+12 1.34726e+12 1.01322e+12 7.56606e+11 5.65577e+11 4.22329e+11 3.15379e+11 2.35839e+11 1.75821e+11 1.30844e+11 9.64364e+10 6.82506e+10 4.59199e+10 3.17853e+10 2.32440e+10 1.62499e+10 9.75236e+09 6.82284e+09 5.06481e+09 3.61519e+09 2.55388e+09 1.86903e+09 1.29157e+09 8.01875e+08 5.84327e+08 4.41460e+08 3.35072e+08 2.55054e+08 1.93707e+08 1.47043e+08 1.11471e+08 8.45083e+07 6.38737e+07 4.82771e+07 3.64952e+07 2.74612e+07 2.12865e+07 1.67318e+07 1.33360e+07 1.08062e+07 8.87312e+06 7.37498e+06 6.00229e+06 5.08885e+06 4.35622e+06
3.81687e+03 1.27123e+13 1.26911e+13 1.26724e+13 1.26316e+13 1.25375e+13 1.23506e+13 1.18160e+13 1.09911e+13 9.55827e+12 7.36212e+12 5.53087e+12 4.17206e+12 3.13375e+12 2.35136e+12 1.76653e+12 1.32140e+12 9.93156e+11 7.41318e+11 5.54777e+11 4.15607e+11 3.10911e+11 2.32188e+11 1.73163e+11 1.28596e+11 9.35160e+10 6.45906e+10 4.34162e+10 3.09956e+10 2.26073e+10 1.49425e+10 9.18648e+09 6.72329e+09 4.94039e+09 3.45488e+09 2.47286e+09 1.81025e+09 1.18152e+09 7.62466e+08 5.64368e+08 4.26909e+08 3.24245e+08 2.46874e+08 1.87357e+08 1.42508e+08 1.07918e+08 8.17649e+07 6.18961e+07 4.67259e+07 3.53102e+07 2.65755e+07 2.05544e+07 1.61850e+07 1.29254e+07 1.04633e+07 8.59494e+06 7.14032e+06 5.80277e+06 4.92047e+06 4.20904e+06
3.90336e+03 1.24935e+13 1.24725e+13 1.24544e+13 1.24140e+13 1.23218e+13 1.21379e+13 1.16131e+13 1.08031e+13 9.39550e+12 7.23702e+12 5.43683e+12 4.10093e+12 3.08003e+12 2.31066e+12 1.73549e+12 1.29770e+12 9.75113e+11 7.28280e+11 5.46106e+11 4.09820e+11 3.06293e+11 2.28592e+11 1.70561e+11 1.25979e+11 8.99725e+10 6.09818e+10 4.17210e+10 3.03679e+10 2.17380e+10 1.36024e+10 8.92928e+09 6.62360e+09 4.78079e+09 3.32238e+09 2.40831e+09 1.74453e+09 1.08786e+09 7.34668e+08 5.48375e+08 4.15231e+08 3.15401e+08 2.40140e+08 1.82276e+08 1.38557e+08 1.05075e+08 7.94962e+07 6.02777e+07 4.53940e+07 3.43148e+07 2.59061e+07 2.00078e+07 1.57177e+07 1.25744e+07 1.01703e+07 8.35720e+06 6.93977e+06 5.63225e+06 4.77657e+06 4.08326e+06
3.97624e+03 1.22892e+13 1.22685e+13 1.22507e+13 1.22115e+13 1.21214e+13 1.19406e+13 1.14262e+13 1.06300e+13 9.24749e+12 7.12391e+12 5.35201e+12 4.03681e+12 3.03159e+12 2.27398e+12 1.70761e+12 1.27671e+12 9.59668e+11 7.17597e+11 5.38830e+11 4.04257e+11 3.01694e+11 2.25318e+11 1.67946e+11 1.22973e+11 8.61481e+10 5.79225e+10 4.06275e+10 2.97522e+10 2.06484e+10 1.25672e+10 8.77893e+09 6.51565e+09 4.60497e+09 3.22152e+09 2.35330e+09 1.66745e+09 1.01929e+09 7.12903e+08 5.35064e+08 4.05463e+08 3.08214e+08 2.34594e+08 1.78198e+08 1.35324e+08 1.02614e+08 7.76930e+07 5.87314e+07 4.43882e+07 3.34802e+07 2.52932e+07 1.95745e+07 1.53399e+07 1.22686e+07 9.92480e+06 8.15386e+06 6.77146e+06 5.49016e+06 4.65615e+06 3.98098e+06
4.04021e+03 1.20873e+13 1.20679e+13 1.20498e+13 1.20124e+13 1.19240e+13 1.17479e+13 1.12438e+13 1.04632e+13 9.10626e+12 7.01745e+12 5.27268e+12 3.97703e+12 2.98656e+12 2.24006e+12 1.68214e+12 1.25800e+12 9.46285e+11 7.08276e+11 5.31906e+11 3.98534e+11 2.97312e+11 2.22205e+11 1.65135e+11 1.19464e+11 8.22803e+10 5.55659e+10 3.98204e+10 2.90354e+10 1.93963e+10 1.19431e+10 8.65839e+09 6.38889e+09 4.43190e+09 3.14117e+09 2.29982e+09 1.57726e+09 9.69861e+08 6.96099e+08 5.23867e+08 3.97417e+08 3.02608e+08 2.29621e+08 1.74147e+08 1.32400e+08 1.00392e+08 7.60309e+07 5.74677e+07 4.34534e+07 3.28561e+07 2.47069e+07 1.91223e+07 1.50115e+07 1.19983e+07 9.70966e+06 7.97484e+06 6.62390e+06 5.36578e+06 4.55063e+06 3.89193e+06
4.09464e+03 1.19072e+13 1.18895e+13 1.18709e+13 1.18349e+13 1.17473e+13 1.15751e+13 1.10779e+13 1.03106e+13 8.97591e+12 6.92051e+12 5.20113e+12 3.92345e+12 2.94650e+12 2.21020e+12 1.66008e+12 1.24207e+12 9.34853e+11 6.99887e+11 5.25205e+11 3.93071e+11 2.93419e+11 2.19252e+11 1.62168e+11 1.15768e+11 7.88028e+10 5.39255e+10 3.91538e+10 2.81990e+10 1.81670e+10 1.16067e+10 8.55012e+09 6.24395e+09 4.28724e+09 3.07695e+09 2.24482e+09 1.48537e+09 9.34412e+08 6.81809e+08 5.14636e+08 3.90468e+08 2.96698e+08 2.25711e+08 1.71203e+08 1.30067e+08 9.86355e+07 7.46649e+07 5.65125e+07 4.26558e+07 3.22265e+07 2.42706e+07 1.87841e+07 1.47320e+07 1.17682e+07 9.52658e+06 7.82250e+06 6.49833e+06 5.25993e+06 4.46084e+06 3.81615e+06
4.14280e+03 1.17516e+13 1.17332e+13 1.17119e+13 1.16800e+13 1.15920e+13 1.14201e+13 1.09299e+13 1.01750e+13 8.85846e+12 6.83157e+12 5.13552e+12 3.87456e+12 2.91018e+12 2.18337e+12 1.64040e+12 1.22780e+12 9.24323e+11 6.91778e+11 5.18580e+11 3.87960e+11 2.89819e+11 2.16324e+11 1.59008e+11 1.12060e+11 7.57746e+10 5.26998e+10 3.85184e+10 2.72502e+10 1.70674e+10 1.13868e+10 8.44380e+09 6.08177e+09 4.16722e+09 3.01974e+09 2.18356e+09 1.39735e+09 9.08444e+08 6.69845e+08 5.06526e+08 3.84629e+08 2.92223e+08 2.22041e+08 1.68520e+08 1.27962e+08 9.69902e+07 7.34745e+07 5.55765e+07 4.19458e+07 3.16717e+07 2.39525e+07 1.84670e+07 1.44847e+07 1.15647e+07 9.36460e+06 7.68771e+06 6.38723e+06 5.16628e+06 4.38139e+06 3.74910e+06
4.18440e+03 1.15843e+13 1.15663e+13 1.15406e+13 1.15112e+13 1.14250e+13 1.12559e+13 1.07784e+13 1.00476e+13 8.75589e+12 6.75426e+12 5.07797e+12 3.83161e+12 2.87834e+12 2.15987e+12 1.62308e+12 1.21502e+12 9.14582e+11 6.84038e+11 5.12344e+11 3.83394e+11 2.86525e+11 2.13464e+11 1.55792e+11 1.08579e+11 7.33293e+10 5.17744e+10 3.78927e+10 2.62581e+10 1.62198e+10 1.12302e+10 8.33956e+09 5.91517e+09 4.07189e+09 2.96847e+09 2.11525e+09 1.32448e+09 8.88405e+08 6.59976e+08 5.00164e+08 3.79817e+08 2.88213e+08 2.19285e+08 1.66584e+08 1.26400e+08 9.57192e+07 7.23947e+07 5.48984e+07 4.14402e+07 3.12128e+07 2.34609e+07 1.81926e+07 1.42836e+07 1.13972e+07 9.22863e+06 7.57300e+06 6.29074e+06 5.08815e+06 4.31430e+06 3.69167e+06
4.21984e+03 1.13725e+13 1.13555e+13 1.13361e+13 1.13039e+13 1.12224e+13 1.10615e+13 1.06038e+13 9.89885e+12 8.65306e+12 6.68687e+12 5.02854e+12 3.79468e+12 2.85088e+12 2.13949e+12 1.60789e+12 1.20357e+12 9.05655e+11 6.76884e+11 5.06773e+11 3.79419e+11 2.83549e+11 2.10740e+11 1.52698e+11 1.05472e+11 7.14382e+10 5.10460e+10 3.72733e+10 2.53014e+10 1.56301e+10 1.11074e+10 8.23876e+09 5.75942e+09 3.99792e+09 2.92030e+09 2.04279e+09 1.26509e+09 8.72546e+08 6.52010e+08 4.94283e+08 3.75146e+08 2.84932e+08 2.16878e+08 1.64833e+08 1.24839e+08 9.46349e+07 7.15809e+07 5.41952e+07 4.09373e+07 3.07656e+07 2.32319e+07 1.79302e+07 1.41179e+07 1.12583e+07 9.11458e+06 7.47604e+06 6.20827e+06 5.02283e+06 4.25782e+06 3.64296e+06
4.25090e+03 1.11456e+13 1.11242e+13 1.10998e+13 1.10684e+13 1.09928e+13 1.08500e+13 1.04115e+13 9.73654e+12 8.53388e+12 6.62104e+12 4.98362e+12 3.76151e+12 2.82619e+12 2.12105e+12 1.59397e+12 1.19292e+12 8.97252e+11 6.70217e+11 5.01768e+11 3.75856e+11 2.80777e+11 2.08095e+11 1.49736e+11 1.02709e+11 6.99604e+10 5.04295e+10 3.66415e+10 2.43968e+10 1.52269e+10 1.10025e+10 8.13878e+09 5.62066e+09 3.93729e+09 2.87128e+09 1.96461e+09 1.21989e+09 8.60565e+08 6.44906e+08 4.89494e+08 3.71563e+08 2.82580e+08 2.15363e+08 1.63421e+08 1.23753e+08 9.38144e+07 7.09337e+07 5.36392e+07 4.04608e+07 3.05393e+07 2.30227e+07 1.77643e+07 1.39728e+07 1.11366e+07 9.01467e+06 7.39110e+06 6.13603e+06 4.96562e+06 4.20835e+06 3.60029e+06
4.27752e+03 1.07950e+13 1.07689e+13 1.07348e+13 1.07093e+13 1.06531e+13 1.05497e+13 1.01897e+13 9.57758e+12 8.41892e+12 6.55531e+12 4.94240e+12 3.73188e+12 2.80425e+12 2.10462e+12 1.58149e+12 1.18331e+12 8.89654e+11 6.64296e+11 4.97424e+11 3.72732e+11 2.78273e+11 2.05646e+11 1.47055e+11 1.00361e+11 6.88106e+10 4.99009e+10 3.60320e+10 2.35952e+10 1.49438e+10 1.09122e+10 8.04462e+09 5.50517e+09 3.88664e+09 2.82227e+09 1.88720e+09 1.18590e+09 8.50522e+08 6.39319e+08 4.85822e+08 3.69056e+08 2.81026e+08 2.14025e+08 1.62732e+08 1.22920e+08 9.32783e+07 7.05093e+07 5.32137e+07 4.00900e+07 3.03054e+07 2.28241e+07 1.75979e+07 1.38484e+07 1.10323e+07 8.92901e+06 7.31827e+06 6.07409e+06 4.91656e+06 4.16593e+06 3.56370e+06
4.30065e+03 1.01297e+13 1.01143e+13 1.00827e+13 1.00706e+13 1.00554e+13 1.00214e+13 9.83994e+12 9.37344e+12 8.31002e+12 6.49103e+12 4.90381e+12 3.70491e+12 2.78446e+12 2.08979e+12 1.57020e+12 1.17458e+12 8.82788e+11 6.59037e+11 4.93618e+11 3.69959e+11 2.76002e+11 2.03387e+11 1.44644e+11 9.83638e+10 6.78907e+10 4.94360e+10 3.54542e+10 2.28945e+10 1.47346e+10 1.08329e+10 7.95712e+09 5.40930e+09 3.84338e+09 2.77301e+09 1.81426e+09 1.15980e+09 8.42170e+08 6.34770e+08 4.83000e+08 3.67351e+08 2.80103e+08 2.13345e+08 1.62562e+08 1.22606e+08 9.29808e+07 7.02995e+07 5.29527e+07 3.98320e+07 3.00920e+07 2.26572e+07 1.74356e+07 1.37403e+07 1.09417e+07 8.85460e+06 7.25501e+06 6.02029e+06 4.87395e+06 4.12908e+06 3.53192e+06
4.32086e+03 9.18020e+12 9.19940e+12 9.19079e+12 9.20661e+12 9.23667e+12 9.27117e+12 9.32215e+12 9.08488e+12 8.20597e+12 6.42873e+12 4.86699e+12 3.67997e+12 2.76636e+12 2.07628e+12 1.55989e+12 1.16662e+12 8.76571e+11 6.54362e+11 4.90262e+11 3.67478e+11 2.73929e+11 2.01301e+11 1.42482e+11 9.66764e+10 6.71497e+10 4.90208e+10 3.49087e+10 2.22910e+10 1.45773e+10 1.07625e+10 7.87615e+09 5.33074e+09 3.80617e+09 2.72278e+09 1.74752e+09 1.13998e+09 8.35584e+08 6.30901e+08 4.80887e+08 3.66318e+08 2.79747e+08 2.13781e+08 1.62774e+08 1.23063e+08 9.29053e+07 7.03088e+07 5.28942e+07 3.96917e+07 2.99415e+07 2.25368e+07 1.72893e+07 1.36458e+07 1.08624e+07 8.78956e+06 7.19972e+06 5.97327e+06 4.83671e+06 4.09688e+06 3.50414e+06
4.33812e+03 8.43545e+12 8.45249e+12 8.45787e+12 8.48773e+12 8.51491e+12 8.56265e+12 8.72281e+12 8.73363e+12 8.07624e+12 6.37406e+12 4.83222e+12 3.65700e+12 2.75000e+12 2.06414e+12 1.55067e+12 1.15953e+12 8.71120e+11 6.50340e+11 4.87374e+11 3.65302e+11 2.72075e+11 1.99429e+11 1.40624e+11 9.53312e+10 6.65703e+10 4.86554e+10 3.44143e+10 2.18107e+10 1.44604e+10 1.07010e+10 7.80522e+09 5.27146e+09 3.77384e+09 2.66980e+09 1.69323e+09 1.12673e+09 8.31010e+08 6.28490e+08 4.79740e+08 3.67042e+08 2.80666e+08 2.14834e+08 1.63314e+08 1.23626e+08 9.32674e+07 7.04506e+07 5.28567e+07 3.95842e+07 2.98339e+07 2.24056e+07 1.72511e+07 1.35652e+07 1.07948e+07 8.73402e+06 7.15251e+06 5.93311e+06 4.80490e+06 4.06938e+06 3.48042e+06
4.35383e+03 8.05747e+12 8.04612e+12 8.05683e+12 8.05738e+12 8.05722e+12 8.07510e+12 8.14470e+12 8.31767e+12 7.93680e+12 6.32392e+12 4.79965e+12 3.63552e+12 2.73477e+12 2.05289e+12 1.54214e+12 1.15300e+12 8.66120e+11 6.46673e+11 4.84735e+11 3.63301e+11 2.70359e+11 1.97701e+11 1.38941e+11 9.41450e+10 6.60595e+10 4.83199e+10 3.39593e+10 2.13908e+10 1.43587e+10 1.06448e+10 7.74065e+09 5.21995e+09 3.74429e+09 2.61919e+09 1.64658e+09 1.11560e+09 8.27093e+08 6.26525e+08 4.79033e+08 3.68032e+08 2.81921e+08 2.16065e+08 1.64107e+08 1.24288e+08 9.36836e+07 7.06388e+07 5.28428e+07 3.95148e+07 2.97167e+07 2.22705e+07 1.72201e+07 1.34917e+07 1.07332e+07 8.68347e+06 7.10953e+06 5.89656e+06 4.77595e+06 4.04434e+06 3.45883e+06
4.36644e+03 7.67061e+12 7.66016e+12 7.69830e+12 7.69770e+12 7.75101e+12 7.79615e+12 7.80217e+12 7.93944e+12 7.77348e+12 6.28315e+12 4.77209e+12 3.61717e+12 2.72192e+12 2.04346e+12 1.53504e+12 1.14761e+12 8.62056e+11 6.43724e+11 4.82599e+11 3.61657e+11 2.68932e+11 1.96280e+11 1.37621e+11 9.32748e+10 6.56786e+10 4.80464e+10 3.35917e+10 2.10952e+10 1.42848e+10 1.05991e+10 7.68978e+09 5.18297e+09 3.72050e+09 2.57566e+09 1.61714e+09 1.10792e+09 8.24251e+08 6.25268e+08 4.79267e+08 3.69133e+08 2.83721e+08 2.17624e+08 1.65580e+08 1.25241e+08 9.40931e+07 7.09212e+07 5.28939e+07 3.95489e+07 2.95469e+07 2.21236e+07 1.71641e+07 1.34328e+07 1.06838e+07 8.64291e+06 7.07505e+06 5.86723e+06 4.75273e+06 4.02426e+06 3.44151e+06
4.37660e+03 6.99604e+12 7.04085e+12 7.11215e+12 7.18393e+12 7.38876e+12 7.56600e+12 7.58973e+12 7.63413e+12 7.64187e+12 6.25030e+12 4.74988e+12 3.60238e+12 2.71157e+12 2.03587e+12 1.52932e+12 1.14327e+12 8.58781e+11 6.41347e+11 4.80878e+11 3.60331e+11 2.67782e+11 1.95134e+11 1.36558e+11 9.25736e+10 6.53717e+10 4.78259e+10 3.32954e+10 2.08569e+10 1.42252e+10 1.05622e+10 7.64879e+09 5.15318e+09 3.70132e+09 2.54057e+09 1.59341e+09 1.10173e+09 8.21960e+08 6.24254e+08 4.79455e+08 3.70020e+08 2.85171e+08 2.18880e+08 1.66767e+08 1.26009e+08 9.44231e+07 7.11488e+07 5.29352e+07 3.95764e+07 2.94101e+07 2.20052e+07 1.71191e+07 1.33854e+07 1.06440e+07 8.61023e+06 7.04726e+06 5.84360e+06 4.73401e+06 4.00808e+06 3.42755e+06
4.38521e+03 6.18710e+12 6.30487e+12 6.37435e+12 6.54544e+12 6.88367e+12 7.28351e+12 7.45267e+12 7.43128e+12 7.48700e+12 6.21888e+12 4.73068e+12 3.58904e+12 2.70224e+12 2.02909e+12 1.52425e+12 1.13947e+12 8.55958e+11 6.39307e+11 4.79383e+11 3.59164e+11 2.66762e+11 1.94148e+11 1.35696e+11 9.20402e+10 6.51265e+10 4.76372e+10 3.30540e+10 2.06911e+10 1.41779e+10 1.05304e+10 7.61508e+09 5.13116e+09 3.68537e+09 2.51185e+09 1.57893e+09 1.09818e+09 8.19988e+08 6.24058e+08 4.80572e+08 3.71814e+08 2.87174e+08 2.20257e+08 1.67806e+08 1.26674e+08 9.47144e+07 7.12719e+07 5.29381e+07 3.95388e+07 2.93700e+07 2.19532e+07 1.70384e+07 1.33451e+07 1.06103e+07 8.58252e+06 7.02370e+06 5.82357e+06 4.71814e+06 3.99436e+06 3.41571e+06
4.39281e+03 5.67669e+12 5.75732e+12 5.82771e+12 5.99322e+12 6.33208e+12 6.89383e+12 7.32734e+12 7.25225e+12 7.34891e+12 6.19104e+12 4.71373e+12 3.57724e+12 2.69399e+12 2.02309e+12 1.51977e+12 1.13612e+12 8.53465e+11 6.37506e+11 4.78063e+11 3.58132e+11 2.65861e+11 1.93276e+11 1.34936e+11 9.15715e+10 6.49106e+10 4.74706e+10 3.28413e+10 2.05459e+10 1.41363e+10 1.05023e+10 7.58536e+09 5.11184e+09 3.67129e+09 2.48654e+09 1.56633e+09 1.09509e+09 8.18246e+08 6.23905e+08 4.81589e+08 3.73431e+08 2.88967e+08 2.21483e+08 1.68724e+08 1.27261e+08 9.49719e+07 7.13783e+07 5.29397e+07 3.95036e+07 2.93371e+07 2.19088e+07 1.69659e+07 1.33096e+07 1.05805e+07 8.55807e+06 7.00292e+06 5.80589e+06 4.70414e+06 3.98225e+06 3.40527e+06
4.39957e+03 5.49888e+12 5.52386e+12 5.57295e+12 5.62347e+12 5.91099e+12 6.49875e+12 7.21303e+12 7.12473e+12 7.22603e+12 6.16626e+12 4.69864e+12 3.56675e+12 2.68665e+12 2.01775e+12 1.51579e+12 1.13313e+12 8.51246e+11 6.35904e+11 4.76888e+11 3.57214e+11 2.65059e+11 1.92501e+11 1.34260e+11 9.11543e+10 6.47185e+10 4.73224e+10 3.26520e+10 2.04166e+10 1.40992e+10 1.04772e+10 7.55892e+09 5.09464e+09 3.65877e+09 2.46401e+09 1.55512e+09 1.09235e+09 8.16696e+08 6.23769e+08 4.82493e+08 3.74870e+08 2.90562e+08 2.22574e+08 1.69541e+08 1.27783e+08 9.52010e+07 7.14731e+07 5.29412e+07 3.94723e+07 2.93079e+07 2.18693e+07 1.69014e+07 1.32780e+07 1.05540e+07 8.53631e+06 6.98442e+06 5.79015e+06 4.69168e+06 3.97147e+06 3.39598e+06
4.40585e+03 5.40221e+12 5.42607e+12 5.44350e+12 5.47739e+12 5.59399e+12 6.10097e+12 7.04966e+12 7.03677e+12 7.10480e+12 6.14047e+12 4.68477e+12 3.55693e+12 2.67975e+12 2.01274e+12 1.51206e+12 1.13036e+12 8.49195e+11 6.34421e+11 4.75794e+11 3.56355e+11 2.64310e+11 1.91793e+11 1.33662e+11 9.07944e+10 6.45468e+10 4.71888e+10 3.24933e+10 2.03153e+10 1.40662e+10 1.04541e+10 7.53576e+09 5.08017e+09 3.64889e+09 2.44928e+09 1.54879e+09 1.09092e+09 8.16119e+08 6.24720e+08 4.84287e+08 3.76999e+08 2.92289e+08 2.23928e+08 1.70314e+08 1.28247e+08 9.55153e+07 7.15513e+07 5.29698e+07 3.94103e+07 2.92660e+07 2.18333e+07 1.68533e+07 1.32487e+07 1.05296e+07 8.51630e+06 6.96748e+06 5.77580e+06 4.68031e+06 3.96165e+06 3.38749e+06
4.41183e+03 5.20539e+12 5.29023e+12 5.32384e+12 5.38580e+12 5.46716e+12 5.80323e+12 6.89439e+12 6.95316e+12 6.98311e+12 6.11344e+12 4.67172e+12 3.54754e+12 2.67311e+12 2.00794e+12 1.50850e+12 1.12772e+12 8.47254e+11 6.33016e+11 4.74753e+11 3.55533e+11 2.63595e+11 1.91132e+11 1.33120e+11 9.04773e+10 6.43898e+10 4.70655e+10 3.23580e+10 2.02361e+10 1.40361e+10 1.04322e+10 7.51502e+09 5.06779e+09 3.64110e+09 2.44095e+09 1.54650e+09 1.09059e+09 8.16356e+08 6.26605e+08 4.86863e+08 3.79746e+08 2.94155e+08 2.25526e+08 1.71060e+08 1.28668e+08 9.59067e+07 7.16167e+07 5.30219e+07 3.93211e+07 2.92129e+07 2.17996e+07 1.68183e+07 1.32210e+07 1.05075e+07 8.49852e+06 6.95289e+06 5.76375e+06 4.67077e+06 3.95347e+06 3.38035e+06
4.41738e+03 4.84321e+12 4.98807e+12 5.10762e+12 5.26125e+12 5.37246e+12 5.55722e+12 6.69126e+12 6.88350e+12 6.86995e+12 6.08829e+12 4.65959e+12 3.53880e+12 2.66693e+12 2.00346e+12 1.50519e+12 1.12527e+12 8.45449e+11 6.31711e+11 4.73784e+11 3.54769e+11 2.62930e+11 1.90516e+11 1.32616e+11 9.01825e+10 6.42437e+10 4.69509e+10 3.22321e+10 2.01624e+10 1.40081e+10 1.04119e+10 7.49575e+09 5.05628e+09 3.63385e+09 2.43320e+09 1.54436e+09 1.09029e+09 8.16576e+08 6.28359e+08 4.89257e+08 3.82300e+08 2.95890e+08 2.27012e+08 1.71755e+08 1.29060e+08 9.62706e+07 7.16775e+07 5.30703e+07 3.92383e+07 2.91635e+07 2.17683e+07 1.67857e+07 1.31953e+07 1.04870e+07 8.48198e+06 6.93933e+06 5.75254e+06 4.66189e+06 3.94586e+06 3.37371e+06
4.42197e+03 4.56067e+12 4.69191e+12 4.83719e+12 5.09026e+12 5.31803e+12 5.44420e+12 6.52006e+12 6.83296e+12 6.77626e+12 6.06748e+12 4.64954e+12 3.53157e+12 2.66181e+12 1.99976e+12 1.50245e+12 1.12324e+12 8.43954e+11 6.30629e+11 4.72982e+11 3.54136e+11 2.62380e+11 1.90007e+11 1.32199e+11 8.99384e+10 6.41228e+10 4.68560e+10 3.21279e+10 2.01014e+10 1.39850e+10 1.03951e+10 7.47978e+09 5.04674e+09 3.62785e+09 2.42678e+09 1.54260e+09 1.09003e+09 8.16759e+08 6.29810e+08 4.91240e+08 3.84414e+08 2.97326e+08 2.28242e+08 1.72329e+08 1.29385e+08 9.65719e+07 7.17279e+07 5.31104e+07 3.91696e+07 2.91226e+07 2.17423e+07 1.67588e+07 1.31740e+07 1.04699e+07 8.46829e+06 6.92809e+06 5.74326e+06 4.65454e+06 3.93956e+06 3.36821e+06
4.42588e+03 4.34947e+12 4.46972e+12 4.59709e+12 4.86944e+12 5.24888e+12 5.36031e+12 6.37224e+12 6.79007e+12 6.69676e+12 6.04982e+12 4.64102e+12 3.52543e+12 2.65747e+12 1.99662e+12 1.50013e+12 1.12152e+12 8.42686e+11 6.29712e+11 4.72302e+11 3.53599e+11 2.61913e+11 1.89575e+11 1.31845e+11 8.97313e+10 6.40202e+10 4.67754e+10 3.20395e+10 2.00496e+10 1.39653e+10 1.03808e+10 7.46624e+09 5.03865e+09 3.62276e+09 2.42133e+09 1.54110e+09 1.08982e+09 8.16914e+08 6.31042e+08 4.92922e+08 3.86208e+08 2.98545e+08 2.29286e+08 1.72817e+08 1.29660e+08 9.68276e+07 7.17707e+07 5.31444e+07 3.91114e+07 2.90879e+07 2.17203e+07 1.67359e+07 1.31559e+07 1.04555e+07 8.45667e+06 6.91856e+06 5.73539e+06 4.64831e+06 3.93421e+06 3.36354e+06
4.42925e+03 4.08836e+12 4.26810e+12 4.42351e+12 4.68933e+12 5.16742e+12 5.32012e+12 6.23022e+12 6.75293e+12 6.63158e+12 6.03323e+12 4.63363e+12 3.52013e+12 2.65370e+12 1.99389e+12 1.49811e+12 1.12003e+12 8.41588e+11 6.28916e+11 4.71710e+11 3.53130e+11 2.61506e+11 1.89201e+11 1.31542e+11 8.95554e+10 6.39320e+10 4.67059e+10 3.19657e+10 2.00070e+10 1.39483e+10 1.03684e+10 7.45447e+09 5.03179e+09 3.61871e+09 2.41850e+09 1.54108e+09 1.09011e+09 8.17428e+08 6.32450e+08 4.94574e+08 3.87685e+08 2.99521e+08 2.30043e+08 1.73194e+08 1.29847e+08 9.69662e+07 7.17829e+07 5.31556e+07 3.90745e+07 2.90603e+07 2.17002e+07 1.67151e+07 1.31402e+07 1.04430e+07 8.44661e+06 6.91031e+06 5.72857e+06 4.64291e+06 3.92958e+06 3.35950e+06
4.43248e+03 3.73816e+12 4.01690e+12 4.23931e+12 4.52203e+12 5.07121e+12 5.28171e+12 6.09445e+12 6.71730e+12 6.57735e+12 6.01453e+12 4.62654e+12 3.51506e+12 2.65005e+12 1.99124e+12 1.49616e+12 1.11860e+12 8.40538e+11 6.28153e+11 4.71138e+11 3.52675e+11 2.61111e+11 1.88846e+11 1.31261e+11 8.93949e+10 6.38489e+10 4.66400e+10 3.19009e+10 1.99712e+10 1.39321e+10 1.03565e+10 7.44311e+09 5.02553e+09 3.61562e+09 2.41994e+09 1.54387e+09 1.09143e+09 8.18758e+08 6.34545e+08 4.96582e+08 3.88927e+08 3.00281e+08 2.30445e+08 1.73456e+08 1.29914e+08 9.69165e+07 7.17402e+07 5.31263e+07 3.90690e+07 2.90396e+07 2.16785e+07 1.66930e+07 1.31253e+07 1.04311e+07 8.43699e+06 6.90242e+06 5.72205e+06 4.63775e+06 3.92515e+06 3.35564e+06
4.43603e+03 3.37330e+12 3.69442e+12 3.97498e+12 4.35564e+12 4.91003e+12 5.24825e+12 5.94510e+12 6.66536e+12 6.51770e+12 5.99395e+12 4.61875e+12 3.50949e+12 2.64604e+12 1.98834e+12 1.49402e+12 1.11702e+12 8.39384e+11 6.27314e+11 4.70509e+11 3.52175e+11 2.60677e+11 1.88454e+11 1.30951e+11 8.92183e+10 6.37575e+10 4.65675e+10 3.18297e+10 1.99317e+10 1.39142e+10 1.03433e+10 7.43061e+09 5.01865e+09 3.61223e+09 2.42152e+09 1.54694e+09 1.09288e+09 8.20221e+08 6.36851e+08 4.98790e+08 3.90293e+08 3.01117e+08 2.30886e+08 1.73743e+08 1.29988e+08 9.68619e+07 7.16932e+07 5.30940e+07 3.90628e+07 2.90167e+07 2.16547e+07 1.66686e+07 1.31088e+07 1.04180e+07 8.42641e+06 6.89374e+06 5.71489e+06 4.63207e+06 3.92029e+06 3.35139e+06
4.43985e+03 3.13066e+12 3.39438e+12 3.68229e+12 4.16065e+12 4.73935e+12 5.21372e+12 5.79624e+12 6.60947e+12 6.45352e+12 5.97182e+12 4.61037e+12 3.50350e+12 2.64173e+12 1.98521e+12 1.49172e+12 1.11533e+12 8.38141e+11 6.26411e+11 4.69832e+11 3.51637e+11 2.60209e+11 1.88034e+11 1.30618e+11 8.90284e+10 6.36591e+10 4.64895e+10 3.17531e+10 1.98893e+10 1.38950e+10 1.03291e+10 7.41717e+09 5.01125e+09 3.60857e+09 2.42322e+09 1.55024e+09 1.09444e+09 8.21795e+08 6.39331e+08 5.01166e+08 3.91763e+08 3.02017e+08 2.31362e+08 1.74053e+08 1.30067e+08 9.68031e+07 7.16426e+07 5.30593e+07 3.90563e+07 2.89921e+07 2.16291e+07 1.66424e+07 1.30911e+07 1.04038e+07 8.41503e+06 6.88440e+06 5.70717e+06 4.62596e+06 3.91505e+06 3.34682e+06
4.44363e+03 3.00922e+12 3.20230e+12 3.39080e+12 3.90798e+12 4.57962e+12 5.16434e+12 5.65389e+12 6.55430e+12 6.39016e+12 5.94997e+12 4.60209e+12 3.49759e+12 2.63747e+12 1.98212e+12 1.48944e+12 1.11366e+12 8.36915e+11 6.25519e+11 4.69164e+11 3.51105e+11 2.59748e+11 1.87618e+11 1.30290e+11 8.88408e+10 6.35620e+10 4.64124e+10 3.16774e+10 1.98473e+10 1.38761e+10 1.03152e+10 7.40389e+09 5.00394e+09 3.60497e+09 2.42490e+09 1.55351e+09 1.09598e+09 8.23349e+08 6.41780e+08 5.03512e+08 3.93214e+08 3.02905e+08 2.31831e+08 1.74358e+08 1.30146e+08 9.67450e+07 7.15927e+07 5.30250e+07 3.90498e+07 2.89678e+07 2.16037e+07 1.66166e+07 1.30736e+07 1.03899e+07 8.40380e+06 6.87519e+06 5.69956e+06 4.61993e+06 3.90988e+06 3.34231e+06
4.44731e+03 2.94736e+12 3.06651e+12 3.25504e+12 3.67313e+12 4.42904e+12 5.11085e+12 5.51493e+12 6.50044e+12 6.32831e+12 5.92863e+12 4.59401e+12 3.49181e+12 2.63331e+12 1.97911e+12 1.48722e+12 1.11202e+12 8.35717e+11 6.24648e+11 4.68511e+11 3.50586e+11 2.59298e+11 1.87212e+11 1.29969e+11 8.86577e+10 6.34672e+10 4.63372e+10 3.16035e+10 1.98064e+10 1.38576e+10 1.03015e+10 7.39094e+09 4.99680e+09 3.60145e+09 2.42654e+09 1.55669e+09 1.09749e+09 8.24865e+08 6.44171e+08 5.05803e+08 3.94630e+08 3.03771e+08 2.32289e+08 1.74656e+08 1.30222e+08 9.66883e+07 7.15440e+07 5.29915e+07 3.90435e+07 2.89441e+07 2.15790e+07 1.65913e+07 1.30565e+07 1.03762e+07 8.39283e+06 6.86619e+06 5.69212e+06 4.61404e+06 3.90483e+06 3.33790e+06
4.45116e+03 2.91113e+12 2.99687e+12 3.12276e+12 3.45756e+12 4.29256e+12 5.02434e+12 5.40669e+12 6.44011e+12 6.26369e+12 5.90635e+12 4.58557e+12 3.48578e+12 2.62896e+12 1.97596e+12 1.48490e+12 1.11032e+12 8.34466e+11 6.23739e+11 4.67830e+11 3.50044e+11 2.58828e+11 1.86789e+11 1.29634e+11 8.84665e+10 6.33682e+10 4.62587e+10 3.15264e+10 1.97637e+10 1.38382e+10 1.02873e+10 7.37740e+09 4.98935e+09 3.59777e+09 2.42825e+09 1.56002e+09 1.09906e+09 8.26450e+08 6.46668e+08 5.08195e+08 3.96110e+08 3.04677e+08 2.32768e+08 1.74967e+08 1.30302e+08 9.66291e+07 7.14930e+07 5.29565e+07 3.90369e+07 2.89193e+07 2.15532e+07 1.65649e+07 1.30387e+07 1.03620e+07 8.38137e+06 6.85679e+06 5.68436e+06 4.60789e+06 3.89956e+06 3.33330e+06
4.45523e+03 2.88657e+12 2.94001e+12 3.01639e+12 3.25402e+12 4.14029e+12 4.90570e+12 5.29901e+12 6.35166e+12 6.20933e+12 5.87929e+12 4.57642e+12 3.47946e+12 2.62437e+12 1.97262e+12 1.48245e+12 1.10852e+12 8.33149e+11 6.22779e+11 4.67106e+11 3.49465e+11 2.58324e+11 1.86338e+11 1.29281e+11 8.82670e+10 6.32639e+10 4.61747e+10 3.14445e+10 1.97185e+10 1.38176e+10 1.02721e+10 7.36285e+09 4.98131e+09 3.59358e+09 2.42992e+09 1.56418e+09 1.10092e+09 8.28208e+08 6.49159e+08 5.09934e+08 3.97216e+08 3.05273e+08 2.32996e+08 1.75145e+08 1.30326e+08 9.65713e+07 7.14375e+07 5.29044e+07 3.90022e+07 2.88845e+07 2.15194e+07 1.65450e+07 1.30198e+07 1.03470e+07 8.36924e+06 6.84684e+06 5.67614e+06 4.60138e+06 3.89397e+06 3.32843e+06
4.45935e+03 2.86539e+12 2.91387e+12 2.97773e+12 3.16205e+12 3.93708e+12 4.77705e+12 5.20670e+12 6.26211e+12 6.16511e+12 5.84922e+12 4.56700e+12 3.47311e+12 2.61973e+12 1.96924e+12 1.47997e+12 1.10671e+12 8.31821e+11 6.21808e+11 4.66372e+11 3.48876e+11 2.57809e+11 1.85880e+11 1.28924e+11 8.80673e+10 6.31586e+10 4.60890e+10 3.13615e+10 1.96728e+10 1.37965e+10 1.02567e+10 7.34796e+09 4.97305e+09 3.58912e+09 2.43151e+09 1.56889e+09 1.10296e+09 8.30052e+08 6.51564e+08 5.11082e+08 3.97979e+08 3.05597e+08 2.33013e+08 1.75207e+08 1.30304e+08 9.65164e+07 7.13801e+07 5.28401e+07 3.89458e+07 2.88425e+07 2.14802e+07 1.65310e+07 1.30007e+07 1.03317e+07 8.35696e+06 6.83676e+06 5.66782e+06 4.59479e+06 3.88832e+06 3.32350e+06
4.46630e+03 2.82561e+12 2.87417e+12 2.91261e+12 3.00716e+12 3.61303e+12 4.53257e+12 5.09888e+12 6.11128e+12 6.09061e+12 5.79857e+12 4.55112e+12 3.46241e+12 2.61192e+12 1.96356e+12 1.47580e+12 1.10365e+12 8.29584e+11 6.20173e+11 4.65135e+11 3.47882e+11 2.56943e+11 1.85108e+11 1.28324e+11 8.77310e+10 6.29813e+10 4.59446e+10 3.12216e+10 1.95957e+10 1.37611e+10 1.02308e+10 7.32286e+09 4.95915e+09 3.58161e+09 2.43420e+09 1.57681e+09 1.10639e+09 8.33156e+08 6.55613e+08 5.13016e+08 3.99265e+08 3.06142e+08 2.33041e+08 1.75312e+08 1.30266e+08 9.64240e+07 7.12833e+07 5.27317e+07 3.88507e+07 2.87718e+07 2.14141e+07 1.65074e+07 1.29685e+07 1.03060e+07 8.33628e+06 6.81979e+06 5.65380e+06 4.58369e+06 3.87880e+06 3.31519e+06
4.58812e+03 2.58544e+12 2.59998e+12 2.60180e+12 2.59727e+12 2.62302e+12 2.66632e+12 3.21990e+12 4.32371e+12 4.81306e+12 4.65786e+12 4.15881e+12 3.26895e+12 2.47881e+12 1.86662e+12 1.40467e+12 1.05169e+12 7.91333e+11 5.91750e+11 4.43133e+11 3.29755e+11 2.40956e+11 1.71272e+11 1.18101e+11 8.22962e+10 5.99483e+10 4.32904e+10 2.86847e+10 1.82886e+10 1.31542e+10 9.77516e+09 6.87592e+09 4.71111e+09 3.42405e+09 2.37537e+09 1.58331e+09 1.10749e+09 8.42585e+08 6.61022e+08 5.11481e+08 3.94226e+08 2.99536e+08 2.26629e+08 1.69512e+08 1.25972e+08 9.33258e+07 6.87613e+07 5.07444e+07 3.72024e+07 2.76199e+07 2.05950e+07 1.57994e+07 1.24039e+07 9.85545e+06 7.97343e+06 6.52212e+06 5.40789e+06 4.38893e+06 3.71182e+06 3.16945e+06
5.00202e+03 2.22773e+12 2.22591e+12 2.22486e+12 2.21723e+12 2.20102e+12 2.16922e+12 2.07557e+12 1.98413e+12 1.94308e+12 2.57240e+12 2.48355e+12 2.13424e+12 1.71961e+12 1.39777e+12 1.10300e+12 8.44927e+11 6.40129e+11 4.76506e+11 3.51561e+11 2.55476e+11 1.82281e+11 1.29630e+11 9.37665e+10 6.88961e+10 4.97854e+10 3.35770e+10 2.16252e+10 1.52452e+10 1.13294e+10 8.22446e+09 5.55756e+09 3.99357e+09 2.83810e+09 1.89083e+09 1.26071e+09 9.05770e+08 6.93299e+08 5.52593e+08 4.34028e+08 3.34878e+08 2.55165e+08 1.93112e+08 1.44931e+08 1.08020e+08 7.99988e+07 5.90481e+07 4.34680e+07 3.20161e+07 2.37233e+07 1.76224e+07 1.35631e+07 1.06222e+07 8.46933e+06 6.84865e+06 5.61577e+06 4.65362e+06 3.77631e+06 3.19660e+06 2.72687e+06
5.50545e+03 1.87212e+12 1.87028e+12 1.87434e+12 1.86875e+12 1.85483e+12 1.82648e+12 1.74755e+12 1.62528e+12 1.42576e+12 1.28693e+12 1.42330e+12 1.26232e+12 1.05620e+12 9.19684e+11 7.44867e+11 5.75254e+11 4.39844e+11 3.31797e+11 2.49190e+11 1.86026e+11 1.38199e+11 1.02597e+11 7.54049e+10 5.36366e+10 3.62793e+10 2.40982e+10 1.71088e+10 1.26972e+10 9.31970e+09 6.38111e+09 4.50303e+09 3.21902e+09 2.12007e+09 1.38007e+09 9.65667e+08 7.15671e+08 5.45273e+08 4.35101e+08 3.46222e+08 2.69313e+08 2.06604e+08 1.56812e+08 1.17987e+08 8.81376e+07 6.55162e+07 4.84921e+07 3.57552e+07 2.64842e+07 1.96990e+07 1.47264e+07 1.13330e+07 8.88387e+06 7.08138e+06 5.73771e+06 4.71295e+06 3.90029e+06 3.15723e+06 2.67603e+06 2.28662e+06
6.04909e+03 1.55156e+12 1.54966e+12 1.55475e+12 1.55011e+12 1.53859e+12 1.51478e+12 1.44933e+12 1.34788e+12 1.17076e+12 9.30111e+11 7.63600e+11 7.95449e+11 7.21220e+11 5.70055e+11 4.69081e+11 3.93841e+11 3.16606e+11 2.45855e+11 1.88088e+11 1.41962e+11 1.05485e+11 7.70321e+10 5.47896e+10 3.77934e+10 2.60892e+10 1.88713e+10 1.40220e+10 1.03232e+10 7.21766e+09 5.02082e+09 3.61095e+09 2.42069e+09 1.54433e+09 1.06212e+09 7.79339e+08 5.84700e+08 4.42973e+08 3.46261e+08 2.75138e+08 2.14402e+08 1.64894e+08 1.25607e+08 9.47716e+07 7.09777e+07 5.29443e+07 3.93165e+07 2.91383e+07 2.17188e+07 1.62130e+07 1.21401e+07 9.37220e+06 7.32546e+06 5.85390e+06 4.73460e+06 3.87944e+06 3.22231e+06 2.61213e+06 2.20912e+06 1.88655e+06
6.64640e+03 1.26227e+12 1.26072e+12 1.26614e+12 1.26238e+12 1.25301e+12 1.23328e+12 1.18006e+12 1.09772e+12 9.53498e+11 7.34810e+11 5.74046e+11 4.54126e+11 4.40808e+11 3.94509e+11 3.35114e+11 2.60119e+11 2.02956e+11 1.58953e+11 1.24224e+11 9.50898e+10 7.09962e+10 5.19904e+10 3.76599e+10 2.74535e+10 2.03369e+10 1.51460e+10 1.11327e+10 7.86555e+09 5.47606e+09 3.95188e+09 2.71067e+09 1.72597e+09 1.16035e+09 8.43299e+08 6.29122e+08 4.71340e+08 3.56824e+08 2.75908e+08 2.17605e+08 1.69371e+08 1.30421e+08 9.94964e+07 7.51236e+07 5.64509e+07 4.22687e+07 3.15302e+07 2.35091e+07 1.75799e+07 1.31867e+07 9.87583e+06 7.63799e+06 5.96643e+06 4.75454e+06 3.84937e+06 3.15400e+06 2.62031e+06 2.12274e+06 1.79774e+06 1.53400e+06
7.30270e+03 1.00623e+12 1.00574e+12 1.01048e+12 1.00749e+12 1.00004e+12 9.83888e+11 9.41508e+11 8.76112e+11 7.61142e+11 5.86280e+11 4.41104e+11 3.44827e+11 2.68504e+11 2.37159e+11 2.14458e+11 1.84098e+11 1.50021e+11 1.15884e+11 8.89494e+10 6.75960e+10 5.09602e+10 3.82908e+10 2.86780e+10 2.13954e+10 1.58812e+10 1.16088e+10 8.24163e+09 5.81451e+09 4.20717e+09 2.93475e+09 1.89662e+09 1.25336e+09 8.97151e+08 6.66986e+08 4.96643e+08 3.70881e+08 2.81673e+08 2.17442e+08 1.69738e+08 1.31662e+08 1.01194e+08 7.73151e+07 5.85573e+07 4.41154e+07 3.31677e+07 2.48423e+07 1.86154e+07 1.39616e+07 1.05025e+07 7.89086e+06 6.10256e+06 4.77439e+06 3.80480e+06 3.07685e+06 2.52511e+06 2.09707e+06 1.70090e+06 1.43967e+06 1.22795e+06
8.02380e+03 7.84370e+11 7.84756e+11 7.88723e+11 7.86410e+11 7.80624e+11 7.67559e+11 7.34579e+11 6.83866e+11 5.94290e+11 4.57754e+11 3.43927e+11 2.59918e+11 2.01425e+11 1.56561e+11 1.27080e+11 1.15233e+11 9.72247e+10 8.03055e+10 6.42926e+10 4.96919e+10 3.78449e+10 2.86073e+10 2.14238e+10 1.58507e+10 1.15592e+10 8.28364e+09 5.97650e+09 4.34712e+09 3.05626e+09 2.01387e+09 1.32795e+09 9.38399e+08 6.93098e+08 5.16470e+08 3.81921e+08 2.86172e+08 2.18211e+08 1.68350e+08 1.30740e+08 1.00901e+08 7.74104e+07 5.91458e+07 4.49153e+07 3.39273e+07 2.55986e+07 1.92459e+07 1.44736e+07 1.09006e+07 8.21044e+06 6.18091e+06 4.78835e+06 3.73717e+06 2.98134e+06 2.41067e+06 1.98137e+06 1.63910e+06 1.33069e+06 1.12800e+06 9.60836e+05
8.81611e+03 5.96569e+11 5.97629e+11 6.00230e+11 5.98478e+11 5.94095e+11 5.84210e+11 5.59193e+11 5.20900e+11 4.52853e+11 3.48812e+11 2.62068e+11 1.97718e+11 1.48822e+11 1.14991e+11 8.92441e+10 6.93938e+10 5.91682e+10 5.10000e+10 4.16665e+10 3.30840e+10 2.57035e+10 1.96377e+10 1.47517e+10 1.09241e+10 8.05283e+09 5.92781e+09 4.31760e+09 3.04584e+09 2.04420e+09 1.36400e+09 9.59567e+08 7.04673e+08 5.24799e+08 3.88453e+08 2.87003e+08 2.16547e+08 1.65521e+08 1.27538e+08 9.89806e+07 7.60452e+07 5.82554e+07 4.44550e+07 3.38153e+07 2.56005e+07 1.93828e+07 1.46405e+07 1.10459e+07 8.33750e+06 6.29170e+06 4.74368e+06 3.67122e+06 2.86252e+06 2.28110e+06 1.84375e+06 1.51543e+06 1.25342e+06 1.01565e+06 8.60795e+05 7.34179e+05
9.69123e+03 4.40937e+11 4.42408e+11 4.43909e+11 4.42586e+11 4.39312e+11 4.32004e+11 4.13596e+11 3.85603e+11 3.35443e+11 2.58376e+11 1.94122e+11 1.46451e+11 1.10035e+11 8.27790e+10 6.37961e+10 4.92758e+10 3.80098e+10 3.00962e+10 2.52456e+10 2.09244e+10 1.67176e+10 1.30260e+10 9.94761e+09 7.47023e+09 5.53674e+09 4.03139e+09 2.85748e+09 1.96459e+09 1.34402e+09 9.51744e+08 6.97071e+08 5.18898e+08 3.85289e+08 2.83372e+08 2.10871e+08 1.59950e+08 1.22338e+08 9.42807e+07 7.32603e+07 5.60749e+07 4.29043e+07 3.27462e+07 2.49262e+07 1.89262e+07 1.43688e+07 1.08845e+07 8.23640e+06 6.22956e+06 4.71311e+06 3.55173e+06 2.75041e+06 2.14632e+06 1.70694e+06 1.38663e+06 1.13582e+06 9.40699e+05 7.62934e+05 6.46256e+05 5.50831e+05
1.06071e+04 3.21356e+11 3.22653e+11 3.23474e+11 3.22475e+11 3.20045e+11 3.14602e+11 3.01247e+11 2.80996e+11 2.44553e+11 1.88368e+11 1.41523e+11 1.06769e+11 8.02174e+10 6.02205e+10 4.53741e+10 3.47087e+10 2.69696e+10 2.06229e+10 1.58497e+10 1.24937e+10 1.00247e+10 7.98971e+09 6.22647e+09 4.72780e+09 3.50762e+09 2.54337e+09 1.81109e+09 1.28525e+09 9.24421e+08 6.78572e+08 5.04578e+08 3.76353e+08 2.77692e+08 2.04354e+08 1.53197e+08 1.16496e+08 8.92590e+07 6.89497e+07 5.35371e+07 4.09356e+07 3.13159e+07 2.39202e+07 1.82313e+07 1.38835e+07 1.05521e+07 8.01670e+06 6.07400e+06 4.60334e+06 3.48742e+06 2.62501e+06 2.03811e+06 1.58741e+06 1.26694e+06 1.01993e+06 8.36288e+05 6.95732e+05 5.62776e+05 4.77734e+05 4.06962e+05
1.15242e+04 2.34100e+11 2.35212e+11 2.35271e+11 2.34515e+11 2.32715e+11 2.28874e+11 2.19192e+11 2.04565e+11 1.78146e+11 1.37218e+11 1.03094e+11 7.77768e+10 5.84349e+10 4.38656e+10 3.29858e+10 2.47706e+10 1.90272e+10 1.47184e+10 1.12755e+10 8.57842e+09 6.55804e+09 5.06062e+09 3.90420e+09 2.97710e+09 2.23696e+09 1.65730e+09 1.21751e+09 8.93485e+08 6.59142e+08 4.90296e+08 3.66142e+08 2.72387e+08 2.00135e+08 1.47989e+08 1.11479e+08 8.49141e+07 6.52551e+07 5.06746e+07 3.91403e+07 2.99469e+07 2.29196e+07 1.75170e+07 1.33758e+07 1.02042e+07 7.77406e+06 5.92346e+06 4.49225e+06 3.40895e+06 2.57871e+06 1.94323e+06 1.50872e+06 1.17340e+06 9.35670e+05 7.54529e+05 6.20147e+05 5.15164e+05 4.16959e+05 3.52886e+05 3.01237e+05
1.24404e+04 1.70586e+11 1.71514e+11 1.70926e+11 1.70350e+11 1.69017e+11 1.66541e+11 1.59522e+11 1.48952e+11 1.29791e+11 9.99720e+10 7.51104e+10 5.66654e+10 4.25736e+10 3.19588e+10 2.40301e+10 1.80071e+10 1.36148e+10 1.04193e+10 8.07929e+09 6.17780e+09 4.67531e+09 3.54303e+09 2.68851e+09 2.03543e+09 1.53564e+09 1.15159e+09 8.59095e+08 6.39252e+08 4.76097e+08 3.55840e+08 2.65776e+08 1.96959e+08 1.44524e+08 1.07517e+08 8.12886e+07 6.20690e+07 4.78159e+07 3.73236e+07 2.86415e+07 2.19358e+07 1.68227e+07 1.28844e+07 9.84664e+06 7.52452e+06 5.75565e+06 4.38309e+06 3.33130e+06 2.53020e+06 1.91415e+06 1.44612e+06 1.12020e+06 8.70608e+05 6.96183e+05 5.63245e+05 4.61810e+05 3.81443e+05 3.08446e+05 2.59848e+05 2.22611e+05
1.33635e+04 1.24023e+11 1.24802e+11 1.23656e+11 1.23313e+11 1.22462e+11 1.20821e+11 1.15777e+11 1.08170e+11 9.43172e+10 7.26483e+10 5.45817e+10 4.11780e+10 3.09376e+10 2.32241e+10 1.74622e+10 1.30831e+10 9.86623e+09 7.43916e+09 5.72736e+09 4.42970e+09 3.37200e+09 2.55015e+09 1.92490e+09 1.45054e+09 1.09309e+09 8.21981e+08 6.16242e+08 4.60858e+08 3.44539e+08 2.57888e+08 1.92320e+08 1.41959e+08 1.04342e+08 7.81092e+07 5.92073e+07 4.53232e+07 3.50575e+07 2.73277e+07 2.09276e+07 1.60703e+07 1.23389e+07 9.47962e+06 7.26400e+06 5.56205e+06 4.26192e+06 3.24006e+06 2.46669e+06 1.87433e+06 1.42142e+06 1.07546e+06 8.32001e+05 6.49205e+05 5.17287e+05 4.18732e+05 3.43058e+05 2.84966e+05 2.29787e+05 1.92938e+05 1.65325e+05
1.42795e+04 9.03769e+10 9.09995e+10 9.04723e+10 9.02181e+10 8.95945e+10 8.78733e+10 8.42406e+10 7.87433e+10 6.86944e+10 5.29122e+10 3.97537e+10 2.99913e+10 2.25329e+10 1.69148e+10 1.27183e+10 9.52856e+09 7.18297e+09 5.39497e+09 4.09957e+09 3.16408e+09 2.43165e+09 1.84735e+09 1.39445e+09 1.04930e+09 7.89918e+08 5.94204e+08 4.46165e+08 3.34334e+08 2.50335e+08 1.87355e+08 1.39381e+08 1.02588e+08 7.57531e+07 5.69464e+07 4.32802e+07 3.32758e+07 2.59676e+07 2.00488e+07 1.53635e+07 1.18137e+07 9.09181e+06 7.00628e+06 5.38579e+06 4.12899e+06 3.15989e+06 2.41118e+06 1.83764e+06 1.39565e+06 1.06165e+06 8.03288e+05 6.23390e+05 4.86424e+05 3.87365e+05 3.11429e+05 2.56273e+05 2.12157e+05 1.71212e+05 1.43632e+05 1.22980e+05
1.51891e+04 6.60047e+10 6.64852e+10 6.62698e+10 6.60799e+10 6.56105e+10 6.42084e+10 6.14462e+10 5.74557e+10 5.01418e+10 3.86219e+10 2.90172e+10 2.18914e+10 1.64473e+10 1.23466e+10 9.28336e+09 6.95508e+09 5.24251e+09 3.93391e+09 2.97255e+09 2.27201e+09 1.75062e+09 1.33931e+09 1.01387e+09 7.63228e+08 5.74415e+08 4.32103e+08 3.24646e+08 2.43494e+08 1.82395e+08 1.36370e+08 1.01163e+08 7.44676e+07 5.52840e+07 4.16789e+07 3.17908e+07 2.45272e+07 1.92200e+07 1.47402e+07 1.13161e+07 8.71355e+06 6.73672e+06 5.19863e+06 4.00125e+06 3.07304e+06 2.35253e+06 1.80515e+06 1.37494e+06 1.04670e+06 7.95950e+05 6.02092e+05 4.69273e+05 3.65628e+05 2.89754e+05 2.35414e+05 1.93209e+05 1.59459e+05 1.28822e+05 1.08063e+05 9.23622e+04
1.61029e+04 4.81356e+10 4.85088e+10 4.84237e+10 4.82815e+10 4.79296e+10 4.68925e+10 4.47702e+10 4.18507e+10 3.65381e+10 2.81436e+10 2.11447e+10 1.59522e+10 1.19851e+10 8.99688e+09 6.76474e+09 5.06812e+09 3.82007e+09 2.86567e+09 2.16106e+09 1.64045e+09 1.25828e+09 9.67265e+08 7.35492e+08 5.54588e+08 4.17569e+08 3.14168e+08 2.36119e+08 1.77163e+08 1.32676e+08 9.90352e+07 7.33291e+07 5.41329e+07 4.03691e+07 3.05192e+07 2.33323e+07 1.81159e+07 1.41212e+07 1.08246e+07 8.34196e+06 6.43348e+06 4.98510e+06 3.86069e+06 2.97619e+06 2.29508e+06 1.76041e+06 1.35191e+06 1.03214e+06 7.89581e+05 5.95746e+05 4.50541e+05 3.51225e+05 2.73519e+05 2.16902e+05 1.76107e+05 1.44148e+05 1.19130e+05 9.65173e+04 8.10692e+04 6.92605e+04
1.70221e+04 3.50417e+10 3.53326e+10 3.52770e+10 3.51701e+10 3.49076e+10 3.41880e+10 3.26407e+10 3.04171e+10 2.65682e+10 2.04643e+10 1.53751e+10 1.15994e+10 8.71483e+09 6.54198e+09 4.91891e+09 3.68523e+09 2.77769e+09 2.08347e+09 1.56991e+09 1.18754e+09 9.05554e+08 6.96390e+08 5.31794e+08 4.02014e+08 3.02995e+08 2.28056e+08 1.71441e+08 1.28642e+08 9.62793e+07 7.17553e+07 5.31417e+07 3.93799e+07 2.94568e+07 2.22775e+07 1.70713e+07 1.34288e+07 1.03212e+07 7.95007e+06 6.13777e+06 4.75856e+06 3.68855e+06 2.87253e+06 2.21956e+06 1.71383e+06 1.31904e+06 1.01173e+06 7.72230e+05 5.90361e+05 4.46081e+05 3.39270e+05 2.62800e+05 2.04748e+05 1.62550e+05 1.31949e+05 1.07824e+05 8.92022e+04 7.24304e+04 6.09112e+04 5.20311e+04
1.79362e+04 2.55530e+10 2.57755e+10 2.57084e+10 2.56278e+10 2.54326e+10 2.49600e+10 2.38304e+10 2.21464e+10 1.93510e+10 1.49052e+10 1.11985e+10 8.44847e+09 6.34746e+09 4.76487e+09 3.58270e+09 2.68414e+09 2.02313e+09 1.51742e+09 1.14296e+09 8.62980e+08 6.55072e+08 5.02489e+08 3.84737e+08 2.91695e+08 2.20174e+08 1.65820e+08 1.24684e+08 9.35540e+07 6.99853e+07 5.21339e+07 3.87007e+07 2.87865e+07 2.15468e+07 1.63257e+07 1.25494e+07 9.87616e+06 7.57169e+06 5.85556e+06 4.52546e+06 3.52504e+06 2.73687e+06 2.13812e+06 1.65604e+06 1.28282e+06 9.93706e+05 7.59201e+05 5.78694e+05 4.41728e+05 3.36095e+05 2.55279e+05 1.98704e+05 1.54956e+05 1.23019e+05 9.97838e+04 8.14245e+04 6.73920e+04 5.47951e+04 4.61188e+04 3.93895e+04
1.88452e+04 1.86666e+10 1.88343e+10 1.87445e+10 1.86837e+10 1.85388e+10 1.82499e+10 1.74240e+10 1.61552e+10 1.41196e+10 1.08757e+10 8.17108e+09 6.16449e+09 4.63148e+09 3.47672e+09 2.61414e+09 1.95851e+09 1.47619e+09 1.10717e+09 8.33804e+08 6.28912e+08 4.75807e+08 3.63594e+08 2.78583e+08 2.11824e+08 1.60198e+08 1.20760e+08 9.08413e+07 6.81804e+07 5.10121e+07 3.80444e+07 2.83220e+07 2.11089e+07 1.58273e+07 1.20117e+07 9.28730e+06 7.24669e+06 5.56261e+06 4.30946e+06 3.35323e+06 2.61382e+06 2.04354e+06 1.60189e+06 1.25030e+06 9.62818e+05 7.44012e+05 5.70566e+05 4.36351e+05 3.36838e+05 2.54931e+05 1.93157e+05 1.50109e+05 1.17369e+05 9.33113e+04 7.57109e+04 6.17593e+04 5.11501e+04 4.16414e+04 3.50768e+04 2.99589e+04
1.97565e+04 1.36247e+10 1.37511e+10 1.36356e+10 1.35898e+10 1.34827e+10 1.33327e+10 1.27297e+10 1.17946e+10 1.02913e+10 7.92693e+09 5.95562e+09 4.49309e+09 3.37573e+09 2.53407e+09 1.90536e+09 1.42749e+09 1.07594e+09 8.06973e+08 6.07677e+08 4.58112e+08 3.45837e+08 2.63247e+08 2.01448e+08 1.53530e+08 1.16394e+08 8.78639e+07 6.61563e+07 4.96936e+07 3.72187e+07 2.78216e+07 2.07516e+07 1.54612e+07 1.15930e+07 8.81459e+06 6.85836e+06 5.29766e+06 4.10945e+06 3.19719e+06 2.49707e+06 1.95026e+06 1.52711e+06 1.19817e+06 9.37136e+05 7.25962e+05 5.59794e+05 4.30374e+05 3.31087e+05 2.55925e+05 1.91596e+05 1.45955e+05 1.13114e+05 8.86880e+04 7.06519e+04 5.73737e+04 4.68124e+04 3.88015e+04 3.16254e+04 2.66731e+04 2.27828e+04
2.06703e+04 9.93661e+09 1.00317e+10 9.91471e+09 9.88802e+09 9.81760e+09 9.73228e+09 9.29280e+09 8.61364e+09 7.49275e+09 5.77133e+09 4.33608e+09 3.27126e+09 2.45775e+09 1.84497e+09 1.38723e+09 1.03931e+09 7.83357e+08 5.87526e+08 4.42410e+08 3.33441e+08 2.51438e+08 1.90870e+08 1.45750e+08 1.11206e+08 8.45164e+07 6.39210e+07 4.81931e+07 3.62362e+07 2.71764e+07 2.03556e+07 1.51988e+07 1.13032e+07 8.47781e+06 6.46208e+06 5.01993e+06 3.88172e+06 3.00711e+06 2.34221e+06 1.84757e+06 1.45891e+06 1.13971e+06 8.95772e+05 7.03792e+05 5.43719e+05 4.23083e+05 3.25086e+05 2.48077e+05 1.91035e+05 1.44279e+05 1.10732e+05 8.59865e+04 6.75202e+04 5.37951e+04 4.36645e+04 3.56095e+04 2.95167e+04 2.40655e+04 2.03143e+04 1.73523e+04
2.15854e+04 7.24362e+09 7.31493e+09 7.25615e+09 7.23599e+09 7.18365e+09 7.10064e+09 6.78071e+09 6.28760e+09 5.45143e+09 4.19899e+09 3.15476e+09 2.38004e+09 1.78816e+09 1.34232e+09 1.00929e+09 7.56157e+08 5.69939e+08 4.27460e+08 3.21874e+08 2.42570e+08 1.82831e+08 1.38619e+08 1.05709e+08 8.06877e+07 6.14380e+07 4.65480e+07 3.51226e+07 2.64135e+07 1.98220e+07 1.48618e+07 1.11085e+07 8.26420e+06 6.20074e+06 4.73286e+06 3.66669e+06 2.84300e+06 2.21890e+06 1.74002e+06 1.36506e+06 1.08305e+06 8.55970e+05 6.75375e+05 5.30717e+05 4.09874e+05 3.15984e+05 2.42785e+05 1.86324e+05 1.42930e+05 1.08564e+05 8.22835e+04 -9.99999e+99 -9.99999e+99 -9.99999e+99 -9.99999e+99 -9.99999e+99 -9.99999e+99 -9.99999e+99 -9.99999e+99 -9.99999e+99
2.25011e+04 5.27904e+09 5.33234e+09 5.30323e+09 5.28821e+09 5.24927e+09 5.17873e+09 4.94618e+09 4.58821e+09 3.97669e+09 3.06307e+09 2.30133e+09 1.73619e+09 1.30442e+09 9.79195e+08 7.36256e+08 5.51600e+08 4.15758e+08 3.11823e+08 2.34800e+08 1.76944e+08 1.33351e+08 1.01086e+08 7.70967e+07 5.88953e+07 4.48900e+07 3.40211e+07 2.56520e+07 1.92813e+07 1.44711e+07 1.08554e+07 8.12390e+06 6.05511e+06 4.54782e+06 3.47493e+06 2.68161e+06 2.08161e+06 1.62312e+06 1.27969e+06 1.00589e+06 8.00364e+05 6.34210e+05 4.98317e+05 3.91708e+05 3.06660e+05 2.38639e+05 1.84090e+05 1.41737e+05 1.08229e+05 8.19340e+04 6.21894e+04 -9.99999e+99 -9.99999e+99 -9.99999e+99 -9.99999e+99 -9.99999e+99 -9.99999e+99 -9.99999e+99 -9.99999e+99 -9.99999e+99
2.34132e+04 3.85231e+09 3.89174e+09 3.87633e+09 3.86488e+09 3.83624e+09 3.78138e+09 3.61196e+09 3.35166e+09 2.90609e+09 2.23843e+09 1.68177e+09 1.26877e+09 9.53246e+08 7.15576e+08 5.38041e+08 4.03098e+08 3.03827e+08 2.27874e+08 1.71588e+08 1.29308e+08 9.74508e+07 7.38875e+07 5.64063e+07 4.31416e+07 3.28854e+07 2.48918e+07 1.87468e+07 1.40854e+07 1.05731e+07 7.93570e+06 5.94647e+06 4.44170e+06 3.34119e+06 2.55840e+06 1.96346e+06 1.53605e+06 1.19414e+06 9.36398e+05 7.46136e+05 5.96963e+05 4.76082e+05 3.79815e+05 2.98537e+05 2.32710e+05 1.79437e+05 1.39168e+05 1.06660e+05 8.09282e+04 6.17014e+04 4.67952e+04 -9.99999e+99 -9.99999e+99 -9.99999e+99 -9.99999e+99 -9.99999e+99 -9.99999e+99 -9.99999e+99 -9.99999e+99 -9.99999e+99
2.43262e+04 2.81014e+09 2.83929e+09 2.82897e+09 2.82039e+09 2.79927e+09 2.75999e+09 2.63665e+09 2.44743e+09 2.12287e+09 1.63515e+09 1.22851e+09 9.26824e+08 6.96337e+08 5.22721e+08 3.93033e+08 2.94459e+08 2.21943e+08 1.66460e+08 1.25343e+08 9.44588e+07 7.11886e+07 5.39885e+07 4.12544e+07 3.15831e+07 2.40606e+07 1.81860e+07 1.36864e+07 1.02828e+07 7.72159e+06 5.79931e+06 4.35090e+06 3.25644e+06 2.45356e+06 1.88046e+06 1.43646e+06 1.12266e+06 8.73635e+05 6.90215e+05 5.57136e+05 4.44831e+05 3.50022e+05 2.78449e+05 2.20386e+05 1.72792e+05 1.33868e+05 1.03024e+05 7.99108e+04 6.08617e+04 4.61770e+04 3.49895e+04 -9.99999e+99 -9.99999e+99 -9.99999e+99 -9.99999e+99 -9.99999e+99 -9.99999e+99 -9.99999e+99 -9.99999e+99 -9.99999e+99
2.52408e+04 2.04879e+09 2.07022e+09 2.06066e+09 2.05431e+09 2.03874e+09 2.01318e+09 1.92354e+09 1.78606e+09 1.54977e+09 1.19372e+09 8.96859e+08 6.76615e+08 5.08351e+08 3.81605e+08 2.86929e+08 2.14966e+08 1.62026e+08 1.21521e+08 9.15048e+07 6.89571e+07 5.19689e+07 3.94174e+07 3.01373e+07 2.30829e+07 1.75747e+07 1.32730e+07 9.98673e+06 7.50498e+06 5.63844e+06 4.23745e+06 3.18225e+06 2.38575e+06 1.79996e+06 1.37636e+06 1.04950e+06 8.19594e+05 6.38293e+05 5.06548e+05 4.08263e+05 3.24261e+05 2.57626e+05 2.06955e+05 1.63928e+05 1.28589e+05 9.98555e+04 7.73849e+04 5.91887e+04 4.50271e+04 3.43273e+04 2.58638e+04 -9.99999e+99 -9.99999e+99 -9.99999e+99 -9.99999e+99 -9.99999e+99 -9.99999e+99 -9.99999e+99 -9.99999e+99 -9.99999e+99
2.61567e+04 1.49311e+09 1.50879e+09 1.49817e+09 1.49349e+09 1.48205e+09 1.46771e+09 1.40265e+09 1.30279e+09 1.13084e+09 8.71031e+08 6.54419e+08 4.93712e+08 3.70933e+08 2.78449e+08 2.09366e+08 1.56856e+08 1.18227e+08 8.86715e+07 6.67685e+07 5.03148e+07 3.79176e+07 2.87597e+07 2.19925e+07 1.68478e+07 1.28256e+07 9.68457e+06 7.28752e+06 5.47836e+06 4.11738e+06 3.09550e+06 2.32596e+06 1.74584e+06 1.31815e+06 1.00542e+06 7.66166e+05 5.97855e+05 4.65811e+05 3.72106e+05 2.99293e+05 2.39480e+05 1.90462e+05 1.51483e+05 1.20658e+05 9.40444e+04 7.38888e+04 5.70599e+04 4.35553e+04 3.31648e+04 2.51057e+04 1.89768e+04 -9.99999e+99 -9.99999e+99 -9.99999e+99 -9.99999e+99 -9.99999e+99 -9.99999e+99 -9.99999e+99 -9.99999e+99 -9.99999e+99
2.70736e+04 1.08774e+09 1.09915e+09 1.08706e+09 1.08360e+09 1.07523e+09 1.06952e+09 1.02236e+09 9.49847e+08 8.24757e+08 6.35273e+08 4.77290e+08 3.60081e+08 2.70534e+08 2.03083e+08 1.52698e+08 1.14400e+08 8.62271e+07 6.46710e+07 4.86960e+07 3.66949e+07 2.76518e+07 2.09711e+07 1.60346e+07 1.22855e+07 9.35581e+06 7.06599e+06 5.31802e+06 3.99841e+06 3.00533e+06 2.25961e+06 1.69819e+06 1.27547e+06 9.63211e+05 7.33638e+05 5.58911e+05 4.35766e+05 3.39563e+05 2.72042e+05 2.18558e+05 1.76705e+05 1.39670e+05 1.11025e+05 8.84488e+04 6.89766e+04 5.41228e+04 4.19687e+04 3.22386e+04 2.45333e+04 1.86171e+04 1.41117e+04 -9.99999e+99 -9.99999e+99 -9.99999e+99 -9.99999e+99 -9.99999e+99 -9.99999e+99 -9.99999e+99 -9.99999e+99 -9.99999e+99
2.79915e+04 7.92144e+08 8.00399e+08 7.91688e+08 7.89429e+08 7.83674e+08 7.78992e+08 7.44847e+08 6.92206e+08 6.01235e+08 4.63104e+08 3.47937e+08 2.62493e+08 1.97215e+08 1.48044e+08 1.11314e+08 8.33961e+07 6.28582e+07 4.71441e+07 3.54984e+07 2.67491e+07 2.01557e+07 1.52828e+07 1.16809e+07 8.95112e+06 6.82199e+06 5.15434e+06 3.87933e+06 2.91644e+06 2.19190e+06 1.64796e+06 1.23857e+06 9.30551e+05 7.02812e+05 5.34910e+05 4.07434e+05 3.17389e+05 2.47281e+05 1.97874e+05 1.58881e+05 1.29146e+05 1.01693e+05 8.08527e+04 6.41323e+04 5.01049e+04 3.94878e+04 3.08561e+04 2.37285e+04 1.80691e+04 1.37426e+04 1.04150e+04 -9.99999e+99 -9.99999e+99 -9.99999e+99 -9.99999e+99 -9.99999e+99 -9.99999e+99 -9.99999e+99 -9.99999e+99 -9.99999e+99
2.89106e+04 5.76646e+08 5.82588e+08 5.78407e+08 5.76737e+08 5.72500e+08 5.67095e+08 5.42405e+08 5.04198e+08 4.38064e+08 3.37420e+08 2.53509e+08 1.91254e+08 1.43692e+08 1.07866e+08 8.11041e+07 6.07628e+07 4.57988e+07 3.43494e+07 2.58641e+07 1.94889e+07 1.46834e+07 1.11293e+07 8.50032e+06 6.51412e+06 4.97067e+06 3.75762e+06 2.82773e+06 2.12552e+06 1.59733e+06 1.20088e+06 9.02581e+05 6.78259e+05 5.12323e+05 3.89741e+05 2.96804e+05 2.31005e+05 1.79914e+05 1.43775e+05 1.15338e+05 9.29900e+04 7.31179e+04 5.82265e+04 4.60787e+04 3.60843e+04 2.83300e+04 2.21431e+04 1.70970e+04 1.30781e+04 9.97570e+03 7.56490e+03 -9.99999e+99 -9.99999e+99 -9.99999e+99 -9.99999e+99 -9.99999e+99 -9.99999e+99 -9.99999e+99 -9.99999e+99 -9.99999e+99
2.98309e+04 4.19595e+08 4.23840e+08 4.21918e+08 4.20683e+08 4.17572e+08 4.12607e+08 3.94776e+08 3.67052e+08 3.18992e+08 2.45705e+08 1.84602e+08 1.39269e+08 1.04635e+08 7.85464e+07 5.90590e+07 4.42467e+07 3.33501e+07 2.50128e+07 1.88337e+07 1.41908e+07 1.06897e+07 8.09697e+06 6.17699e+06 4.73203e+06 3.61656e+06 2.73671e+06 2.05942e+06 1.54786e+06 1.16315e+06 8.74437e+05 6.57252e+05 4.94001e+05 3.73172e+05 2.83767e+05 2.16064e+05 1.68021e+05 1.30798e+05 1.04380e+05 8.36403e+04 6.69547e+04 5.25480e+04 4.18776e+04 3.30608e+04 2.59287e+04 2.03766e+04 -9.99999e+99 -9.99999e+99 -9.99999e+99 -9.99999e+99 -9.99999e+99 -9.99999e+99 -9.99999e+99 -9.99999e+99 -9.99999e+99 -9.99999e+99 -9.99999e+99 -9.99999e+99 -9.99999e+99 -9.99999e+99
3.07527e+04 3.05156e+08 3.08168e+08 3.07226e+08 3.06312e+08 3.04035e+08 3.00010e+08 2.87148e+08 2.67038e+08 2.32130e+08 1.78799e+08 1.34334e+08 1.01346e+08 7.61424e+07 5.71580e+07 4.29770e+07 3.21982e+07 2.42688e+07 1.82017e+07 1.37051e+07 1.03259e+07 7.77607e+06 5.88450e+06 4.48130e+06 3.42908e+06 2.62472e+06 1.99036e+06 1.49846e+06 1.12627e+06 8.46318e+05 6.36230e+05 4.78240e+05 3.59529e+05 2.71593e+05 2.06452e+05 1.57173e+05 1.22129e+05 9.50241e+04 7.57291e+04 6.06090e+04 4.82166e+04 3.77628e+04 3.01014e+04 2.37060e+04 1.86088e+04 1.46338e+04 -9.99999e+99 -9.99999e+99 -9.99999e+99 -9.99999e+99 -9.99999e+99 -9.99999e+99 -9.99999e+99 -9.99999e+99 -9.99999e+99 -9.99999e+99 -9.99999e+99 -9.99999e+99 -9.99999e+99 -9.99999e+99
3.16764e+04 2.21781e+08 2.23899e+08 2.23245e+08 2.22583e+08 2.20922e+08 2.17968e+08 2.08701e+08 1.94121e+08 1.68781e+08 1.30004e+08 9.76739e+07 7.36879e+07 5.53628e+07 4.15594e+07 3.12484e+07 2.34112e+07 1.76457e+07 1.32344e+07 9.96483e+06 7.50737e+06 5.65167e+06 4.27229e+06 3.24660e+06 2.47903e+06 1.89829e+06 1.44424e+06 1.08901e+06 8.18728e+05 6.15231e+05 4.62506e+05 3.47691e+05 2.61440e+05 1.97484e+05 1.50078e+05 1.14240e+05 8.87098e+04 6.89881e+04 5.49124e+04 4.38979e+04 3.47335e+04 2.71449e+04 2.16368e+04 1.69995e+04 1.33513e+04 1.05036e+04 -9.99999e+99 -9.99999e+99 -9.99999e+99 -9.99999e+99 -9.99999e+99 -9.99999e+99 -9.99999e+99 -9.99999e+99 -9.99999e+99 -9.99999e+99 -9.99999e+99 -9.99999e+99 -9.99999e+99 -9.99999e+99
3.26027e+04 1.61050e+08 1.62522e+08 1.61839e+08 1.61354e+08 1.60139e+08 1.58197e+08 1.51537e+08 1.40973e+08 1.22594e+08 9.44279e+07 7.09451e+07 5.35229e+07 4.02126e+07 3.01865e+07 2.26972e+07 1.70046e+07 1.28169e+07 9.61273e+06 7.23785e+06 5.45256e+06 4.10355e+06 3.09897e+06 2.35008e+06 1.78974e+06 1.36876e+06 1.04409e+06 7.89855e+05 5.94390e+05 4.46742e+05 3.35869e+05 2.52530e+05 1.89924e+05 1.43446e+05 1.08992e+05 8.29552e+04 6.43839e+04 5.00487e+04 3.97965e+04 3.17823e+04 2.50295e+04 1.95208e+04 1.55583e+04 1.21966e+04 9.58248e+03 7.54069e+03 -9.99999e+99 -9.99999e+99 -9.99999e+99 -9.99999e+99 -9.99999e+99 -9.99999e+99 -9.99999e+99 -9.99999e+99 -9.99999e+99 -9.99999e+99 -9.99999e+99 -9.99999e+99 -9.99999e+99 -9.99999e+99
3.35322e+04 1.16815e+08 1.17823e+08 1.16981e+08 1.16626e+08 1.15746e+08 1.14672e+08 1.09890e+08 1.02242e+08 8.89267e+07 6.84960e+07 5.14620e+07 3.88244e+07 2.91693e+07 2.18966e+07 1.64640e+07 1.23348e+07 9.29711e+06 6.97286e+06 5.25014e+06 3.95494e+06 2.97575e+06 2.24556e+06 1.70006e+06 1.29153e+06 9.85611e+05 7.51833e+05 5.70856e+05 4.30590e+05 3.23880e+05 2.43570e+05 1.83176e+05 1.37790e+05 1.04058e+05 7.90530e+04 6.01636e+04 4.66800e+04 3.62750e+04 2.88223e+04 2.30005e+04 1.80407e+04 1.40434e+04 1.11925e+04 8.75620e+03 6.88144e+03 5.41657e+03 -9.99999e+99 -9.99999e+99 -9.99999e+99 -9.99999e+99 -9.99999e+99 -9.99999e+99 -9.99999e+99 -9.99999e+99 -9.99999e+99 -9.99999e+99 -9.99999e+99 -9.99999e+99 -9.99999e+99 -9.99999e+99
3.44663e+04 8.45987e+07 8.52748e+07 8.44184e+07 8.41709e+07 8.35518e+07 8.29808e+07 7.95522e+07 7.40236e+07 6.43912e+07 4.95974e+07 3.72632e+07 2.81124e+07 2.11212e+07 1.58551e+07 1.19215e+07 8.93151e+06 6.73195e+06 5.04898e+06 3.80155e+06 2.86361e+06 2.15424e+06 1.62473e+06 1.22853e+06 9.31492e+05 7.09281e+05 5.40157e+05 4.10720e+05 3.10818e+05 2.34193e+05 1.76250e+05 1.32603e+05 9.97716e+04 7.53450e+04 5.72369e+04 4.35614e+04 3.37950e+04 2.62578e+04 2.08534e+04 1.66333e+04 1.30015e+04 1.01034e+04 8.05315e+03 6.28862e+03 4.94364e+03 3.89257e+03 -9.99999e+99 -9.99999e+99 -9.99999e+99 -9.99999e+99 -9.99999e+99 -9.99999e+99 -9.99999e+99 -9.99999e+99 -9.99999e+99 -9.99999e+99 -9.99999e+99 -9.99999e+99 -9.99999e+99 -9.99999e+99
3.54064e+04 6.11375e+07 6.15768e+07 6.12801e+07 6.10999e+07 6.06485e+07 5.99122e+07 5.74566e+07 5.34675e+07 4.65144e+07 3.58278e+07 2.69179e+07 2.03076e+07 1.52574e+07 1.14533e+07 8.61171e+06 6.45185e+06 4.86296e+06 3.64723e+06 2.74612e+06 2.06852e+06 1.55589e+06 1.17295e+06 8.86081e+05 6.70793e+05 5.09779e+05 3.87548e+05 2.94446e+05 2.23318e+05 1.68642e+05 1.27076e+05 9.56785e+04 7.20201e+04 5.44014e+04 4.13360e+04 3.14682e+04 2.44167e+04 1.89716e+04 1.50646e+04 1.20140e+04 9.36309e+03 7.26484e+03 5.79211e+03 4.51554e+03 3.55109e+03 2.79751e+03 -9.99999e+99 -9.99999e+99 -9.99999e+99 -9.99999e+99 -9.99999e+99 -9.99999e+99 -9.99999e+99 -9.99999e+99 -9.99999e+99 -9.99999e+99 -9.99999e+99 -9.99999e+99 -9.99999e+99 -9.99999e+99
3.63549e+04 4.40560e+07 4.43256e+07 4.43010e+07 4.41700e+07 4.38425e+07 4.31248e+07 4.13673e+07 3.84968e+07 3.34925e+07 2.57976e+07 1.93821e+07 1.46224e+07 1.09860e+07 8.24688e+06 6.20082e+06 4.64563e+06 3.50155e+06 2.62617e+06 1.97732e+06 1.48938e+06 1.12015e+06 8.44145e+05 6.37165e+05 4.81693e+05 3.65463e+05 2.77430e+05 2.10459e+05 1.59619e+05 1.20727e+05 9.10992e+04 6.86663e+04 5.17250e+04 3.91008e+04 2.97349e+04 2.26565e+04 1.75899e+04 1.36707e+04 1.08573e+04 8.65990e+03 6.73194e+03 5.21623e+03 4.16064e+03 3.23890e+03 2.54848e+03 2.00921e+03 -9.99999e+99 -9.99999e+99 -9.99999e+99 -9.99999e+99 -9.99999e+99 -9.99999e+99 -9.99999e+99 -9.99999e+99 -9.99999e+99 -9.99999e+99 -9.99999e+99 -9.99999e+99 -9.99999e+99 -9.99999e+99
3.73151e+04 3.16192e+07 3.17675e+07 3.18505e+07 3.17556e+07 3.15196e+07 3.09111e+07 2.96528e+07 2.75952e+07 2.40085e+07 1.84926e+07 1.38937e+07 1.04818e+07 7.87512e+06 5.91163e+06 4.44495e+06 3.33014e+06 2.51003e+06 1.88252e+06 1.41740e+06 1.06761e+06 8.02854e+05 6.04830e+05 4.56181e+05 3.44432e+05 2.60926e+05 1.97787e+05 1.49768e+05 1.13410e+05 8.57917e+04 6.47983e+04 4.88961e+04 3.68652e+04 2.79015e+04 2.12567e+04 1.62308e+04 1.26187e+04 9.81246e+03 7.79709e+03 6.22185e+03 4.82606e+03 3.73497e+03 2.98124e+03 2.31783e+03 1.82513e+03 1.44048e+03 -9.99999e+99 -9.99999e+99 -9.99999e+99 -9.99999e+99 -9.99999e+99 -9.99999e+99 -9.99999e+99 -9.99999e+99 -9.99999e+99 -9.99999e+99 -9.99999e+99 -9.99999e+99 -9.99999e+99 -9.99999e+99
3.82916e+04 2.25661e+07 2.26262e+07 2.27264e+07 2.26583e+07 2.24896e+07 2.20267e+07 2.11237e+07 1.96571e+07 1.71017e+07 1.31726e+07 9.89673e+06 7.46635e+06 5.60958e+06 4.21095e+06 3.16621e+06 2.37211e+06 1.78793e+06 1.34095e+06 1.00963e+06 7.60456e+05 5.71817e+05 4.30647e+05 3.24581e+05 2.44781e+05 1.85143e+05 1.40087e+05 1.05869e+05 8.00115e+04 6.04789e+04 4.56941e+04 3.45086e+04 2.60373e+04 1.97313e+04 1.50737e+04 1.15479e+04 8.99778e+03 7.00290e+03 5.56933e+03 4.44755e+03 3.44321e+03 2.66194e+03 2.12702e+03 1.65190e+03 1.30210e+03 1.02909e+03 -9.99999e+99 -9.99999e+99 -9.99999e+99 -9.99999e+99 -9.99999e+99 -9.99999e+99 -9.99999e+99 -9.99999e+99 -9.99999e+99 -9.99999e+99 -9.99999e+99 -9.99999e+99 -9.99999e+99 -9.99999e+99
3.92914e+04 1.59752e+07 1.59704e+07 1.60423e+07 1.59942e+07 1.58750e+07 1.55647e+07 1.49131e+07 1.38762e+07 1.20711e+07 9.29781e+06 6.98556e+06 5.27010e+06 3.95950e+06 2.97228e+06 2.23486e+06 1.67434e+06 1.26200e+06 9.46504e+05 7.12643e+05 5.36751e+05 4.03567e+05 3.03849e+05 2.28865e+05 1.72402e+05 1.30181e+05 9.82996e+04 7.41635e+04 5.59676e+04 4.22722e+04 3.19431e+04 2.41403e+04 1.82249e+04 1.38274e+04 1.05960e+04 8.14343e+03 6.36014e+03 4.95577e+03 3.94604e+03 3.15474e+03 2.43825e+03 1.88330e+03 1.50718e+03 1.16942e+03 9.23007e+02 7.30633e+02 -9.99999e+99 -9.99999e+99 -9.99999e+99 -9.99999e+99 -9.99999e+99 -9.99999e+99 -9.99999e+99 -9.99999e+99 -9.99999e+99 -9.99999e+99 -9.99999e+99 -9.99999e+99 -9.99999e+99 -9.99999e+99
3.96882e+04 1.39285e+07 1.40873e+07 1.40016e+07 1.39600e+07 1.38563e+07 1.35461e+07 1.29641e+07 1.20605e+07 1.04900e+07 8.07992e+06 6.07055e+06 4.57978e+06 3.44086e+06 2.58296e+06 1.94212e+06 1.45503e+06 1.09670e+06 8.22525e+05 6.19295e+05 4.66440e+05 3.50692e+05 2.64014e+05 1.98815e+05 1.49706e+05 1.12975e+05 8.52498e+04 6.42890e+04 4.85003e+04 3.66279e+04 2.76818e+04 2.09263e+04 1.58020e+04 1.19947e+04 9.20126e+03 7.07709e+03 5.53110e+03 4.31189e+03 3.43535e+03 2.74799e+03 2.12255e+03 1.63892e+03 1.31260e+03 1.01809e+03 8.04049e+02 6.36904e+02 -9.99999e+99 -9.99999e+99 -9.99999e+99 -9.99999e+99 -9.99999e+99 -9.99999e+99 -9.99999e+99 -9.99999e+99 -9.99999e+99 -9.99999e+99 -9.99999e+99 -9.99999e+99 -9.99999e+99 -9.99999e+99
3.99527e+04 1.27121e+07 1.28556e+07 1.28109e+07 1.27727e+07 1.26777e+07 1.23590e+07 1.18258e+07 1.10012e+07 9.56838e+06 7.37008e+06 5.53724e+06 4.17745e+06 3.13858e+06 2.35604e+06 1.77151e+06 1.32720e+06 1.00035e+06 7.50266e+05 5.64890e+05 4.25461e+05 3.19875e+05 2.40799e+05 1.81307e+05 1.36486e+05 1.02960e+05 7.76622e+04 5.85524e+04 4.41649e+04 3.33517e+04 2.52083e+04 1.90606e+04 1.43955e+04 1.09305e+04 8.39008e+03 6.45589e+03 5.04778e+03 3.93642e+03 3.13754e+03 2.51079e+03 1.93860e+03 1.49661e+03 1.19926e+03 9.29985e+02 7.34749e+02 5.82248e+02 -9.99999e+99 -9.99999e+99 -9.99999e+99 -9.99999e+99 -9.99999e+99 -9.99999e+99 -9.99999e+99 -9.99999e+99 -9.99999e+99 -9.99999e+99 -9.99999e+99 -9.99999e+99 -9.99999e+99 -9.99999e+99
4.01290e+04 1.19608e+07 1.20345e+07 1.20171e+07 1.19812e+07 1.18921e+07 1.16270e+07 1.11245e+07 1.03487e+07 9.00075e+06 6.93287e+06 5.20876e+06 3.92963e+06 2.95239e+06 2.21628e+06 1.66642e+06 1.24847e+06 9.41012e+05 7.05760e+05 5.31380e+05 4.00221e+05 3.00895e+05 2.26501e+05 1.70526e+05 1.28349e+05 9.67990e+04 7.29980e+04 5.50281e+04 4.15025e+04 3.13401e+04 2.36892e+04 1.79145e+04 1.35315e+04 1.02768e+04 7.89142e+03 6.07354e+03 4.75002e+03 3.70502e+03 2.95395e+03 2.36451e+03 1.82520e+03 1.40890e+03 1.12937e+03 8.75669e+02 6.92019e+02 5.48543e+02 -9.99999e+99 -9.99999e+99 -9.99999e+99 -9.99999e+99 -9.99999e+99 -9.99999e+99 -9.99999e+99 -9.99999e+99 -9.99999e+99 -9.99999e+99 -9.99999e+99 -9.99999e+99 -9.99999e+99 -9.99999e+99
4.02466e+04 1.14848e+07 1.14870e+07 1.14878e+07 1.14535e+07 1.13683e+07 1.11637e+07 1.06809e+07 9.93598e+06 8.64174e+06 6.65634e+06 5.00101e+06 3.77290e+06 2.83463e+06 2.12788e+06 1.59995e+06 1.19868e+06 9.03480e+05 6.77611e+05 5.10186e+05 3.84257e+05 2.88890e+05 2.17459e+05 1.63707e+05 1.23203e+05 9.29032e+04 7.00496e+04 5.28008e+04 3.98206e+04 3.00698e+04 2.27303e+04 1.71911e+04 1.29862e+04 9.86406e+03 7.57624e+03 5.83172e+03 4.56170e+03 3.55868e+03 2.83784e+03 2.27200e+03 1.75351e+03 1.35345e+03 1.08519e+03 8.41329e+02 6.64991e+02 5.27205e+02 -9.99999e+99 -9.99999e+99 -9.99999e+99 -9.99999e+99 -9.99999e+99 -9.99999e+99 -9.99999e+99 -9.99999e+99 -9.99999e+99 -9.99999e+99 -9.99999e+99 -9.99999e+99 -9.99999e+99 -9.99999e+99
4.03242e+04 1.11808e+07 1.11641e+07 1.11474e+07 1.11140e+07 1.10313e+07 1.08683e+07 1.03981e+07 9.67291e+06 8.41292e+06 6.48009e+06 4.86859e+06 3.67300e+06 2.75958e+06 2.07154e+06 1.55759e+06 1.16694e+06 8.79557e+05 6.59669e+05 4.96677e+05 3.74082e+05 2.81238e+05 2.11692e+05 1.59357e+05 1.19917e+05 9.04128e+04 6.81622e+04 5.13721e+04 3.87379e+04 2.92486e+04 2.21086e+04 1.67218e+04 1.26328e+04 9.59708e+03 7.37328e+03 5.67699e+03 4.44174e+03 3.46542e+03 2.76382e+03 2.21302e+03 1.70781e+03 1.31811e+03 1.05701e+03 8.19438e+02 6.47761e+02 5.13607e+02 -9.99999e+99 -9.99999e+99 -9.99999e+99 -9.99999e+99 -9.99999e+99 -9.99999e+99 -9.99999e+99 -9.99999e+99 -9.99999e+99 -9.99999e+99 -9.99999e+99 -9.99999e+99 -9.99999e+99 -9.99999e+99
4.03250e+04 1.11778e+07 1.11610e+07 1.11443e+07 1.11110e+07 1.10283e+07 1.08653e+07 1.03953e+07 9.67028e+06 8.41064e+06 6.47834e+06 4.86727e+06 3.67200e+06 2.75883e+06 2.07098e+06 1.55717e+06 1.16662e+06 8.79319e+05 6.59490e+05 4.96542e+05 3.73981e+05 2.81161e+05 2.11635e+05 1.59313e+05 1.19884e+05 9.03880e+04 6.81435e+04 5.13579e+04 3.87271e+04 2.92405e+04 2.21025e+04 1.67171e+04 1.26293e+04 9.59441e+03 7.37122e+03 5.67545e+03 4.44060e+03 3.46455e+03 2.76315e+03 2.21250e+03 1.70741e+03 1.31781e+03 1.05678e+03 8.19254e+02 6.47617e+02 5.13494e+02 -9.99999e+99 -9.99999e+99 -9.99999e+99 -9.99999e+99 -9.99999e+99 -9.99999e+99 -9.99999e+99 -9.99999e+99 -9.99999e+99 -9.99999e+99 -9.99999e+99 -9.99999e+99 -9.99999e+99 -9.99999e+99
