#NTIMES:  59
#NBANDS:   8
#OPTSET: Bessell
#NIRSET: 2MASS
#time[d] U B V R I J H K
2.00100e+00 -12.320 -11.571 -10.980 -12.674 -14.363 -13.718 -13.451 -13.508
2.00200e+00 -12.187 -11.498 -10.974 -12.618 -14.342 -13.709 -13.436 -13.508
2.00300e+00 -12.107 -11.458 -10.971 -12.581 -14.320 -13.702 -13.427 -13.507
2.00500e+00 -12.032 -11.422 -10.966 -12.541 -14.294 -13.693 -13.416 -13.506
2.01000e+00 -11.932 -11.375 -10.953 -12.487 -14.254 -13.681 -13.396 -13.500
2.02000e+00 -11.799 -11.312 -10.927 -12.426 -14.190 -13.660 -13.363 -13.484
2.05000e+00 -11.560 -11.178 -10.830 -12.332 -14.039 -13.596 -13.275 -13.425
2.10000e+00 -11.384 -11.018 -10.645 -12.246 -13.909 -13.470 -13.128 -13.309
2.20000e+00  -9.654 -10.241 -10.245 -11.358 -13.096 -13.120 -12.793 -13.039
2.40000e+00  -8.532  -9.321  -9.583 -10.844 -12.522 -12.441 -12.219 -12.495
2.64000e+00  -7.986  -8.491  -9.049 -10.687 -12.338 -11.777 -11.734 -11.987
2.90000e+00  -7.914  -8.310  -9.167 -10.793 -12.350 -11.456 -11.573 -11.812
3.19000e+00  -8.269  -9.074 -10.045 -11.173 -12.479 -11.769 -11.950 -12.197
3.51000e+00  -9.115 -10.212 -11.118 -11.797 -12.726 -12.506 -12.698 -12.928
3.86000e+00 -10.199 -11.294 -12.088 -12.524 -13.105 -13.285 -13.478 -13.680
4.25000e+00 -11.271 -12.260 -12.938 -13.252 -13.601 -13.993 -14.179 -14.359
4.67000e+00 -12.205 -13.082 -13.653 -13.911 -14.146 -14.593 -14.761 -14.929
5.14000e+00 -13.041 -13.817 -14.282 -14.519 -14.725 -15.118 -15.266 -15.427
5.65000e+00 -13.787 -14.450 -14.809 -15.036 -15.238 -15.572 -15.693 -15.846
6.21000e+00 -14.456 -14.997 -15.265 -15.478 -15.677 -15.978 -16.066 -16.196
6.83000e+00 -15.051 -15.480 -15.668 -15.863 -16.044 -16.345 -16.391 -16.471
7.51000e+00 -15.565 -15.901 -16.014 -16.191 -16.342 -16.668 -16.665 -16.677
8.26000e+00 -16.004 -16.256 -16.305 -16.468 -16.583 -16.941 -16.895 -16.844
9.09000e+00 -16.373 -16.550 -16.542 -16.693 -16.771 -17.160 -17.089 -16.991
1.00000e+01 -16.679 -16.784 -16.727 -16.867 -16.907 -17.329 -17.248 -17.116
1.10000e+01 -16.928 -16.953 -16.869 -17.000 -17.008 -17.455 -17.372 -17.214
1.21000e+01 -17.080 -17.066 -16.971 -17.097 -17.089 -17.543 -17.459 -17.284
1.33100e+01 -17.163 -17.136 -17.037 -17.162 -17.160 -17.595 -17.504 -17.323
1.46400e+01 -17.202 -17.172 -17.074 -17.199 -17.225 -17.612 -17.499 -17.322
1.61000e+01 -17.210 -17.186 -17.094 -17.215 -17.285 -17.593 -17.441 -17.278
1.77100e+01 -17.182 -17.189 -17.104 -17.219 -17.339 -17.529 -17.328 -17.190
1.94800e+01 -17.091 -17.183 -17.116 -17.212 -17.381 -17.413 -17.176 -17.074
2.14300e+01 -16.934 -17.136 -17.121 -17.193 -17.394 -17.245 -17.021 -16.959
2.35700e+01 -16.724 -17.029 -17.093 -17.149 -17.373 -17.013 -16.878 -16.847
2.59300e+01 -16.470 -16.861 -17.020 -17.067 -17.310 -16.726 -16.760 -16.719
2.85200e+01 -16.206 -16.656 -16.905 -16.949 -17.213 -16.451 -16.680 -16.579
3.13700e+01 -15.940 -16.420 -16.757 -16.825 -17.121 -16.258 -16.661 -16.505
3.45100e+01 -15.724 -16.196 -16.572 -16.679 -16.988 -16.177 -16.672 -16.482
3.79600e+01 -15.542 -16.008 -16.349 -16.493 -16.746 -16.076 -16.628 -16.397
4.17600e+01 -15.321 -15.792 -16.121 -16.308 -16.636 -15.971 -16.505 -16.218
4.59400e+01 -15.123 -15.588 -15.888 -16.095 -16.514 -15.852 -16.352 -15.971
5.05300e+01 -14.947 -15.412 -15.648 -15.825 -16.292 -15.472 -16.033 -15.626
5.55800e+01 -14.781 -15.259 -15.451 -15.605 -16.063 -15.054 -15.747 -15.336
6.11400e+01 -14.623 -15.114 -15.265 -15.405 -15.818 -14.627 -15.477 -15.076
6.72500e+01 -14.461 -14.965 -15.075 -15.206 -15.558 -14.197 -15.210 -14.827
7.39700e+01 -14.292 -14.805 -14.874 -14.999 -15.283 -13.769 -14.934 -14.581
8.13700e+01 -14.099 -14.635 -14.662 -14.780 -14.994 -13.333 -14.641 -14.326
8.95100e+01 -13.887 -14.458 -14.440 -14.546 -14.694 -12.892 -14.325 -14.060
9.84600e+01 -13.652 -14.270 -14.209 -14.294 -14.386 -12.454 -13.977 -13.778
1.08300e+02 -13.383 -14.065 -13.968 -14.018 -14.072 -12.034 -13.596 -13.481
1.18000e+02 -13.138 -13.859 -13.741 -13.745 -13.787 -11.698 -13.239 -13.204
1.28000e+02 -12.896 -13.673 -13.525 -13.465 -13.525 -11.432 -12.908 -12.938
1.38000e+02 -12.599 -13.475 -13.313 -13.184 -13.286 -11.245 -12.628 -12.691
1.48000e+02 -12.291 -13.281 -13.113 -12.916 -13.077 -11.114 -12.404 -12.475
1.58000e+02 -11.979 -13.086 -12.925 -12.661 -12.897 -11.021 -12.227 -12.280
1.68000e+02 -11.666 -12.888 -12.746 -12.424 -12.746 -10.954 -12.090 -12.100
1.80000e+02 -11.312 -12.662 -12.554 -12.174 -12.592 -10.874 -11.956 -11.917
1.90000e+02 -11.007 -12.457 -12.391 -11.982 -12.487 -10.831 -11.872 -11.758
2.00000e+02 -10.724 -12.259 -12.238 -11.813 -12.390 -10.783 -11.797 -11.615
