#NTIMES 5
#NVEL 40
#TIMES[d] 100 150 200 300 400
#Vel_mid[km/s], Tgas [erg/s/cm3] 
2.500000e+02 6.490000e+03 5.850000e+03 5.390000e+03 4.780000e+03 4.140000e+03
7.500000e+02 6.530000e+03 5.910000e+03 5.460000e+03 4.870000e+03 4.230000e+03
1.250000e+03 6.530000e+03 5.930000e+03 5.520000e+03 4.970000e+03 4.330000e+03
1.750000e+03 6.480000e+03 5.920000e+03 5.550000e+03 5.040000e+03 4.390000e+03
2.250000e+03 6.380000e+03 5.860000e+03 5.530000e+03 5.040000e+03 4.370000e+03
2.750000e+03 6.270000e+03 5.780000e+03 5.460000e+03 4.930000e+03 4.200000e+03
3.250000e+03 6.260000e+03 5.730000e+03 5.360000e+03 4.590000e+03 3.730000e+03
3.750000e+03 6.410000e+03 5.740000e+03 5.100000e+03 3.590000e+03 3.020000e+03
4.250000e+03 6.620000e+03 5.620000e+03 3.910000e+03 2.800000e+03 2.470000e+03
4.750000e+03 6.440000e+03 5.790000e+03 4.260000e+03 2.620000e+03 2.280000e+03
5.250000e+03 6.110000e+03 5.650000e+03 3.970000e+03 2.590000e+03 2.220000e+03
5.750000e+03 5.770000e+03 5.500000e+03 3.630000e+03 2.560000e+03 2.170000e+03
6.250000e+03 5.540000e+03 5.400000e+03 3.420000e+03 2.540000e+03 2.120000e+03
6.750000e+03 5.420000e+03 5.340000e+03 3.310000e+03 2.530000e+03 2.060000e+03
7.250000e+03 5.390000e+03 5.290000e+03 3.250000e+03 2.530000e+03 2.010000e+03
7.750000e+03 5.440000e+03 5.270000e+03 3.220000e+03 2.530000e+03 1.930000e+03
8.250000e+03 5.530000e+03 5.260000e+03 3.210000e+03 2.530000e+03 1.840000e+03
8.750000e+03 5.620000e+03 5.260000e+03 3.210000e+03 2.540000e+03 1.690000e+03
9.250000e+03 5.670000e+03 5.260000e+03 3.210000e+03 2.550000e+03 1.410000e+03
9.750000e+03 5.710000e+03 5.270000e+03 3.220000e+03 2.560000e+03 7.360000e+02
1.025000e+04 5.750000e+03 5.280000e+03 3.240000e+03 2.580000e+03 6.020000e+02
1.075000e+04 5.800000e+03 5.290000e+03 3.270000e+03 2.590000e+03 5.120000e+02
1.125000e+04 5.860000e+03 5.300000e+03 3.290000e+03 2.610000e+03 4.460000e+02
1.175000e+04 5.930000e+03 5.310000e+03 3.330000e+03 2.630000e+03 3.960000e+02
1.225000e+04 6.010000e+03 5.330000e+03 3.370000e+03 2.660000e+03 3.570000e+02
1.275000e+04 6.120000e+03 5.390000e+03 3.420000e+03 2.690000e+03 3.250000e+02
1.325000e+04 6.240000e+03 5.490000e+03 3.480000e+03 2.720000e+03 2.990000e+02
1.375000e+04 6.340000e+03 5.550000e+03 3.540000e+03 2.750000e+03 2.770000e+02
1.425000e+04 6.460000e+03 5.640000e+03 3.620000e+03 2.790000e+03 2.580000e+02
1.475000e+04 6.600000e+03 5.760000e+03 3.690000e+03 2.820000e+03 2.440000e+02
1.525000e+04 6.730000e+03 5.840000e+03 3.750000e+03 2.860000e+03 2.310000e+02
1.575000e+04 6.880000e+03 5.710000e+03 3.830000e+03 2.900000e+03 2.200000e+02
1.625000e+04 7.070000e+03 5.490000e+03 3.900000e+03 2.950000e+03 2.100000e+02
1.675000e+04 7.250000e+03 5.380000e+03 3.990000e+03 3.000000e+03 2.020000e+02
1.725000e+04 7.470000e+03 5.380000e+03 4.100000e+03 3.060000e+03 1.940000e+02
1.775000e+04 7.700000e+03 5.450000e+03 4.220000e+03 3.130000e+03 1.870000e+02
1.825000e+04 7.950000e+03 5.460000e+03 4.340000e+03 3.190000e+03 1.810000e+02
1.875000e+04 8.240000e+03 5.560000e+03 4.490000e+03 3.270000e+03 1.760000e+02
1.925000e+04 8.560000e+03 5.730000e+03 4.640000e+03 3.340000e+03 1.710000e+02
1.975000e+04 8.910000e+03 5.920000e+03 4.790000e+03 3.390000e+03 1.690000e+02
