#NTIMES: 50
#NVEL: 162
#TIMES[d]: 199.16 202.03 204.93 207.87 210.86 213.89 216.97 220.09 223.25 226.46 229.71 233.01 236.36 239.76 243.21 246.70 250.25 253.85 257.50 261.20 264.95 268.76 272.62 276.54 280.51 284.55 288.64 292.79 296.99 301.26 305.59 309.99 314.44 318.96 323.55 328.19 332.91 337.70 342.55 347.48 352.47 357.54 362.68 367.89 373.18 378.54 383.98 389.50 395.10 400.78
#vel_mid[km/s] Tgas_t0[K] Tgas_t1[K] ... Tgas_tn[K]
125.00 5.520e+03 5.497e+03 5.464e+03 5.439e+03 5.421e+03 5.401e+03 5.385e+03 5.369e+03 5.336e+03 5.310e+03 5.291e+03 5.273e+03 5.251e+03 5.217e+03 5.184e+03 5.159e+03 5.129e+03 5.097e+03 5.066e+03 5.030e+03 5.006e+03 4.992e+03 4.974e+03 4.952e+03 4.934e+03 4.924e+03 4.888e+03 4.861e+03 4.844e+03 4.819e+03 4.794e+03 4.770e+03 4.743e+03 4.689e+03 4.693e+03 4.677e+03 4.643e+03 4.595e+03 4.560e+03 4.535e+03 4.494e+03 4.459e+03 4.418e+03 4.379e+03 4.352e+03 4.324e+03 4.290e+03 4.258e+03 4.215e+03 4.157e+03
375.00 5.601e+03 5.577e+03 5.551e+03 5.522e+03 5.493e+03 5.466e+03 5.441e+03 5.422e+03 5.397e+03 5.372e+03 5.346e+03 5.318e+03 5.292e+03 5.268e+03 5.243e+03 5.221e+03 5.197e+03 5.176e+03 5.156e+03 5.136e+03 5.110e+03 5.082e+03 5.056e+03 5.035e+03 5.010e+03 4.982e+03 4.952e+03 4.925e+03 4.900e+03 4.876e+03 4.854e+03 4.827e+03 4.798e+03 4.771e+03 4.743e+03 4.714e+03 4.692e+03 4.673e+03 4.645e+03 4.616e+03 4.587e+03 4.554e+03 4.521e+03 4.475e+03 4.433e+03 4.387e+03 4.350e+03 4.316e+03 4.285e+03 4.240e+03
625.00 5.659e+03 5.635e+03 5.612e+03 5.586e+03 5.558e+03 5.530e+03 5.503e+03 5.477e+03 5.455e+03 5.432e+03 5.410e+03 5.387e+03 5.366e+03 5.342e+03 5.320e+03 5.296e+03 5.271e+03 5.247e+03 5.225e+03 5.205e+03 5.182e+03 5.158e+03 5.135e+03 5.111e+03 5.088e+03 5.063e+03 5.037e+03 5.008e+03 4.980e+03 4.952e+03 4.922e+03 4.894e+03 4.868e+03 4.843e+03 4.818e+03 4.791e+03 4.761e+03 4.732e+03 4.703e+03 4.670e+03 4.639e+03 4.609e+03 4.575e+03 4.537e+03 4.499e+03 4.459e+03 4.422e+03 4.383e+03 4.340e+03 4.301e+03
875.00 5.718e+03 5.692e+03 5.667e+03 5.644e+03 5.620e+03 5.594e+03 5.571e+03 5.546e+03 5.518e+03 5.493e+03 5.470e+03 5.449e+03 5.425e+03 5.403e+03 5.381e+03 5.358e+03 5.334e+03 5.311e+03 5.287e+03 5.263e+03 5.241e+03 5.222e+03 5.200e+03 5.176e+03 5.152e+03 5.130e+03 5.105e+03 5.078e+03 5.053e+03 5.032e+03 5.005e+03 4.977e+03 4.949e+03 4.919e+03 4.890e+03 4.862e+03 4.836e+03 4.809e+03 4.780e+03 4.747e+03 4.711e+03 4.674e+03 4.642e+03 4.607e+03 4.568e+03 4.529e+03 4.491e+03 4.454e+03 4.413e+03 4.368e+03
1125.00 5.766e+03 5.747e+03 5.723e+03 5.702e+03 5.680e+03 5.655e+03 5.630e+03 5.605e+03 5.580e+03 5.557e+03 5.536e+03 5.515e+03 5.492e+03 5.468e+03 5.446e+03 5.425e+03 5.405e+03 5.382e+03 5.357e+03 5.332e+03 5.308e+03 5.287e+03 5.264e+03 5.240e+03 5.217e+03 5.193e+03 5.170e+03 5.143e+03 5.119e+03 5.097e+03 5.074e+03 5.047e+03 5.014e+03 4.986e+03 4.958e+03 4.929e+03 4.901e+03 4.871e+03 4.837e+03 4.805e+03 4.772e+03 4.742e+03 4.707e+03 4.671e+03 4.635e+03 4.597e+03 4.560e+03 4.517e+03 4.473e+03 4.430e+03
1375.00 5.814e+03 5.792e+03 5.771e+03 5.749e+03 5.726e+03 5.705e+03 5.682e+03 5.659e+03 5.638e+03 5.614e+03 5.591e+03 5.569e+03 5.546e+03 5.525e+03 5.503e+03 5.481e+03 5.460e+03 5.438e+03 5.418e+03 5.397e+03 5.376e+03 5.356e+03 5.336e+03 5.311e+03 5.287e+03 5.263e+03 5.236e+03 5.210e+03 5.180e+03 5.153e+03 5.131e+03 5.108e+03 5.082e+03 5.056e+03 5.026e+03 4.997e+03 4.971e+03 4.943e+03 4.912e+03 4.880e+03 4.845e+03 4.807e+03 4.771e+03 4.741e+03 4.703e+03 4.660e+03 4.620e+03 4.583e+03 4.541e+03 4.496e+03
1625.00 5.839e+03 5.815e+03 5.796e+03 5.775e+03 5.755e+03 5.734e+03 5.711e+03 5.689e+03 5.667e+03 5.647e+03 5.628e+03 5.607e+03 5.586e+03 5.567e+03 5.546e+03 5.528e+03 5.509e+03 5.489e+03 5.467e+03 5.442e+03 5.419e+03 5.398e+03 5.376e+03 5.350e+03 5.325e+03 5.304e+03 5.281e+03 5.259e+03 5.236e+03 5.212e+03 5.187e+03 5.161e+03 5.136e+03 5.111e+03 5.081e+03 5.050e+03 5.021e+03 4.993e+03 4.962e+03 4.928e+03 4.894e+03 4.861e+03 4.826e+03 4.790e+03 4.749e+03 4.709e+03 4.670e+03 4.625e+03 4.584e+03 4.541e+03
1875.00 5.835e+03 5.815e+03 5.797e+03 5.779e+03 5.764e+03 5.745e+03 5.726e+03 5.707e+03 5.686e+03 5.666e+03 5.646e+03 5.625e+03 5.606e+03 5.585e+03 5.563e+03 5.544e+03 5.526e+03 5.505e+03 5.483e+03 5.463e+03 5.444e+03 5.424e+03 5.402e+03 5.377e+03 5.353e+03 5.332e+03 5.311e+03 5.290e+03 5.267e+03 5.240e+03 5.214e+03 5.189e+03 5.163e+03 5.139e+03 5.114e+03 5.084e+03 5.054e+03 5.025e+03 4.994e+03 4.962e+03 4.928e+03 4.897e+03 4.865e+03 4.830e+03 4.792e+03 4.752e+03 4.712e+03 4.672e+03 4.628e+03 4.585e+03
2125.00 5.823e+03 5.804e+03 5.783e+03 5.762e+03 5.742e+03 5.722e+03 5.702e+03 5.683e+03 5.664e+03 5.645e+03 5.626e+03 5.609e+03 5.593e+03 5.576e+03 5.554e+03 5.533e+03 5.514e+03 5.494e+03 5.475e+03 5.456e+03 5.437e+03 5.415e+03 5.394e+03 5.373e+03 5.351e+03 5.330e+03 5.306e+03 5.284e+03 5.261e+03 5.237e+03 5.212e+03 5.189e+03 5.165e+03 5.137e+03 5.108e+03 5.077e+03 5.047e+03 5.018e+03 4.987e+03 4.955e+03 4.928e+03 4.892e+03 4.859e+03 4.822e+03 4.784e+03 4.746e+03 4.707e+03 4.665e+03 4.622e+03 4.578e+03
2375.00 5.761e+03 5.742e+03 5.725e+03 5.706e+03 5.687e+03 5.668e+03 5.651e+03 5.635e+03 5.617e+03 5.598e+03 5.582e+03 5.567e+03 5.546e+03 5.526e+03 5.506e+03 5.486e+03 5.468e+03 5.450e+03 5.431e+03 5.411e+03 5.390e+03 5.369e+03 5.348e+03 5.326e+03 5.303e+03 5.281e+03 5.260e+03 5.237e+03 5.213e+03 5.188e+03 5.163e+03 5.138e+03 5.111e+03 5.083e+03 5.056e+03 5.026e+03 4.998e+03 4.969e+03 4.940e+03 4.909e+03 4.877e+03 4.845e+03 4.811e+03 4.775e+03 4.735e+03 4.693e+03 4.651e+03 4.608e+03 4.563e+03 4.518e+03
2625.00 5.666e+03 5.649e+03 5.631e+03 5.612e+03 5.594e+03 5.578e+03 5.560e+03 5.543e+03 5.525e+03 5.505e+03 5.486e+03 5.467e+03 5.450e+03 5.432e+03 5.414e+03 5.395e+03 5.374e+03 5.353e+03 5.333e+03 5.314e+03 5.293e+03 5.273e+03 5.251e+03 5.229e+03 5.207e+03 5.183e+03 5.160e+03 5.137e+03 5.113e+03 5.088e+03 5.062e+03 5.036e+03 5.009e+03 4.981e+03 4.954e+03 4.926e+03 4.897e+03 4.866e+03 4.833e+03 4.799e+03 4.764e+03 4.729e+03 4.694e+03 4.657e+03 4.620e+03 4.581e+03 4.539e+03 4.496e+03 4.454e+03 4.407e+03
2875.00 5.535e+03 5.517e+03 5.499e+03 5.481e+03 5.463e+03 5.446e+03 5.428e+03 5.410e+03 5.391e+03 5.371e+03 5.352e+03 5.333e+03 5.314e+03 5.294e+03 5.275e+03 5.255e+03 5.234e+03 5.214e+03 5.194e+03 5.173e+03 5.151e+03 5.127e+03 5.103e+03 5.079e+03 5.055e+03 5.032e+03 5.009e+03 4.983e+03 4.958e+03 4.933e+03 4.906e+03 4.879e+03 4.852e+03 4.822e+03 4.792e+03 4.760e+03 4.729e+03 4.698e+03 4.668e+03 4.633e+03 4.597e+03 4.560e+03 4.522e+03 4.484e+03 4.445e+03 4.406e+03 4.363e+03 4.318e+03 4.275e+03 4.231e+03
3125.00 5.371e+03 5.353e+03 5.332e+03 5.312e+03 5.293e+03 5.275e+03 5.255e+03 5.235e+03 5.217e+03 5.196e+03 5.175e+03 5.156e+03 5.133e+03 5.112e+03 5.091e+03 5.070e+03 5.048e+03 5.025e+03 5.000e+03 4.976e+03 4.953e+03 4.928e+03 4.902e+03 4.875e+03 4.849e+03 4.823e+03 4.798e+03 4.774e+03 4.748e+03 4.720e+03 4.690e+03 4.661e+03 4.630e+03 4.600e+03 4.568e+03 4.536e+03 4.502e+03 4.469e+03 4.436e+03 4.400e+03 4.364e+03 4.329e+03 4.293e+03 4.253e+03 4.214e+03 4.174e+03 4.131e+03 4.086e+03 4.040e+03 3.992e+03
3375.00 5.149e+03 5.127e+03 5.106e+03 5.084e+03 5.059e+03 5.035e+03 5.011e+03 4.989e+03 4.964e+03 4.940e+03 4.914e+03 4.889e+03 4.865e+03 4.840e+03 4.815e+03 4.790e+03 4.763e+03 4.737e+03 4.710e+03 4.682e+03 4.655e+03 4.627e+03 4.598e+03 4.570e+03 4.539e+03 4.508e+03 4.478e+03 4.447e+03 4.415e+03 4.383e+03 4.352e+03 4.319e+03 4.285e+03 4.250e+03 4.216e+03 4.183e+03 4.148e+03 4.113e+03 4.075e+03 4.036e+03 3.997e+03 3.958e+03 3.916e+03 3.876e+03 3.837e+03 3.797e+03 3.755e+03 3.714e+03 3.673e+03 3.632e+03
3625.00 4.696e+03 4.663e+03 4.629e+03 4.595e+03 4.561e+03 4.529e+03 4.496e+03 4.465e+03 4.436e+03 4.407e+03 4.379e+03 4.352e+03 4.324e+03 4.298e+03 4.272e+03 4.248e+03 4.224e+03 4.201e+03 4.177e+03 4.153e+03 4.130e+03 4.107e+03 4.083e+03 4.058e+03 4.034e+03 4.010e+03 3.985e+03 3.961e+03 3.938e+03 3.913e+03 3.888e+03 3.864e+03 3.839e+03 3.814e+03 3.790e+03 3.767e+03 3.742e+03 3.715e+03 3.687e+03 3.658e+03 3.631e+03 3.603e+03 3.576e+03 3.546e+03 3.515e+03 3.485e+03 3.456e+03 3.428e+03 3.397e+03 3.364e+03
3875.00 4.208e+03 4.188e+03 4.171e+03 4.151e+03 4.131e+03 4.111e+03 4.091e+03 4.072e+03 4.054e+03 4.034e+03 4.013e+03 3.994e+03 3.975e+03 3.955e+03 3.935e+03 3.915e+03 3.895e+03 3.874e+03 3.854e+03 3.833e+03 3.813e+03 3.792e+03 3.771e+03 3.748e+03 3.726e+03 3.704e+03 3.683e+03 3.661e+03 3.640e+03 3.619e+03 3.596e+03 3.573e+03 3.549e+03 3.525e+03 3.502e+03 3.480e+03 3.456e+03 3.431e+03 3.405e+03 3.379e+03 3.356e+03 3.331e+03 3.303e+03 3.274e+03 3.248e+03 3.247e+03 3.216e+03 3.206e+03 3.195e+03 3.160e+03
4125.00 3.887e+03 3.872e+03 3.856e+03 3.839e+03 3.823e+03 3.807e+03 3.790e+03 3.771e+03 3.752e+03 3.734e+03 3.717e+03 3.699e+03 3.681e+03 3.661e+03 3.640e+03 3.619e+03 3.598e+03 3.578e+03 3.559e+03 3.538e+03 3.519e+03 3.498e+03 3.476e+03 3.456e+03 3.435e+03 3.414e+03 3.391e+03 3.367e+03 3.345e+03 3.350e+03 3.324e+03 3.324e+03 3.296e+03 3.268e+03 3.259e+03 3.228e+03 3.219e+03 3.205e+03 3.172e+03 3.128e+03 3.085e+03 3.061e+03 3.039e+03 3.016e+03 2.979e+03 2.942e+03 2.919e+03 2.884e+03 2.847e+03 2.822e+03
4375.00 3.628e+03 3.613e+03 3.598e+03 3.582e+03 3.566e+03 3.550e+03 3.535e+03 3.519e+03 3.503e+03 3.488e+03 3.469e+03 3.452e+03 3.434e+03 3.415e+03 3.395e+03 3.376e+03 3.356e+03 3.337e+03 3.318e+03 3.329e+03 3.304e+03 3.280e+03 3.255e+03 3.259e+03 3.230e+03 3.229e+03 3.202e+03 3.183e+03 3.165e+03 3.127e+03 3.106e+03 3.070e+03 3.048e+03 3.012e+03 2.992e+03 2.958e+03 2.939e+03 2.920e+03 2.897e+03 2.873e+03 2.848e+03 2.820e+03 2.782e+03 2.755e+03 2.726e+03 2.699e+03 2.661e+03 2.622e+03 2.591e+03 2.554e+03
4625.00 3.502e+03 3.487e+03 3.472e+03 3.456e+03 3.440e+03 3.424e+03 3.408e+03 3.393e+03 3.376e+03 3.360e+03 3.343e+03 3.327e+03 3.310e+03 3.294e+03 3.277e+03 3.260e+03 3.231e+03 3.202e+03 3.176e+03 3.149e+03 3.152e+03 3.123e+03 3.122e+03 3.120e+03 3.088e+03 3.081e+03 3.071e+03 3.059e+03 3.026e+03 2.993e+03 2.980e+03 2.965e+03 2.930e+03 2.913e+03 2.894e+03 2.874e+03 2.853e+03 2.832e+03 2.796e+03 2.769e+03 2.743e+03 2.720e+03 2.694e+03 2.666e+03 2.636e+03 2.599e+03 2.569e+03 2.538e+03 2.506e+03 2.472e+03
4875.00 3.452e+03 3.437e+03 3.421e+03 3.405e+03 3.391e+03 3.375e+03 3.360e+03 3.345e+03 3.330e+03 3.313e+03 3.295e+03 3.277e+03 3.250e+03 3.224e+03 3.199e+03 3.173e+03 3.149e+03 3.124e+03 3.100e+03 3.108e+03 3.110e+03 3.107e+03 3.077e+03 3.071e+03 3.063e+03 3.051e+03 3.038e+03 3.004e+03 2.971e+03 2.957e+03 2.942e+03 2.925e+03 2.890e+03 2.873e+03 2.853e+03 2.831e+03 2.796e+03 2.775e+03 2.740e+03 2.715e+03 2.681e+03 2.659e+03 2.635e+03 2.610e+03 2.580e+03 2.542e+03 2.511e+03 2.482e+03 2.452e+03 2.419e+03
5125.00 3.408e+03 3.393e+03 3.380e+03 3.366e+03 3.352e+03 3.337e+03 3.322e+03 3.307e+03 3.293e+03 3.276e+03 3.250e+03 3.224e+03 3.199e+03 3.174e+03 3.151e+03 3.162e+03 3.135e+03 3.109e+03 3.084e+03 3.087e+03 3.086e+03 3.082e+03 3.076e+03 3.065e+03 3.053e+03 3.037e+03 3.003e+03 2.986e+03 2.952e+03 2.933e+03 2.915e+03 2.895e+03 2.876e+03 2.854e+03 2.816e+03 2.792e+03 2.770e+03 2.746e+03 2.722e+03 2.686e+03 2.660e+03 2.635e+03 2.598e+03 2.559e+03 2.528e+03 2.500e+03 2.468e+03 2.429e+03 2.396e+03 2.362e+03
5375.00 3.373e+03 3.360e+03 3.346e+03 3.332e+03 3.319e+03 3.302e+03 3.287e+03 3.273e+03 3.247e+03 3.223e+03 3.199e+03 3.176e+03 3.154e+03 3.165e+03 3.138e+03 3.113e+03 3.089e+03 3.064e+03 3.068e+03 3.070e+03 3.041e+03 3.038e+03 3.032e+03 3.021e+03 2.990e+03 2.979e+03 2.945e+03 2.930e+03 2.897e+03 2.883e+03 2.866e+03 2.849e+03 2.829e+03 2.809e+03 2.774e+03 2.739e+03 2.717e+03 2.695e+03 2.661e+03 2.625e+03 2.601e+03 2.580e+03 2.552e+03 2.522e+03 2.483e+03 2.451e+03 2.421e+03 2.389e+03 2.352e+03 2.319e+03
5625.00 3.353e+03 3.340e+03 3.327e+03 3.313e+03 3.297e+03 3.282e+03 3.267e+03 3.242e+03 3.217e+03 3.193e+03 3.205e+03 3.180e+03 3.154e+03 3.129e+03 3.135e+03 3.108e+03 3.108e+03 3.078e+03 3.077e+03 3.047e+03 3.041e+03 3.010e+03 3.001e+03 2.992e+03 2.961e+03 2.929e+03 2.919e+03 2.905e+03 2.873e+03 2.857e+03 2.823e+03 2.805e+03 2.773e+03 2.756e+03 2.725e+03 2.704e+03 2.684e+03 2.651e+03 2.629e+03 2.594e+03 2.569e+03 2.542e+03 2.516e+03 2.487e+03 2.454e+03 2.421e+03 2.389e+03 2.350e+03 2.319e+03 2.282e+03
5875.00 3.344e+03 3.328e+03 3.313e+03 3.300e+03 3.283e+03 3.267e+03 3.249e+03 3.222e+03 3.197e+03 3.173e+03 3.149e+03 3.158e+03 3.134e+03 3.110e+03 3.115e+03 3.088e+03 3.087e+03 3.082e+03 3.075e+03 3.045e+03 3.012e+03 3.002e+03 2.991e+03 2.976e+03 2.962e+03 2.928e+03 2.913e+03 2.880e+03 2.864e+03 2.845e+03 2.810e+03 2.793e+03 2.775e+03 2.753e+03 2.728e+03 2.689e+03 2.665e+03 2.640e+03 2.613e+03 2.584e+03 2.556e+03 2.527e+03 2.489e+03 2.458e+03 2.425e+03 2.392e+03 2.361e+03 2.325e+03 2.285e+03 2.245e+03
6125.00 3.331e+03 3.313e+03 3.297e+03 3.281e+03 3.264e+03 3.247e+03 3.264e+03 3.276e+03 3.253e+03 3.261e+03 3.235e+03 3.210e+03 3.175e+03 3.167e+03 3.134e+03 3.101e+03 3.093e+03 3.062e+03 3.029e+03 3.020e+03 3.008e+03 2.977e+03 2.970e+03 2.939e+03 2.926e+03 2.910e+03 2.877e+03 2.861e+03 2.825e+03 2.808e+03 2.790e+03 2.753e+03 2.734e+03 2.716e+03 2.682e+03 2.660e+03 2.639e+03 2.614e+03 2.586e+03 2.549e+03 2.524e+03 2.496e+03 2.466e+03 2.436e+03 2.396e+03 2.362e+03 2.325e+03 2.284e+03 2.246e+03 2.206e+03
6375.00 3.310e+03 3.294e+03 3.277e+03 3.261e+03 3.246e+03 3.221e+03 3.197e+03 3.204e+03 3.177e+03 3.151e+03 3.156e+03 3.131e+03 3.133e+03 3.105e+03 3.102e+03 3.072e+03 3.066e+03 3.036e+03 3.029e+03 2.998e+03 2.989e+03 2.976e+03 2.945e+03 2.934e+03 2.917e+03 2.900e+03 2.883e+03 2.848e+03 2.828e+03 2.794e+03 2.776e+03 2.743e+03 2.724e+03 2.703e+03 2.666e+03 2.639e+03 2.613e+03 2.588e+03 2.563e+03 2.524e+03 2.492e+03 2.455e+03 2.426e+03 2.395e+03 2.365e+03 2.324e+03 2.286e+03 2.242e+03 2.202e+03 2.164e+03
6625.00 3.292e+03 3.275e+03 3.260e+03 3.281e+03 3.263e+03 3.246e+03 3.227e+03 3.226e+03 3.222e+03 3.191e+03 3.159e+03 3.154e+03 3.124e+03 3.118e+03 3.085e+03 3.077e+03 3.068e+03 3.059e+03 3.045e+03 3.010e+03 2.992e+03 2.960e+03 2.946e+03 2.931e+03 2.896e+03 2.882e+03 2.864e+03 2.845e+03 2.809e+03 2.788e+03 2.752e+03 2.730e+03 2.709e+03 2.687e+03 2.649e+03 2.623e+03 2.597e+03 2.573e+03 2.545e+03 2.506e+03 2.475e+03 2.445e+03 2.415e+03 2.374e+03 2.336e+03 2.304e+03 2.266e+03 2.220e+03 2.176e+03 2.133e+03
6875.00 3.276e+03 3.263e+03 3.285e+03 3.266e+03 3.244e+03 3.258e+03 3.266e+03 3.242e+03 3.217e+03 3.184e+03 3.151e+03 3.145e+03 3.116e+03 3.111e+03 3.081e+03 3.052e+03 3.046e+03 3.016e+03 3.004e+03 2.991e+03 2.960e+03 2.928e+03 2.915e+03 2.903e+03 2.888e+03 2.853e+03 2.834e+03 2.815e+03 2.780e+03 2.764e+03 2.743e+03 2.720e+03 2.698e+03 2.663e+03 2.636e+03 2.600e+03 2.574e+03 2.546e+03 2.523e+03 2.494e+03 2.455e+03 2.421e+03 2.391e+03 2.340e+03 2.308e+03 2.266e+03 2.222e+03 2.182e+03 2.141e+03 2.097e+03
7125.00 3.267e+03 3.254e+03 3.240e+03 3.215e+03 3.191e+03 3.198e+03 3.173e+03 3.179e+03 3.153e+03 3.126e+03 3.100e+03 3.075e+03 3.075e+03 3.047e+03 3.046e+03 3.044e+03 3.013e+03 3.007e+03 2.997e+03 2.965e+03 2.956e+03 2.924e+03 2.910e+03 2.894e+03 2.859e+03 2.842e+03 2.809e+03 2.792e+03 2.774e+03 2.754e+03 2.720e+03 2.696e+03 2.671e+03 2.633e+03 2.608e+03 2.582e+03 2.555e+03 2.529e+03 2.492e+03 2.463e+03 2.429e+03 2.398e+03 2.361e+03 2.327e+03 2.293e+03 2.248e+03 2.198e+03 2.152e+03 2.104e+03 2.047e+03
7375.00 3.306e+03 3.286e+03 3.265e+03 3.246e+03 3.225e+03 3.236e+03 3.213e+03 3.190e+03 3.157e+03 3.154e+03 3.121e+03 3.114e+03 3.106e+03 3.075e+03 3.043e+03 3.037e+03 3.030e+03 3.019e+03 2.985e+03 2.972e+03 2.960e+03 2.926e+03 2.911e+03 2.879e+03 2.860e+03 2.823e+03 2.787e+03 2.769e+03 2.736e+03 2.703e+03 2.683e+03 2.667e+03 2.633e+03 2.611e+03 2.578e+03 2.557e+03 2.534e+03 2.508e+03 2.479e+03 2.450e+03 2.418e+03 2.382e+03 2.345e+03 2.303e+03 2.267e+03 2.222e+03 2.176e+03 2.130e+03 2.080e+03 2.024e+03
7625.00 3.258e+03 3.241e+03 3.224e+03 3.205e+03 3.178e+03 3.151e+03 3.126e+03 3.102e+03 3.112e+03 3.118e+03 3.118e+03 3.114e+03 3.083e+03 3.076e+03 3.067e+03 3.055e+03 3.020e+03 3.009e+03 2.993e+03 2.956e+03 2.939e+03 2.905e+03 2.870e+03 2.854e+03 2.819e+03 2.805e+03 2.770e+03 2.752e+03 2.734e+03 2.701e+03 2.682e+03 2.661e+03 2.636e+03 2.598e+03 2.574e+03 2.547e+03 2.522e+03 2.483e+03 2.456e+03 2.426e+03 2.386e+03 2.351e+03 2.314e+03 2.268e+03 2.223e+03 2.181e+03 2.138e+03 2.087e+03 2.033e+03 1.980e+03
7875.00 3.217e+03 3.191e+03 3.168e+03 3.144e+03 3.123e+03 3.102e+03 3.079e+03 3.057e+03 3.035e+03 3.014e+03 3.030e+03 3.007e+03 3.017e+03 3.019e+03 2.991e+03 2.992e+03 2.984e+03 2.952e+03 2.944e+03 2.912e+03 2.900e+03 2.888e+03 2.856e+03 2.841e+03 2.823e+03 2.787e+03 2.771e+03 2.754e+03 2.733e+03 2.711e+03 2.674e+03 2.650e+03 2.615e+03 2.595e+03 2.569e+03 2.531e+03 2.501e+03 2.476e+03 2.436e+03 2.399e+03 2.366e+03 2.329e+03 2.287e+03 2.249e+03 2.204e+03 2.153e+03 2.096e+03 2.042e+03 1.985e+03 1.928e+03
8125.00 3.267e+03 3.250e+03 3.236e+03 3.217e+03 3.198e+03 3.167e+03 3.168e+03 3.167e+03 3.163e+03 3.131e+03 3.099e+03 3.070e+03 3.040e+03 3.037e+03 3.005e+03 3.002e+03 2.994e+03 2.960e+03 2.951e+03 2.918e+03 2.906e+03 2.892e+03 2.860e+03 2.845e+03 2.827e+03 2.809e+03 2.775e+03 2.755e+03 2.732e+03 2.692e+03 2.669e+03 2.647e+03 2.610e+03 2.571e+03 2.548e+03 2.509e+03 2.480e+03 2.455e+03 2.417e+03 2.381e+03 2.336e+03 2.295e+03 2.252e+03 2.207e+03 2.157e+03 2.113e+03 2.064e+03 2.014e+03 1.954e+03 1.885e+03
8375.00 3.251e+03 3.234e+03 3.216e+03 3.186e+03 3.161e+03 3.139e+03 3.115e+03 3.124e+03 3.127e+03 3.101e+03 3.072e+03 3.072e+03 3.042e+03 3.013e+03 3.012e+03 2.981e+03 2.947e+03 2.941e+03 2.934e+03 2.901e+03 2.894e+03 2.860e+03 2.845e+03 2.787e+03 2.762e+03 2.759e+03 2.747e+03 2.715e+03 2.699e+03 2.662e+03 2.643e+03 2.604e+03 2.578e+03 2.556e+03 2.521e+03 2.494e+03 2.461e+03 2.419e+03 2.373e+03 2.335e+03 2.292e+03 2.252e+03 2.204e+03 2.157e+03 2.106e+03 2.055e+03 2.000e+03 1.937e+03 1.874e+03 1.804e+03
8625.00 3.225e+03 3.209e+03 3.183e+03 3.157e+03 3.130e+03 3.106e+03 3.082e+03 3.058e+03 3.037e+03 3.014e+03 3.028e+03 3.001e+03 2.976e+03 2.950e+03 2.925e+03 2.937e+03 2.908e+03 2.909e+03 2.880e+03 2.878e+03 2.843e+03 2.837e+03 2.829e+03 2.796e+03 2.781e+03 2.763e+03 2.729e+03 2.692e+03 2.676e+03 2.659e+03 2.635e+03 2.594e+03 2.568e+03 2.534e+03 2.505e+03 2.465e+03 2.437e+03 2.409e+03 2.367e+03 2.334e+03 2.298e+03 2.253e+03 2.205e+03 2.153e+03 2.098e+03 2.044e+03 1.984e+03 1.914e+03 1.840e+03 1.755e+03
8875.00 3.233e+03 3.217e+03 3.201e+03 3.181e+03 3.149e+03 3.122e+03 3.097e+03 3.072e+03 3.049e+03 3.026e+03 3.041e+03 3.014e+03 3.017e+03 2.987e+03 2.957e+03 2.961e+03 2.931e+03 2.928e+03 2.896e+03 2.894e+03 2.884e+03 2.871e+03 2.836e+03 2.801e+03 2.787e+03 2.768e+03 2.732e+03 2.713e+03 2.678e+03 2.661e+03 2.626e+03 2.605e+03 2.582e+03 2.553e+03 2.512e+03 2.482e+03 2.449e+03 2.406e+03 2.368e+03 2.325e+03 2.286e+03 2.244e+03 2.195e+03 2.143e+03 2.086e+03 2.025e+03 1.968e+03 1.896e+03 1.816e+03 1.736e+03
9125.00 3.223e+03 3.202e+03 3.173e+03 3.146e+03 3.123e+03 3.100e+03 3.077e+03 3.054e+03 3.030e+03 3.048e+03 3.023e+03 2.995e+03 2.968e+03 2.945e+03 2.956e+03 2.928e+03 2.924e+03 2.895e+03 2.869e+03 2.870e+03 2.867e+03 2.832e+03 2.826e+03 2.791e+03 2.774e+03 2.736e+03 2.722e+03 2.704e+03 2.678e+03 2.639e+03 2.618e+03 2.599e+03 2.556e+03 2.522e+03 2.497e+03 2.459e+03 2.429e+03 2.392e+03 2.357e+03 2.321e+03 2.284e+03 2.231e+03 2.171e+03 2.112e+03 2.052e+03 1.976e+03 1.910e+03 1.835e+03 1.754e+03 1.653e+03
9375.00 3.003e+03 2.978e+03 3.050e+03 3.009e+03 2.972e+03 2.936e+03 2.902e+03 2.870e+03 2.931e+03 2.885e+03 2.842e+03 2.799e+03 2.763e+03 2.728e+03 2.692e+03 2.655e+03 2.621e+03 2.593e+03 2.570e+03 2.542e+03 2.509e+03 2.479e+03 2.452e+03 2.418e+03 2.459e+03 2.485e+03 2.493e+03 2.490e+03 2.484e+03 2.473e+03 2.458e+03 2.440e+03 2.424e+03 2.400e+03 2.379e+03 2.332e+03 2.298e+03 2.261e+03 2.222e+03 2.181e+03 2.142e+03 2.094e+03 2.043e+03 1.987e+03 1.926e+03 1.857e+03 1.782e+03 1.694e+03 1.592e+03 1.489e+03
9625.00 3.036e+03 3.013e+03 2.989e+03 2.968e+03 3.042e+03 3.001e+03 2.960e+03 2.924e+03 2.891e+03 2.855e+03 2.823e+03 2.792e+03 2.765e+03 2.738e+03 2.709e+03 2.676e+03 2.652e+03 2.628e+03 2.606e+03 2.578e+03 2.551e+03 2.528e+03 2.502e+03 2.539e+03 2.510e+03 2.531e+03 2.499e+03 2.510e+03 2.515e+03 2.503e+03 2.492e+03 2.484e+03 2.467e+03 2.436e+03 2.409e+03 2.363e+03 2.331e+03 2.298e+03 2.254e+03 2.212e+03 2.158e+03 2.116e+03 2.061e+03 1.997e+03 1.921e+03 1.840e+03 1.757e+03 1.668e+03 1.566e+03 1.433e+03
9875.00 3.045e+03 3.024e+03 3.001e+03 2.977e+03 3.044e+03 3.002e+03 2.967e+03 2.932e+03 2.893e+03 2.951e+03 2.905e+03 2.862e+03 2.825e+03 2.789e+03 2.747e+03 2.712e+03 2.680e+03 2.645e+03 2.614e+03 2.584e+03 2.555e+03 2.526e+03 2.501e+03 2.477e+03 2.446e+03 2.415e+03 2.454e+03 2.471e+03 2.473e+03 2.433e+03 2.428e+03 2.425e+03 2.407e+03 2.388e+03 2.360e+03 2.334e+03 2.301e+03 2.267e+03 2.214e+03 2.167e+03 2.121e+03 2.065e+03 2.014e+03 1.939e+03 1.866e+03 1.787e+03 1.690e+03 1.581e+03 1.457e+03 1.327e+03
10125.00 3.188e+03 3.153e+03 3.123e+03 3.095e+03 3.067e+03 3.043e+03 3.017e+03 2.992e+03 2.965e+03 2.940e+03 2.915e+03 2.897e+03 2.878e+03 2.854e+03 2.830e+03 2.812e+03 2.792e+03 2.828e+03 2.805e+03 2.777e+03 2.751e+03 2.724e+03 2.730e+03 2.695e+03 2.692e+03 2.690e+03 2.656e+03 2.651e+03 2.636e+03 2.611e+03 2.566e+03 2.536e+03 2.508e+03 2.474e+03 2.421e+03 2.382e+03 2.334e+03 2.288e+03 2.238e+03 2.190e+03 2.140e+03 2.087e+03 2.025e+03 1.941e+03 1.860e+03 1.784e+03 1.678e+03 1.563e+03 1.454e+03 1.327e+03
10375.00 3.189e+03 3.145e+03 3.104e+03 3.063e+03 3.120e+03 3.064e+03 3.110e+03 3.053e+03 2.999e+03 3.040e+03 2.976e+03 3.008e+03 2.936e+03 2.958e+03 2.882e+03 2.818e+03 2.853e+03 2.784e+03 2.720e+03 2.753e+03 2.695e+03 2.628e+03 2.570e+03 2.517e+03 2.476e+03 2.443e+03 2.468e+03 2.480e+03 2.425e+03 2.426e+03 2.418e+03 2.401e+03 2.394e+03 2.365e+03 2.333e+03 2.277e+03 2.243e+03 2.208e+03 2.142e+03 2.085e+03 2.026e+03 1.973e+03 1.916e+03 1.844e+03 1.750e+03 1.662e+03 1.561e+03 1.427e+03 1.288e+03 1.137e+03
10625.00 3.144e+03 3.215e+03 3.165e+03 3.212e+03 3.154e+03 3.104e+03 3.157e+03 3.099e+03 3.038e+03 3.079e+03 3.015e+03 3.048e+03 3.062e+03 2.980e+03 2.986e+03 2.906e+03 2.915e+03 2.915e+03 2.826e+03 2.745e+03 2.764e+03 2.696e+03 2.635e+03 2.571e+03 2.515e+03 2.465e+03 2.424e+03 2.385e+03 2.411e+03 2.418e+03 2.414e+03 2.407e+03 2.388e+03 2.356e+03 2.317e+03 2.287e+03 2.253e+03 2.214e+03 2.160e+03 2.089e+03 2.024e+03 1.959e+03 1.887e+03 1.810e+03 1.713e+03 1.621e+03 1.483e+03 1.364e+03 1.232e+03 1.094e+03
10875.00 3.227e+03 3.189e+03 3.157e+03 3.221e+03 3.166e+03 3.207e+03 3.151e+03 3.190e+03 3.131e+03 3.073e+03 3.112e+03 3.038e+03 3.060e+03 3.069e+03 2.990e+03 3.005e+03 2.914e+03 2.913e+03 2.905e+03 2.811e+03 2.822e+03 2.736e+03 2.723e+03 2.635e+03 2.642e+03 2.565e+03 2.490e+03 2.432e+03 2.440e+03 2.380e+03 2.368e+03 2.367e+03 2.312e+03 2.279e+03 2.248e+03 2.194e+03 2.161e+03 2.123e+03 2.082e+03 2.012e+03 1.943e+03 1.877e+03 1.796e+03 1.712e+03 1.608e+03 1.495e+03 1.391e+03 1.245e+03 1.122e+03 1.000e+03
11125.00 3.282e+03 3.241e+03 3.207e+03 3.270e+03 3.210e+03 3.261e+03 3.202e+03 3.146e+03 3.181e+03 3.112e+03 3.148e+03 3.072e+03 3.106e+03 3.120e+03 3.031e+03 3.054e+03 2.963e+03 2.984e+03 2.988e+03 2.883e+03 2.874e+03 2.849e+03 2.817e+03 2.775e+03 2.646e+03 2.639e+03 2.606e+03 2.569e+03 2.460e+03 2.442e+03 2.349e+03 2.266e+03 2.192e+03 2.169e+03 2.152e+03 2.122e+03 2.091e+03 2.030e+03 1.982e+03 1.919e+03 1.862e+03 1.804e+03 1.718e+03 1.630e+03 1.529e+03 1.428e+03 1.324e+03 1.193e+03 1.044e+03 1.000e+03
11375.00 3.225e+03 3.311e+03 3.269e+03 3.226e+03 3.286e+03 3.231e+03 3.177e+03 3.218e+03 3.159e+03 3.193e+03 3.122e+03 3.160e+03 3.088e+03 3.105e+03 3.026e+03 3.048e+03 2.961e+03 2.985e+03 2.895e+03 2.900e+03 2.898e+03 2.890e+03 2.791e+03 2.703e+03 2.629e+03 2.569e+03 2.516e+03 2.464e+03 2.466e+03 2.428e+03 2.412e+03 2.398e+03 2.373e+03 2.332e+03 2.271e+03 2.228e+03 2.183e+03 2.134e+03 2.060e+03 1.991e+03 1.919e+03 1.821e+03 1.726e+03 1.633e+03 1.529e+03 1.404e+03 1.287e+03 1.147e+03 1.000e+03 1.000e+03
11625.00 3.328e+03 3.303e+03 3.280e+03 3.255e+03 3.221e+03 3.296e+03 3.236e+03 3.286e+03 3.222e+03 3.266e+03 3.211e+03 3.156e+03 3.177e+03 3.185e+03 3.093e+03 3.091e+03 3.102e+03 3.004e+03 2.995e+03 2.995e+03 2.989e+03 2.966e+03 2.921e+03 2.870e+03 2.834e+03 2.782e+03 2.741e+03 2.683e+03 2.622e+03 2.575e+03 2.427e+03 2.378e+03 2.341e+03 2.234e+03 2.134e+03 2.036e+03 1.986e+03 1.937e+03 1.881e+03 1.824e+03 1.743e+03 1.641e+03 1.504e+03 1.381e+03 1.282e+03 1.179e+03 1.070e+03 1.000e+03 1.000e+03 1.000e+03
11875.00 3.332e+03 3.306e+03 3.283e+03 3.351e+03 3.292e+03 3.365e+03 3.302e+03 3.256e+03 3.203e+03 3.244e+03 3.188e+03 3.233e+03 3.164e+03 3.199e+03 3.124e+03 3.155e+03 3.063e+03 3.086e+03 3.080e+03 3.059e+03 3.039e+03 2.923e+03 2.934e+03 2.888e+03 2.866e+03 2.841e+03 2.796e+03 2.752e+03 2.698e+03 2.629e+03 2.556e+03 2.478e+03 2.319e+03 2.253e+03 2.222e+03 2.119e+03 2.061e+03 1.974e+03 1.888e+03 1.797e+03 1.686e+03 1.599e+03 1.504e+03 1.408e+03 1.304e+03 1.135e+03 1.006e+03 1.000e+03 1.000e+03 1.000e+03
12125.00 3.386e+03 3.363e+03 3.326e+03 3.430e+03 3.369e+03 3.309e+03 3.387e+03 3.314e+03 3.243e+03 3.280e+03 3.218e+03 3.263e+03 3.191e+03 3.122e+03 3.164e+03 3.081e+03 3.116e+03 3.149e+03 3.145e+03 3.042e+03 3.039e+03 3.006e+03 2.980e+03 2.954e+03 2.921e+03 2.869e+03 2.827e+03 2.774e+03 2.717e+03 2.646e+03 2.582e+03 2.509e+03 2.423e+03 2.338e+03 2.188e+03 2.047e+03 2.002e+03 1.943e+03 1.873e+03 1.754e+03 1.658e+03 1.571e+03 1.467e+03 1.358e+03 1.204e+03 1.095e+03 1.000e+03 1.000e+03 1.000e+03 1.000e+03
12375.00 3.461e+03 3.406e+03 3.362e+03 3.353e+03 3.340e+03 3.419e+03 3.343e+03 3.276e+03 3.230e+03 3.269e+03 3.295e+03 3.201e+03 3.230e+03 3.165e+03 3.177e+03 3.181e+03 3.093e+03 3.123e+03 3.136e+03 3.023e+03 3.001e+03 2.990e+03 2.965e+03 2.950e+03 2.939e+03 2.911e+03 2.828e+03 2.757e+03 2.701e+03 2.659e+03 2.597e+03 2.522e+03 2.449e+03 2.379e+03 2.267e+03 2.172e+03 2.083e+03 1.997e+03 1.881e+03 1.764e+03 1.672e+03 1.574e+03 1.467e+03 1.348e+03 1.242e+03 1.094e+03 1.002e+03 1.000e+03 1.000e+03 1.000e+03
12625.00 3.390e+03 3.363e+03 3.503e+03 3.447e+03 3.378e+03 3.314e+03 3.393e+03 3.324e+03 3.394e+03 3.289e+03 3.327e+03 3.240e+03 3.275e+03 3.203e+03 3.126e+03 3.188e+03 3.204e+03 3.200e+03 3.089e+03 3.095e+03 3.063e+03 3.035e+03 2.979e+03 2.938e+03 2.890e+03 2.848e+03 2.803e+03 2.750e+03 2.717e+03 2.686e+03 2.622e+03 2.543e+03 2.477e+03 2.412e+03 2.329e+03 2.230e+03 2.116e+03 1.948e+03 1.847e+03 1.757e+03 1.662e+03 1.540e+03 1.416e+03 1.249e+03 1.128e+03 1.010e+03 1.000e+03 1.000e+03 1.000e+03 1.000e+03
12875.00 3.458e+03 3.420e+03 3.381e+03 3.345e+03 3.465e+03 3.392e+03 3.339e+03 3.432e+03 3.350e+03 3.275e+03 3.322e+03 3.235e+03 3.267e+03 3.197e+03 3.225e+03 3.239e+03 3.150e+03 3.142e+03 3.119e+03 3.003e+03 2.987e+03 2.985e+03 2.954e+03 2.925e+03 2.883e+03 2.844e+03 2.790e+03 2.735e+03 2.687e+03 2.656e+03 2.576e+03 2.513e+03 2.539e+03 2.431e+03 2.434e+03 2.299e+03 2.159e+03 1.980e+03 1.865e+03 1.733e+03 1.614e+03 1.489e+03 1.370e+03 1.215e+03 1.086e+03 1.000e+03 1.000e+03 1.000e+03 1.000e+03 1.000e+03
13125.00 3.542e+03 3.483e+03 3.434e+03 3.392e+03 3.502e+03 3.419e+03 3.360e+03 3.296e+03 3.350e+03 3.277e+03 3.354e+03 3.257e+03 3.287e+03 3.215e+03 3.138e+03 3.173e+03 3.154e+03 3.148e+03 3.038e+03 3.048e+03 3.017e+03 2.979e+03 2.923e+03 2.919e+03 2.888e+03 2.858e+03 2.811e+03 2.763e+03 2.723e+03 2.652e+03 2.577e+03 2.610e+03 2.547e+03 2.472e+03 2.344e+03 2.201e+03 2.119e+03 2.028e+03 1.928e+03 1.794e+03 1.612e+03 1.449e+03 1.340e+03 1.192e+03 1.067e+03 1.000e+03 1.000e+03 1.000e+03 1.000e+03 1.000e+03
13375.00 3.504e+03 3.465e+03 3.416e+03 3.370e+03 3.420e+03 3.366e+03 3.452e+03 3.367e+03 3.298e+03 3.371e+03 3.277e+03 3.313e+03 3.325e+03 3.203e+03 3.257e+03 3.259e+03 3.160e+03 3.173e+03 3.083e+03 3.060e+03 3.023e+03 2.965e+03 2.922e+03 2.892e+03 2.880e+03 2.843e+03 2.750e+03 2.809e+03 2.751e+03 2.661e+03 2.563e+03 2.486e+03 2.533e+03 2.438e+03 2.294e+03 2.216e+03 2.035e+03 1.933e+03 1.775e+03 1.589e+03 1.445e+03 1.334e+03 1.229e+03 1.073e+03 1.000e+03 1.000e+03 1.000e+03 1.000e+03 1.000e+03 1.000e+03
13625.00 3.451e+03 3.431e+03 3.409e+03 3.309e+03 3.484e+03 3.417e+03 3.372e+03 3.314e+03 3.422e+03 3.338e+03 3.397e+03 3.282e+03 3.345e+03 3.226e+03 3.286e+03 3.192e+03 3.194e+03 3.080e+03 3.091e+03 2.980e+03 2.977e+03 2.997e+03 2.978e+03 2.937e+03 2.860e+03 2.843e+03 2.805e+03 2.724e+03 2.669e+03 2.709e+03 2.606e+03 2.483e+03 2.498e+03 2.415e+03 2.315e+03 2.191e+03 2.072e+03 1.893e+03 1.767e+03 1.624e+03 1.482e+03 1.371e+03 1.241e+03 1.110e+03 1.000e+03 1.000e+03 1.000e+03 1.000e+03 1.000e+03 1.000e+03
13875.00 3.478e+03 3.450e+03 3.426e+03 3.385e+03 3.427e+03 3.366e+03 3.239e+03 3.406e+03 3.317e+03 3.388e+03 3.279e+03 3.338e+03 3.266e+03 3.267e+03 3.304e+03 3.173e+03 3.217e+03 3.117e+03 3.075e+03 3.004e+03 2.950e+03 2.953e+03 2.901e+03 2.865e+03 2.840e+03 2.772e+03 2.733e+03 2.636e+03 2.583e+03 2.652e+03 2.434e+03 2.193e+03 2.098e+03 2.249e+03 2.134e+03 1.996e+03 2.094e+03 1.911e+03 1.784e+03 1.645e+03 1.493e+03 1.333e+03 1.185e+03 1.050e+03 1.000e+03 1.000e+03 1.000e+03 1.000e+03 1.000e+03 1.000e+03
14125.00 3.454e+03 3.429e+03 3.596e+03 3.503e+03 3.444e+03 3.382e+03 3.428e+03 3.362e+03 3.387e+03 3.322e+03 3.303e+03 3.325e+03 3.341e+03 3.222e+03 3.233e+03 3.216e+03 3.115e+03 3.127e+03 3.119e+03 2.970e+03 3.002e+03 3.003e+03 2.861e+03 2.828e+03 2.799e+03 2.687e+03 2.779e+03 2.705e+03 2.499e+03 2.539e+03 2.605e+03 2.536e+03 2.308e+03 2.242e+03 2.200e+03 2.097e+03 1.956e+03 1.822e+03 1.663e+03 1.485e+03 1.286e+03 1.132e+03 1.000e+03 1.000e+03 1.000e+03 1.000e+03 1.000e+03 1.000e+03 1.000e+03 1.000e+03
14375.00 3.474e+03 3.441e+03 3.505e+03 3.453e+03 3.390e+03 3.337e+03 3.423e+03 3.339e+03 3.438e+03 3.328e+03 3.409e+03 3.300e+03 3.329e+03 3.326e+03 3.193e+03 3.189e+03 3.153e+03 3.106e+03 3.055e+03 3.021e+03 2.987e+03 2.942e+03 2.904e+03 2.844e+03 2.825e+03 2.639e+03 2.671e+03 2.625e+03 2.423e+03 2.326e+03 2.346e+03 2.507e+03 2.365e+03 2.127e+03 1.956e+03 2.077e+03 1.928e+03 1.807e+03 1.692e+03 1.580e+03 1.455e+03 1.317e+03 1.194e+03 1.044e+03 1.000e+03 1.000e+03 1.000e+03 1.000e+03 1.000e+03 1.000e+03
14625.00 3.504e+03 3.474e+03 3.441e+03 3.403e+03 3.353e+03 3.439e+03 3.338e+03 3.477e+03 3.353e+03 3.235e+03 3.303e+03 3.329e+03 3.290e+03 3.250e+03 3.206e+03 3.217e+03 3.103e+03 3.135e+03 3.156e+03 3.037e+03 2.958e+03 2.949e+03 2.755e+03 2.695e+03 2.782e+03 2.740e+03 2.666e+03 2.578e+03 2.616e+03 2.548e+03 2.432e+03 2.339e+03 2.267e+03 2.190e+03 2.228e+03 2.153e+03 2.016e+03 1.834e+03 1.662e+03 1.511e+03 1.370e+03 1.226e+03 1.075e+03 1.000e+03 1.000e+03 1.000e+03 1.000e+03 1.000e+03 1.000e+03 1.000e+03
14875.00 3.504e+03 3.470e+03 3.422e+03 3.364e+03 3.490e+03 3.401e+03 3.334e+03 3.405e+03 3.360e+03 3.443e+03 3.315e+03 3.254e+03 3.091e+03 3.173e+03 3.066e+03 3.123e+03 3.012e+03 3.040e+03 2.998e+03 2.911e+03 2.828e+03 2.838e+03 2.638e+03 2.566e+03 2.504e+03 2.206e+03 2.086e+03 2.426e+03 2.620e+03 2.458e+03 2.356e+03 2.213e+03 2.069e+03 2.157e+03 1.941e+03 1.778e+03 1.701e+03 1.547e+03 1.452e+03 1.346e+03 1.231e+03 1.115e+03 1.007e+03 1.000e+03 1.000e+03 1.000e+03 1.000e+03 1.000e+03 1.000e+03 1.000e+03
15125.00 3.428e+03 3.476e+03 3.521e+03 3.454e+03 3.364e+03 3.434e+03 3.294e+03 3.378e+03 3.345e+03 3.467e+03 3.291e+03 3.205e+03 3.207e+03 3.081e+03 3.113e+03 3.000e+03 3.082e+03 3.037e+03 2.937e+03 2.933e+03 2.888e+03 2.770e+03 2.746e+03 2.688e+03 2.632e+03 2.541e+03 2.290e+03 2.299e+03 2.446e+03 2.238e+03 2.230e+03 1.993e+03 1.873e+03 1.818e+03 1.736e+03 1.679e+03 1.626e+03 1.454e+03 1.365e+03 1.271e+03 1.171e+03 1.053e+03 1.000e+03 1.000e+03 1.000e+03 1.000e+03 1.000e+03 1.000e+03 1.000e+03 1.000e+03
15375.00 3.438e+03 3.453e+03 3.360e+03 3.537e+03 3.464e+03 3.408e+03 3.338e+03 3.329e+03 3.402e+03 3.247e+03 3.280e+03 3.264e+03 3.306e+03 3.222e+03 3.161e+03 2.917e+03 2.870e+03 2.893e+03 2.902e+03 2.784e+03 2.760e+03 2.724e+03 2.717e+03 2.665e+03 2.427e+03 2.158e+03 2.449e+03 2.520e+03 2.463e+03 2.185e+03 2.017e+03 1.909e+03 2.050e+03 1.968e+03 1.861e+03 1.790e+03 1.647e+03 1.531e+03 1.420e+03 1.237e+03 1.077e+03 1.000e+03 1.000e+03 1.000e+03 1.000e+03 1.000e+03 1.000e+03 1.000e+03 1.000e+03 1.000e+03
15625.00 3.482e+03 3.454e+03 3.386e+03 3.276e+03 3.280e+03 3.411e+03 3.257e+03 3.427e+03 3.295e+03 3.208e+03 3.116e+03 3.279e+03 3.153e+03 3.041e+03 3.010e+03 2.905e+03 2.822e+03 2.977e+03 2.879e+03 2.821e+03 2.798e+03 2.743e+03 2.493e+03 2.511e+03 2.394e+03 2.321e+03 2.166e+03 2.070e+03 2.234e+03 2.087e+03 1.866e+03 1.686e+03 2.029e+03 1.895e+03 1.799e+03 1.715e+03 1.673e+03 1.495e+03 1.356e+03 1.000e+03 1.017e+03 1.000e+03 1.000e+03 1.000e+03 1.000e+03 1.000e+03 1.000e+03 1.000e+03 1.000e+03 1.000e+03
15875.00 3.382e+03 3.475e+03 3.344e+03 3.589e+03 3.467e+03 3.359e+03 3.313e+03 3.260e+03 3.305e+03 3.171e+03 3.220e+03 3.194e+03 3.177e+03 2.971e+03 2.902e+03 2.877e+03 2.913e+03 2.949e+03 2.873e+03 2.858e+03 2.661e+03 2.519e+03 2.296e+03 2.506e+03 2.372e+03 2.253e+03 1.998e+03 2.119e+03 1.863e+03 1.646e+03 1.745e+03 1.595e+03 1.557e+03 1.539e+03 1.474e+03 1.365e+03 1.320e+03 1.237e+03 1.200e+03 1.139e+03 1.063e+03 1.031e+03 1.000e+03 1.000e+03 1.000e+03 1.000e+03 1.000e+03 1.000e+03 1.000e+03 1.000e+03
16125.00 3.547e+03 3.468e+03 3.464e+03 3.464e+03 3.382e+03 3.553e+03 3.335e+03 3.209e+03 3.110e+03 3.194e+03 3.303e+03 3.208e+03 3.118e+03 3.012e+03 3.002e+03 2.857e+03 2.787e+03 2.776e+03 2.733e+03 2.683e+03 2.836e+03 2.783e+03 2.499e+03 2.235e+03 2.427e+03 2.177e+03 1.959e+03 1.802e+03 1.931e+03 2.054e+03 1.770e+03 1.657e+03 1.692e+03 1.554e+03 1.396e+03 1.311e+03 1.243e+03 1.158e+03 1.114e+03 1.036e+03 1.000e+03 1.000e+03 1.000e+03 1.000e+03 1.000e+03 1.000e+03 1.000e+03 1.000e+03 1.000e+03 1.000e+03
16375.00 3.479e+03 3.399e+03 3.297e+03 3.443e+03 3.380e+03 3.251e+03 3.256e+03 3.329e+03 3.391e+03 3.265e+03 3.044e+03 3.178e+03 3.018e+03 3.045e+03 2.942e+03 2.681e+03 2.511e+03 2.512e+03 2.511e+03 1.819e+03 2.505e+03 2.352e+03 2.307e+03 2.273e+03 2.074e+03 1.823e+03 1.637e+03 1.564e+03 1.507e+03 1.390e+03 1.295e+03 1.252e+03 1.588e+03 1.522e+03 1.413e+03 1.251e+03 1.148e+03 1.070e+03 1.029e+03 1.000e+03 1.001e+03 1.000e+03 1.000e+03 1.000e+03 1.000e+03 1.000e+03 1.000e+03 1.000e+03 1.000e+03 1.000e+03
16625.00 3.429e+03 3.312e+03 3.317e+03 3.205e+03 3.194e+03 3.516e+03 3.344e+03 3.247e+03 3.081e+03 3.120e+03 2.800e+03 2.814e+03 2.725e+03 2.717e+03 2.682e+03 2.689e+03 2.574e+03 2.492e+03 2.693e+03 2.554e+03 2.441e+03 2.172e+03 1.865e+03 1.756e+03 2.054e+03 1.845e+03 1.687e+03 1.615e+03 1.529e+03 1.649e+03 1.517e+03 1.415e+03 1.269e+03 1.176e+03 1.182e+03 1.139e+03 1.137e+03 1.124e+03 1.119e+03 1.032e+03 1.000e+03 1.000e+03 1.000e+03 1.000e+03 1.000e+03 1.000e+03 1.000e+03 1.000e+03 1.000e+03 1.000e+03
16875.00 3.325e+03 3.316e+03 3.403e+03 3.366e+03 3.271e+03 3.254e+03 3.261e+03 3.123e+03 3.062e+03 2.895e+03 3.199e+03 2.983e+03 2.768e+03 2.657e+03 2.694e+03 2.733e+03 2.586e+03 2.397e+03 2.772e+03 2.470e+03 2.221e+03 2.152e+03 1.954e+03 1.812e+03 1.737e+03 1.646e+03 1.509e+03 1.424e+03 1.267e+03 1.245e+03 1.228e+03 1.140e+03 1.047e+03 1.077e+03 1.070e+03 1.036e+03 1.025e+03 1.056e+03 1.025e+03 1.000e+03 1.000e+03 1.017e+03 1.010e+03 1.000e+03 1.000e+03 1.000e+03 1.000e+03 1.000e+03 1.000e+03 1.000e+03
17125.00 3.556e+03 3.294e+03 3.331e+03 2.356e+03 3.021e+03 2.939e+03 3.212e+03 3.095e+03 2.700e+03 3.070e+03 3.086e+03 2.907e+03 2.641e+03 2.670e+03 2.185e+03 1.968e+03 1.911e+03 2.324e+03 2.327e+03 1.974e+03 2.278e+03 2.015e+03 1.869e+03 1.784e+03 1.556e+03 1.345e+03 1.434e+03 1.324e+03 1.281e+03 1.206e+03 1.178e+03 1.113e+03 1.042e+03 1.020e+03 1.038e+03 1.000e+03 1.031e+03 1.031e+03 1.032e+03 1.000e+03 1.008e+03 1.000e+03 1.000e+03 1.000e+03 1.000e+03 1.000e+03 1.000e+03 1.000e+03 1.000e+03 1.000e+03
17375.00 3.376e+03 3.245e+03 3.372e+03 3.232e+03 3.215e+03 3.074e+03 3.172e+03 3.219e+03 3.211e+03 2.924e+03 2.935e+03 2.847e+03 2.745e+03 2.348e+03 1.963e+03 2.724e+03 2.508e+03 2.450e+03 1.372e+03 1.908e+03 2.418e+03 2.064e+03 1.382e+03 1.568e+03 1.482e+03 1.361e+03 1.251e+03 1.451e+03 1.357e+03 1.333e+03 1.310e+03 1.224e+03 1.178e+03 1.094e+03 1.032e+03 1.015e+03 1.069e+03 1.016e+03 1.000e+03 1.000e+03 1.000e+03 1.000e+03 1.000e+03 1.000e+03 1.000e+03 1.000e+03 1.000e+03 1.000e+03 1.000e+03 1.000e+03
17625.00 3.572e+03 3.412e+03 3.136e+03 2.936e+03 2.892e+03 2.931e+03 2.949e+03 2.990e+03 3.064e+03 2.908e+03 2.081e+03 2.467e+03 2.255e+03 2.493e+03 2.349e+03 2.623e+03 2.335e+03 2.205e+03 2.089e+03 1.990e+03 1.929e+03 1.843e+03 1.696e+03 1.595e+03 1.478e+03 1.369e+03 1.276e+03 1.252e+03 1.231e+03 1.114e+03 1.037e+03 1.093e+03 1.039e+03 1.075e+03 1.018e+03 1.017e+03 1.052e+03 1.046e+03 1.037e+03 1.000e+03 1.000e+03 1.000e+03 1.000e+03 1.000e+03 1.000e+03 1.000e+03 1.000e+03 1.000e+03 1.000e+03 1.000e+03
17875.00 3.040e+03 3.267e+03 3.209e+03 3.046e+03 3.015e+03 2.787e+03 2.458e+03 2.957e+03 2.754e+03 2.869e+03 2.261e+03 2.123e+03 2.091e+03 2.713e+03 1.385e+03 1.335e+03 1.265e+03 1.194e+03 1.214e+03 1.616e+03 1.455e+03 1.415e+03 1.394e+03 1.381e+03 1.278e+03 1.265e+03 1.250e+03 1.179e+03 1.107e+03 1.068e+03 1.000e+03 1.036e+03 1.037e+03 1.038e+03 1.030e+03 1.008e+03 1.065e+03 1.000e+03 1.016e+03 1.012e+03 1.000e+03 1.000e+03 1.000e+03 1.000e+03 1.000e+03 1.000e+03 1.000e+03 1.000e+03 1.000e+03 1.000e+03
18125.00 3.231e+03 3.127e+03 2.964e+03 3.140e+03 3.248e+03 3.213e+03 2.588e+03 2.379e+03 2.186e+03 2.094e+03 1.966e+03 2.208e+03 2.202e+03 1.958e+03 1.713e+03 2.509e+03 2.210e+03 1.814e+03 1.588e+03 1.359e+03 1.283e+03 1.516e+03 1.482e+03 1.317e+03 1.158e+03 1.042e+03 1.015e+03 1.015e+03 1.018e+03 1.038e+03 1.027e+03 1.000e+03 1.000e+03 1.021e+03 1.006e+03 1.006e+03 1.008e+03 1.000e+03 1.009e+03 1.000e+03 1.000e+03 1.000e+03 1.000e+03 1.000e+03 1.000e+03 1.000e+03 1.000e+03 1.000e+03 1.000e+03 1.000e+03
18375.00 2.980e+03 2.734e+03 2.641e+03 3.333e+03 3.069e+03 2.691e+03 2.380e+03 2.114e+03 2.429e+03 2.412e+03 2.070e+03 1.729e+03 1.590e+03 1.492e+03 1.503e+03 1.466e+03 1.321e+03 1.269e+03 1.279e+03 1.255e+03 1.155e+03 1.057e+03 1.062e+03 1.000e+03 1.029e+03 1.054e+03 1.033e+03 1.000e+03 1.000e+03 1.034e+03 1.036e+03 1.000e+03 1.000e+03 1.001e+03 1.000e+03 1.000e+03 1.000e+03 1.005e+03 1.000e+03 1.000e+03 1.000e+03 1.000e+03 1.000e+03 1.000e+03 1.000e+03 1.000e+03 1.000e+03 1.000e+03 1.000e+03 1.000e+03
18625.00 3.071e+03 2.863e+03 2.804e+03 2.607e+03 2.661e+03 2.943e+03 2.525e+03 2.598e+03 2.595e+03 2.640e+03 2.663e+03 1.647e+03 1.561e+03 1.474e+03 2.246e+03 1.408e+03 1.229e+03 1.182e+03 1.216e+03 1.170e+03 1.198e+03 1.220e+03 1.158e+03 1.100e+03 1.000e+03 1.025e+03 1.032e+03 1.061e+03 1.021e+03 1.018e+03 1.039e+03 1.020e+03 1.000e+03 1.030e+03 1.000e+03 1.038e+03 1.000e+03 1.000e+03 1.027e+03 1.000e+03 1.000e+03 1.000e+03 1.000e+03 1.000e+03 1.000e+03 1.000e+03 1.000e+03 1.000e+03 1.000e+03 1.000e+03
18875.00 3.220e+03 2.305e+03 2.956e+03 3.069e+03 2.924e+03 2.549e+03 2.244e+03 2.249e+03 2.459e+03 2.577e+03 2.207e+03 1.941e+03 1.627e+03 1.437e+03 1.229e+03 1.413e+03 1.429e+03 1.303e+03 1.211e+03 1.090e+03 1.092e+03 1.326e+03 1.211e+03 1.128e+03 1.066e+03 1.026e+03 1.018e+03 1.012e+03 1.000e+03 1.017e+03 1.000e+03 1.016e+03 1.000e+03 1.015e+03 1.029e+03 1.000e+03 1.000e+03 1.029e+03 1.000e+03 1.000e+03 1.000e+03 1.000e+03 1.000e+03 1.000e+03 1.000e+03 1.000e+03 1.000e+03 1.000e+03 1.000e+03 1.000e+03
19125.00 2.864e+03 2.497e+03 2.185e+03 2.119e+03 2.118e+03 1.786e+03 1.874e+03 2.408e+03 2.399e+03 2.337e+03 2.062e+03 1.765e+03 1.650e+03 1.538e+03 1.423e+03 1.711e+03 1.245e+03 1.167e+03 1.116e+03 1.338e+03 1.000e+03 1.109e+03 1.000e+03 1.019e+03 1.029e+03 1.001e+03 1.016e+03 1.000e+03 1.025e+03 1.000e+03 1.000e+03 1.004e+03 1.000e+03 1.000e+03 1.000e+03 1.000e+03 1.000e+03 1.000e+03 1.000e+03 1.000e+03 1.000e+03 1.000e+03 1.000e+03 1.000e+03 1.000e+03 1.000e+03 1.000e+03 1.000e+03 1.000e+03 1.000e+03
19375.00 2.973e+03 2.642e+03 2.179e+03 2.668e+03 2.548e+03 2.680e+03 2.470e+03 1.638e+03 2.447e+03 2.497e+03 2.038e+03 1.804e+03 1.225e+03 1.071e+03 1.016e+03 1.017e+03 1.021e+03 1.301e+03 1.044e+03 1.101e+03 1.084e+03 1.000e+03 1.002e+03 1.000e+03 1.041e+03 1.000e+03 1.000e+03 1.000e+03 1.012e+03 1.000e+03 1.000e+03 1.000e+03 1.000e+03 1.000e+03 1.000e+03 1.000e+03 1.000e+03 1.000e+03 1.000e+03 1.000e+03 1.000e+03 1.000e+03 1.000e+03 1.000e+03 1.000e+03 1.000e+03 1.000e+03 1.000e+03 1.000e+03 1.000e+03
19625.00 1.923e+03 1.653e+03 2.659e+03 1.319e+03 1.263e+03 1.274e+03 1.216e+03 1.163e+03 1.160e+03 1.179e+03 1.180e+03 1.573e+03 1.499e+03 1.383e+03 1.357e+03 1.263e+03 1.000e+03 1.000e+03 1.000e+03 1.025e+03 1.000e+03 1.010e+03 1.000e+03 1.000e+03 1.000e+03 1.000e+03 1.001e+03 1.000e+03 1.000e+03 1.000e+03 1.000e+03 1.000e+03 1.000e+03 1.000e+03 1.000e+03 1.000e+03 1.000e+03 1.000e+03 1.000e+03 1.000e+03 1.000e+03 1.000e+03 1.000e+03 1.000e+03 1.000e+03 1.000e+03 1.000e+03 1.000e+03 1.000e+03 1.000e+03
19875.00 3.129e+03 2.108e+03 1.968e+03 1.441e+03 1.276e+03 1.589e+03 1.680e+03 1.705e+03 1.323e+03 2.075e+03 1.090e+03 1.572e+03 1.460e+03 1.032e+03 1.059e+03 1.000e+03 1.017e+03 1.000e+03 1.000e+03 1.000e+03 1.044e+03 1.024e+03 1.000e+03 1.000e+03 1.004e+03 1.000e+03 1.000e+03 1.000e+03 1.005e+03 1.000e+03 1.000e+03 1.000e+03 1.000e+03 1.000e+03 1.000e+03 1.000e+03 1.000e+03 1.000e+03 1.000e+03 1.000e+03 1.000e+03 1.000e+03 1.000e+03 1.000e+03 1.000e+03 1.000e+03 1.000e+03 1.000e+03 1.000e+03 1.000e+03
20125.00 3.131e+03 2.996e+03 2.872e+03 1.516e+03 1.437e+03 1.408e+03 1.972e+03 1.762e+03 1.808e+03 1.094e+03 1.000e+03 1.464e+03 1.416e+03 1.021e+03 1.060e+03 1.000e+03 1.000e+03 1.000e+03 1.005e+03 1.000e+03 1.000e+03 1.000e+03 1.000e+03 1.000e+03 1.008e+03 1.000e+03 1.000e+03 1.000e+03 1.000e+03 1.000e+03 1.000e+03 1.000e+03 1.000e+03 1.000e+03 1.000e+03 1.000e+03 1.000e+03 1.000e+03 1.000e+03 1.000e+03 1.000e+03 1.000e+03 1.000e+03 1.000e+03 1.000e+03 1.000e+03 1.000e+03 1.000e+03 1.000e+03 1.000e+03
20375.00 2.818e+03 2.383e+03 2.614e+03 2.272e+03 1.454e+03 1.482e+03 1.545e+03 1.434e+03 1.465e+03 1.311e+03 1.174e+03 1.127e+03 1.141e+03 1.085e+03 1.000e+03 1.000e+03 1.095e+03 1.000e+03 1.000e+03 1.000e+03 1.000e+03 1.000e+03 1.000e+03 1.000e+03 1.000e+03 1.000e+03 1.000e+03 1.000e+03 1.000e+03 1.000e+03 1.000e+03 1.000e+03 1.000e+03 1.000e+03 1.000e+03 1.000e+03 1.000e+03 1.000e+03 1.000e+03 1.000e+03 1.000e+03 1.000e+03 1.000e+03 1.000e+03 1.000e+03 1.000e+03 1.000e+03 1.000e+03 1.000e+03 1.000e+03
20625.00 1.514e+03 1.539e+03 2.163e+03 1.834e+03 1.643e+03 1.331e+03 1.026e+03 1.025e+03 1.021e+03 1.038e+03 1.457e+03 1.393e+03 1.289e+03 1.137e+03 1.013e+03 1.099e+03 1.023e+03 1.000e+03 1.000e+03 1.000e+03 1.000e+03 1.000e+03 1.000e+03 1.012e+03 1.000e+03 1.000e+03 1.000e+03 1.000e+03 1.000e+03 1.000e+03 1.000e+03 1.000e+03 1.000e+03 1.000e+03 1.000e+03 1.000e+03 1.000e+03 1.000e+03 1.000e+03 1.000e+03 1.000e+03 1.000e+03 1.000e+03 1.000e+03 1.000e+03 1.000e+03 1.000e+03 1.000e+03 1.000e+03 1.000e+03
20875.00 2.654e+03 1.158e+03 2.298e+03 2.128e+03 1.544e+03 1.499e+03 1.180e+03 1.082e+03 1.828e+03 1.088e+03 1.143e+03 1.112e+03 1.000e+03 1.005e+03 1.000e+03 1.060e+03 1.033e+03 1.000e+03 1.000e+03 1.000e+03 1.000e+03 1.000e+03 1.000e+03 1.000e+03 1.000e+03 1.000e+03 1.000e+03 1.000e+03 1.000e+03 1.000e+03 1.000e+03 1.000e+03 1.000e+03 1.000e+03 1.000e+03 1.000e+03 1.000e+03 1.000e+03 1.000e+03 1.000e+03 1.000e+03 1.000e+03 1.000e+03 1.000e+03 1.000e+03 1.000e+03 1.000e+03 1.000e+03 1.000e+03 1.000e+03
21125.00 1.257e+03 1.249e+03 1.239e+03 1.654e+03 1.291e+03 1.417e+03 1.125e+03 1.061e+03 1.038e+03 1.110e+03 1.035e+03 1.074e+03 1.000e+03 1.023e+03 1.000e+03 1.000e+03 1.000e+03 1.000e+03 1.000e+03 1.000e+03 1.000e+03 1.000e+03 1.000e+03 1.000e+03 1.000e+03 1.000e+03 1.000e+03 1.000e+03 1.000e+03 1.000e+03 1.000e+03 1.000e+03 1.000e+03 1.000e+03 1.000e+03 1.000e+03 1.000e+03 1.000e+03 1.000e+03 1.000e+03 1.000e+03 1.000e+03 1.000e+03 1.000e+03 1.000e+03 1.000e+03 1.000e+03 1.000e+03 1.000e+03 1.000e+03
21375.00 1.371e+03 1.346e+03 1.128e+03 1.051e+03 1.154e+03 1.080e+03 1.000e+03 1.035e+03 1.000e+03 1.020e+03 1.000e+03 1.026e+03 1.000e+03 1.012e+03 1.060e+03 1.000e+03 1.001e+03 1.000e+03 1.000e+03 1.000e+03 1.000e+03 1.000e+03 1.000e+03 1.000e+03 1.000e+03 1.000e+03 1.000e+03 1.000e+03 1.000e+03 1.000e+03 1.000e+03 1.000e+03 1.000e+03 1.000e+03 1.000e+03 1.000e+03 1.000e+03 1.000e+03 1.000e+03 1.000e+03 1.000e+03 1.000e+03 1.000e+03 1.000e+03 1.000e+03 1.000e+03 1.000e+03 1.000e+03 1.000e+03 1.000e+03
21625.00 1.054e+03 1.063e+03 1.031e+03 1.623e+03 1.445e+03 1.216e+03 1.039e+03 1.026e+03 1.000e+03 1.068e+03 1.000e+03 1.000e+03 1.000e+03 1.000e+03 1.000e+03 1.000e+03 1.000e+03 1.000e+03 1.000e+03 1.000e+03 1.000e+03 1.000e+03 1.000e+03 1.000e+03 1.000e+03 1.000e+03 1.000e+03 1.000e+03 1.000e+03 1.000e+03 1.000e+03 1.000e+03 1.000e+03 1.000e+03 1.000e+03 1.000e+03 1.000e+03 1.000e+03 1.000e+03 1.000e+03 1.000e+03 1.000e+03 1.000e+03 1.000e+03 1.000e+03 1.000e+03 1.000e+03 1.000e+03 1.000e+03 1.000e+03
21875.00 1.041e+03 1.108e+03 1.023e+03 1.230e+03 1.072e+03 1.036e+03 1.049e+03 1.000e+03 1.098e+03 1.010e+03 1.000e+03 1.000e+03 1.000e+03 1.000e+03 1.000e+03 1.000e+03 1.000e+03 1.000e+03 1.000e+03 1.000e+03 1.000e+03 1.000e+03 1.000e+03 1.000e+03 1.000e+03 1.000e+03 1.000e+03 1.000e+03 1.000e+03 1.000e+03 1.000e+03 1.000e+03 1.000e+03 1.000e+03 1.000e+03 1.000e+03 1.000e+03 1.000e+03 1.000e+03 1.000e+03 1.000e+03 1.000e+03 1.000e+03 1.000e+03 1.000e+03 1.000e+03 1.000e+03 1.000e+03 1.000e+03 1.000e+03
22125.00 1.036e+03 1.032e+03 1.000e+03 1.120e+03 1.000e+03 1.000e+03 1.000e+03 1.043e+03 1.000e+03 1.000e+03 1.000e+03 1.000e+03 1.000e+03 1.003e+03 1.000e+03 1.000e+03 1.000e+03 1.000e+03 1.000e+03 1.000e+03 1.000e+03 1.000e+03 1.000e+03 1.000e+03 1.000e+03 1.000e+03 1.000e+03 1.000e+03 1.000e+03 1.000e+03 1.000e+03 1.000e+03 1.000e+03 1.000e+03 1.000e+03 1.000e+03 1.000e+03 1.000e+03 1.000e+03 1.000e+03 1.000e+03 1.000e+03 1.000e+03 1.000e+03 1.000e+03 1.000e+03 1.000e+03 1.000e+03 1.000e+03 1.000e+03
22375.00 1.000e+03 1.240e+03 1.195e+03 1.023e+03 1.030e+03 1.000e+03 1.000e+03 1.058e+03 1.000e+03 1.000e+03 1.000e+03 1.001e+03 1.000e+03 1.006e+03 1.000e+03 1.000e+03 1.000e+03 1.000e+03 1.000e+03 1.000e+03 1.000e+03 1.000e+03 1.000e+03 1.000e+03 1.000e+03 1.000e+03 1.000e+03 1.000e+03 1.000e+03 1.000e+03 1.000e+03 1.000e+03 1.000e+03 1.000e+03 1.000e+03 1.000e+03 1.000e+03 1.000e+03 1.000e+03 1.000e+03 1.000e+03 1.000e+03 1.000e+03 1.000e+03 1.000e+03 1.000e+03 1.000e+03 1.000e+03 1.000e+03 1.000e+03
22625.00 1.091e+03 1.000e+03 1.000e+03 1.000e+03 1.045e+03 1.145e+03 1.107e+03 1.033e+03 1.000e+03 1.000e+03 1.000e+03 1.000e+03 1.000e+03 1.000e+03 1.000e+03 1.000e+03 1.000e+03 1.000e+03 1.000e+03 1.000e+03 1.000e+03 1.000e+03 1.000e+03 1.000e+03 1.000e+03 1.000e+03 1.000e+03 1.000e+03 1.000e+03 1.000e+03 1.000e+03 1.000e+03 1.000e+03 1.000e+03 1.000e+03 1.000e+03 1.000e+03 1.000e+03 1.000e+03 1.000e+03 1.000e+03 1.000e+03 1.000e+03 1.000e+03 1.000e+03 1.000e+03 1.000e+03 1.000e+03 1.000e+03 1.000e+03
22875.00 1.001e+03 1.010e+03 1.000e+03 1.043e+03 1.008e+03 1.000e+03 1.000e+03 1.000e+03 1.000e+03 1.000e+03 1.000e+03 1.000e+03 1.033e+03 1.000e+03 1.000e+03 1.000e+03 1.000e+03 1.000e+03 1.000e+03 1.000e+03 1.000e+03 1.000e+03 1.000e+03 1.000e+03 1.000e+03 1.000e+03 1.000e+03 1.000e+03 1.000e+03 1.000e+03 1.000e+03 1.000e+03 1.000e+03 1.000e+03 1.000e+03 1.000e+03 1.000e+03 1.000e+03 1.000e+03 1.000e+03 1.000e+03 1.000e+03 1.000e+03 1.000e+03 1.000e+03 1.000e+03 1.000e+03 1.000e+03 1.000e+03 1.000e+03
23125.00 1.006e+03 1.000e+03 1.030e+03 1.000e+03 1.032e+03 1.000e+03 1.040e+03 1.000e+03 1.000e+03 1.000e+03 1.000e+03 1.000e+03 1.000e+03 1.000e+03 1.000e+03 1.000e+03 1.000e+03 1.000e+03 1.000e+03 1.000e+03 1.000e+03 1.000e+03 1.000e+03 1.000e+03 1.000e+03 1.000e+03 1.000e+03 1.000e+03 1.000e+03 1.000e+03 1.000e+03 1.000e+03 1.000e+03 1.000e+03 1.000e+03 1.000e+03 1.000e+03 1.000e+03 1.000e+03 1.000e+03 1.000e+03 1.000e+03 1.000e+03 1.000e+03 1.000e+03 1.000e+03 1.000e+03 1.000e+03 1.000e+03 1.000e+03
23375.00 1.019e+03 1.181e+03 1.123e+03 1.000e+03 1.036e+03 1.000e+03 1.000e+03 1.000e+03 1.000e+03 1.000e+03 1.000e+03 1.000e+03 1.000e+03 1.000e+03 1.000e+03 1.000e+03 1.000e+03 1.000e+03 1.000e+03 1.000e+03 1.000e+03 1.000e+03 1.000e+03 1.000e+03 1.000e+03 1.000e+03 1.000e+03 1.000e+03 1.000e+03 1.000e+03 1.000e+03 1.000e+03 1.000e+03 1.000e+03 1.000e+03 1.000e+03 1.000e+03 1.000e+03 1.000e+03 1.000e+03 1.000e+03 1.000e+03 1.000e+03 1.000e+03 1.000e+03 1.000e+03 1.000e+03 1.000e+03 1.000e+03 1.000e+03
23625.00 1.000e+03 1.167e+03 1.087e+03 1.028e+03 1.004e+03 1.000e+03 1.000e+03 1.000e+03 1.000e+03 1.000e+03 1.000e+03 1.000e+03 1.000e+03 1.000e+03 1.000e+03 1.000e+03 1.000e+03 1.000e+03 1.000e+03 1.000e+03 1.000e+03 1.000e+03 1.000e+03 1.000e+03 1.000e+03 1.000e+03 1.000e+03 1.000e+03 1.000e+03 1.000e+03 1.000e+03 1.000e+03 1.000e+03 1.000e+03 1.000e+03 1.000e+03 1.000e+03 1.000e+03 1.000e+03 1.000e+03 1.000e+03 1.000e+03 1.000e+03 1.000e+03 1.000e+03 1.000e+03 1.000e+03 1.000e+03 1.000e+03 1.000e+03
23875.00 1.071e+03 1.000e+03 1.031e+03 1.000e+03 1.000e+03 1.000e+03 1.000e+03 1.000e+03 1.000e+03 1.000e+03 1.000e+03 1.000e+03 1.000e+03 1.000e+03 1.000e+03 1.000e+03 1.000e+03 1.000e+03 1.000e+03 1.000e+03 1.000e+03 1.000e+03 1.000e+03 1.000e+03 1.000e+03 1.000e+03 1.000e+03 1.000e+03 1.000e+03 1.000e+03 1.000e+03 1.000e+03 1.000e+03 1.000e+03 1.000e+03 1.000e+03 1.000e+03 1.000e+03 1.000e+03 1.000e+03 1.000e+03 1.000e+03 1.000e+03 1.000e+03 1.000e+03 1.000e+03 1.000e+03 1.000e+03 1.000e+03 1.000e+03
24125.00 1.000e+03 1.000e+03 1.005e+03 1.000e+03 1.000e+03 1.000e+03 1.000e+03 1.000e+03 1.000e+03 1.000e+03 1.000e+03 1.000e+03 1.000e+03 1.000e+03 1.000e+03 1.000e+03 1.000e+03 1.000e+03 1.000e+03 1.000e+03 1.000e+03 1.000e+03 1.000e+03 1.000e+03 1.000e+03 1.000e+03 1.000e+03 1.000e+03 1.000e+03 1.000e+03 1.000e+03 1.000e+03 1.000e+03 1.000e+03 1.000e+03 1.000e+03 1.000e+03 1.000e+03 1.000e+03 1.000e+03 1.000e+03 1.000e+03 1.000e+03 1.000e+03 1.000e+03 1.000e+03 1.000e+03 1.000e+03 1.000e+03 1.000e+03
24375.00 1.000e+03 1.000e+03 1.000e+03 1.000e+03 1.000e+03 1.000e+03 1.000e+03 1.000e+03 1.000e+03 1.000e+03 1.000e+03 1.000e+03 1.000e+03 1.000e+03 1.000e+03 1.000e+03 1.000e+03 1.000e+03 1.000e+03 1.000e+03 1.000e+03 1.000e+03 1.000e+03 1.000e+03 1.000e+03 1.000e+03 1.000e+03 1.000e+03 1.000e+03 1.000e+03 1.000e+03 1.000e+03 1.000e+03 1.000e+03 1.000e+03 1.000e+03 1.000e+03 1.000e+03 1.000e+03 1.000e+03 1.000e+03 1.000e+03 1.000e+03 1.000e+03 1.000e+03 1.000e+03 1.000e+03 1.000e+03 1.000e+03 1.000e+03
24625.00 1.000e+03 1.000e+03 1.000e+03 1.000e+03 1.000e+03 1.000e+03 1.000e+03 1.000e+03 1.000e+03 1.000e+03 1.000e+03 1.000e+03 1.000e+03 1.000e+03 1.000e+03 1.000e+03 1.000e+03 1.000e+03 1.000e+03 1.000e+03 1.000e+03 1.000e+03 1.000e+03 1.000e+03 1.000e+03 1.000e+03 1.000e+03 1.000e+03 1.000e+03 1.000e+03 1.000e+03 1.000e+03 1.000e+03 1.000e+03 1.000e+03 1.000e+03 1.000e+03 1.000e+03 1.000e+03 1.000e+03 1.000e+03 1.000e+03 1.000e+03 1.000e+03 1.000e+03 1.000e+03 1.000e+03 1.000e+03 1.000e+03 1.000e+03
24875.00 1.022e+03 1.000e+03 1.000e+03 1.000e+03 1.000e+03 1.000e+03 1.000e+03 1.000e+03 1.000e+03 1.000e+03 1.000e+03 1.000e+03 1.000e+03 1.000e+03 1.000e+03 1.000e+03 1.000e+03 1.000e+03 1.000e+03 1.000e+03 1.000e+03 1.000e+03 1.000e+03 1.000e+03 1.000e+03 1.000e+03 1.000e+03 1.000e+03 1.000e+03 1.000e+03 1.000e+03 1.000e+03 1.000e+03 1.000e+03 1.000e+03 1.000e+03 1.000e+03 1.000e+03 1.000e+03 1.000e+03 1.000e+03 1.000e+03 1.000e+03 1.000e+03 1.000e+03 1.000e+03 1.000e+03 1.000e+03 1.000e+03 1.000e+03
25125.00 1.000e+03 1.000e+03 1.000e+03 1.000e+03 1.000e+03 1.000e+03 1.000e+03 1.000e+03 1.000e+03 1.000e+03 1.000e+03 1.000e+03 1.000e+03 1.000e+03 1.000e+03 1.000e+03 1.000e+03 1.000e+03 1.000e+03 1.000e+03 1.000e+03 1.000e+03 1.000e+03 1.000e+03 1.000e+03 1.000e+03 1.000e+03 1.000e+03 1.000e+03 1.000e+03 1.000e+03 1.000e+03 1.000e+03 1.000e+03 1.000e+03 1.000e+03 1.000e+03 1.000e+03 1.000e+03 1.000e+03 1.000e+03 1.000e+03 1.000e+03 1.000e+03 1.000e+03 1.000e+03 1.000e+03 1.000e+03 1.000e+03 1.000e+03
25375.00 1.000e+03 1.000e+03 1.000e+03 1.000e+03 1.000e+03 1.000e+03 1.000e+03 1.000e+03 1.000e+03 1.000e+03 1.000e+03 1.000e+03 1.000e+03 1.000e+03 1.000e+03 1.000e+03 1.000e+03 1.000e+03 1.000e+03 1.000e+03 1.000e+03 1.000e+03 1.000e+03 1.000e+03 1.000e+03 1.000e+03 1.000e+03 1.000e+03 1.000e+03 1.000e+03 1.000e+03 1.000e+03 1.000e+03 1.000e+03 1.000e+03 1.000e+03 1.000e+03 1.000e+03 1.000e+03 1.000e+03 1.000e+03 1.000e+03 1.000e+03 1.000e+03 1.000e+03 1.000e+03 1.000e+03 1.000e+03 1.000e+03 1.000e+03
25625.00 1.000e+03 1.000e+03 1.000e+03 1.000e+03 1.022e+03 1.000e+03 1.000e+03 1.000e+03 1.000e+03 1.000e+03 1.000e+03 1.000e+03 1.000e+03 1.000e+03 1.000e+03 1.000e+03 1.000e+03 1.000e+03 1.000e+03 1.000e+03 1.000e+03 1.000e+03 1.000e+03 1.000e+03 1.000e+03 1.000e+03 1.000e+03 1.000e+03 1.000e+03 1.000e+03 1.000e+03 1.000e+03 1.000e+03 1.000e+03 1.000e+03 1.000e+03 1.000e+03 1.000e+03 1.000e+03 1.000e+03 1.000e+03 1.000e+03 1.000e+03 1.000e+03 1.000e+03 1.000e+03 1.000e+03 1.000e+03 1.000e+03 1.000e+03
25875.00 1.000e+03 1.000e+03 1.000e+03 1.000e+03 1.000e+03 1.000e+03 1.000e+03 1.000e+03 1.000e+03 1.000e+03 1.000e+03 1.000e+03 1.000e+03 1.000e+03 1.000e+03 1.000e+03 1.000e+03 1.000e+03 1.000e+03 1.000e+03 1.000e+03 1.000e+03 1.000e+03 1.000e+03 1.000e+03 1.000e+03 1.000e+03 1.000e+03 1.000e+03 1.000e+03 1.000e+03 1.000e+03 1.000e+03 1.000e+03 1.000e+03 1.000e+03 1.000e+03 1.000e+03 1.000e+03 1.000e+03 1.000e+03 1.000e+03 1.000e+03 1.000e+03 1.000e+03 1.000e+03 1.000e+03 1.000e+03 1.000e+03 1.000e+03
26125.00 1.000e+03 1.000e+03 1.000e+03 1.000e+03 1.000e+03 1.000e+03 1.000e+03 1.000e+03 1.000e+03 1.000e+03 1.000e+03 1.000e+03 1.000e+03 1.000e+03 1.000e+03 1.000e+03 1.000e+03 1.000e+03 1.000e+03 1.000e+03 1.000e+03 1.000e+03 1.000e+03 1.000e+03 1.000e+03 1.000e+03 1.000e+03 1.000e+03 1.000e+03 1.000e+03 1.000e+03 1.000e+03 1.000e+03 1.000e+03 1.000e+03 1.000e+03 1.000e+03 1.000e+03 1.000e+03 1.000e+03 1.000e+03 1.000e+03 1.000e+03 1.000e+03 1.000e+03 1.000e+03 1.000e+03 1.000e+03 1.000e+03 1.000e+03
26375.00 1.000e+03 1.000e+03 1.000e+03 1.000e+03 1.000e+03 1.000e+03 1.000e+03 1.000e+03 1.000e+03 1.000e+03 1.000e+03 1.000e+03 1.000e+03 1.000e+03 1.000e+03 1.000e+03 1.000e+03 1.000e+03 1.000e+03 1.000e+03 1.000e+03 1.000e+03 1.000e+03 1.000e+03 1.000e+03 1.000e+03 1.000e+03 1.000e+03 1.000e+03 1.000e+03 1.000e+03 1.000e+03 1.000e+03 1.000e+03 1.000e+03 1.000e+03 1.000e+03 1.000e+03 1.000e+03 1.000e+03 1.000e+03 1.000e+03 1.000e+03 1.000e+03 1.000e+03 1.000e+03 1.000e+03 1.000e+03 1.000e+03 1.000e+03
26625.00 1.000e+03 1.000e+03 1.000e+03 1.000e+03 1.000e+03 1.000e+03 1.000e+03 1.000e+03 1.000e+03 1.000e+03 1.000e+03 1.000e+03 1.000e+03 1.000e+03 1.000e+03 1.000e+03 1.000e+03 1.000e+03 1.000e+03 1.000e+03 1.000e+03 1.000e+03 1.000e+03 1.000e+03 1.000e+03 1.000e+03 1.000e+03 1.000e+03 1.000e+03 1.000e+03 1.000e+03 1.000e+03 1.000e+03 1.000e+03 1.000e+03 1.000e+03 1.000e+03 1.000e+03 1.000e+03 1.000e+03 1.000e+03 1.000e+03 1.000e+03 1.000e+03 1.000e+03 1.000e+03 1.000e+03 1.000e+03 1.000e+03 1.000e+03
26875.00 1.000e+03 1.000e+03 1.000e+03 1.000e+03 1.000e+03 1.000e+03 1.000e+03 1.000e+03 1.000e+03 1.000e+03 1.000e+03 1.000e+03 1.000e+03 1.000e+03 1.000e+03 1.000e+03 1.000e+03 1.000e+03 1.000e+03 1.000e+03 1.000e+03 1.000e+03 1.000e+03 1.000e+03 1.000e+03 1.000e+03 1.000e+03 1.000e+03 1.000e+03 1.000e+03 1.000e+03 1.000e+03 1.000e+03 1.000e+03 1.000e+03 1.000e+03 1.000e+03 1.000e+03 1.000e+03 1.000e+03 1.000e+03 1.000e+03 1.000e+03 1.000e+03 1.000e+03 1.000e+03 1.000e+03 1.000e+03 1.000e+03 1.000e+03
27125.00 1.000e+03 1.000e+03 1.000e+03 1.000e+03 1.000e+03 1.000e+03 1.000e+03 1.000e+03 1.000e+03 1.000e+03 1.000e+03 1.000e+03 1.000e+03 1.000e+03 1.000e+03 1.000e+03 1.000e+03 1.000e+03 1.000e+03 1.000e+03 1.000e+03 1.000e+03 1.000e+03 1.000e+03 1.000e+03 1.000e+03 1.000e+03 1.000e+03 1.000e+03 1.000e+03 1.000e+03 1.000e+03 1.000e+03 1.000e+03 1.000e+03 1.000e+03 1.000e+03 1.000e+03 1.000e+03 1.000e+03 1.000e+03 1.000e+03 1.000e+03 1.000e+03 1.000e+03 1.000e+03 1.000e+03 1.000e+03 1.000e+03 1.000e+03
27375.00 1.000e+03 1.000e+03 1.000e+03 1.000e+03 1.000e+03 1.000e+03 1.000e+03 1.000e+03 1.000e+03 1.000e+03 1.000e+03 1.000e+03 1.000e+03 1.000e+03 1.000e+03 1.000e+03 1.000e+03 1.000e+03 1.000e+03 1.000e+03 1.000e+03 1.000e+03 1.000e+03 1.000e+03 1.000e+03 1.000e+03 1.000e+03 1.000e+03 1.000e+03 1.000e+03 1.000e+03 1.000e+03 1.000e+03 1.000e+03 1.000e+03 1.000e+03 1.000e+03 1.000e+03 1.000e+03 1.000e+03 1.000e+03 1.000e+03 1.000e+03 1.000e+03 1.000e+03 1.000e+03 1.000e+03 1.000e+03 1.000e+03 1.000e+03
27625.00 1.000e+03 1.000e+03 1.000e+03 1.000e+03 1.000e+03 1.000e+03 1.000e+03 1.000e+03 1.000e+03 1.000e+03 1.000e+03 1.000e+03 1.000e+03 1.000e+03 1.000e+03 1.000e+03 1.000e+03 1.000e+03 1.000e+03 1.000e+03 1.000e+03 1.000e+03 1.000e+03 1.000e+03 1.000e+03 1.000e+03 1.000e+03 1.000e+03 1.000e+03 1.000e+03 1.000e+03 1.000e+03 1.000e+03 1.000e+03 1.000e+03 1.000e+03 1.000e+03 1.000e+03 1.000e+03 1.000e+03 1.000e+03 1.000e+03 1.000e+03 1.000e+03 1.000e+03 1.000e+03 1.000e+03 1.000e+03 1.000e+03 1.000e+03
27875.00 1.000e+03 1.000e+03 1.000e+03 1.000e+03 1.000e+03 1.000e+03 1.000e+03 1.000e+03 1.000e+03 1.000e+03 1.000e+03 1.000e+03 1.000e+03 1.000e+03 1.000e+03 1.000e+03 1.000e+03 1.000e+03 1.000e+03 1.000e+03 1.000e+03 1.000e+03 1.000e+03 1.000e+03 1.000e+03 1.000e+03 1.000e+03 1.000e+03 1.000e+03 1.000e+03 1.000e+03 1.000e+03 1.000e+03 1.000e+03 1.000e+03 1.000e+03 1.000e+03 1.000e+03 1.000e+03 1.000e+03 1.000e+03 1.000e+03 1.000e+03 1.000e+03 1.000e+03 1.000e+03 1.000e+03 1.000e+03 1.000e+03 1.000e+03
28125.00 1.000e+03 1.000e+03 1.000e+03 1.000e+03 1.000e+03 1.000e+03 1.000e+03 1.000e+03 1.000e+03 1.000e+03 1.000e+03 1.000e+03 1.000e+03 1.000e+03 1.000e+03 1.000e+03 1.000e+03 1.000e+03 1.000e+03 1.000e+03 1.000e+03 1.000e+03 1.000e+03 1.000e+03 1.000e+03 1.000e+03 1.000e+03 1.000e+03 1.000e+03 1.000e+03 1.000e+03 1.000e+03 1.000e+03 1.000e+03 1.000e+03 1.000e+03 1.000e+03 1.000e+03 1.000e+03 1.000e+03 1.000e+03 1.000e+03 1.000e+03 1.000e+03 1.000e+03 1.000e+03 1.000e+03 1.000e+03 1.000e+03 1.000e+03
28375.00 1.000e+03 1.000e+03 1.000e+03 1.000e+03 1.000e+03 1.000e+03 1.000e+03 1.000e+03 1.000e+03 1.000e+03 1.000e+03 1.000e+03 1.000e+03 1.000e+03 1.000e+03 1.000e+03 1.000e+03 1.000e+03 1.000e+03 1.000e+03 1.000e+03 1.000e+03 1.000e+03 1.000e+03 1.000e+03 1.000e+03 1.000e+03 1.000e+03 1.000e+03 1.000e+03 1.000e+03 1.000e+03 1.000e+03 1.000e+03 1.000e+03 1.000e+03 1.000e+03 1.000e+03 1.000e+03 1.000e+03 1.000e+03 1.000e+03 1.000e+03 1.000e+03 1.000e+03 1.000e+03 1.000e+03 1.000e+03 1.000e+03 1.000e+03
28625.00 1.000e+03 1.000e+03 1.000e+03 1.000e+03 1.000e+03 1.000e+03 1.000e+03 1.000e+03 1.000e+03 1.000e+03 1.000e+03 1.000e+03 1.000e+03 1.000e+03 1.000e+03 1.000e+03 1.000e+03 1.000e+03 1.000e+03 1.000e+03 1.000e+03 1.000e+03 1.000e+03 1.000e+03 1.000e+03 1.000e+03 1.000e+03 1.000e+03 1.000e+03 1.000e+03 1.000e+03 1.000e+03 1.000e+03 1.000e+03 1.000e+03 1.000e+03 1.000e+03 1.000e+03 1.000e+03 1.000e+03 1.000e+03 1.000e+03 1.000e+03 1.000e+03 1.000e+03 1.000e+03 1.000e+03 1.000e+03 1.000e+03 1.000e+03
28875.00 1.000e+03 1.002e+03 1.000e+03 1.000e+03 1.000e+03 1.000e+03 1.000e+03 1.000e+03 1.000e+03 1.000e+03 1.000e+03 1.000e+03 1.000e+03 1.000e+03 1.000e+03 1.000e+03 1.000e+03 1.000e+03 1.000e+03 1.000e+03 1.000e+03 1.000e+03 1.000e+03 1.000e+03 1.000e+03 1.000e+03 1.000e+03 1.000e+03 1.000e+03 1.000e+03 1.000e+03 1.000e+03 1.000e+03 1.000e+03 1.000e+03 1.000e+03 1.000e+03 1.000e+03 1.000e+03 1.000e+03 1.000e+03 1.000e+03 1.000e+03 1.000e+03 1.000e+03 1.000e+03 1.000e+03 1.000e+03 1.000e+03 1.000e+03
29125.00 1.000e+03 1.000e+03 1.000e+03 1.000e+03 1.000e+03 1.000e+03 1.000e+03 1.000e+03 1.000e+03 1.000e+03 1.000e+03 1.000e+03 1.000e+03 1.000e+03 1.000e+03 1.000e+03 1.000e+03 1.000e+03 1.000e+03 1.000e+03 1.000e+03 1.000e+03 1.000e+03 1.000e+03 1.000e+03 1.000e+03 1.000e+03 1.000e+03 1.000e+03 1.000e+03 1.000e+03 1.000e+03 1.000e+03 1.000e+03 1.000e+03 1.000e+03 1.000e+03 1.000e+03 1.000e+03 1.000e+03 1.000e+03 1.000e+03 1.000e+03 1.000e+03 1.000e+03 1.000e+03 1.000e+03 1.000e+03 1.000e+03 1.000e+03
29375.00 1.000e+03 1.000e+03 1.000e+03 1.000e+03 1.000e+03 1.000e+03 1.000e+03 1.000e+03 1.000e+03 1.000e+03 1.000e+03 1.000e+03 1.000e+03 1.000e+03 1.000e+03 1.000e+03 1.000e+03 1.000e+03 1.000e+03 1.000e+03 1.000e+03 1.000e+03 1.000e+03 1.000e+03 1.000e+03 1.000e+03 1.000e+03 1.000e+03 1.000e+03 1.000e+03 1.000e+03 1.000e+03 1.000e+03 1.000e+03 1.000e+03 1.000e+03 1.000e+03 1.000e+03 1.000e+03 1.000e+03 1.000e+03 1.000e+03 1.000e+03 1.000e+03 1.000e+03 1.000e+03 1.000e+03 1.000e+03 1.000e+03 1.000e+03
29625.00 1.033e+03 1.000e+03 1.000e+03 1.000e+03 1.000e+03 1.000e+03 1.000e+03 1.000e+03 1.000e+03 1.000e+03 1.000e+03 1.000e+03 1.000e+03 1.000e+03 1.000e+03 1.000e+03 1.000e+03 1.000e+03 1.000e+03 1.000e+03 1.000e+03 1.000e+03 1.000e+03 1.000e+03 1.000e+03 1.000e+03 1.000e+03 1.000e+03 1.000e+03 1.000e+03 1.000e+03 1.000e+03 1.000e+03 1.000e+03 1.000e+03 1.000e+03 1.000e+03 1.000e+03 1.000e+03 1.000e+03 1.000e+03 1.000e+03 1.000e+03 1.000e+03 1.000e+03 1.000e+03 1.000e+03 1.000e+03 1.000e+03 1.000e+03
29875.00 1.032e+03 1.026e+03 1.000e+03 1.000e+03 1.000e+03 1.000e+03 1.000e+03 1.000e+03 1.000e+03 1.000e+03 1.000e+03 1.000e+03 1.000e+03 1.000e+03 1.000e+03 1.000e+03 1.000e+03 1.000e+03 1.000e+03 1.000e+03 1.000e+03 1.000e+03 1.000e+03 1.000e+03 1.000e+03 1.000e+03 1.000e+03 1.000e+03 1.000e+03 1.000e+03 1.000e+03 1.000e+03 1.000e+03 1.000e+03 1.000e+03 1.000e+03 1.000e+03 1.000e+03 1.000e+03 1.000e+03 1.000e+03 1.000e+03 1.000e+03 1.000e+03 1.000e+03 1.000e+03 1.000e+03 1.000e+03 1.000e+03 1.000e+03
30125.00 1.000e+03 1.016e+03 1.007e+03 1.000e+03 1.000e+03 1.000e+03 1.000e+03 1.000e+03 1.000e+03 1.000e+03 1.000e+03 1.000e+03 1.000e+03 1.000e+03 1.000e+03 1.000e+03 1.000e+03 1.000e+03 1.000e+03 1.000e+03 1.000e+03 1.000e+03 1.000e+03 1.000e+03 1.000e+03 1.000e+03 1.000e+03 1.000e+03 1.000e+03 1.000e+03 1.000e+03 1.000e+03 1.000e+03 1.000e+03 1.000e+03 1.000e+03 1.000e+03 1.000e+03 1.000e+03 1.000e+03 1.000e+03 1.000e+03 1.000e+03 1.000e+03 1.000e+03 1.000e+03 1.000e+03 1.000e+03 1.000e+03 1.000e+03
30375.00 1.000e+03 1.054e+03 1.000e+03 1.000e+03 1.000e+03 1.000e+03 1.000e+03 1.000e+03 1.000e+03 1.000e+03 1.000e+03 1.000e+03 1.000e+03 1.000e+03 1.000e+03 1.000e+03 1.000e+03 1.000e+03 1.000e+03 1.000e+03 1.000e+03 1.000e+03 1.000e+03 1.000e+03 1.000e+03 1.000e+03 1.000e+03 1.000e+03 1.000e+03 1.000e+03 1.000e+03 1.000e+03 1.000e+03 1.000e+03 1.000e+03 1.000e+03 1.000e+03 1.000e+03 1.000e+03 1.000e+03 1.000e+03 1.000e+03 1.000e+03 1.000e+03 1.000e+03 1.000e+03 1.000e+03 1.000e+03 1.000e+03 1.000e+03
30625.00 1.057e+03 1.093e+03 1.000e+03 1.013e+03 1.000e+03 1.020e+03 1.032e+03 1.000e+03 1.000e+03 1.000e+03 1.000e+03 1.000e+03 1.000e+03 1.000e+03 1.000e+03 1.000e+03 1.000e+03 1.000e+03 1.000e+03 1.000e+03 1.000e+03 1.000e+03 1.000e+03 1.000e+03 1.000e+03 1.000e+03 1.000e+03 1.000e+03 1.000e+03 1.000e+03 1.000e+03 1.000e+03 1.000e+03 1.000e+03 1.000e+03 1.000e+03 1.000e+03 1.000e+03 1.000e+03 1.000e+03 1.000e+03 1.000e+03 1.000e+03 1.000e+03 1.000e+03 1.000e+03 1.000e+03 1.000e+03 1.000e+03 1.000e+03
30875.00 1.043e+03 1.180e+03 1.148e+03 1.000e+03 1.000e+03 1.046e+03 1.040e+03 1.000e+03 1.000e+03 1.000e+03 1.000e+03 1.000e+03 1.000e+03 1.000e+03 1.000e+03 1.000e+03 1.000e+03 1.000e+03 1.000e+03 1.000e+03 1.000e+03 1.000e+03 1.000e+03 1.000e+03 1.000e+03 1.000e+03 1.000e+03 1.000e+03 1.000e+03 1.000e+03 1.000e+03 1.000e+03 1.000e+03 1.000e+03 1.000e+03 1.000e+03 1.000e+03 1.000e+03 1.000e+03 1.000e+03 1.000e+03 1.000e+03 1.000e+03 1.000e+03 1.000e+03 1.000e+03 1.000e+03 1.000e+03 1.000e+03 1.000e+03
31125.00 1.126e+03 1.197e+03 1.136e+03 1.000e+03 1.000e+03 1.112e+03 1.000e+03 1.000e+03 1.000e+03 1.000e+03 1.000e+03 1.000e+03 1.000e+03 1.000e+03 1.000e+03 1.000e+03 1.000e+03 1.000e+03 1.000e+03 1.000e+03 1.000e+03 1.000e+03 1.000e+03 1.000e+03 1.000e+03 1.000e+03 1.000e+03 1.000e+03 1.000e+03 1.000e+03 1.000e+03 1.000e+03 1.000e+03 1.000e+03 1.000e+03 1.000e+03 1.000e+03 1.000e+03 1.000e+03 1.000e+03 1.000e+03 1.000e+03 1.000e+03 1.000e+03 1.000e+03 1.000e+03 1.000e+03 1.000e+03 1.000e+03 1.000e+03
31375.00 1.176e+03 1.000e+03 1.241e+03 1.022e+03 1.000e+03 1.051e+03 1.146e+03 1.000e+03 1.000e+03 1.000e+03 1.000e+03 1.000e+03 1.000e+03 1.000e+03 1.000e+03 1.000e+03 1.000e+03 1.000e+03 1.000e+03 1.000e+03 1.000e+03 1.000e+03 1.000e+03 1.000e+03 1.000e+03 1.000e+03 1.000e+03 1.000e+03 1.000e+03 1.000e+03 1.000e+03 1.000e+03 1.000e+03 1.000e+03 1.000e+03 1.000e+03 1.000e+03 1.000e+03 1.000e+03 1.000e+03 1.000e+03 1.000e+03 1.000e+03 1.000e+03 1.000e+03 1.000e+03 1.000e+03 1.000e+03 1.000e+03 1.000e+03
31625.00 1.007e+03 1.357e+03 1.017e+03 1.036e+03 1.069e+03 1.000e+03 1.145e+03 1.117e+03 1.000e+03 1.000e+03 1.000e+03 1.000e+03 1.000e+03 1.000e+03 1.000e+03 1.000e+03 1.000e+03 1.000e+03 1.000e+03 1.000e+03 1.000e+03 1.000e+03 1.000e+03 1.000e+03 1.000e+03 1.000e+03 1.000e+03 1.000e+03 1.000e+03 1.000e+03 1.000e+03 1.000e+03 1.000e+03 1.000e+03 1.000e+03 1.000e+03 1.000e+03 1.000e+03 1.000e+03 1.000e+03 1.000e+03 1.000e+03 1.000e+03 1.000e+03 1.000e+03 1.000e+03 1.000e+03 1.000e+03 1.000e+03 1.000e+03
31875.00 1.053e+03 2.139e+03 1.069e+03 1.130e+03 1.114e+03 1.023e+03 1.000e+03 1.189e+03 1.104e+03 1.073e+03 1.000e+03 1.000e+03 1.000e+03 1.000e+03 1.003e+03 1.000e+03 1.000e+03 1.000e+03 1.000e+03 1.000e+03 1.000e+03 1.000e+03 1.000e+03 1.000e+03 1.000e+03 1.000e+03 1.000e+03 1.000e+03 1.000e+03 1.000e+03 1.000e+03 1.000e+03 1.000e+03 1.000e+03 1.000e+03 1.000e+03 1.000e+03 1.000e+03 1.000e+03 1.000e+03 1.000e+03 1.000e+03 1.000e+03 1.000e+03 1.000e+03 1.000e+03 1.000e+03 1.000e+03 1.000e+03 1.000e+03
32125.00 1.111e+03 1.275e+03 1.099e+03 1.258e+03 1.274e+03 1.083e+03 1.015e+03 1.689e+03 1.150e+03 1.147e+03 1.000e+03 1.000e+03 1.000e+03 1.000e+03 1.035e+03 1.000e+03 1.000e+03 1.000e+03 1.000e+03 1.000e+03 1.000e+03 1.000e+03 1.000e+03 1.000e+03 1.000e+03 1.000e+03 1.000e+03 1.000e+03 1.000e+03 1.000e+03 1.000e+03 1.000e+03 1.000e+03 1.000e+03 1.000e+03 1.000e+03 1.000e+03 1.000e+03 1.000e+03 1.000e+03 1.000e+03 1.000e+03 1.000e+03 1.000e+03 1.000e+03 1.000e+03 1.000e+03 1.000e+03 1.000e+03 1.000e+03
32375.00 1.145e+03 1.421e+03 1.178e+03 1.159e+03 1.159e+03 1.158e+03 1.302e+03 1.088e+03 1.302e+03 1.197e+03 1.008e+03 1.023e+03 1.000e+03 1.000e+03 1.094e+03 1.005e+03 1.000e+03 1.000e+03 1.034e+03 1.009e+03 1.000e+03 1.000e+03 1.000e+03 1.000e+03 1.000e+03 1.000e+03 1.000e+03 1.000e+03 1.000e+03 1.000e+03 1.000e+03 1.000e+03 1.000e+03 1.000e+03 1.000e+03 1.000e+03 1.000e+03 1.000e+03 1.000e+03 1.000e+03 1.000e+03 1.000e+03 1.000e+03 1.000e+03 1.000e+03 1.000e+03 1.000e+03 1.000e+03 1.000e+03 1.000e+03
32625.00 1.211e+03 1.332e+03 1.454e+03 1.210e+03 1.092e+03 1.245e+03 1.265e+03 1.132e+03 1.333e+03 1.330e+03 1.285e+03 1.039e+03 1.192e+03 1.000e+03 1.168e+03 1.129e+03 1.138e+03 1.005e+03 1.044e+03 1.043e+03 1.000e+03 1.018e+03 1.000e+03 1.000e+03 1.000e+03 1.000e+03 1.000e+03 1.000e+03 1.000e+03 1.000e+03 1.000e+03 1.000e+03 1.000e+03 1.000e+03 1.000e+03 1.000e+03 1.000e+03 1.000e+03 1.000e+03 1.000e+03 1.000e+03 1.000e+03 1.000e+03 1.000e+03 1.000e+03 1.000e+03 1.000e+03 1.000e+03 1.000e+03 1.000e+03
32875.00 1.417e+03 2.187e+03 1.432e+03 1.344e+03 1.315e+03 1.367e+03 1.334e+03 1.223e+03 1.488e+03 1.166e+03 1.323e+03 1.117e+03 1.234e+03 1.129e+03 1.119e+03 1.214e+03 1.222e+03 1.097e+03 1.028e+03 1.108e+03 1.039e+03 1.017e+03 1.009e+03 1.033e+03 1.000e+03 1.000e+03 1.000e+03 1.000e+03 1.000e+03 1.000e+03 1.000e+03 1.000e+03 1.000e+03 1.000e+03 1.000e+03 1.000e+03 1.000e+03 1.000e+03 1.000e+03 1.000e+03 1.000e+03 1.000e+03 1.000e+03 1.000e+03 1.000e+03 1.000e+03 1.000e+03 1.000e+03 1.000e+03 1.000e+03
33125.00 1.452e+03 1.787e+03 1.720e+03 1.483e+03 1.642e+03 1.346e+03 1.490e+03 1.325e+03 1.944e+03 1.257e+03 1.409e+03 1.196e+03 1.370e+03 1.223e+03 1.262e+03 1.262e+03 1.313e+03 1.168e+03 1.124e+03 1.150e+03 1.077e+03 1.099e+03 1.073e+03 1.046e+03 1.000e+03 1.017e+03 1.000e+03 1.000e+03 1.000e+03 1.000e+03 1.000e+03 1.000e+03 1.000e+03 1.000e+03 1.000e+03 1.000e+03 1.000e+03 1.000e+03 1.000e+03 1.000e+03 1.000e+03 1.000e+03 1.000e+03 1.000e+03 1.000e+03 1.000e+03 1.000e+03 1.000e+03 1.000e+03 1.000e+03
33375.00 1.635e+03 1.798e+03 3.189e+03 1.675e+03 1.732e+03 1.485e+03 1.743e+03 1.476e+03 2.764e+03 1.388e+03 1.639e+03 1.313e+03 1.539e+03 1.343e+03 1.405e+03 1.414e+03 1.335e+03 1.241e+03 1.385e+03 1.247e+03 1.137e+03 1.131e+03 1.117e+03 1.080e+03 1.099e+03 1.097e+03 1.027e+03 1.030e+03 1.028e+03 1.000e+03 1.000e+03 1.000e+03 1.000e+03 1.000e+03 1.000e+03 1.000e+03 1.000e+03 1.000e+03 1.000e+03 1.000e+03 1.000e+03 1.000e+03 1.000e+03 1.000e+03 1.000e+03 1.000e+03 1.000e+03 1.000e+03 1.000e+03 1.000e+03
33625.00 1.886e+03 3.498e+03 1.994e+03 4.162e+03 2.081e+03 3.315e+03 1.657e+03 1.742e+03 3.213e+03 1.606e+03 3.170e+03 1.470e+03 1.585e+03 1.427e+03 1.554e+03 1.493e+03 1.400e+03 1.368e+03 1.408e+03 1.347e+03 1.256e+03 1.240e+03 1.152e+03 1.213e+03 1.128e+03 1.156e+03 1.042e+03 1.069e+03 1.035e+03 1.035e+03 1.000e+03 1.000e+03 1.000e+03 1.000e+03 1.000e+03 1.000e+03 1.000e+03 1.000e+03 1.000e+03 1.000e+03 1.000e+03 1.000e+03 1.000e+03 1.000e+03 1.000e+03 1.000e+03 1.000e+03 1.000e+03 1.000e+03 1.000e+03
33875.00 2.512e+03 2.074e+03 1.897e+03 2.360e+03 3.712e+03 1.856e+03 2.086e+03 3.896e+03 1.948e+03 3.577e+03 1.780e+03 1.951e+03 1.710e+03 1.814e+03 1.677e+03 1.602e+03 1.569e+03 1.545e+03 1.448e+03 1.432e+03 1.421e+03 1.327e+03 1.245e+03 1.279e+03 1.306e+03 1.217e+03 1.131e+03 1.111e+03 1.159e+03 1.066e+03 1.000e+03 1.000e+03 1.017e+03 1.000e+03 1.000e+03 1.000e+03 1.000e+03 1.000e+03 1.000e+03 1.000e+03 1.000e+03 1.000e+03 1.000e+03 1.000e+03 1.000e+03 1.000e+03 1.000e+03 1.000e+03 1.000e+03 1.000e+03
34125.00 4.584e+03 4.238e+03 4.366e+03 3.959e+03 3.619e+03 2.256e+03 2.695e+03 2.748e+03 2.199e+03 2.810e+03 1.967e+03 2.192e+03 2.125e+03 1.984e+03 1.796e+03 1.690e+03 1.809e+03 1.788e+03 1.678e+03 1.561e+03 1.663e+03 1.397e+03 1.430e+03 1.374e+03 1.450e+03 1.309e+03 1.296e+03 1.149e+03 1.175e+03 1.132e+03 1.027e+03 1.015e+03 1.019e+03 1.003e+03 1.000e+03 1.000e+03 1.000e+03 1.000e+03 1.000e+03 1.000e+03 1.000e+03 1.000e+03 1.000e+03 1.000e+03 1.000e+03 1.000e+03 1.000e+03 1.000e+03 1.000e+03 1.000e+03
34375.00 5.190e+03 4.947e+03 4.842e+03 4.319e+03 4.124e+03 3.651e+03 3.984e+03 3.618e+03 3.491e+03 3.145e+03 3.089e+03 2.754e+03 2.509e+03 2.299e+03 2.385e+03 1.779e+03 2.214e+03 1.930e+03 1.802e+03 1.766e+03 1.819e+03 1.532e+03 1.553e+03 1.486e+03 1.564e+03 1.368e+03 1.394e+03 1.228e+03 1.257e+03 1.209e+03 1.099e+03 1.108e+03 1.025e+03 1.040e+03 1.021e+03 1.000e+03 1.000e+03 1.000e+03 1.000e+03 1.000e+03 1.000e+03 1.000e+03 1.000e+03 1.000e+03 1.000e+03 1.000e+03 1.000e+03 1.000e+03 1.000e+03 1.000e+03
34625.00 5.792e+03 5.524e+03 5.292e+03 5.079e+03 4.769e+03 4.287e+03 4.121e+03 3.920e+03 3.733e+03 3.631e+03 3.492e+03 3.335e+03 2.934e+03 2.507e+03 2.785e+03 1.989e+03 2.388e+03 2.147e+03 1.917e+03 1.871e+03 2.007e+03 1.666e+03 1.692e+03 1.576e+03 1.650e+03 1.451e+03 1.511e+03 1.322e+03 1.351e+03 1.292e+03 1.242e+03 1.152e+03 1.094e+03 1.120e+03 1.078e+03 1.039e+03 1.002e+03 1.000e+03 1.000e+03 1.000e+03 1.000e+03 1.000e+03 1.000e+03 1.000e+03 1.000e+03 1.000e+03 1.000e+03 1.000e+03 1.000e+03 1.000e+03
34875.00 5.796e+03 5.752e+03 5.504e+03 5.272e+03 5.132e+03 5.047e+03 4.244e+03 4.530e+03 4.367e+03 4.070e+03 3.858e+03 3.598e+03 3.406e+03 2.804e+03 2.905e+03 2.257e+03 2.655e+03 2.299e+03 2.127e+03 2.131e+03 2.135e+03 1.857e+03 1.807e+03 1.703e+03 1.784e+03 1.591e+03 1.630e+03 1.466e+03 1.490e+03 1.387e+03 1.327e+03 1.253e+03 1.162e+03 1.212e+03 1.144e+03 1.101e+03 1.057e+03 1.000e+03 1.005e+03 1.000e+03 1.000e+03 1.000e+03 1.000e+03 1.000e+03 1.000e+03 1.000e+03 1.000e+03 1.000e+03 1.000e+03 1.000e+03
35125.00 6.338e+03 6.321e+03 6.069e+03 5.820e+03 5.483e+03 5.217e+03 4.794e+03 4.870e+03 4.503e+03 4.259e+03 4.264e+03 3.795e+03 3.807e+03 3.112e+03 3.354e+03 2.494e+03 3.022e+03 2.854e+03 2.411e+03 2.354e+03 2.386e+03 2.055e+03 1.846e+03 1.837e+03 1.943e+03 1.691e+03 1.735e+03 1.518e+03 1.622e+03 1.485e+03 1.419e+03 1.307e+03 1.234e+03 1.258e+03 1.206e+03 1.158e+03 1.114e+03 1.000e+03 1.026e+03 1.000e+03 1.000e+03 1.000e+03 1.000e+03 1.000e+03 1.000e+03 1.000e+03 1.000e+03 1.000e+03 1.000e+03 1.000e+03
35375.00 6.808e+03 6.773e+03 6.500e+03 6.237e+03 5.893e+03 5.698e+03 5.212e+03 5.261e+03 4.966e+03 4.654e+03 4.420e+03 4.166e+03 3.942e+03 3.533e+03 3.689e+03 2.817e+03 3.191e+03 3.168e+03 2.785e+03 2.546e+03 2.539e+03 2.283e+03 2.224e+03 1.975e+03 2.071e+03 1.825e+03 1.835e+03 1.631e+03 1.657e+03 1.658e+03 1.578e+03 1.411e+03 1.287e+03 1.310e+03 1.302e+03 1.222e+03 1.173e+03 1.041e+03 1.075e+03 1.000e+03 1.012e+03 1.000e+03 1.000e+03 1.000e+03 1.000e+03 1.000e+03 1.000e+03 1.000e+03 1.000e+03 1.000e+03
35625.00 7.308e+03 7.185e+03 6.852e+03 6.639e+03 6.247e+03 6.076e+03 5.567e+03 5.540e+03 5.298e+03 5.055e+03 4.814e+03 4.540e+03 4.246e+03 3.904e+03 3.801e+03 3.314e+03 3.289e+03 3.405e+03 3.047e+03 3.062e+03 2.872e+03 2.478e+03 2.464e+03 2.099e+03 2.202e+03 1.978e+03 1.982e+03 1.774e+03 1.781e+03 1.760e+03 1.671e+03 1.590e+03 1.401e+03 1.415e+03 1.350e+03 1.290e+03 1.235e+03 1.080e+03 1.128e+03 1.029e+03 1.031e+03 1.000e+03 1.000e+03 1.000e+03 1.000e+03 1.000e+03 1.000e+03 1.000e+03 1.000e+03 1.000e+03
35875.00 7.815e+03 7.545e+03 7.306e+03 6.966e+03 6.645e+03 6.435e+03 5.954e+03 5.874e+03 5.621e+03 5.366e+03 5.113e+03 4.830e+03 4.624e+03 4.385e+03 4.149e+03 3.641e+03 3.472e+03 3.581e+03 3.331e+03 3.219e+03 2.955e+03 2.635e+03 2.751e+03 2.277e+03 2.466e+03 2.165e+03 2.205e+03 1.867e+03 1.936e+03 1.833e+03 1.739e+03 1.653e+03 1.498e+03 1.494e+03 1.425e+03 1.359e+03 1.298e+03 1.139e+03 1.181e+03 1.103e+03 1.074e+03 1.000e+03 1.016e+03 1.000e+03 1.000e+03 1.000e+03 1.000e+03 1.000e+03 1.000e+03 1.000e+03
36125.00 8.207e+03 7.927e+03 7.668e+03 7.344e+03 7.013e+03 6.740e+03 6.328e+03 6.192e+03 5.875e+03 5.608e+03 5.404e+03 5.116e+03 4.889e+03 4.640e+03 4.400e+03 3.941e+03 3.727e+03 3.815e+03 3.545e+03 3.347e+03 3.206e+03 2.799e+03 2.880e+03 2.458e+03 2.571e+03 2.338e+03 2.296e+03 1.998e+03 2.056e+03 1.906e+03 1.845e+03 1.751e+03 1.581e+03 1.578e+03 1.502e+03 1.430e+03 1.363e+03 1.225e+03 1.234e+03 1.181e+03 1.079e+03 1.027e+03 1.025e+03 1.000e+03 1.000e+03 1.000e+03 1.000e+03 1.000e+03 1.000e+03 1.000e+03
36375.00 8.559e+03 8.270e+03 7.999e+03 7.668e+03 7.350e+03 7.057e+03 6.663e+03 6.452e+03 6.176e+03 5.898e+03 5.629e+03 5.355e+03 5.095e+03 4.892e+03 4.594e+03 4.252e+03 3.980e+03 3.965e+03 3.747e+03 3.573e+03 3.387e+03 3.068e+03 3.054e+03 2.863e+03 2.659e+03 2.459e+03 2.437e+03 2.132e+03 2.180e+03 2.050e+03 1.951e+03 1.839e+03 1.672e+03 1.663e+03 1.571e+03 1.502e+03 1.420e+03 1.254e+03 1.289e+03 1.233e+03 1.127e+03 1.060e+03 1.065e+03 1.000e+03 1.000e+03 1.000e+03 1.000e+03 1.000e+03 1.000e+03 1.000e+03
36625.00 8.870e+03 8.570e+03 8.294e+03 7.966e+03 7.637e+03 7.343e+03 6.958e+03 6.724e+03 6.441e+03 6.155e+03 5.919e+03 5.589e+03 5.332e+03 5.073e+03 4.819e+03 4.481e+03 4.213e+03 4.165e+03 3.953e+03 3.728e+03 3.550e+03 3.269e+03 3.157e+03 3.005e+03 2.844e+03 2.603e+03 2.565e+03 2.258e+03 2.293e+03 2.151e+03 2.034e+03 1.927e+03 1.759e+03 1.743e+03 1.642e+03 1.571e+03 1.482e+03 1.414e+03 1.269e+03 1.261e+03 1.163e+03 1.102e+03 1.089e+03 1.012e+03 1.034e+03 1.000e+03 1.000e+03 1.000e+03 1.000e+03 1.000e+03
36875.00 9.156e+03 8.845e+03 8.562e+03 8.239e+03 7.906e+03 7.604e+03 7.231e+03 6.979e+03 6.680e+03 6.395e+03 6.149e+03 5.818e+03 5.554e+03 5.290e+03 5.030e+03 4.697e+03 4.432e+03 4.356e+03 4.094e+03 3.881e+03 3.727e+03 3.519e+03 3.240e+03 3.145e+03 2.982e+03 2.822e+03 2.664e+03 2.389e+03 2.407e+03 2.254e+03 2.132e+03 2.019e+03 1.849e+03 1.824e+03 1.716e+03 1.627e+03 1.578e+03 1.468e+03 1.312e+03 1.339e+03 1.210e+03 1.150e+03 1.131e+03 1.051e+03 1.051e+03 1.019e+03 1.000e+03 1.000e+03 1.000e+03 1.000e+03
37125.00 9.885e+03 9.558e+03 9.282e+03 8.955e+03 8.633e+03 8.326e+03 7.918e+03 7.701e+03 7.401e+03 7.109e+03 6.824e+03 6.525e+03 6.246e+03 5.981e+03 5.720e+03 5.362e+03 5.063e+03 5.008e+03 4.751e+03 4.536e+03 4.320e+03 4.108e+03 3.901e+03 3.738e+03 3.531e+03 3.356e+03 3.216e+03 2.918e+03 2.846e+03 2.748e+03 2.610e+03 2.477e+03 2.279e+03 2.217e+03 2.110e+03 2.001e+03 1.896e+03 1.798e+03 1.610e+03 1.637e+03 1.444e+03 1.429e+03 1.410e+03 1.250e+03 1.272e+03 1.148e+03 1.110e+03 1.052e+03 1.001e+03 1.000e+03
37375.00 9.641e+03 9.330e+03 9.022e+03 8.695e+03 8.370e+03 8.049e+03 7.692e+03 7.418e+03 7.100e+03 6.801e+03 6.508e+03 6.254e+03 5.932e+03 5.661e+03 5.393e+03 5.072e+03 4.823e+03 4.647e+03 4.426e+03 4.197e+03 3.991e+03 3.778e+03 3.564e+03 3.406e+03 3.206e+03 3.034e+03 2.867e+03 2.740e+03 2.487e+03 2.443e+03 2.317e+03 2.193e+03 2.022e+03 1.957e+03 1.859e+03 1.761e+03 1.670e+03 1.583e+03 1.431e+03 1.458e+03 1.311e+03 1.314e+03 1.223e+03 1.185e+03 1.078e+03 1.049e+03 1.000e+03 1.000e+03 1.000e+03 1.000e+03
37625.00 9.844e+03 9.525e+03 9.221e+03 8.872e+03 8.559e+03 8.233e+03 7.882e+03 7.596e+03 7.275e+03 6.973e+03 6.673e+03 6.415e+03 6.093e+03 5.818e+03 5.548e+03 5.279e+03 4.942e+03 4.790e+03 4.569e+03 4.330e+03 4.106e+03 3.907e+03 3.690e+03 3.498e+03 3.329e+03 3.151e+03 2.976e+03 2.818e+03 2.592e+03 2.533e+03 2.380e+03 2.252e+03 2.103e+03 2.029e+03 1.927e+03 1.825e+03 1.728e+03 1.638e+03 1.512e+03 1.502e+03 1.358e+03 1.353e+03 1.244e+03 1.199e+03 1.112e+03 1.097e+03 1.017e+03 1.000e+03 1.000e+03 1.000e+03
37875.00 1.035e+04 1.002e+04 9.714e+03 9.406e+03 9.085e+03 8.764e+03 8.338e+03 8.079e+03 7.772e+03 7.460e+03 7.158e+03 6.903e+03 6.572e+03 6.293e+03 6.022e+03 5.759e+03 5.292e+03 5.232e+03 5.011e+03 4.786e+03 4.554e+03 4.348e+03 4.151e+03 3.933e+03 3.763e+03 3.568e+03 3.387e+03 3.220e+03 2.933e+03 2.909e+03 2.751e+03 2.610e+03 2.436e+03 2.357e+03 2.224e+03 2.110e+03 1.998e+03 1.894e+03 1.734e+03 1.743e+03 1.563e+03 1.568e+03 1.450e+03 1.375e+03 1.281e+03 1.234e+03 1.173e+03 1.111e+03 1.054e+03 1.003e+03
38125.00 1.017e+04 9.845e+03 9.533e+03 9.217e+03 8.888e+03 8.557e+03 8.214e+03 7.884e+03 7.571e+03 7.258e+03 6.952e+03 6.683e+03 6.361e+03 6.081e+03 5.810e+03 5.543e+03 5.190e+03 5.026e+03 4.789e+03 4.565e+03 4.337e+03 4.128e+03 3.909e+03 3.712e+03 3.542e+03 3.349e+03 3.170e+03 3.004e+03 2.786e+03 2.677e+03 2.546e+03 2.408e+03 2.254e+03 2.145e+03 2.038e+03 1.930e+03 1.825e+03 1.728e+03 1.624e+03 1.585e+03 1.455e+03 1.397e+03 1.323e+03 1.253e+03 1.193e+03 1.131e+03 1.072e+03 1.020e+03 1.000e+03 1.000e+03
38375.00 1.032e+04 9.993e+03 9.662e+03 9.342e+03 9.009e+03 8.674e+03 8.346e+03 8.006e+03 7.684e+03 7.404e+03 7.064e+03 6.764e+03 6.467e+03 6.188e+03 5.919e+03 5.647e+03 5.306e+03 5.131e+03 4.886e+03 4.659e+03 4.439e+03 4.222e+03 4.002e+03 3.802e+03 3.609e+03 3.434e+03 3.253e+03 3.084e+03 2.868e+03 2.754e+03 2.618e+03 2.477e+03 2.337e+03 2.203e+03 2.096e+03 1.987e+03 1.878e+03 1.779e+03 1.663e+03 1.602e+03 1.519e+03 1.436e+03 1.359e+03 1.287e+03 1.223e+03 1.162e+03 1.120e+03 1.040e+03 1.000e+03 1.000e+03
38625.00 1.064e+04 1.033e+04 9.998e+03 9.674e+03 9.343e+03 9.008e+03 8.677e+03 8.291e+03 8.004e+03 7.734e+03 7.424e+03 7.130e+03 6.844e+03 6.553e+03 6.285e+03 6.008e+03 5.562e+03 5.442e+03 5.198e+03 4.970e+03 4.744e+03 4.525e+03 4.319e+03 4.101e+03 3.906e+03 3.722e+03 3.542e+03 3.368e+03 3.106e+03 3.028e+03 2.887e+03 2.739e+03 2.599e+03 2.434e+03 2.331e+03 2.218e+03 2.101e+03 1.992e+03 1.850e+03 1.780e+03 1.708e+03 1.591e+03 1.516e+03 1.443e+03 1.348e+03 1.298e+03 1.228e+03 1.162e+03 1.100e+03 1.043e+03
38875.00 1.054e+04 1.021e+04 9.866e+03 9.538e+03 9.200e+03 8.861e+03 8.526e+03 8.216e+03 7.884e+03 7.574e+03 7.266e+03 6.970e+03 6.681e+03 6.395e+03 6.119e+03 5.846e+03 5.494e+03 5.297e+03 5.057e+03 4.821e+03 4.596e+03 4.377e+03 4.157e+03 3.954e+03 3.761e+03 3.575e+03 3.394e+03 3.221e+03 3.010e+03 2.887e+03 2.743e+03 2.597e+03 2.460e+03 2.324e+03 2.199e+03 2.087e+03 1.975e+03 1.870e+03 1.753e+03 1.668e+03 1.586e+03 1.510e+03 1.417e+03 1.348e+03 1.289e+03 1.215e+03 1.148e+03 1.088e+03 1.031e+03 1.000e+03
39125.00 1.063e+04 1.029e+04 9.943e+03 9.614e+03 9.271e+03 8.931e+03 8.595e+03 8.276e+03 7.954e+03 7.638e+03 7.331e+03 7.033e+03 6.745e+03 6.458e+03 6.180e+03 5.908e+03 5.583e+03 5.357e+03 5.120e+03 4.909e+03 4.661e+03 4.440e+03 4.232e+03 4.016e+03 3.822e+03 3.634e+03 3.453e+03 3.278e+03 3.070e+03 2.942e+03 2.796e+03 2.649e+03 2.509e+03 2.372e+03 2.246e+03 2.132e+03 2.017e+03 1.910e+03 1.781e+03 1.705e+03 1.620e+03 1.531e+03 1.448e+03 1.376e+03 1.315e+03 1.230e+03 1.170e+03 1.109e+03 1.050e+03 1.011e+03
39375.00 1.085e+04 1.051e+04 1.017e+04 9.821e+03 9.483e+03 9.141e+03 8.808e+03 8.486e+03 8.166e+03 7.848e+03 7.543e+03 7.243e+03 6.957e+03 6.668e+03 6.387e+03 6.116e+03 5.787e+03 5.551e+03 5.320e+03 5.122e+03 4.901e+03 4.678e+03 4.448e+03 4.261e+03 4.058e+03 3.831e+03 3.651e+03 3.473e+03 3.235e+03 3.134e+03 2.984e+03 2.834e+03 2.691e+03 2.530e+03 2.418e+03 2.300e+03 2.180e+03 2.068e+03 1.922e+03 1.852e+03 1.760e+03 1.639e+03 1.575e+03 1.497e+03 1.412e+03 1.338e+03 1.272e+03 1.205e+03 1.141e+03 1.095e+03
39625.00 1.076e+04 1.041e+04 1.006e+04 9.713e+03 9.383e+03 9.038e+03 8.704e+03 8.379e+03 8.058e+03 7.743e+03 7.436e+03 7.136e+03 6.835e+03 6.548e+03 6.271e+03 5.996e+03 5.716e+03 5.478e+03 5.241e+03 5.011e+03 4.780e+03 4.564e+03 4.333e+03 4.143e+03 3.944e+03 3.757e+03 3.574e+03 3.372e+03 3.172e+03 3.036e+03 2.885e+03 2.735e+03 2.594e+03 2.454e+03 2.325e+03 2.207e+03 2.091e+03 1.980e+03 1.881e+03 1.769e+03 1.675e+03 1.584e+03 1.502e+03 1.426e+03 1.360e+03 1.274e+03 1.210e+03 1.146e+03 1.085e+03 1.041e+03
39875.00 1.091e+04 1.055e+04 1.022e+04 9.862e+03 9.531e+03 9.187e+03 8.852e+03 8.528e+03 8.207e+03 7.889e+03 7.586e+03 7.286e+03 6.989e+03 6.701e+03 6.424e+03 6.149e+03 5.846e+03 5.608e+03 5.399e+03 5.167e+03 4.947e+03 4.719e+03 4.502e+03 4.288e+03 4.101e+03 3.911e+03 3.729e+03 3.549e+03 3.299e+03 3.183e+03 3.058e+03 2.907e+03 2.763e+03 2.579e+03 2.462e+03 2.366e+03 2.220e+03 2.130e+03 2.016e+03 1.870e+03 1.789e+03 1.677e+03 1.606e+03 1.545e+03 1.440e+03 1.364e+03 1.312e+03 1.242e+03 1.176e+03 1.112e+03
40125.00 1.082e+04 1.046e+04 1.012e+04 9.766e+03 9.431e+03 9.087e+03 8.753e+03 8.427e+03 8.104e+03 7.790e+03 7.487e+03 7.188e+03 6.894e+03 6.611e+03 6.328e+03 6.073e+03 5.782e+03 5.548e+03 5.305e+03 5.074e+03 4.856e+03 4.628e+03 4.411e+03 4.197e+03 4.010e+03 3.823e+03 3.638e+03 3.459e+03 3.250e+03 3.106e+03 2.971e+03 2.821e+03 2.678e+03 2.520e+03 2.388e+03 2.285e+03 2.167e+03 2.053e+03 1.944e+03 1.817e+03 1.725e+03 1.632e+03 1.547e+03 1.482e+03 1.398e+03 1.325e+03 1.243e+03 1.189e+03 1.127e+03 1.066e+03
40375.00 1.092e+04 1.056e+04 1.021e+04 9.864e+03 9.527e+03 9.185e+03 8.853e+03 8.526e+03 8.205e+03 7.892e+03 7.588e+03 7.291e+03 7.001e+03 6.716e+03 6.436e+03 6.182e+03 5.872e+03 5.639e+03 5.418e+03 5.187e+03 4.970e+03 4.741e+03 4.526e+03 4.316e+03 4.126e+03 3.935e+03 3.756e+03 3.575e+03 3.344e+03 3.218e+03 3.084e+03 2.934e+03 2.790e+03 2.615e+03 2.494e+03 2.391e+03 2.271e+03 2.154e+03 2.043e+03 1.903e+03 1.817e+03 1.707e+03 1.632e+03 1.564e+03 1.482e+03 1.387e+03 1.312e+03 1.257e+03 1.191e+03 1.126e+03
