#NTIMES:  59
#NVEL:   100
#TIMES: 2.00100e+00 2.00200e+00 2.00300e+00 2.00500e+00 2.01000e+00 2.02000e+00 2.05000e+00 2.10000e+00 2.20000e+00 2.40000e+00 2.64000e+00 2.90000e+00 3.19000e+00 3.51000e+00 3.86000e+00 4.25000e+00 4.67000e+00 5.14000e+00 5.65000e+00 6.21000e+00 6.83000e+00 7.51000e+00 8.26000e+00 9.09000e+00 1.00000e+01 1.10000e+01 1.21000e+01 1.33100e+01 1.46400e+01 1.61000e+01 1.77100e+01 1.94800e+01 2.14300e+01 2.35700e+01 2.59300e+01 2.85200e+01 3.13700e+01 3.45100e+01 3.79600e+01 4.17600e+01 4.59400e+01 5.05300e+01 5.55800e+01 6.11400e+01 6.72500e+01 7.39700e+01 8.13700e+01 8.95100e+01 9.84600e+01 1.08300e+02 1.18000e+02 1.28000e+02 1.38000e+02 1.48000e+02 1.58000e+02 1.68000e+02 1.80000e+02 1.90000e+02 2.00000e+02
#vel_mid[km/s] Tgas_t0[K] Tgas_t1[K] ... Tgas_tn[K]
1.02500e+03 1.14333e+05 1.14227e+05 1.14149e+05 1.14010e+05 1.13765e+05 1.13327e+05 1.12134e+05 1.10319e+05 1.07089e+05 1.01480e+05 9.57344e+04 9.03838e+04 8.52313e+04 8.03156e+04 7.56524e+04 7.11255e+04 6.68460e+04 6.26135e+04 5.85513e+04 5.46293e+04 5.08557e+04 4.74101e+04 4.41167e+04 4.10181e+04 3.81874e+04 3.56258e+04 3.31699e+04 3.05289e+04 2.77644e+04 2.51932e+04 2.27647e+04 2.07117e+04 1.87928e+04 1.67584e+04 1.41606e+04 1.29892e+04 1.25634e+04 1.23121e+04 1.20139e+04 1.14361e+04 7.52667e+03 7.06691e+03 7.02825e+03 6.96549e+03 6.92946e+03 6.88947e+03 6.82012e+03 6.75068e+03 6.64815e+03 6.46135e+03 6.32791e+03 6.16963e+03 6.01744e+03 5.78462e+03 5.70891e+03 5.71422e+03 5.58472e+03 5.52956e+03 5.41727e+03
1.03363e+03 1.14354e+05 1.14227e+05 1.14150e+05 1.14010e+05 1.13765e+05 1.13327e+05 1.12134e+05 1.10319e+05 1.07090e+05 1.01481e+05 9.57356e+04 9.03856e+04 8.52339e+04 8.03194e+04 7.56573e+04 7.11314e+04 6.68525e+04 6.26197e+04 5.85566e+04 5.46334e+04 5.08585e+04 4.74118e+04 4.41176e+04 4.10186e+04 3.81877e+04 3.56260e+04 3.31701e+04 3.05290e+04 2.77645e+04 2.51934e+04 2.27648e+04 2.07117e+04 1.87928e+04 1.67581e+04 1.41600e+04 1.29897e+04 1.25642e+04 1.23122e+04 1.20132e+04 1.14364e+04 7.52977e+03 7.07038e+03 7.02951e+03 6.96912e+03 6.92996e+03 6.89486e+03 6.83360e+03 6.74074e+03 6.65669e+03 6.46919e+03 6.32393e+03 6.17367e+03 5.99068e+03 5.84303e+03 5.70955e+03 5.71158e+03 5.59645e+03 5.58666e+03 5.42708e+03
1.05089e+03 1.14319e+05 1.14184e+05 1.14108e+05 1.13986e+05 1.13737e+05 1.13303e+05 1.12116e+05 1.10309e+05 1.07080e+05 1.01473e+05 9.57305e+04 9.03828e+04 8.52339e+04 8.03227e+04 7.56645e+04 7.11429e+04 6.68676e+04 6.26374e+04 5.85746e+04 5.46492e+04 5.08702e+04 4.74198e+04 4.41225e+04 4.10218e+04 3.81903e+04 3.56289e+04 3.31740e+04 3.05337e+04 2.77682e+04 2.51951e+04 2.27667e+04 2.07151e+04 1.87964e+04 1.67570e+04 1.41614e+04 1.29930e+04 1.25680e+04 1.23133e+04 1.20186e+04 1.14372e+04 7.55359e+03 7.08903e+03 7.04144e+03 6.98502e+03 6.94774e+03 6.91929e+03 6.85735e+03 6.74631e+03 6.65674e+03 6.49699e+03 6.34354e+03 6.18903e+03 6.03234e+03 5.98382e+03 5.79895e+03 5.69439e+03 5.61942e+03 5.56912e+03 5.46136e+03
1.08542e+03 1.14079e+05 1.13981e+05 1.13907e+05 1.13827e+05 1.13584e+05 1.13165e+05 1.12014e+05 1.10245e+05 1.07016e+05 1.01424e+05 9.56903e+04 9.03498e+04 8.52078e+04 8.03042e+04 7.56545e+04 7.11423e+04 6.68765e+04 6.26543e+04 5.85957e+04 5.46689e+04 5.08842e+04 4.74282e+04 4.41262e+04 4.10238e+04 3.81921e+04 3.56312e+04 3.31778e+04 3.05390e+04 2.77714e+04 2.51942e+04 2.27660e+04 2.07144e+04 1.87902e+04 1.67389e+04 1.41648e+04 1.29998e+04 1.25746e+04 1.23183e+04 1.20299e+04 1.14440e+04 7.61222e+03 7.12945e+03 7.07517e+03 7.01924e+03 6.99700e+03 6.97221e+03 6.89437e+03 6.78351e+03 6.66254e+03 6.54423e+03 6.40502e+03 6.21245e+03 6.07716e+03 5.96291e+03 5.87084e+03 5.73329e+03 5.70164e+03 5.60206e+03 5.49983e+03
1.19283e+03 1.13042e+05 1.12975e+05 1.12923e+05 1.12857e+05 1.12670e+05 1.12323e+05 1.11295e+05 1.09645e+05 1.06529e+05 1.01033e+05 9.53569e+04 9.00538e+04 8.49410e+04 8.00621e+04 7.54345e+04 7.09432e+04 6.66970e+04 6.24939e+04 5.84521e+04 5.45388e+04 5.07647e+04 4.73198e+04 4.40313e+04 4.09457e+04 3.81279e+04 3.55712e+04 3.31085e+04 3.04628e+04 2.77050e+04 2.51333e+04 2.27018e+04 2.06210e+04 1.86286e+04 1.65604e+04 1.41271e+04 1.29894e+04 1.25653e+04 1.23191e+04 1.20208e+04 1.14468e+04 7.67677e+03 7.18461e+03 7.12987e+03 7.06726e+03 7.05438e+03 7.02169e+03 6.95881e+03 6.84118e+03 6.73201e+03 6.56071e+03 6.45755e+03 6.26088e+03 6.09667e+03 5.98391e+03 5.92030e+03 5.81176e+03 5.69878e+03 5.63602e+03 5.54436e+03
1.31062e+03 1.11823e+05 1.11759e+05 1.11715e+05 1.11643e+05 1.11477e+05 1.11160e+05 1.10210e+05 1.08661e+05 1.05690e+05 1.00335e+05 9.47496e+04 8.95082e+04 8.44433e+04 7.96037e+04 7.50089e+04 7.05459e+04 6.63241e+04 6.21437e+04 5.81238e+04 5.42329e+04 5.04836e+04 4.70666e+04 4.38126e+04 4.07636e+04 3.79748e+04 3.54286e+04 3.29524e+04 3.03063e+04 2.75709e+04 2.50079e+04 2.25721e+04 2.04516e+04 1.83816e+04 1.63084e+04 1.40331e+04 1.29546e+04 1.25478e+04 1.22983e+04 1.19866e+04 1.13771e+04 7.69290e+03 7.22662e+03 7.15288e+03 7.11820e+03 7.08266e+03 7.04677e+03 7.00139e+03 6.88146e+03 6.75322e+03 6.59378e+03 6.47626e+03 6.30205e+03 6.18590e+03 6.04964e+03 5.90939e+03 5.84107e+03 5.75267e+03 5.68102e+03 5.61390e+03
1.44003e+03 1.10447e+05 1.10383e+05 1.10340e+05 1.10270e+05 1.10107e+05 1.09799e+05 1.08880e+05 1.07388e+05 1.04532e+05 9.93251e+04 9.38520e+04 8.86930e+04 8.36950e+04 7.89109e+04 7.43625e+04 6.99390e+04 6.57503e+04 6.16012e+04 5.76126e+04 5.37558e+04 5.00460e+04 4.66726e+04 4.34703e+04 4.04735e+04 3.77249e+04 3.51913e+04 3.26955e+04 3.00598e+04 2.73532e+04 2.48064e+04 2.23683e+04 2.02080e+04 1.80771e+04 1.60060e+04 1.38992e+04 1.29042e+04 1.25153e+04 1.22525e+04 1.19226e+04 1.12170e+04 7.66866e+03 7.25400e+03 7.17563e+03 7.14814e+03 7.11637e+03 7.09157e+03 7.03056e+03 6.91304e+03 6.79033e+03 6.64432e+03 6.49865e+03 6.33867e+03 6.17428e+03 6.06702e+03 5.96669e+03 5.82159e+03 5.78704e+03 5.68379e+03 5.61313e+03
1.58223e+03 1.08886e+05 1.08822e+05 1.08780e+05 1.08714e+05 1.08552e+05 1.08251e+05 1.07343e+05 1.05880e+05 1.03099e+05 9.80212e+04 9.26660e+04 8.76036e+04 8.26889e+04 7.79764e+04 7.34885e+04 6.91168e+04 6.49723e+04 6.08653e+04 5.69199e+04 5.31114e+04 4.94580e+04 4.61442e+04 4.30088e+04 4.00757e+04 3.73737e+04 3.48495e+04 3.23306e+04 2.97095e+04 2.70430e+04 2.45180e+04 2.20778e+04 1.98826e+04 1.77163e+04 1.56471e+04 1.37201e+04 1.28270e+04 1.24497e+04 1.21812e+04 1.18160e+04 1.09044e+04 7.60079e+03 7.25313e+03 7.18606e+03 7.16466e+03 7.12781e+03 7.09293e+03 7.04941e+03 6.92040e+03 6.81347e+03 6.67178e+03 6.50123e+03 6.33442e+03 6.21165e+03 6.09999e+03 5.97725e+03 5.85164e+03 5.78116e+03 5.70387e+03 5.64426e+03
1.73846e+03 1.07091e+05 1.07026e+05 1.06984e+05 1.06924e+05 1.06762e+05 1.06469e+05 1.05567e+05 1.04119e+05 1.01388e+05 9.64174e+04 9.11783e+04 8.62225e+04 8.14059e+04 7.67806e+04 7.23684e+04 6.80630e+04 6.39760e+04 5.99254e+04 5.60390e+04 5.22969e+04 4.87197e+04 4.54827e+04 4.24276e+04 3.95656e+04 3.69102e+04 3.43878e+04 3.18514e+04 2.92550e+04 2.66351e+04 2.41315e+04 2.16832e+04 1.94656e+04 1.72956e+04 1.52362e+04 1.35031e+04 1.27159e+04 1.23500e+04 1.20573e+04 1.16069e+04 1.03416e+04 7.50864e+03 7.23602e+03 7.17552e+03 7.15895e+03 7.13578e+03 7.09568e+03 7.03401e+03 6.91081e+03 6.81235e+03 6.66320e+03 6.49737e+03 6.33643e+03 6.20805e+03 6.10031e+03 5.99812e+03 5.87484e+03 5.82043e+03 5.73682e+03 5.68255e+03
1.91013e+03 1.04991e+05 1.04917e+05 1.04875e+05 1.04825e+05 1.04660e+05 1.04379e+05 1.03479e+05 1.02042e+05 9.93550e+04 9.44782e+04 8.93557e+04 8.45161e+04 7.98123e+04 7.52909e+04 7.09711e+04 6.67488e+04 6.27367e+04 5.87618e+04 5.49559e+04 5.13039e+04 4.78270e+04 4.46847e+04 4.17204e+04 3.89319e+04 3.63167e+04 3.37857e+04 3.12427e+04 2.86781e+04 2.61137e+04 2.36263e+04 2.11738e+04 1.89603e+04 1.68189e+04 1.47722e+04 1.32515e+04 1.25659e+04 1.22002e+04 1.18450e+04 1.12281e+04 9.60440e+03 7.39755e+03 7.18754e+03 7.15276e+03 7.14074e+03 7.11749e+03 7.07810e+03 7.00370e+03 6.90676e+03 6.78121e+03 6.62049e+03 6.48460e+03 6.33426e+03 6.19546e+03 6.10998e+03 6.00059e+03 5.89881e+03 5.80779e+03 5.71821e+03 5.67386e+03
2.09874e+03 1.02460e+05 1.02391e+05 1.02347e+05 1.02305e+05 1.02136e+05 1.01870e+05 1.00972e+05 9.95476e+04 9.69112e+04 9.21348e+04 8.71391e+04 8.24306e+04 7.78575e+04 7.34593e+04 6.92516e+04 6.51335e+04 6.12190e+04 5.73462e+04 5.36500e+04 5.01191e+04 4.67704e+04 4.37360e+04 4.08706e+04 3.81519e+04 3.55629e+04 3.30179e+04 3.04918e+04 2.79593e+04 2.54662e+04 2.29683e+04 2.05409e+04 1.83722e+04 1.62754e+04 1.42555e+04 1.29643e+04 1.23612e+04 1.19597e+04 1.14950e+04 1.06063e+04 8.73406e+03 7.26592e+03 7.12458e+03 7.10091e+03 7.10329e+03 7.07631e+03 7.03489e+03 6.96435e+03 6.86562e+03 6.73772e+03 6.58065e+03 6.43759e+03 6.31524e+03 6.17376e+03 6.05507e+03 5.95980e+03 5.87612e+03 5.80755e+03 5.71476e+03 5.65172e+03
2.30598e+03 9.93936e+04 9.92917e+04 9.92338e+04 9.92247e+04 9.90309e+04 9.87888e+04 9.78961e+04 9.64916e+04 9.39283e+04 8.92808e+04 8.44391e+04 7.98870e+04 7.54697e+04 7.12200e+04 6.71503e+04 6.31650e+04 5.93795e+04 5.56447e+04 5.20967e+04 4.87239e+04 4.55320e+04 4.26229e+04 3.98557e+04 3.71946e+04 3.46126e+04 3.20662e+04 2.95696e+04 2.70812e+04 2.46553e+04 2.21281e+04 1.97779e+04 1.77041e+04 1.56320e+04 1.37008e+04 1.26369e+04 1.20696e+04 1.15752e+04 1.09209e+04 9.83319e+03 7.83247e+03 7.13301e+03 7.05286e+03 7.03751e+03 7.03775e+03 7.01541e+03 6.97827e+03 6.90019e+03 6.81572e+03 6.68261e+03 6.54285e+03 6.38982e+03 6.26900e+03 6.13221e+03 6.03062e+03 5.91134e+03 5.85034e+03 5.77126e+03 5.68194e+03 5.62164e+03
2.53369e+03 9.54776e+04 9.53819e+04 9.53291e+04 9.53247e+04 9.51251e+04 9.48948e+04 9.40468e+04 9.26810e+04 9.02288e+04 8.57664e+04 8.11289e+04 7.67755e+04 7.25527e+04 6.84884e+04 6.45942e+04 6.07824e+04 5.71696e+04 5.36209e+04 5.02683e+04 4.70930e+04 4.40804e+04 4.12999e+04 3.86214e+04 3.59987e+04 3.34102e+04 3.08906e+04 2.84273e+04 2.60321e+04 2.36147e+04 2.10989e+04 1.89094e+04 1.69377e+04 1.48436e+04 1.31320e+04 1.22425e+04 1.16395e+04 1.09856e+04 1.01784e+04 9.03390e+03 7.33577e+03 7.01278e+03 6.95957e+03 6.95036e+03 6.95242e+03 6.93735e+03 6.88999e+03 6.81396e+03 6.73570e+03 6.60227e+03 6.47048e+03 6.32685e+03 6.19309e+03 6.07355e+03 5.96043e+03 5.87033e+03 5.80664e+03 5.71924e+03 5.63879e+03 5.56522e+03
2.78424e+03 9.05101e+04 9.03902e+04 9.03199e+04 9.03943e+04 9.01210e+04 8.99216e+04 8.91421e+04 8.78393e+04 8.55501e+04 8.13647e+04 7.70161e+04 7.29314e+04 6.89661e+04 6.51459e+04 6.14854e+04 5.79083e+04 5.45304e+04 5.12300e+04 4.81245e+04 4.51789e+04 4.23524e+04 3.96897e+04 3.70698e+04 3.44565e+04 3.18905e+04 2.94254e+04 2.70536e+04 2.47408e+04 2.22591e+04 1.99053e+04 1.79396e+04 1.60107e+04 1.39177e+04 1.25400e+04 1.17227e+04 1.09978e+04 1.02493e+04 9.51236e+03 7.92766e+03 7.06536e+03 6.89265e+03 6.85394e+03 6.85892e+03 6.84969e+03 6.84109e+03 6.79222e+03 6.71171e+03 6.62585e+03 6.49807e+03 6.36522e+03 6.24500e+03 6.10283e+03 5.99152e+03 5.88089e+03 5.80111e+03 5.72585e+03 5.63484e+03 5.56950e+03 5.49811e+03
3.05404e+03 8.40799e+04 8.39663e+04 8.39256e+04 8.39701e+04 8.37828e+04 8.35873e+04 8.29006e+04 8.17424e+04 7.96672e+04 7.58999e+04 7.19678e+04 6.82570e+04 6.46419e+04 6.11528e+04 5.78095e+04 5.45483e+04 5.14781e+04 4.84847e+04 4.56599e+04 4.29456e+04 4.02801e+04 3.76981e+04 3.50991e+04 3.25118e+04 3.00281e+04 2.76861e+04 2.54564e+04 2.30988e+04 2.06789e+04 1.86525e+04 1.68504e+04 1.48411e+04 1.29907e+04 1.18821e+04 1.10420e+04 1.02615e+04 9.63852e+03 8.76106e+03 7.27631e+03 6.89752e+03 6.79684e+03 6.76504e+03 6.76297e+03 6.76464e+03 6.74659e+03 6.71267e+03 6.61850e+03 6.53916e+03 6.42252e+03 6.28695e+03 6.16309e+03 6.03636e+03 5.90932e+03 5.81397e+03 5.73459e+03 5.64762e+03 5.54799e+03 5.46758e+03 5.40920e+03
3.27771e+03 7.77455e+04 7.76708e+04 7.76366e+04 7.76512e+04 7.75078e+04 7.73495e+04 7.68049e+04 7.57866e+04 7.39767e+04 7.07026e+04 6.72368e+04 6.39304e+04 6.06859e+04 5.75405e+04 5.45195e+04 5.15701e+04 4.87884e+04 4.60615e+04 4.34534e+04 4.08905e+04 3.83065e+04 3.57443e+04 3.31639e+04 3.06572e+04 2.83169e+04 2.61454e+04 2.39180e+04 2.15177e+04 1.93906e+04 1.76123e+04 1.58201e+04 1.37751e+04 1.22661e+04 1.12564e+04 1.03923e+04 9.74239e+03 9.15079e+03 7.88216e+03 7.00840e+03 6.78728e+03 6.70041e+03 6.68046e+03 6.67775e+03 6.67868e+03 6.66662e+03 6.62013e+03 6.55216e+03 6.46101e+03 6.33662e+03 6.21812e+03 6.09104e+03 5.98821e+03 5.84719e+03 5.75466e+03 5.66710e+03 5.57167e+03 5.47105e+03 5.39789e+03 5.31793e+03
3.45736e+03 7.18789e+04 7.18253e+04 7.18017e+04 7.17740e+04 7.16831e+04 7.15380e+04 7.10968e+04 7.03148e+04 6.87915e+04 6.60394e+04 6.30501e+04 6.01456e+04 5.72615e+04 5.44426e+04 5.17193e+04 4.90455e+04 4.65037e+04 4.39782e+04 4.15123e+04 3.90298e+04 3.64740e+04 3.39263e+04 3.14184e+04 2.90527e+04 2.68918e+04 2.47874e+04 2.24821e+04 2.02457e+04 1.83991e+04 1.67268e+04 1.48563e+04 1.29517e+04 1.16765e+04 1.07029e+04 9.91501e+03 9.38370e+03 8.63313e+03 7.36509e+03 6.86770e+03 6.70607e+03 6.62729e+03 6.61982e+03 6.62044e+03 6.61362e+03 6.61037e+03 6.56734e+03 6.50489e+03 6.41255e+03 6.30669e+03 6.19584e+03 6.05175e+03 5.94526e+03 5.80552e+03 5.71345e+03 5.60028e+03 5.50274e+03 5.41286e+03 5.30706e+03 5.21098e+03
3.60052e+03 6.66107e+04 6.65695e+04 6.65566e+04 6.65250e+04 6.64619e+04 6.63359e+04 6.60044e+04 6.54132e+04 6.42166e+04 6.19809e+04 5.94505e+04 5.69236e+04 5.43699e+04 5.18425e+04 4.93755e+04 4.69276e+04 4.45685e+04 4.21803e+04 3.97972e+04 3.73517e+04 3.48168e+04 3.23266e+04 2.99430e+04 2.77485e+04 2.57036e+04 2.35570e+04 2.12767e+04 1.92944e+04 1.76081e+04 1.59421e+04 1.40117e+04 1.23423e+04 1.11882e+04 1.02531e+04 9.59767e+03 9.07782e+03 8.10905e+03 7.11221e+03 6.77995e+03 6.64397e+03 6.58083e+03 6.57789e+03 6.57894e+03 6.57454e+03 6.58145e+03 6.54789e+03 6.48551e+03 6.39556e+03 6.30067e+03 6.16997e+03 6.03313e+03 5.94736e+03 5.79865e+03 5.68843e+03 5.56828e+03 5.46167e+03 5.36620e+03 5.24202e+03 5.13854e+03
3.71567e+03 6.19296e+04 6.18994e+04 6.18967e+04 6.18607e+04 6.18191e+04 6.17428e+04 6.15182e+04 6.11146e+04 6.02517e+04 5.85009e+04 5.63913e+04 5.42036e+04 5.19401e+04 4.96620e+04 4.74069e+04 4.51365e+04 4.29106e+04 4.06126e+04 3.82781e+04 3.58599e+04 3.33728e+04 3.09830e+04 2.87484e+04 2.66947e+04 2.46761e+04 2.24812e+04 2.03559e+04 1.85607e+04 1.69499e+04 1.52413e+04 1.33367e+04 1.18730e+04 1.07846e+04 9.92312e+03 9.36953e+03 8.77852e+03 7.71116e+03 6.97553e+03 6.71775e+03 6.60394e+03 6.54553e+03 6.55091e+03 6.55912e+03 6.57696e+03 6.57255e+03 6.55476e+03 6.49126e+03 6.41235e+03 6.32498e+03 6.17551e+03 6.05511e+03 5.96082e+03 5.81695e+03 5.69033e+03 5.56722e+03 5.45123e+03 5.34233e+03 5.20718e+03 5.09231e+03
3.81687e+03 5.74404e+04 5.74181e+04 5.74270e+04 5.73952e+04 5.73880e+04 5.73500e+04 5.72618e+04 5.70578e+04 5.65312e+04 5.52649e+04 5.35662e+04 5.17028e+04 4.97108e+04 4.76589e+04 4.55883e+04 4.34637e+04 4.13390e+04 3.91050e+04 3.68103e+04 3.44406e+04 3.20450e+04 2.97915e+04 2.77082e+04 2.57379e+04 2.36855e+04 2.15320e+04 1.95950e+04 1.79201e+04 1.63301e+04 1.45632e+04 1.27824e+04 1.14655e+04 1.04270e+04 9.66832e+03 9.15741e+03 8.45227e+03 7.42358e+03 6.87350e+03 6.66290e+03 6.55926e+03 6.51554e+03 6.53718e+03 6.54896e+03 6.59903e+03 6.58967e+03 6.57059e+03 6.52953e+03 6.43955e+03 6.35111e+03 6.20441e+03 6.05640e+03 5.98938e+03 5.86684e+03 5.72325e+03 5.60133e+03 5.47414e+03 5.34073e+03 5.20134e+03 5.06876e+03
3.90336e+03 5.32815e+04 5.32653e+04 5.32874e+04 5.32651e+04 5.32902e+04 5.33039e+04 5.33633e+04 5.33665e+04 5.31639e+04 5.23571e+04 5.10401e+04 4.94720e+04 4.77213e+04 4.58649e+04 4.39474e+04 4.19380e+04 3.98905e+04 3.77105e+04 3.54693e+04 3.31798e+04 3.09060e+04 2.87933e+04 2.68247e+04 2.48765e+04 2.27979e+04 2.07664e+04 1.89722e+04 1.73639e+04 1.57595e+04 1.39607e+04 1.23416e+04 1.11199e+04 1.01324e+04 9.47753e+03 8.95162e+03 8.14093e+03 7.22791e+03 6.79969e+03 6.61876e+03 6.53043e+03 6.50361e+03 6.54322e+03 6.56998e+03 6.62446e+03 6.63728e+03 6.60739e+03 6.59017e+03 6.47605e+03 6.39409e+03 6.28508e+03 6.11866e+03 6.01379e+03 5.90948e+03 5.75138e+03 5.63048e+03 5.49371e+03 5.33937e+03 5.19636e+03 5.04864e+03
3.97624e+03 4.94972e+04 4.94900e+04 4.95136e+04 4.95133e+04 4.95673e+04 4.96308e+04 4.98327e+04 5.00185e+04 5.01439e+04 4.97702e+04 4.88049e+04 4.75020e+04 4.59622e+04 4.42714e+04 4.24796e+04 4.05627e+04 3.85812e+04 3.64618e+04 3.42954e+04 3.21097e+04 2.99646e+04 2.79714e+04 2.60718e+04 2.41095e+04 2.20614e+04 2.01560e+04 1.84572e+04 1.68791e+04 1.52425e+04 1.34611e+04 1.19862e+04 1.08287e+04 9.90246e+03 9.32342e+03 8.74486e+03 7.87039e+03 7.08706e+03 6.73398e+03 6.57848e+03 6.50873e+03 6.50968e+03 6.56427e+03 6.61216e+03 6.66415e+03 6.68221e+03 6.66552e+03 6.61804e+03 6.54922e+03 6.44407e+03 6.34504e+03 6.20397e+03 6.08791e+03 5.98091e+03 5.82681e+03 5.70314e+03 5.56788e+03 5.40156e+03 5.25899e+03 5.11319e+03
4.04021e+03 4.59178e+04 4.59177e+04 4.59284e+04 4.59551e+04 4.60253e+04 4.61176e+04 4.64296e+04 4.68041e+04 4.72594e+04 4.73351e+04 4.67206e+04 4.56716e+04 4.43274e+04 4.27861e+04 4.11061e+04 3.92753e+04 3.73662e+04 3.53258e+04 3.32567e+04 3.11875e+04 2.91632e+04 2.72618e+04 2.53934e+04 2.34187e+04 2.14454e+04 1.96424e+04 1.80050e+04 1.64328e+04 1.47600e+04 1.30448e+04 1.16838e+04 1.05732e+04 9.71499e+03 9.17672e+03 8.52520e+03 7.64645e+03 6.97619e+03 6.68292e+03 6.54795e+03 6.50722e+03 6.55032e+03 6.58858e+03 6.62967e+03 6.70083e+03 6.72278e+03 6.71329e+03 6.66825e+03 6.60885e+03 6.53503e+03 6.38482e+03 6.24799e+03 6.16320e+03 6.05038e+03 5.90289e+03 5.77609e+03 5.64398e+03 5.46824e+03 5.32673e+03 5.18542e+03
4.09464e+03 4.26391e+04 4.26394e+04 4.26476e+04 4.26788e+04 4.27428e+04 4.28321e+04 4.31960e+04 4.37298e+04 4.45052e+04 4.50661e+04 4.48101e+04 4.40072e+04 4.28459e+04 4.14420e+04 3.98675e+04 3.81256e+04 3.63003e+04 3.43538e+04 3.23895e+04 3.04295e+04 2.85038e+04 2.66639e+04 2.48035e+04 2.28439e+04 2.09471e+04 1.92178e+04 1.76159e+04 1.60344e+04 1.43374e+04 1.27113e+04 1.14319e+04 1.03583e+04 9.57052e+03 9.03255e+03 8.30949e+03 7.46773e+03 6.88382e+03 6.63264e+03 6.52913e+03 6.51174e+03 6.55334e+03 6.63368e+03 6.68379e+03 6.74956e+03 6.77532e+03 6.76398e+03 6.73734e+03 6.66269e+03 6.58368e+03 6.45627e+03 6.32308e+03 6.22726e+03 6.10949e+03 5.96763e+03 5.83817e+03 5.70875e+03 5.52498e+03 5.38437e+03 5.24688e+03
4.14280e+03 3.95230e+04 3.95225e+04 3.95190e+04 3.95504e+04 3.95843e+04 3.96645e+04 4.00296e+04 4.06685e+04 4.17710e+04 4.28610e+04 4.29893e+04 4.24387e+04 4.14602e+04 4.01941e+04 3.87288e+04 3.70840e+04 3.53525e+04 3.35063e+04 3.16442e+04 2.97811e+04 2.79349e+04 2.61359e+04 2.42796e+04 2.23528e+04 2.05216e+04 1.88460e+04 1.72649e+04 1.56675e+04 1.39646e+04 1.24291e+04 1.12091e+04 1.01702e+04 9.44509e+03 8.86692e+03 8.10103e+03 7.31047e+03 6.81035e+03 6.59146e+03 6.51807e+03 6.53205e+03 6.59032e+03 6.66787e+03 6.72972e+03 6.78988e+03 6.81191e+03 6.81069e+03 6.78175e+03 6.71122e+03 6.63004e+03 6.55070e+03 6.38167e+03 6.28394e+03 6.16179e+03 6.02491e+03 5.89310e+03 5.76605e+03 5.57518e+03 5.43537e+03 5.30126e+03
4.18440e+03 3.66398e+04 3.66420e+04 3.66305e+04 3.66512e+04 3.66791e+04 3.67594e+04 3.71192e+04 3.78326e+04 3.91936e+04 4.07862e+04 4.13011e+04 4.10035e+04 4.02068e+04 3.90782e+04 3.77247e+04 3.61812e+04 3.45454e+04 3.27953e+04 3.10239e+04 2.92411e+04 2.74554e+04 2.56828e+04 2.38347e+04 2.19451e+04 2.01654e+04 1.85263e+04 1.69557e+04 1.53404e+04 1.36511e+04 1.21962e+04 1.10209e+04 1.00152e+04 9.32967e+03 8.70134e+03 7.91243e+03 7.18486e+03 6.74636e+03 6.56027e+03 6.52599e+03 6.56163e+03 6.61989e+03 6.71654e+03 6.78906e+03 6.83983e+03 6.85423e+03 6.84024e+03 6.83886e+03 6.77453e+03 6.67291e+03 6.53690e+03 6.42936e+03 6.30906e+03 6.18384e+03 6.05060e+03 5.91798e+03 5.79261e+03 5.60656e+03 5.46863e+03 5.33874e+03
4.21984e+03 3.40074e+04 3.40143e+04 3.40069e+04 3.40310e+04 3.40786e+04 3.41891e+04 3.46001e+04 3.53897e+04 3.69360e+04 3.89341e+04 3.97941e+04 3.97333e+04 3.91093e+04 3.81132e+04 3.68682e+04 3.54223e+04 3.38754e+04 3.22098e+04 3.05143e+04 2.87956e+04 2.70555e+04 2.53010e+04 2.34657e+04 2.16093e+04 1.98684e+04 1.82534e+04 1.66872e+04 1.50566e+04 1.33940e+04 1.20048e+04 1.08663e+04 9.89099e+03 9.22851e+03 8.53444e+03 7.75488e+03 7.07297e+03 6.68996e+03 6.54017e+03 6.52732e+03 6.57251e+03 6.64887e+03 6.74986e+03 6.82539e+03 6.85733e+03 6.88287e+03 6.87248e+03 6.85813e+03 6.80330e+03 6.68496e+03 6.59476e+03 6.44406e+03 6.31954e+03 6.19204e+03 6.06160e+03 5.92884e+03 5.80474e+03 5.62780e+03 5.49201e+03 5.36631e+03
4.25090e+03 3.15334e+04 3.15487e+04 3.15543e+04 3.15923e+04 3.16760e+04 3.18430e+04 3.23643e+04 3.32728e+04 3.49917e+04 3.73070e+04 3.84542e+04 3.86059e+04 3.81429e+04 3.72724e+04 3.61304e+04 3.47755e+04 3.33087e+04 3.17165e+04 3.00847e+04 2.84181e+04 2.67134e+04 2.49736e+04 2.31530e+04 2.13254e+04 1.96142e+04 1.80151e+04 1.64490e+04 1.48076e+04 1.31819e+04 1.18464e+04 1.07383e+04 9.79284e+03 9.12393e+03 8.37094e+03 7.61279e+03 6.98039e+03 6.64882e+03 6.52264e+03 6.53822e+03 6.59506e+03 6.68661e+03 6.79392e+03 6.85146e+03 6.88128e+03 6.90764e+03 6.89623e+03 6.87206e+03 6.80771e+03 6.73199e+03 6.62887e+03 6.47952e+03 6.32871e+03 6.19921e+03 6.07123e+03 5.93835e+03 5.81537e+03 5.64641e+03 5.51250e+03 5.39047e+03
4.27752e+03 2.92636e+04 2.92847e+04 2.93003e+04 2.93496e+04 2.94700e+04 2.97028e+04 3.03887e+04 3.14546e+04 3.33595e+04 3.59374e+04 3.73156e+04 3.76461e+04 3.73232e+04 3.65636e+04 3.55126e+04 3.42370e+04 3.28385e+04 3.13074e+04 2.97279e+04 2.81034e+04 2.64266e+04 2.46993e+04 2.28924e+04 2.10894e+04 1.94010e+04 1.78121e+04 1.62438e+04 1.45960e+04 1.30100e+04 1.17182e+04 1.06359e+04 9.71503e+03 9.01197e+03 8.22690e+03 7.48633e+03 6.90405e+03 6.61303e+03 6.51752e+03 6.55727e+03 6.62554e+03 6.72442e+03 6.81684e+03 6.88611e+03 6.89415e+03 6.92865e+03 6.91671e+03 6.87868e+03 6.80792e+03 6.75001e+03 6.64186e+03 6.48997e+03 6.33658e+03 6.20537e+03 6.07949e+03 5.94650e+03 5.82448e+03 5.66237e+03 5.53007e+03 5.41119e+03
4.30065e+03 2.71528e+04 2.71752e+04 2.71941e+04 2.72543e+04 2.74122e+04 2.77202e+04 2.85908e+04 2.98484e+04 3.19628e+04 3.47745e+04 3.63432e+04 3.68247e+04 3.66231e+04 3.59606e+04 3.49892e+04 3.37823e+04 3.24420e+04 3.09626e+04 2.94268e+04 2.78370e+04 2.61829e+04 2.44664e+04 2.26723e+04 2.08908e+04 1.92206e+04 1.76378e+04 1.60659e+04 1.44156e+04 1.28686e+04 1.16141e+04 1.05537e+04 9.65096e+03 8.90370e+03 8.09944e+03 7.37488e+03 6.84063e+03 6.58484e+03 6.51954e+03 6.58003e+03 6.65766e+03 6.75880e+03 6.84034e+03 6.92116e+03 6.91572e+03 6.94517e+03 6.93741e+03 6.88852e+03 6.81136e+03 6.75390e+03 6.64877e+03 6.48411e+03 6.34341e+03 6.21071e+03 6.08667e+03 5.95359e+03 5.83239e+03 5.67623e+03 5.54532e+03 5.42918e+03
4.32086e+03 2.51463e+04 2.51871e+04 2.52293e+04 2.53098e+04 2.55132e+04 2.59073e+04 2.69705e+04 2.84244e+04 3.07547e+04 3.37862e+04 3.55143e+04 3.61231e+04 3.60257e+04 3.54475e+04 3.45451e+04 3.33972e+04 3.21065e+04 3.06709e+04 2.91718e+04 2.76107e+04 2.59751e+04 2.42681e+04 2.24861e+04 2.07237e+04 1.90682e+04 1.74882e+04 1.59115e+04 1.42625e+04 1.27523e+04 1.15310e+04 1.04889e+04 9.59706e+03 8.80648e+03 7.98534e+03 7.27810e+03 6.78864e+03 6.56719e+03 6.52463e+03 6.60417e+03 6.68805e+03 6.78821e+03 6.88311e+03 6.94953e+03 6.96276e+03 6.95656e+03 6.96039e+03 6.90977e+03 6.82173e+03 6.75953e+03 6.65860e+03 6.47134e+03 6.34939e+03 6.21538e+03 6.09294e+03 5.95978e+03 5.83930e+03 5.68834e+03 5.55866e+03 5.44490e+03
4.33812e+03 2.33718e+04 2.34262e+04 2.34807e+04 2.35805e+04 2.38350e+04 2.43243e+04 2.55700e+04 2.72024e+04 2.97307e+04 3.29722e+04 3.48338e+04 3.55468e+04 3.55352e+04 3.50269e+04 3.41817e+04 3.30826e+04 3.18328e+04 3.04329e+04 2.89635e+04 2.74251e+04 2.58044e+04 2.41056e+04 2.23358e+04 2.05906e+04 1.89466e+04 1.73664e+04 1.57834e+04 1.41398e+04 1.26648e+04 1.14697e+04 1.04442e+04 9.56079e+03 8.71653e+03 7.88147e+03 7.19901e+03 6.75527e+03 6.56478e+03 6.54245e+03 6.62854e+03 6.73186e+03 6.82319e+03 6.91478e+03 6.96182e+03 6.98356e+03 6.97637e+03 6.97253e+03 6.91244e+03 6.82075e+03 6.76199e+03 6.64920e+03 6.50060e+03 6.35449e+03 6.21937e+03 6.09829e+03 5.96507e+03 5.84521e+03 5.69869e+03 5.57005e+03 5.45833e+03
4.35383e+03 2.16952e+04 2.17445e+04 2.18139e+04 2.19315e+04 2.22567e+04 2.28644e+04 2.43018e+04 2.60931e+04 2.88038e+04 3.22417e+04 3.42244e+04 3.50309e+04 3.50964e+04 3.46508e+04 3.38570e+04 3.28017e+04 3.15884e+04 3.02206e+04 2.87776e+04 2.72594e+04 2.56517e+04 2.39608e+04 2.22029e+04 2.04737e+04 1.88398e+04 1.72588e+04 1.56694e+04 1.40324e+04 1.25902e+04 1.14184e+04 1.04070e+04 9.52897e+03 8.63480e+03 7.78857e+03 7.13127e+03 6.72787e+03 6.56598e+03 6.56136e+03 6.65261e+03 6.77141e+03 6.85695e+03 6.94301e+03 6.97706e+03 7.00236e+03 6.99366e+03 6.98380e+03 6.91302e+03 6.82249e+03 6.75557e+03 6.63220e+03 6.52759e+03 6.35913e+03 6.22300e+03 6.10317e+03 5.96988e+03 5.85059e+03 5.70810e+03 5.58041e+03 5.47056e+03
4.36644e+03 2.01486e+04 2.02218e+04 2.03216e+04 2.04855e+04 2.09176e+04 2.16646e+04 2.32980e+04 2.52233e+04 2.80737e+04 3.16759e+04 3.37563e+04 3.46349e+04 3.47600e+04 3.43631e+04 3.36091e+04 3.25876e+04 3.14026e+04 3.00592e+04 2.86362e+04 2.71329e+04 2.55350e+04 2.38516e+04 2.21051e+04 2.03891e+04 1.87628e+04 1.71803e+04 1.55843e+04 1.39562e+04 1.25411e+04 1.13871e+04 1.03837e+04 9.50250e+03 8.57322e+03 7.72289e+03 7.08950e+03 6.71031e+03 6.57199e+03 6.57876e+03 6.67641e+03 6.79293e+03 6.88553e+03 6.96618e+03 7.00904e+03 7.02681e+03 6.99991e+03 6.99738e+03 6.91514e+03 6.83776e+03 6.72229e+03 6.59904e+03 6.53001e+03 6.36286e+03 6.22592e+03 6.10708e+03 5.97374e+03 5.85490e+03 5.71566e+03 5.58873e+03 5.48036e+03
4.37660e+03 1.86927e+04 1.88168e+04 1.89501e+04 1.91897e+04 1.97537e+04 2.06598e+04 2.24938e+04 2.45253e+04 2.74854e+04 3.12199e+04 3.33790e+04 3.43159e+04 3.44890e+04 3.41312e+04 3.34093e+04 3.24151e+04 3.12529e+04 2.99292e+04 2.85222e+04 2.70309e+04 2.54410e+04 2.37636e+04 2.20263e+04 2.03209e+04 1.87008e+04 1.71171e+04 1.55158e+04 1.38949e+04 1.25016e+04 1.13619e+04 1.03650e+04 9.48116e+03 8.52361e+03 7.66997e+03 7.05583e+03 6.69616e+03 6.57683e+03 6.59279e+03 6.69559e+03 6.81027e+03 6.90857e+03 6.98484e+03 7.03482e+03 7.04652e+03 7.00494e+03 7.00832e+03 6.91685e+03 6.85007e+03 6.69548e+03 6.57233e+03 6.53195e+03 6.36586e+03 6.22826e+03 6.11023e+03 5.97685e+03 5.85837e+03 5.72174e+03 5.59543e+03 5.48827e+03
4.38521e+03 1.73563e+04 1.75395e+04 1.77078e+04 1.80243e+04 1.86978e+04 1.97692e+04 2.18146e+04 2.39580e+04 2.70059e+04 3.08500e+04 3.30761e+04 3.40605e+04 3.42725e+04 3.39465e+04 3.32506e+04 3.22784e+04 3.11344e+04 2.98263e+04 2.84318e+04 2.69498e+04 2.53666e+04 2.36957e+04 2.19675e+04 2.02711e+04 1.86560e+04 1.70714e+04 1.54654e+04 1.38531e+04 1.24775e+04 1.13477e+04 1.03507e+04 9.46657e+03 8.48744e+03 7.63149e+03 7.03514e+03 6.69507e+03 6.58268e+03 6.61223e+03 6.72218e+03 6.84066e+03 6.94495e+03 7.01226e+03 7.06156e+03 7.06816e+03 7.01329e+03 7.01258e+03 6.91496e+03 6.84824e+03 6.69698e+03 6.56911e+03 6.50937e+03 6.36840e+03 6.23025e+03 6.11290e+03 5.97949e+03 5.86132e+03 5.72691e+03 5.60111e+03 5.49497e+03
4.39281e+03 1.61885e+04 1.64252e+04 1.66345e+04 1.70025e+04 1.77602e+04 1.89488e+04 2.12073e+04 2.34574e+04 2.65834e+04 3.05241e+04 3.28092e+04 3.38355e+04 3.40819e+04 3.37839e+04 3.31109e+04 3.21581e+04 3.10302e+04 2.97358e+04 2.83522e+04 2.68783e+04 2.53011e+04 2.36360e+04 2.19158e+04 2.02275e+04 1.86168e+04 1.70314e+04 1.54212e+04 1.38166e+04 1.24566e+04 1.13354e+04 1.03382e+04 9.45380e+03 8.45571e+03 7.59774e+03 7.01713e+03 6.69446e+03 6.58790e+03 6.62964e+03 6.74597e+03 6.86799e+03 6.97760e+03 7.03683e+03 7.08532e+03 7.08743e+03 7.02079e+03 7.01618e+03 6.91319e+03 6.84623e+03 6.69907e+03 6.56689e+03 6.48866e+03 6.37065e+03 6.23201e+03 6.11526e+03 5.98182e+03 5.86392e+03 5.73146e+03 5.60613e+03 5.50088e+03
4.39957e+03 1.51648e+04 1.54566e+04 1.57018e+04 1.61179e+04 1.69509e+04 1.82229e+04 2.06654e+04 2.30216e+04 2.62074e+04 3.02341e+04 3.25718e+04 3.36353e+04 3.39123e+04 3.36392e+04 3.29866e+04 3.20511e+04 3.09374e+04 2.96552e+04 2.82813e+04 2.68147e+04 2.52428e+04 2.35829e+04 2.18699e+04 2.01886e+04 1.85819e+04 1.69958e+04 1.53819e+04 1.37841e+04 1.24380e+04 1.13245e+04 1.03270e+04 9.44244e+03 8.42748e+03 7.56771e+03 7.00110e+03 6.69391e+03 6.59254e+03 6.64512e+03 6.76714e+03 6.89230e+03 7.00665e+03 7.05869e+03 7.10646e+03 7.10457e+03 7.02746e+03 7.01938e+03 6.91161e+03 6.84444e+03 6.70094e+03 6.56492e+03 6.47024e+03 6.37265e+03 6.23357e+03 6.11736e+03 5.98389e+03 5.86624e+03 5.73551e+03 5.61059e+03 5.50614e+03
4.40585e+03 1.41838e+04 1.45294e+04 1.48130e+04 1.53032e+04 1.62191e+04 1.75560e+04 2.01544e+04 2.26262e+04 2.58702e+04 2.99728e+04 3.23589e+04 3.34563e+04 3.37609e+04 3.35104e+04 3.28761e+04 3.19561e+04 3.08551e+04 2.95837e+04 2.82185e+04 2.67586e+04 2.51920e+04 2.35375e+04 2.18312e+04 2.01567e+04 1.85536e+04 1.69678e+04 1.53520e+04 1.37612e+04 1.24266e+04 1.13168e+04 1.03198e+04 9.43564e+03 8.41528e+03 7.55308e+03 6.99800e+03 6.70440e+03 6.61065e+03 6.67681e+03 6.80496e+03 6.93437e+03 7.04519e+03 7.09483e+03 7.13053e+03 7.12215e+03 7.04479e+03 7.02297e+03 6.91599e+03 6.83573e+03 6.69847e+03 6.56356e+03 6.45942e+03 6.37386e+03 6.23444e+03 6.11868e+03 5.98519e+03 5.86777e+03 5.73853e+03 5.61391e+03 5.51007e+03
4.41183e+03 1.31979e+04 1.35773e+04 1.39131e+04 1.44896e+04 1.55411e+04 1.69641e+04 1.96688e+04 2.22504e+04 2.55607e+04 2.97317e+04 3.21634e+04 3.32923e+04 3.36227e+04 3.33930e+04 3.27757e+04 3.18699e+04 3.07806e+04 2.95189e+04 2.81614e+04 2.67078e+04 2.51467e+04 2.34978e+04 2.17982e+04 2.01301e+04 1.85306e+04 1.69460e+04 1.53297e+04 1.37462e+04 1.24210e+04 1.13119e+04 1.03159e+04 9.43259e+03 8.41649e+03 7.55128e+03 7.00582e+03 6.72441e+03 6.64045e+03 6.72271e+03 6.85746e+03 6.99213e+03 7.09238e+03 7.14363e+03 7.15744e+03 7.14038e+03 7.07142e+03 7.02695e+03 6.92548e+03 6.82101e+03 6.69229e+03 6.56269e+03 6.45488e+03 6.37105e+03 6.23169e+03 6.11614e+03 5.98268e+03 5.86544e+03 5.73684e+03 5.61205e+03 5.50796e+03
4.41738e+03 1.22765e+04 1.26529e+04 1.30288e+04 1.36946e+04 1.49033e+04 1.64240e+04 1.92300e+04 2.19100e+04 2.52730e+04 2.95076e+04 3.19817e+04 3.31399e+04 3.34941e+04 3.32839e+04 3.26824e+04 3.17898e+04 3.07112e+04 2.94586e+04 2.81084e+04 2.66606e+04 2.51047e+04 2.34609e+04 2.17675e+04 2.01054e+04 1.85093e+04 1.69257e+04 1.53089e+04 1.37322e+04 1.24159e+04 1.13073e+04 1.03122e+04 9.42976e+03 8.41762e+03 7.54960e+03 7.01309e+03 6.74302e+03 6.66817e+03 6.76540e+03 6.90628e+03 7.04584e+03 7.13625e+03 7.18902e+03 7.18247e+03 7.15733e+03 7.09617e+03 7.03064e+03 6.93431e+03 6.80732e+03 6.68654e+03 6.56189e+03 6.45067e+03 6.36845e+03 6.22913e+03 6.11377e+03 5.98033e+03 5.86328e+03 5.73528e+03 5.61031e+03 5.50600e+03
4.42197e+03 1.15438e+04 1.19145e+04 1.22967e+04 1.30177e+04 1.43679e+04 1.60026e+04 1.88673e+04 2.16363e+04 2.50347e+04 2.93220e+04 3.18312e+04 3.30136e+04 3.33877e+04 3.31935e+04 3.26050e+04 3.17234e+04 3.06538e+04 2.94087e+04 2.80645e+04 2.66216e+04 2.50698e+04 2.34304e+04 2.17421e+04 2.00849e+04 1.84916e+04 1.69089e+04 1.52917e+04 1.37206e+04 1.24116e+04 1.13035e+04 1.03092e+04 9.42741e+03 8.41855e+03 7.54822e+03 7.01911e+03 6.75843e+03 6.69111e+03 6.80074e+03 6.94670e+03 7.09031e+03 7.17258e+03 7.22659e+03 7.20319e+03 7.17137e+03 7.11667e+03 7.03370e+03 6.94162e+03 6.79598e+03 6.68178e+03 6.56122e+03 6.44718e+03 6.36629e+03 6.22701e+03 6.11181e+03 5.97839e+03 5.86150e+03 5.73398e+03 5.60887e+03 5.50437e+03
4.42588e+03 1.09341e+04 1.13092e+04 1.17011e+04 1.24505e+04 1.39062e+04 1.56477e+04 1.85625e+04 2.14040e+04 2.48325e+04 2.91645e+04 3.17035e+04 3.29065e+04 3.32974e+04 3.31168e+04 3.25394e+04 3.16671e+04 3.06051e+04 2.93663e+04 2.80273e+04 2.65884e+04 2.50402e+04 2.34045e+04 2.17205e+04 2.00675e+04 1.84765e+04 1.68946e+04 1.52771e+04 1.37107e+04 1.24080e+04 1.13002e+04 1.03066e+04 9.42542e+03 8.41934e+03 7.54704e+03 7.02422e+03 6.77150e+03 6.71058e+03 6.83074e+03 6.98100e+03 7.12805e+03 7.20340e+03 7.25847e+03 7.22077e+03 7.18328e+03 7.13407e+03 7.03630e+03 6.94783e+03 6.78637e+03 6.67774e+03 6.56066e+03 6.44421e+03 6.36445e+03 6.22521e+03 6.11015e+03 5.97675e+03 5.85998e+03 5.73288e+03 5.60765e+03 5.50299e+03
4.42925e+03 1.03983e+04 1.07962e+04 1.12108e+04 1.19833e+04 1.34995e+04 1.53476e+04 1.83145e+04 2.12029e+04 2.46627e+04 2.90308e+04 3.15952e+04 3.28157e+04 3.32209e+04 3.30519e+04 3.24838e+04 3.16194e+04 3.05637e+04 2.93303e+04 2.79956e+04 2.65603e+04 2.50152e+04 2.33826e+04 2.17024e+04 2.00529e+04 1.84639e+04 1.68827e+04 1.52654e+04 1.37030e+04 1.24049e+04 1.12971e+04 1.03036e+04 9.42421e+03 8.42353e+03 7.55080e+03 7.03356e+03 6.78718e+03 6.73243e+03 6.86122e+03 7.01385e+03 7.16010e+03 7.22920e+03 7.28271e+03 7.23560e+03 7.19215e+03 7.14360e+03 7.03704e+03 6.95128e+03 6.78203e+03 6.67547e+03 6.55995e+03 6.44123e+03 6.36287e+03 6.22365e+03 6.10871e+03 5.97532e+03 5.85867e+03 5.73192e+03 5.60660e+03 5.50180e+03
4.43248e+03 9.89720e+03 1.03133e+04 1.07524e+04 1.15470e+04 1.31126e+04 1.50608e+04 1.80774e+04 2.10107e+04 2.45121e+04 2.89087e+04 3.14966e+04 3.27333e+04 3.31514e+04 3.29929e+04 3.24333e+04 3.15759e+04 3.05259e+04 2.92974e+04 2.79667e+04 2.65347e+04 2.49926e+04 2.33630e+04 2.16862e+04 2.00398e+04 1.84526e+04 1.68726e+04 1.52563e+04 1.36973e+04 1.24020e+04 1.12934e+04 1.02989e+04 9.42418e+03 8.43525e+03 7.56492e+03 7.05331e+03 6.81176e+03 6.76432e+03 6.90029e+03 7.05219e+03 7.18935e+03 7.25190e+03 7.29847e+03 7.24888e+03 7.19744e+03 7.14051e+03 7.03443e+03 6.95035e+03 6.78668e+03 6.67599e+03 6.55881e+03 6.43746e+03 6.36135e+03 6.22216e+03 6.10733e+03 5.97396e+03 5.85741e+03 5.73101e+03 5.60559e+03 5.50066e+03
4.43603e+03 9.41500e+03 9.85912e+03 1.02711e+04 1.10939e+04 1.26923e+04 1.47405e+04 1.78166e+04 2.08082e+04 2.43463e+04 2.87743e+04 3.13882e+04 3.26426e+04 3.30749e+04 3.29280e+04 3.23778e+04 3.15281e+04 3.04844e+04 2.92612e+04 2.79349e+04 2.65066e+04 2.49677e+04 2.33414e+04 2.16685e+04 2.00255e+04 1.84402e+04 1.68614e+04 1.52463e+04 1.36911e+04 1.23988e+04 1.12894e+04 1.02937e+04 9.42414e+03 8.44814e+03 7.58044e+03 7.07503e+03 6.83880e+03 6.79940e+03 6.94327e+03 7.09437e+03 7.22154e+03 7.27687e+03 7.31581e+03 7.26349e+03 7.20326e+03 7.13712e+03 7.03157e+03 6.94933e+03 6.79180e+03 6.67656e+03 6.55755e+03 6.43332e+03 6.35968e+03 6.22053e+03 6.10582e+03 5.97246e+03 5.85603e+03 5.73001e+03 5.60448e+03 5.49940e+03
4.43985e+03 9.00229e+03 9.43807e+03 9.84986e+03 1.06255e+04 1.22478e+04 1.43952e+04 1.75496e+04 2.05903e+04 2.41680e+04 2.86298e+04 3.12716e+04 3.25450e+04 3.29927e+04 3.28582e+04 3.23180e+04 3.14766e+04 3.04397e+04 2.92223e+04 2.79006e+04 2.64763e+04 2.49410e+04 2.33182e+04 2.16493e+04 2.00101e+04 1.84268e+04 1.68493e+04 1.52355e+04 1.36844e+04 1.23954e+04 1.12851e+04 1.02881e+04 9.42410e+03 8.46201e+03 7.59715e+03 7.09840e+03 6.86789e+03 6.83714e+03 6.98951e+03 7.13975e+03 7.25617e+03 7.30373e+03 7.33446e+03 7.27921e+03 7.20953e+03 7.13347e+03 7.02848e+03 6.94823e+03 6.79731e+03 6.67718e+03 6.55619e+03 6.42886e+03 6.35789e+03 6.21877e+03 6.10419e+03 5.97085e+03 5.85454e+03 5.72893e+03 5.60329e+03 5.49805e+03
4.44363e+03 8.67297e+03 9.12216e+03 9.46338e+03 1.02187e+04 1.18336e+04 1.40461e+04 1.72914e+04 2.03752e+04 2.39920e+04 2.84871e+04 3.11565e+04 3.24487e+04 3.29115e+04 3.27893e+04 3.22589e+04 3.14258e+04 3.03956e+04 2.91838e+04 2.78668e+04 2.64464e+04 2.49146e+04 2.32953e+04 2.16305e+04 1.99948e+04 1.84136e+04 1.68374e+04 1.52249e+04 1.36778e+04 1.23920e+04 1.12808e+04 1.02826e+04 9.42406e+03 8.47570e+03 7.61364e+03 7.12148e+03 6.89661e+03 6.87439e+03 7.03516e+03 7.18455e+03 7.29035e+03 7.33026e+03 7.35287e+03 7.29473e+03 7.21571e+03 7.12987e+03 7.02543e+03 6.94714e+03 6.80274e+03 6.67778e+03 6.55485e+03 6.42446e+03 6.35612e+03 6.21703e+03 6.10258e+03 5.96926e+03 5.85307e+03 5.72786e+03 5.60211e+03 5.49672e+03
4.44731e+03 8.38902e+03 8.85228e+03 9.22143e+03 9.85701e+03 1.14386e+04 1.37025e+04 1.70394e+04 2.01652e+04 2.38202e+04 2.83478e+04 3.10441e+04 3.23546e+04 3.28322e+04 3.27220e+04 3.22013e+04 3.13763e+04 3.03526e+04 2.91463e+04 2.78338e+04 2.64172e+04 2.48888e+04 2.32729e+04 2.16120e+04 1.99799e+04 1.84007e+04 1.68258e+04 1.52145e+04 1.36713e+04 1.23888e+04 1.12766e+04 1.02773e+04 9.42402e+03 8.48907e+03 7.62975e+03 7.14400e+03 6.92465e+03 6.91077e+03 7.07972e+03 7.22828e+03 7.32373e+03 7.35615e+03 7.37084e+03 7.30988e+03 7.22175e+03 7.12635e+03 7.02246e+03 6.94608e+03 6.80805e+03 6.67837e+03 6.55354e+03 6.42016e+03 6.35439e+03 6.21533e+03 6.10101e+03 5.96771e+03 5.85164e+03 5.72682e+03 5.60096e+03 5.49542e+03
4.45116e+03 8.11663e+03 8.62411e+03 8.97735e+03 9.56803e+03 1.10627e+04 1.33437e+04 1.67910e+04 1.99468e+04 2.36406e+04 2.82023e+04 3.09266e+04 3.22564e+04 3.27494e+04 3.26517e+04 3.21411e+04 3.13245e+04 3.03076e+04 2.91071e+04 2.77993e+04 2.63867e+04 2.48619e+04 2.32495e+04 2.15928e+04 1.99644e+04 1.83873e+04 1.68137e+04 1.52037e+04 1.36646e+04 1.23853e+04 1.12722e+04 1.02717e+04 9.42398e+03 8.50304e+03 7.64657e+03 7.16754e+03 6.95394e+03 6.94876e+03 7.12628e+03 7.27397e+03 7.35859e+03 7.38320e+03 7.38962e+03 7.32571e+03 7.22806e+03 7.12268e+03 7.01935e+03 6.94497e+03 6.81359e+03 6.67899e+03 6.55218e+03 6.41567e+03 6.35258e+03 6.21356e+03 6.09937e+03 5.96608e+03 5.85015e+03 5.72574e+03 5.59975e+03 5.49406e+03
4.45523e+03 7.86152e+03 8.39977e+03 8.74854e+03 9.28329e+03 1.06739e+04 1.29640e+04 1.65309e+04 1.97212e+04 2.34599e+04 2.80521e+04 3.08052e+04 3.21547e+04 3.26636e+04 3.25787e+04 3.20785e+04 3.12706e+04 3.02607e+04 2.90662e+04 2.77634e+04 2.63549e+04 2.48337e+04 2.32250e+04 2.15724e+04 1.99477e+04 1.83728e+04 1.68006e+04 1.51920e+04 1.36569e+04 1.23797e+04 1.12663e+04 1.02648e+04 9.42251e+03 8.51512e+03 7.66442e+03 7.19389e+03 6.98342e+03 6.98466e+03 7.16756e+03 7.30852e+03 7.38613e+03 7.40364e+03 7.40199e+03 7.33776e+03 7.23331e+03 7.12172e+03 7.01787e+03 6.94292e+03 6.81396e+03 6.67762e+03 6.54831e+03 6.41594e+03 6.35067e+03 6.21168e+03 6.09763e+03 5.96437e+03 5.84856e+03 5.72459e+03 5.59848e+03 5.49262e+03
4.45935e+03 7.63139e+03 8.20460e+03 8.57749e+03 9.09291e+03 1.03378e+04 1.25889e+04 1.62732e+04 1.94929e+04 2.32840e+04 2.79031e+04 3.06844e+04 3.20535e+04 3.25781e+04 3.25059e+04 3.20161e+04 3.12167e+04 3.02138e+04 2.90253e+04 2.77274e+04 2.63230e+04 2.48054e+04 2.32003e+04 2.15519e+04 1.99307e+04 1.83578e+04 1.67871e+04 1.51801e+04 1.36487e+04 1.23725e+04 1.12592e+04 1.02571e+04 9.41991e+03 8.52525e+03 7.68254e+03 7.22170e+03 7.01208e+03 7.01765e+03 7.20317e+03 7.33283e+03 7.40678e+03 7.41801e+03 7.40872e+03 7.34633e+03 7.23753e+03 7.12301e+03 7.01776e+03 6.94015e+03 6.81009e+03 6.67466e+03 6.54252e+03 6.42009e+03 6.34873e+03 6.20978e+03 6.09587e+03 5.96263e+03 5.84696e+03 5.72342e+03 5.59719e+03 5.49116e+03
4.46630e+03 7.28710e+03 7.90884e+03 8.28939e+03 8.77225e+03 9.83798e+03 1.19874e+04 1.58551e+04 1.91083e+04 2.29878e+04 2.76520e+04 3.04809e+04 3.18832e+04 3.24341e+04 3.23834e+04 3.19108e+04 3.11259e+04 3.01348e+04 2.89563e+04 2.76667e+04 2.62692e+04 2.47577e+04 2.31588e+04 2.15173e+04 1.99020e+04 1.83327e+04 1.67644e+04 1.51600e+04 1.36348e+04 1.23603e+04 1.12474e+04 1.02441e+04 9.41553e+03 8.54233e+03 7.71305e+03 7.26854e+03 7.06036e+03 7.07323e+03 7.26314e+03 7.37378e+03 7.44155e+03 7.44220e+03 7.42005e+03 7.36077e+03 7.24463e+03 7.12518e+03 7.01758e+03 6.93550e+03 6.80357e+03 6.66968e+03 6.53277e+03 6.42709e+03 6.34547e+03 6.20658e+03 6.09291e+03 5.95970e+03 5.84426e+03 5.72146e+03 5.59502e+03 5.48871e+03
4.58812e+03 6.19816e+03 6.40340e+03 6.46946e+03 6.53151e+03 6.88326e+03 7.63777e+03 9.69979e+03 1.35569e+04 1.81994e+04 2.35883e+04 2.70414e+04 2.89889e+04 2.99793e+04 3.02860e+04 3.01051e+04 2.95651e+04 2.87737e+04 2.77649e+04 2.66142e+04 2.53315e+04 2.39220e+04 2.24307e+04 2.09068e+04 1.93878e+04 1.78733e+04 1.63368e+04 1.47756e+04 1.33453e+04 1.21141e+04 1.10131e+04 1.00169e+04 9.23467e+03 8.53792e+03 7.92280e+03 7.57503e+03 7.38796e+03 7.44832e+03 7.56655e+03 7.59268e+03 7.59150e+03 7.52480e+03 7.45323e+03 7.34184e+03 7.21885e+03 7.10916e+03 6.98511e+03 6.89817e+03 6.73598e+03 6.63674e+03 6.52636e+03 6.37898e+03 6.28827e+03 6.15042e+03 6.04097e+03 5.90830e+03 5.79687e+03 5.68705e+03 5.55695e+03 5.44565e+03
5.00202e+03 5.04401e+03 5.14437e+03 5.21890e+03 5.25929e+03 5.33077e+03 5.42464e+03 5.76025e+03 6.65207e+03 8.72707e+03 1.42363e+04 1.80365e+04 2.07278e+04 2.25795e+04 2.37666e+04 2.43994e+04 2.45918e+04 2.44156e+04 2.39394e+04 2.32388e+04 2.23583e+04 2.13359e+04 2.02201e+04 1.90221e+04 1.77352e+04 1.63688e+04 1.49607e+04 1.36389e+04 1.24504e+04 1.13335e+04 1.02770e+04 9.33422e+03 8.59706e+03 7.99929e+03 7.59537e+03 7.29191e+03 7.13578e+03 7.19720e+03 7.37733e+03 7.44316e+03 7.42259e+03 7.35319e+03 7.26879e+03 7.16955e+03 7.06585e+03 6.95136e+03 6.84335e+03 6.73674e+03 6.61144e+03 6.49044e+03 6.33790e+03 6.22051e+03 6.11109e+03 6.01126e+03 5.89841e+03 5.79316e+03 5.67746e+03 5.57093e+03 5.45373e+03 5.33541e+03
5.50545e+03 4.99698e+03 4.99613e+03 5.00321e+03 5.00614e+03 5.00804e+03 5.00281e+03 5.04433e+03 5.25511e+03 6.04358e+03 8.41585e+03 1.15101e+04 1.41744e+04 1.62472e+04 1.78576e+04 1.90081e+04 1.97686e+04 2.01167e+04 2.01399e+04 1.98950e+04 1.94293e+04 1.87726e+04 1.79570e+04 1.69954e+04 1.59013e+04 1.47381e+04 1.36091e+04 1.25536e+04 1.15244e+04 1.04844e+04 9.48910e+03 8.65364e+03 7.95289e+03 7.43741e+03 7.06124e+03 6.72579e+03 6.47479e+03 6.59102e+03 7.02380e+03 7.15470e+03 7.15001e+03 7.09699e+03 7.01964e+03 6.93423e+03 6.84427e+03 6.75250e+03 6.65640e+03 6.53919e+03 6.43452e+03 6.32273e+03 6.21381e+03 6.08649e+03 5.98046e+03 5.87630e+03 5.78354e+03 5.69351e+03 5.56370e+03 5.43545e+03 5.33360e+03 5.22784e+03
6.04909e+03 4.98978e+03 4.98094e+03 4.97403e+03 4.96171e+03 4.93926e+03 4.90644e+03 4.84216e+03 4.80616e+03 5.04999e+03 6.38425e+03 8.07651e+03 9.96944e+03 1.19665e+04 1.36095e+04 1.49018e+04 1.59116e+04 1.65619e+04 1.69210e+04 1.69974e+04 1.68228e+04 1.64268e+04 1.58435e+04 1.51025e+04 1.42507e+04 1.33584e+04 1.24673e+04 1.15660e+04 1.06194e+04 9.65829e+03 8.79778e+03 8.05149e+03 7.42750e+03 6.96463e+03 6.57896e+03 6.19776e+03 5.86704e+03 5.77614e+03 6.62764e+03 6.85695e+03 6.87204e+03 6.83463e+03 6.78058e+03 6.71670e+03 6.64472e+03 6.57049e+03 6.47998e+03 6.37506e+03 6.29402e+03 6.18842e+03 6.07602e+03 5.97165e+03 5.86571e+03 5.78437e+03 5.67214e+03 5.56103e+03 5.46897e+03 5.34737e+03 5.21705e+03 5.10591e+03
6.64640e+03 4.98773e+03 4.97714e+03 4.96775e+03 4.95264e+03 4.92520e+03 4.88546e+03 4.79812e+03 4.68465e+03 4.61533e+03 5.21979e+03 6.40537e+03 7.57766e+03 8.89896e+03 1.04717e+04 1.17479e+04 1.28575e+04 1.36438e+04 1.41884e+04 1.44639e+04 1.44956e+04 1.43147e+04 1.39527e+04 1.34425e+04 1.28257e+04 1.21390e+04 1.13913e+04 1.05753e+04 9.71684e+03 8.90120e+03 8.17211e+03 7.51628e+03 6.98378e+03 6.55567e+03 6.15491e+03 5.76954e+03 5.43322e+03 5.21296e+03 6.12161e+03 6.58175e+03 6.62591e+03 6.61545e+03 6.58667e+03 6.53705e+03 6.48917e+03 6.43378e+03 6.35881e+03 6.27589e+03 6.19270e+03 6.10904e+03 5.98359e+03 5.89037e+03 5.78440e+03 5.67524e+03 5.57483e+03 5.46122e+03 5.37037e+03 5.23727e+03 5.11741e+03 4.98805e+03
7.30270e+03 4.98602e+03 4.97407e+03 4.96366e+03 4.94708e+03 4.91751e+03 4.87535e+03 4.78253e+03 4.64935e+03 4.45229e+03 4.57331e+03 5.28484e+03 6.21237e+03 7.15353e+03 8.21841e+03 9.25286e+03 1.03619e+04 1.12175e+04 1.19153e+04 1.23375e+04 1.25224e+04 1.25125e+04 1.23294e+04 1.19939e+04 1.15311e+04 1.09691e+04 1.03121e+04 9.60188e+03 8.89795e+03 8.23187e+03 7.60423e+03 7.04853e+03 6.58671e+03 6.16320e+03 5.74746e+03 5.34833e+03 5.02381e+03 4.80060e+03 5.31514e+03 6.30912e+03 6.39032e+03 6.39649e+03 6.39304e+03 6.36934e+03 6.33586e+03 6.29877e+03 6.23274e+03 6.16496e+03 6.08387e+03 6.00801e+03 5.90267e+03 5.80499e+03 5.72043e+03 5.60716e+03 5.49407e+03 5.39503e+03 5.29234e+03 5.16477e+03 5.02837e+03 4.88840e+03
8.02380e+03 4.98399e+03 4.97044e+03 4.95873e+03 4.94041e+03 4.90850e+03 4.86422e+03 4.76810e+03 4.62727e+03 4.38236e+03 4.18102e+03 4.53700e+03 5.19921e+03 5.99427e+03 6.85096e+03 7.63940e+03 8.41841e+03 9.17619e+03 9.89310e+03 1.03980e+04 1.07145e+04 1.08509e+04 1.08094e+04 1.06065e+04 1.02640e+04 9.81634e+03 9.29161e+03 8.73963e+03 8.18802e+03 7.63358e+03 7.10514e+03 6.64065e+03 6.21169e+03 5.77480e+03 5.33665e+03 4.94215e+03 4.64941e+03 4.45356e+03 4.62402e+03 6.06258e+03 6.18340e+03 6.21210e+03 6.22873e+03 6.23150e+03 6.21303e+03 6.18980e+03 6.13283e+03 6.07012e+03 6.00596e+03 5.92634e+03 5.83156e+03 5.74344e+03 5.64874e+03 5.54202e+03 5.42148e+03 5.33166e+03 5.17797e+03 5.06274e+03 4.93063e+03 4.75957e+03
8.81611e+03 4.98123e+03 4.96555e+03 4.95214e+03 4.93154e+03 4.89653e+03 4.84911e+03 4.74783e+03 4.59870e+03 4.32898e+03 3.96405e+03 3.98915e+03 4.45972e+03 5.09206e+03 5.82695e+03 6.53402e+03 7.16370e+03 7.75494e+03 8.29986e+03 8.76408e+03 9.12218e+03 9.33765e+03 9.39975e+03 9.31529e+03 9.10082e+03 8.79027e+03 8.41690e+03 8.00504e+03 7.56656e+03 7.11471e+03 6.68551e+03 6.28484e+03 5.86197e+03 5.39555e+03 4.94371e+03 4.58130e+03 4.32423e+03 4.16948e+03 4.28533e+03 5.86033e+03 6.01470e+03 6.06692e+03 6.09390e+03 6.11452e+03 6.10583e+03 6.09702e+03 6.05852e+03 6.00343e+03 5.94139e+03 5.86756e+03 5.77705e+03 5.67349e+03 5.58640e+03 5.46120e+03 5.33308e+03 5.23643e+03 5.07036e+03 4.92919e+03 4.79273e+03 4.63081e+03
9.69123e+03 4.97721e+03 4.95842e+03 4.94262e+03 4.91875e+03 4.87924e+03 4.82694e+03 4.71643e+03 4.55401e+03 4.26335e+03 3.81951e+03 3.63864e+03 3.89468e+03 4.40774e+03 5.00953e+03 5.62816e+03 6.22272e+03 6.74668e+03 7.20965e+03 7.59664e+03 7.90227e+03 8.11684e+03 8.22777e+03 8.22987e+03 8.12678e+03 7.93640e+03 7.68084e+03 7.37672e+03 7.04133e+03 6.69121e+03 6.34169e+03 5.97233e+03 5.53103e+03 5.03325e+03 4.60256e+03 4.28779e+03 4.05637e+03 3.93845e+03 4.09387e+03 5.72616e+03 5.88041e+03 5.95370e+03 5.99927e+03 6.02544e+03 6.03303e+03 6.02978e+03 5.99879e+03 5.95310e+03 5.89645e+03 5.83450e+03 5.72625e+03 5.62215e+03 5.53780e+03 5.38158e+03 5.29527e+03 5.13962e+03 4.98664e+03 4.84088e+03 4.68650e+03 4.51582e+03
1.06071e+04 4.97148e+03 4.94830e+03 4.92901e+03 4.90052e+03 4.85469e+03 4.79511e+03 4.67013e+03 4.48981e+03 4.17893e+03 3.70021e+03 3.40489e+03 3.50910e+03 3.91199e+03 4.41577e+03 4.93041e+03 5.45709e+03 5.96158e+03 6.41839e+03 6.77817e+03 7.04953e+03 7.24739e+03 7.36907e+03 7.41284e+03 7.37766e+03 7.26973e+03 7.10192e+03 6.88934e+03 6.64614e+03 6.37603e+03 6.06987e+03 5.69444e+03 5.22336e+03 4.72857e+03 4.34483e+03 4.04939e+03 3.84742e+03 3.79704e+03 4.05804e+03 5.65351e+03 5.79185e+03 5.87714e+03 5.93597e+03 5.97129e+03 5.99516e+03 5.98730e+03 5.96991e+03 5.92083e+03 5.86951e+03 5.80307e+03 5.67007e+03 5.57807e+03 5.46700e+03 5.32882e+03 5.13601e+03 5.01602e+03 4.89744e+03 4.68784e+03 4.58051e+03 4.38193e+03
1.15242e+04 4.96370e+03 4.93469e+03 4.91098e+03 4.87649e+03 4.82262e+03 4.75324e+03 4.60892e+03 4.41253e+03 4.08313e+03 3.58774e+03 3.24288e+03 3.25346e+03 3.55083e+03 3.99876e+03 4.44611e+03 4.89018e+03 5.33780e+03 5.78401e+03 6.15680e+03 6.43549e+03 6.63134e+03 6.75852e+03 6.82471e+03 6.83135e+03 6.78163e+03 6.68369e+03 6.54705e+03 6.37346e+03 6.14774e+03 5.84515e+03 5.44404e+03 4.95430e+03 4.49543e+03 4.13055e+03 3.87406e+03 3.74519e+03 3.76961e+03 4.29270e+03 5.60496e+03 5.73502e+03 5.82759e+03 5.88726e+03 5.93150e+03 5.95937e+03 5.96282e+03 5.95917e+03 5.90351e+03 5.84975e+03 5.75127e+03 5.61607e+03 5.50042e+03 5.35391e+03 5.20178e+03 5.01897e+03 4.92042e+03 4.77053e+03 4.57368e+03 4.41808e+03 4.29359e+03
1.24404e+04 4.95411e+03 4.91794e+03 4.88889e+03 4.84740e+03 4.78426e+03 4.70307e+03 4.53578e+03 4.36225e+03 3.98985e+03 3.47620e+03 3.16630e+03 3.15418e+03 3.28182e+03 3.65889e+03 4.08132e+03 4.48811e+03 4.87341e+03 5.27256e+03 5.63839e+03 5.92882e+03 6.14227e+03 6.28940e+03 6.38202e+03 6.42652e+03 6.42803e+03 6.38953e+03 6.31114e+03 6.18080e+03 5.96645e+03 5.64538e+03 5.22053e+03 4.74053e+03 4.29825e+03 3.96646e+03 3.79162e+03 3.73967e+03 3.82585e+03 4.90029e+03 5.56278e+03 5.68901e+03 5.79905e+03 5.87120e+03 5.90870e+03 5.94175e+03 5.97100e+03 5.93891e+03 5.89112e+03 5.82119e+03 5.70217e+03 5.56225e+03 5.40132e+03 5.24279e+03 5.10632e+03 4.93418e+03 4.79311e+03 4.59981e+03 4.45199e+03 4.22194e+03 4.24961e+03
1.33635e+04 4.94270e+03 4.89822e+03 4.86300e+03 4.81369e+03 4.74043e+03 4.64607e+03 4.45534e+03 4.34226e+03 3.90276e+03 3.36607e+03 3.14673e+03 3.13877e+03 3.15701e+03 3.38232e+03 3.75692e+03 4.15035e+03 4.51793e+03 4.87526e+03 5.21047e+03 5.49845e+03 5.73276e+03 5.91246e+03 6.03872e+03 6.12111e+03 6.16827e+03 6.17867e+03 6.14235e+03 6.03339e+03 5.80907e+03 5.46567e+03 5.03361e+03 4.55700e+03 4.14419e+03 3.90384e+03 3.81128e+03 3.80493e+03 3.99243e+03 5.29949e+03 5.52582e+03 5.67129e+03 5.77739e+03 5.86905e+03 5.92017e+03 5.95470e+03 5.97785e+03 5.91248e+03 5.85966e+03 5.76650e+03 5.64051e+03 5.48107e+03 5.28349e+03 5.14512e+03 4.94879e+03 4.80161e+03 4.65110e+03 4.54916e+03 4.31095e+03 4.03518e+03 4.17910e+03
1.42795e+04 4.93011e+03 4.87663e+03 4.83460e+03 4.77742e+03 4.69444e+03 4.58683e+03 4.37899e+03 4.33195e+03 3.81886e+03 3.26322e+03 3.13697e+03 3.13032e+03 3.12976e+03 3.19444e+03 3.48876e+03 3.84784e+03 4.20297e+03 4.54853e+03 4.86253e+03 5.14232e+03 5.38784e+03 5.60048e+03 5.76219e+03 5.88069e+03 5.96868e+03 6.02006e+03 6.01409e+03 5.91200e+03 5.67199e+03 5.31373e+03 4.87248e+03 4.40320e+03 4.08402e+03 3.95486e+03 3.91967e+03 3.96615e+03 4.62239e+03 5.39123e+03 5.51543e+03 5.65573e+03 5.77564e+03 5.88112e+03 5.94201e+03 5.96521e+03 5.95388e+03 5.90316e+03 5.82371e+03 5.69214e+03 5.56887e+03 5.37184e+03 5.19441e+03 5.03468e+03 4.82268e+03 4.59462e+03 4.58964e+03 4.37900e+03 4.20598e+03 3.87163e+03 4.08472e+03
1.51891e+04 4.91687e+03 4.85438e+03 4.80579e+03 4.74144e+03 4.65008e+03 4.53054e+03 4.34178e+03 4.32405e+03 3.73645e+03 3.18100e+03 3.12908e+03 3.12314e+03 3.12043e+03 3.12782e+03 3.28811e+03 3.59631e+03 3.92722e+03 4.25972e+03 4.56347e+03 4.83968e+03 5.09146e+03 5.32545e+03 5.51843e+03 5.67142e+03 5.79905e+03 5.88796e+03 5.90627e+03 5.80671e+03 5.55518e+03 5.18207e+03 4.72800e+03 4.32461e+03 4.13309e+03 4.08701e+03 4.09344e+03 4.21962e+03 5.24834e+03 5.40103e+03 5.51558e+03 5.65436e+03 5.80523e+03 5.89638e+03 5.94668e+03 5.96243e+03 5.92475e+03 5.89315e+03 5.75692e+03 5.62430e+03 5.45925e+03 5.24640e+03 5.10659e+03 4.87112e+03 4.62801e+03 4.61445e+03 4.44268e+03 4.19814e+03 4.11466e+03 3.71211e+03 3.94527e+03
1.61029e+04 4.90351e+03 4.83259e+03 4.77817e+03 4.70784e+03 4.60987e+03 4.48009e+03 4.32766e+03 4.31699e+03 3.65530e+03 3.14357e+03 3.12200e+03 3.11639e+03 3.11289e+03 3.11274e+03 3.15483e+03 3.39560e+03 3.69187e+03 4.01016e+03 4.30510e+03 4.57557e+03 4.82749e+03 5.06895e+03 5.28559e+03 5.47347e+03 5.64245e+03 5.76773e+03 5.80848e+03 5.71372e+03 5.45276e+03 5.06314e+03 4.63417e+03 4.35006e+03 4.26385e+03 4.25543e+03 4.28556e+03 4.63764e+03 5.36443e+03 5.39622e+03 5.54476e+03 5.67335e+03 5.82260e+03 5.92445e+03 5.95507e+03 5.97634e+03 5.91074e+03 5.84374e+03 5.69703e+03 5.57272e+03 5.27824e+03 5.10980e+03 4.97630e+03 4.72867e+03 4.49480e+03 4.49471e+03 4.26978e+03 4.09019e+03 4.06133e+03 3.56743e+03 3.81470e+03
1.70221e+04 4.89052e+03 4.81199e+03 4.75261e+03 4.67757e+03 4.57448e+03 4.43574e+03 4.31811e+03 4.31024e+03 3.57716e+03 3.12921e+03 3.11524e+03 3.10982e+03 3.10593e+03 3.10392e+03 3.10985e+03 3.24273e+03 3.49685e+03 3.79009e+03 4.07955e+03 4.34926e+03 4.59700e+03 4.83309e+03 5.06104e+03 5.28187e+03 5.49253e+03 5.65307e+03 5.71597e+03 5.62773e+03 5.36274e+03 4.97852e+03 4.62976e+03 4.46904e+03 4.43384e+03 4.41404e+03 4.47503e+03 5.37648e+03 5.29815e+03 5.41887e+03 5.56200e+03 5.72633e+03 5.83898e+03 5.96545e+03 5.96786e+03 5.95714e+03 5.88340e+03 5.75713e+03 5.58101e+03 5.43715e+03 5.15880e+03 5.04995e+03 4.77930e+03 4.62245e+03 4.38713e+03 4.39683e+03 4.10980e+03 3.99143e+03 4.02200e+03 3.41639e+03 3.67894e+03
1.79362e+04 4.87776e+03 4.79238e+03 4.72903e+03 4.65041e+03 4.54285e+03 4.39531e+03 4.30997e+03 4.30368e+03 3.50527e+03 3.11979e+03 3.10869e+03 3.10341e+03 3.09929e+03 3.09646e+03 3.09677e+03 3.13360e+03 3.34663e+03 3.60735e+03 3.87669e+03 4.14394e+03 4.39341e+03 4.62467e+03 4.85520e+03 5.10085e+03 5.34777e+03 5.54136e+03 5.62711e+03 5.55420e+03 5.30663e+03 4.96420e+03 4.72971e+03 4.65193e+03 4.60995e+03 4.58418e+03 4.71228e+03 5.45932e+03 5.27656e+03 5.44976e+03 5.57646e+03 5.76262e+03 5.84836e+03 5.96707e+03 5.94174e+03 5.92005e+03 5.86131e+03 5.62284e+03 5.44260e+03 5.29125e+03 5.10117e+03 4.91894e+03 4.76015e+03 4.51378e+03 4.28101e+03 4.30407e+03 3.94843e+03 3.88993e+03 3.98828e+03 3.24463e+03 3.52287e+03
1.88452e+04 4.86515e+03 4.77272e+03 4.70548e+03 4.62381e+03 4.51188e+03 4.35676e+03 4.30249e+03 4.29726e+03 3.44120e+03 3.11183e+03 3.10230e+03 3.09711e+03 3.09286e+03 3.08959e+03 3.08818e+03 3.09541e+03 3.22930e+03 3.46943e+03 3.71184e+03 3.95899e+03 4.20162e+03 4.43040e+03 4.66494e+03 4.93188e+03 5.21406e+03 5.44442e+03 5.56259e+03 5.52408e+03 5.31380e+03 5.05199e+03 4.92471e+03 4.86458e+03 4.79972e+03 4.77453e+03 5.05173e+03 5.33322e+03 5.25905e+03 5.45127e+03 5.62980e+03 5.76661e+03 5.88850e+03 5.97533e+03 5.97126e+03 5.80065e+03 5.72715e+03 5.52963e+03 5.35292e+03 5.33199e+03 4.93672e+03 4.80749e+03 4.64671e+03 4.46232e+03 4.21682e+03 4.24228e+03 3.79791e+03 3.79408e+03 3.96755e+03 3.06241e+03 3.34098e+03
1.97565e+04 4.85200e+03 4.75237e+03 4.68057e+03 4.59568e+03 4.47960e+03 4.32555e+03 4.29538e+03 4.29090e+03 3.38460e+03 3.10451e+03 3.09597e+03 3.09086e+03 3.08654e+03 3.08303e+03 3.08091e+03 3.08257e+03 3.13483e+03 3.36347e+03 3.59327e+03 3.81847e+03 4.04153e+03 4.26024e+03 4.49694e+03 4.78572e+03 5.11203e+03 5.39322e+03 5.55728e+03 5.55962e+03 5.40827e+03 5.26182e+03 5.19783e+03 5.09375e+03 4.98539e+03 4.96543e+03 5.40676e+03 5.23129e+03 5.35237e+03 5.53304e+03 5.69761e+03 5.80168e+03 5.88900e+03 5.94016e+03 5.91124e+03 5.76506e+03 5.60357e+03 5.44302e+03 5.33060e+03 5.28711e+03 4.66468e+03 4.83513e+03 4.51966e+03 4.44788e+03 4.18419e+03 4.20633e+03 3.64930e+03 3.69980e+03 3.96160e+03 3.02955e+03 3.12863e+03
2.06703e+04 4.84098e+03 4.73358e+03 4.65705e+03 4.56856e+03 4.44799e+03 4.30783e+03 4.28854e+03 4.28457e+03 3.33477e+03 3.09757e+03 3.08970e+03 3.08468e+03 3.08036e+03 3.07678e+03 3.07442e+03 3.07468e+03 3.08944e+03 3.28335e+03 3.51234e+03 3.73295e+03 3.94430e+03 4.15278e+03 4.38830e+03 4.69493e+03 5.06822e+03 5.41116e+03 5.61760e+03 5.64619e+03 5.57763e+03 5.54709e+03 5.50438e+03 5.32775e+03 5.18460e+03 5.17568e+03 5.58323e+03 5.20764e+03 5.32443e+03 5.50858e+03 5.75231e+03 5.87974e+03 5.83212e+03 5.89027e+03 5.87348e+03 5.61750e+03 5.61298e+03 5.34173e+03 5.11932e+03 5.16880e+03 4.72392e+03 4.96307e+03 4.54590e+03 4.40290e+03 4.13091e+03 4.15497e+03 3.46164e+03 3.57589e+03 3.95129e+03 3.01965e+03 3.02898e+03
2.15854e+04 4.83178e+03 4.71752e+03 4.63628e+03 4.54345e+03 4.41838e+03 4.29643e+03 4.28190e+03 4.27829e+03 3.29085e+03 3.09090e+03 3.08354e+03 3.07863e+03 3.07441e+03 3.07095e+03 3.06869e+03 3.06872e+03 3.07675e+03 3.23336e+03 3.46494e+03 3.69488e+03 3.91509e+03 4.13019e+03 4.37521e+03 4.70173e+03 5.11788e+03 5.51131e+03 5.71239e+03 5.73506e+03 5.73658e+03 5.78066e+03 5.75908e+03 5.55764e+03 5.39088e+03 5.39246e+03 5.61347e+03 5.22610e+03 5.42168e+03 5.60469e+03 5.69795e+03 5.87963e+03 5.89022e+03 5.87877e+03 5.81320e+03 5.52132e+03 5.39328e+03 5.24409e+03 5.14403e+03 5.07044e+03 4.78849e+03 4.64976e+03 -9.99999e+99 -9.99999e+99 -9.99999e+99 -9.99999e+99 -9.99999e+99 -9.99999e+99 -9.99999e+99 -9.99999e+99 -9.99999e+99
2.25011e+04 4.82421e+03 4.70408e+03 4.61849e+03 4.52145e+03 4.39232e+03 4.28749e+03 4.27543e+03 4.27208e+03 3.25200e+03 3.08448e+03 3.07756e+03 3.07286e+03 3.06889e+03 3.06575e+03 3.06384e+03 3.06410e+03 3.07108e+03 3.21391e+03 3.45271e+03 3.69804e+03 3.94221e+03 4.18563e+03 4.46424e+03 4.83119e+03 5.28767e+03 5.66884e+03 5.79267e+03 5.79781e+03 5.83314e+03 5.90496e+03 5.91399e+03 5.74614e+03 5.58026e+03 5.58581e+03 5.50526e+03 5.23987e+03 5.39350e+03 5.62400e+03 5.65615e+03 5.83630e+03 5.82012e+03 5.70359e+03 5.68548e+03 5.60332e+03 5.47159e+03 5.27996e+03 5.22057e+03 5.00621e+03 4.71957e+03 4.74469e+03 -9.99999e+99 -9.99999e+99 -9.99999e+99 -9.99999e+99 -9.99999e+99 -9.99999e+99 -9.99999e+99 -9.99999e+99 -9.99999e+99
2.34132e+04 4.81757e+03 4.69298e+03 4.60402e+03 4.50327e+03 4.37055e+03 4.27981e+03 4.26916e+03 4.26599e+03 3.21688e+03 3.07840e+03 3.07193e+03 3.06757e+03 3.06402e+03 3.06135e+03 3.05988e+03 3.06051e+03 3.06780e+03 3.21717e+03 3.46890e+03 3.73360e+03 4.00679e+03 4.28895e+03 4.61824e+03 5.04394e+03 5.51962e+03 5.80728e+03 5.84633e+03 5.83593e+03 5.87722e+03 5.95401e+03 5.99324e+03 5.88976e+03 5.75148e+03 5.73097e+03 5.36782e+03 5.35801e+03 5.35952e+03 5.52798e+03 5.76379e+03 5.85486e+03 5.84357e+03 5.88726e+03 5.67919e+03 5.53560e+03 5.29642e+03 5.43974e+03 5.19475e+03 4.86816e+03 5.03889e+03 4.85315e+03 -9.99999e+99 -9.99999e+99 -9.99999e+99 -9.99999e+99 -9.99999e+99 -9.99999e+99 -9.99999e+99 -9.99999e+99 -9.99999e+99
2.43262e+04 4.81038e+03 4.68252e+03 4.59098e+03 4.48722e+03 4.35194e+03 4.27285e+03 4.26303e+03 4.25999e+03 3.18341e+03 3.07272e+03 3.06680e+03 3.06292e+03 3.05990e+03 3.05772e+03 3.05665e+03 3.05765e+03 3.06605e+03 3.23699e+03 3.50546e+03 3.79202e+03 4.09399e+03 4.41389e+03 4.79335e+03 5.26955e+03 5.72360e+03 5.89652e+03 5.87239e+03 5.84417e+03 5.87761e+03 5.95157e+03 6.01653e+03 5.98996e+03 5.88601e+03 5.73371e+03 5.26005e+03 5.36743e+03 5.34923e+03 5.60320e+03 5.91883e+03 5.80105e+03 5.59001e+03 5.80709e+03 5.76304e+03 5.63724e+03 5.40387e+03 5.28555e+03 5.68146e+03 5.14232e+03 5.03515e+03 4.98225e+03 -9.99999e+99 -9.99999e+99 -9.99999e+99 -9.99999e+99 -9.99999e+99 -9.99999e+99 -9.99999e+99 -9.99999e+99 -9.99999e+99
2.52408e+04 4.80066e+03 4.67053e+03 4.57754e+03 4.47182e+03 4.33498e+03 4.26627e+03 4.25704e+03 4.25410e+03 3.14925e+03 3.06763e+03 3.06235e+03 3.05902e+03 3.05651e+03 3.05473e+03 3.05395e+03 3.05529e+03 3.06594e+03 3.27062e+03 3.55723e+03 3.86589e+03 4.19424e+03 4.54500e+03 4.96036e+03 5.45824e+03 5.86092e+03 5.93954e+03 5.86698e+03 5.81857e+03 5.83577e+03 5.90031e+03 5.98129e+03 6.02946e+03 5.94759e+03 5.61675e+03 5.19696e+03 5.39517e+03 5.35700e+03 5.67968e+03 5.91654e+03 5.69665e+03 5.72950e+03 6.01864e+03 5.85221e+03 5.72019e+03 5.59953e+03 5.68872e+03 5.32051e+03 5.20110e+03 5.50330e+03 4.66168e+03 -9.99999e+99 -9.99999e+99 -9.99999e+99 -9.99999e+99 -9.99999e+99 -9.99999e+99 -9.99999e+99 -9.99999e+99 -9.99999e+99
2.61567e+04 4.78513e+03 4.65350e+03 4.56061e+03 4.45365e+03 4.31563e+03 4.25978e+03 4.25119e+03 4.24835e+03 3.11486e+03 3.06328e+03 3.05865e+03 3.05582e+03 3.05369e+03 3.05216e+03 3.05156e+03 3.05328e+03 3.06872e+03 3.31676e+03 3.62202e+03 3.95120e+03 4.30215e+03 4.67531e+03 5.10798e+03 5.59904e+03 5.94152e+03 5.94665e+03 5.83206e+03 5.75872e+03 5.75325e+03 5.80373e+03 5.89179e+03 5.99779e+03 5.91245e+03 5.49655e+03 5.16190e+03 5.44634e+03 5.39170e+03 5.85298e+03 5.95949e+03 5.90467e+03 5.80847e+03 5.91890e+03 6.15232e+03 5.65171e+03 6.20712e+03 5.74887e+03 5.35215e+03 5.36327e+03 5.00420e+03 4.95388e+03 -9.99999e+99 -9.99999e+99 -9.99999e+99 -9.99999e+99 -9.99999e+99 -9.99999e+99 -9.99999e+99 -9.99999e+99 -9.99999e+99
2.70736e+04 4.75964e+03 4.62316e+03 4.53112e+03 4.42406e+03 4.28874e+03 4.25326e+03 4.24552e+03 4.24283e+03 3.09033e+03 3.05970e+03 3.05563e+03 3.05314e+03 3.05122e+03 3.04981e+03 3.04931e+03 3.05151e+03 3.08002e+03 3.37397e+03 3.69892e+03 4.04665e+03 4.41505e+03 4.80178e+03 5.23607e+03 5.70341e+03 5.98881e+03 5.92801e+03 5.76869e+03 5.66809e+03 5.64473e+03 5.69091e+03 5.78966e+03 5.92730e+03 5.82598e+03 5.41485e+03 5.14512e+03 5.52745e+03 5.46388e+03 6.04356e+03 6.09131e+03 6.31950e+03 5.79174e+03 6.10756e+03 6.43958e+03 5.88428e+03 6.55892e+03 6.35039e+03 6.08356e+03 5.57410e+03 5.55482e+03 5.62115e+03 -9.99999e+99 -9.99999e+99 -9.99999e+99 -9.99999e+99 -9.99999e+99 -9.99999e+99 -9.99999e+99 -9.99999e+99 -9.99999e+99
2.79915e+04 4.71194e+03 4.57262e+03 4.47870e+03 4.37223e+03 4.26489e+03 4.24695e+03 4.24022e+03 4.23773e+03 3.07847e+03 3.05678e+03 3.05307e+03 3.05077e+03 3.04892e+03 3.04753e+03 3.04711e+03 3.04994e+03 3.11077e+03 3.43967e+03 3.78559e+03 4.15038e+03 4.53091e+03 4.92283e+03 5.34777e+03 5.78543e+03 6.02212e+03 5.88895e+03 5.68178e+03 5.56670e+03 5.54358e+03 5.59845e+03 5.70927e+03 5.85454e+03 5.73547e+03 5.37000e+03 5.14798e+03 5.64377e+03 5.58433e+03 6.24620e+03 6.33337e+03 6.75741e+03 5.90117e+03 6.45326e+03 6.68061e+03 6.29471e+03 7.30780e+03 7.50184e+03 6.65249e+03 5.95577e+03 6.22278e+03 5.90035e+03 -9.99999e+99 -9.99999e+99 -9.99999e+99 -9.99999e+99 -9.99999e+99 -9.99999e+99 -9.99999e+99 -9.99999e+99 -9.99999e+99
2.89106e+04 4.65440e+03 4.50264e+03 4.40871e+03 4.30876e+03 4.25170e+03 4.24119e+03 4.23549e+03 4.23328e+03 3.07211e+03 3.05432e+03 3.05078e+03 3.04852e+03 3.04666e+03 3.04523e+03 3.04489e+03 3.04857e+03 3.15703e+03 3.51058e+03 3.87753e+03 4.25751e+03 4.64552e+03 5.03553e+03 5.44404e+03 5.85208e+03 6.05152e+03 5.83975e+03 5.59393e+03 5.48206e+03 5.46904e+03 5.53562e+03 5.65345e+03 5.78884e+03 5.65792e+03 5.34831e+03 5.17617e+03 5.79958e+03 5.76227e+03 6.53404e+03 6.68123e+03 6.97076e+03 6.16952e+03 7.01954e+03 7.10955e+03 6.92943e+03 7.71696e+03 8.06460e+03 7.43303e+03 6.71692e+03 6.94938e+03 6.16260e+03 -9.99999e+99 -9.99999e+99 -9.99999e+99 -9.99999e+99 -9.99999e+99 -9.99999e+99 -9.99999e+99 -9.99999e+99 -9.99999e+99
2.98309e+04 4.57937e+03 4.41286e+03 4.31886e+03 4.25664e+03 4.24285e+03 4.23621e+03 4.23153e+03 4.22962e+03 3.06870e+03 3.05215e+03 3.04860e+03 3.04628e+03 3.04434e+03 3.04287e+03 3.04264e+03 3.04746e+03 3.20622e+03 3.58333e+03 3.96983e+03 4.36177e+03 4.75255e+03 5.13461e+03 5.52195e+03 5.90140e+03 6.08177e+03 5.80846e+03 5.53075e+03 5.42539e+03 5.42198e+03 5.49603e+03 5.61175e+03 5.72644e+03 5.59039e+03 5.33812e+03 5.23351e+03 5.99863e+03 6.00281e+03 6.90972e+03 7.14197e+03 7.27752e+03 6.53912e+03 7.76595e+03 7.69102e+03 7.79368e+03 8.81278e+03 -9.99999e+99 -9.99999e+99 -9.99999e+99 -9.99999e+99 -9.99999e+99 -9.99999e+99 -9.99999e+99 -9.99999e+99 -9.99999e+99 -9.99999e+99 -9.99999e+99 -9.99999e+99 -9.99999e+99 -9.99999e+99
3.07527e+04 4.51094e+03 4.32292e+03 4.25411e+03 4.24133e+03 4.23678e+03 4.23215e+03 4.22839e+03 4.22675e+03 3.06771e+03 3.05011e+03 3.04640e+03 3.04398e+03 3.04195e+03 3.04045e+03 3.04038e+03 3.04674e+03 3.25604e+03 3.65478e+03 4.05842e+03 4.45842e+03 4.84725e+03 5.21669e+03 5.57941e+03 5.92897e+03 6.11030e+03 5.83177e+03 5.50876e+03 5.39078e+03 5.38537e+03 5.45670e+03 5.55919e+03 5.64706e+03 5.51733e+03 5.34315e+03 5.32226e+03 6.24371e+03 6.30570e+03 7.37009e+03 7.71304e+03 7.66842e+03 7.00677e+03 8.68078e+03 8.41737e+03 8.89122e+03 1.01681e+04 -9.99999e+99 -9.99999e+99 -9.99999e+99 -9.99999e+99 -9.99999e+99 -9.99999e+99 -9.99999e+99 -9.99999e+99 -9.99999e+99 -9.99999e+99 -9.99999e+99 -9.99999e+99 -9.99999e+99 -9.99999e+99
3.16764e+04 4.46252e+03 4.26688e+03 4.23832e+03 4.23500e+03 4.23251e+03 4.22901e+03 4.22597e+03 4.22455e+03 3.06990e+03 3.04810e+03 3.04412e+03 3.04159e+03 3.03949e+03 3.03799e+03 3.03815e+03 3.04666e+03 3.30444e+03 3.72183e+03 4.13954e+03 4.54440e+03 4.92817e+03 5.28266e+03 5.61965e+03 5.93659e+03 6.12299e+03 5.92054e+03 5.54299e+03 5.36427e+03 5.33576e+03 5.39474e+03 5.47937e+03 5.54016e+03 5.43451e+03 5.37267e+03 5.44002e+03 6.53464e+03 6.66625e+03 7.90794e+03 8.38128e+03 8.12725e+03 7.56101e+03 9.72587e+03 9.26298e+03 1.01719e+04 1.16816e+04 -9.99999e+99 -9.99999e+99 -9.99999e+99 -9.99999e+99 -9.99999e+99 -9.99999e+99 -9.99999e+99 -9.99999e+99 -9.99999e+99 -9.99999e+99 -9.99999e+99 -9.99999e+99 -9.99999e+99 -9.99999e+99
3.26027e+04 4.43763e+03 4.24763e+03 4.23290e+03 4.23110e+03 4.22948e+03 4.22663e+03 4.22412e+03 4.22279e+03 3.07833e+03 3.04602e+03 3.04176e+03 3.03912e+03 3.03698e+03 3.03553e+03 3.03598e+03 3.04737e+03 3.34873e+03 3.78211e+03 4.20961e+03 4.61651e+03 4.99414e+03 5.33434e+03 5.64752e+03 5.93161e+03 6.11287e+03 6.01304e+03 5.63466e+03 5.35706e+03 5.27579e+03 5.31299e+03 5.38307e+03 5.41868e+03 5.35440e+03 5.42827e+03 5.57895e+03 6.86601e+03 7.07678e+03 8.51375e+03 9.13145e+03 8.63917e+03 8.18454e+03 1.08598e+04 1.01979e+04 1.15652e+04 1.32680e+04 -9.99999e+99 -9.99999e+99 -9.99999e+99 -9.99999e+99 -9.99999e+99 -9.99999e+99 -9.99999e+99 -9.99999e+99 -9.99999e+99 -9.99999e+99 -9.99999e+99 -9.99999e+99 -9.99999e+99 -9.99999e+99
3.35322e+04 4.43013e+03 4.24317e+03 4.22995e+03 4.22837e+03 4.22717e+03 4.22471e+03 4.22254e+03 4.22122e+03 3.09259e+03 3.04383e+03 3.03932e+03 3.03659e+03 3.03444e+03 3.03307e+03 3.03382e+03 3.04909e+03 3.38960e+03 3.83443e+03 4.26560e+03 4.67043e+03 5.04059e+03 5.36805e+03 5.66097e+03 5.91615e+03 6.08272e+03 6.02782e+03 5.72530e+03 5.40130e+03 5.24877e+03 5.24001e+03 5.28744e+03 5.29454e+03 5.28764e+03 5.50174e+03 5.73399e+03 7.23008e+03 7.52990e+03 9.18169e+03 9.95545e+03 9.19871e+03 8.86598e+03 1.20697e+04 1.12071e+04 1.30418e+04 1.49180e+04 -9.99999e+99 -9.99999e+99 -9.99999e+99 -9.99999e+99 -9.99999e+99 -9.99999e+99 -9.99999e+99 -9.99999e+99 -9.99999e+99 -9.99999e+99 -9.99999e+99 -9.99999e+99 -9.99999e+99 -9.99999e+99
3.44663e+04 4.42914e+03 4.24224e+03 4.22792e+03 4.22622e+03 4.22523e+03 4.22294e+03 4.22090e+03 4.21954e+03 3.10338e+03 3.04154e+03 3.03682e+03 3.03405e+03 3.03192e+03 3.03066e+03 3.03180e+03 3.05417e+03 3.42982e+03 3.87794e+03 4.30613e+03 4.70328e+03 5.06270e+03 5.37731e+03 5.65328e+03 5.88581e+03 6.02993e+03 5.97471e+03 5.76256e+03 5.48740e+03 5.28717e+03 5.20640e+03 5.20548e+03 5.17112e+03 5.22995e+03 5.58002e+03 5.90554e+03 7.62595e+03 8.02529e+03 9.91570e+03 1.08577e+04 9.81010e+03 9.60984e+03 1.33799e+04 1.23077e+04 1.46219e+04 1.66833e+04 -9.99999e+99 -9.99999e+99 -9.99999e+99 -9.99999e+99 -9.99999e+99 -9.99999e+99 -9.99999e+99 -9.99999e+99 -9.99999e+99 -9.99999e+99 -9.99999e+99 -9.99999e+99 -9.99999e+99 -9.99999e+99
3.54064e+04 4.43546e+03 4.24524e+03 4.22689e+03 4.22458e+03 4.22356e+03 4.22133e+03 4.21912e+03 4.21764e+03 3.11163e+03 3.03919e+03 3.03430e+03 3.03151e+03 3.02945e+03 3.02839e+03 3.03019e+03 3.07077e+03 3.46568e+03 3.91050e+03 4.33207e+03 4.71777e+03 5.06404e+03 5.36552e+03 5.62737e+03 5.84292e+03 5.96824e+03 5.91875e+03 5.76935e+03 5.55107e+03 5.33381e+03 5.19383e+03 5.13928e+03 5.05885e+03 5.17528e+03 5.65112e+03 6.09202e+03 8.06281e+03 8.57558e+03 1.07338e+04 1.18640e+04 1.04919e+04 1.04354e+04 1.48327e+04 1.35352e+04 1.63574e+04 1.86414e+04 -9.99999e+99 -9.99999e+99 -9.99999e+99 -9.99999e+99 -9.99999e+99 -9.99999e+99 -9.99999e+99 -9.99999e+99 -9.99999e+99 -9.99999e+99 -9.99999e+99 -9.99999e+99 -9.99999e+99 -9.99999e+99
3.63549e+04 4.44314e+03 4.25332e+03 4.22681e+03 4.22349e+03 4.22234e+03 4.21978e+03 4.21712e+03 4.21553e+03 3.12410e+03 3.03689e+03 3.03180e+03 3.02904e+03 3.02712e+03 3.02640e+03 3.02904e+03 3.09490e+03 3.48446e+03 3.92864e+03 4.34272e+03 4.71523e+03 5.04825e+03 5.33808e+03 5.58872e+03 5.79208e+03 5.91785e+03 5.88593e+03 5.73494e+03 5.51412e+03 5.28556e+03 5.11726e+03 5.03879e+03 4.94334e+03 5.10406e+03 5.68777e+03 6.27895e+03 8.55137e+03 9.20273e+03 1.16679e+04 1.30153e+04 1.12803e+04 1.13803e+04 1.64865e+04 1.49332e+04 1.83194e+04 2.08854e+04 -9.99999e+99 -9.99999e+99 -9.99999e+99 -9.99999e+99 -9.99999e+99 -9.99999e+99 -9.99999e+99 -9.99999e+99 -9.99999e+99 -9.99999e+99 -9.99999e+99 -9.99999e+99 -9.99999e+99 -9.99999e+99
3.73151e+04 4.44390e+03 4.25363e+03 4.22520e+03 4.22141e+03 4.22021e+03 4.21765e+03 4.21459e+03 4.21309e+03 3.13137e+03 3.03458e+03 3.02936e+03 3.02669e+03 3.02499e+03 3.02462e+03 3.02780e+03 3.10121e+03 3.47871e+03 3.93346e+03 4.34264e+03 4.70202e+03 5.02139e+03 5.30061e+03 5.54340e+03 5.74102e+03 5.87334e+03 5.83240e+03 5.60331e+03 5.34414e+03 5.11325e+03 4.94399e+03 4.87234e+03 4.79194e+03 4.98575e+03 5.66612e+03 6.45031e+03 9.10348e+03 9.93384e+03 1.27590e+04 1.43610e+04 1.22179e+04 1.24876e+04 1.84128e+04 1.65531e+04 2.05967e+04 2.35297e+04 -9.99999e+99 -9.99999e+99 -9.99999e+99 -9.99999e+99 -9.99999e+99 -9.99999e+99 -9.99999e+99 -9.99999e+99 -9.99999e+99 -9.99999e+99 -9.99999e+99 -9.99999e+99 -9.99999e+99 -9.99999e+99
3.82916e+04 4.39621e+03 4.23350e+03 4.21974e+03 4.21701e+03 4.21618e+03 4.21411e+03 4.21170e+03 4.21056e+03 3.14316e+03 3.03250e+03 3.02711e+03 3.02455e+03 3.02304e+03 3.02284e+03 3.02584e+03 3.07687e+03 3.44984e+03 3.92143e+03 4.32775e+03 4.67628e+03 4.98390e+03 5.25439e+03 5.49193e+03 5.68595e+03 5.79552e+03 5.67971e+03 5.36269e+03 5.09498e+03 4.90187e+03 4.77094e+03 4.72562e+03 4.65132e+03 4.88391e+03 5.68279e+03 6.65508e+03 9.75104e+03 1.08079e+04 1.40628e+04 1.59640e+04 1.33526e+04 1.38041e+04 2.07057e+04 1.84624e+04 2.33070e+04 2.67314e+04 -9.99999e+99 -9.99999e+99 -9.99999e+99 -9.99999e+99 -9.99999e+99 -9.99999e+99 -9.99999e+99 -9.99999e+99 -9.99999e+99 -9.99999e+99 -9.99999e+99 -9.99999e+99 -9.99999e+99 -9.99999e+99
3.92914e+04 4.27119e+03 4.21482e+03 4.21227e+03 4.21088e+03 4.21065e+03 4.20994e+03 4.20899e+03 4.20816e+03 3.15669e+03 3.03110e+03 3.02528e+03 3.02268e+03 3.02123e+03 3.02100e+03 3.02349e+03 3.04879e+03 3.41092e+03 3.88733e+03 4.28857e+03 4.62800e+03 4.92624e+03 5.19015e+03 5.42234e+03 5.60745e+03 5.65588e+03 5.41611e+03 5.09984e+03 4.89817e+03 4.79021e+03 4.72265e+03 4.70844e+03 4.61384e+03 4.90894e+03 5.85118e+03 6.97269e+03 1.05637e+04 1.18931e+04 1.56569e+04 1.79201e+04 1.47497e+04 1.53887e+04 2.35022e+04 2.07574e+04 2.66215e+04 3.07238e+04 -9.99999e+99 -9.99999e+99 -9.99999e+99 -9.99999e+99 -9.99999e+99 -9.99999e+99 -9.99999e+99 -9.99999e+99 -9.99999e+99 -9.99999e+99 -9.99999e+99 -9.99999e+99 -9.99999e+99 -9.99999e+99
3.96882e+04 4.25209e+03 4.21177e+03 4.20972e+03 4.20960e+03 4.21043e+03 4.20966e+03 4.20826e+03 4.20725e+03 3.14979e+03 3.02939e+03 3.02417e+03 3.02190e+03 3.02059e+03 3.02040e+03 3.02297e+03 3.05234e+03 3.44043e+03 3.91507e+03 4.31076e+03 4.64334e+03 4.93370e+03 5.19032e+03 5.41658e+03 5.59583e+03 5.62097e+03 5.34618e+03 5.05889e+03 4.89653e+03 4.82150e+03 4.77107e+03 4.76253e+03 4.65142e+03 4.97557e+03 5.97960e+03 7.14963e+03 1.09444e+04 1.23881e+04 1.63756e+04 1.87965e+04 1.53754e+04 1.60891e+04 2.47578e+04 2.17776e+04 2.81161e+04 3.25505e+04 -9.99999e+99 -9.99999e+99 -9.99999e+99 -9.99999e+99 -9.99999e+99 -9.99999e+99 -9.99999e+99 -9.99999e+99 -9.99999e+99 -9.99999e+99 -9.99999e+99 -9.99999e+99 -9.99999e+99 -9.99999e+99
3.99527e+04 4.23674e+03 4.20989e+03 4.20826e+03 4.20932e+03 4.21120e+03 4.21022e+03 4.20784e+03 4.20672e+03 3.15326e+03 3.02884e+03 3.02368e+03 3.02146e+03 3.02018e+03 3.02000e+03 3.02258e+03 3.05099e+03 3.44069e+03 3.91098e+03 4.30329e+03 4.63264e+03 4.91964e+03 5.17352e+03 5.39749e+03 5.57334e+03 5.58367e+03 5.29028e+03 5.02794e+03 4.89678e+03 4.84787e+03 4.81148e+03 4.80963e+03 4.68972e+03 5.03271e+03 6.07623e+03 7.28032e+03 1.12207e+04 1.27442e+04 1.68892e+04 1.94215e+04 1.58199e+04 1.65846e+04 2.56586e+04 2.25035e+04 2.91898e+04 3.38734e+04 -9.99999e+99 -9.99999e+99 -9.99999e+99 -9.99999e+99 -9.99999e+99 -9.99999e+99 -9.99999e+99 -9.99999e+99 -9.99999e+99 -9.99999e+99 -9.99999e+99 -9.99999e+99 -9.99999e+99 -9.99999e+99
4.01290e+04 4.23592e+03 4.20863e+03 4.20729e+03 4.20913e+03 4.21172e+03 4.21058e+03 4.20755e+03 4.20636e+03 3.15493e+03 3.02833e+03 3.02331e+03 3.02117e+03 3.01991e+03 3.01975e+03 3.02236e+03 3.05155e+03 3.44642e+03 3.91340e+03 4.30325e+03 4.63035e+03 4.91480e+03 5.16632e+03 5.38827e+03 5.56148e+03 5.56259e+03 5.26036e+03 5.01647e+03 4.90445e+03 4.87009e+03 4.84109e+03 4.84384e+03 4.71936e+03 5.07631e+03 6.14730e+03 7.37502e+03 1.14157e+04 1.29929e+04 1.72453e+04 1.98544e+04 1.61263e+04 1.69250e+04 2.62863e+04 2.30067e+04 2.99396e+04 3.48030e+04 -9.99999e+99 -9.99999e+99 -9.99999e+99 -9.99999e+99 -9.99999e+99 -9.99999e+99 -9.99999e+99 -9.99999e+99 -9.99999e+99 -9.99999e+99 -9.99999e+99 -9.99999e+99 -9.99999e+99 -9.99999e+99
4.02466e+04 4.21779e+03 4.20780e+03 4.20665e+03 4.20901e+03 4.21207e+03 4.21059e+03 4.20734e+03 4.20615e+03 3.15705e+03 3.02815e+03 3.02314e+03 3.02100e+03 3.01974e+03 3.01960e+03 3.02228e+03 3.05289e+03 3.44850e+03 3.91110e+03 4.29968e+03 4.62590e+03 4.90921e+03 5.15962e+03 5.38053e+03 5.55204e+03 5.54710e+03 5.24038e+03 5.01191e+03 4.91544e+03 4.89148e+03 4.86683e+03 4.87168e+03 4.74359e+03 5.10838e+03 6.19668e+03 7.44071e+03 1.15507e+04 1.31653e+04 1.74915e+04 2.01538e+04 1.63395e+04 1.71601e+04 2.67185e+04 2.33521e+04 3.04563e+04 3.54449e+04 -9.99999e+99 -9.99999e+99 -9.99999e+99 -9.99999e+99 -9.99999e+99 -9.99999e+99 -9.99999e+99 -9.99999e+99 -9.99999e+99 -9.99999e+99 -9.99999e+99 -9.99999e+99 -9.99999e+99 -9.99999e+99
4.03242e+04 3.80181e+03 4.20211e+03 4.20627e+03 4.20894e+03 4.21225e+03 4.21076e+03 4.20741e+03 4.20618e+03 3.17673e+03 3.02923e+03 3.02355e+03 3.02106e+03 3.01963e+03 3.01947e+03 3.02221e+03 3.05205e+03 3.44009e+03 3.89853e+03 4.28683e+03 4.61369e+03 4.89747e+03 5.14807e+03 5.36879e+03 5.53906e+03 5.52688e+03 5.21179e+03 4.98539e+03 4.89016e+03 4.87302e+03 4.85872e+03 4.87624e+03 4.75919e+03 5.12845e+03 6.22592e+03 7.48278e+03 1.16425e+04 1.32769e+04 1.76494e+04 2.03467e+04 1.64684e+04 1.73054e+04 2.70048e+04 2.35795e+04 3.08019e+04 3.58770e+04 -9.99999e+99 -9.99999e+99 -9.99999e+99 -9.99999e+99 -9.99999e+99 -9.99999e+99 -9.99999e+99 -9.99999e+99 -9.99999e+99 -9.99999e+99 -9.99999e+99 -9.99999e+99 -9.99999e+99 -9.99999e+99
4.03250e+04 3.79487e+03 4.20207e+03 4.20627e+03 4.20894e+03 4.21225e+03 4.21076e+03 4.20741e+03 4.20618e+03 3.17652e+03 3.02921e+03 3.02354e+03 3.02106e+03 3.01963e+03 3.01949e+03 3.02224e+03 3.05252e+03 3.44083e+03 3.89927e+03 4.28760e+03 4.61443e+03 4.89811e+03 5.14858e+03 5.36915e+03 5.53925e+03 5.52681e+03 5.21146e+03 4.98505e+03 4.88986e+03 4.87281e+03 4.85865e+03 4.87633e+03 4.75948e+03 5.12859e+03 6.22596e+03 7.48310e+03 1.16430e+04 1.32772e+04 1.76511e+04 2.03495e+04 1.64702e+04 1.73077e+04 2.70098e+04 2.35838e+04 3.08080e+04 3.58845e+04 -9.99999e+99 -9.99999e+99 -9.99999e+99 -9.99999e+99 -9.99999e+99 -9.99999e+99 -9.99999e+99 -9.99999e+99 -9.99999e+99 -9.99999e+99 -9.99999e+99 -9.99999e+99 -9.99999e+99 -9.99999e+99
