#NTIMES:  59
#NVEL:   115
#TIMES: 1.30000e+00 1.43000e+00 1.57300e+00 1.73000e+00 1.90000e+00 2.09000e+00 2.30000e+00 2.53000e+00 2.78300e+00 3.06100e+00 3.36700e+00 3.70400e+00 4.07400e+00 4.48100e+00 4.92900e+00 5.42200e+00 5.96400e+00 6.56000e+00 7.21600e+00 7.93800e+00 8.73200e+00 9.60000e+00 1.05600e+01 1.16200e+01 1.27800e+01 1.40600e+01 1.54700e+01 1.70200e+01 1.87200e+01 2.05900e+01 2.26500e+01 2.49100e+01 2.74000e+01 3.01400e+01 3.31500e+01 3.64600e+01 4.01100e+01 4.41200e+01 4.85300e+01 5.33800e+01 5.87200e+01 6.45900e+01 7.10500e+01 7.81600e+01 8.60000e+01 9.46000e+01 1.04100e+02 1.14500e+02 1.26000e+02 1.38600e+02 1.52500e+02 1.67800e+02 1.84600e+02 2.03100e+02 2.23400e+02 2.45800e+02 2.70400e+02 2.97400e+02 3.20000e+02
#vel_mid[km/s] ne_t0[/cm^3] ne_t1[/cm^3] ... ne_tn[/cm^3]
8.48466e+02 1.24130e+14 -9.99999e+99 -9.99999e+99 -9.99999e+99 -9.99999e+99 -9.99999e+99 1.96509e+13 1.44193e+13 1.06773e+13 7.94829e+12 5.91257e+12 4.37742e+12 3.22515e+12 2.36910e+12 1.74311e+12 1.28753e+12 9.55501e+11 7.11255e+11 5.30301e+11 3.95745e+11 2.95507e+11 2.21198e+11 1.65431e+11 1.23614e+11 9.22876e+10 6.79828e+10 4.82373e+10 3.27902e+10 2.28551e+10 1.68072e+10 1.25705e+10 9.11641e+09 5.23707e+09 3.57524e+09 2.68362e+09 2.00941e+09 1.42733e+09 7.88226e+08 5.19016e+08 3.93793e+08 3.02626e+08 2.34310e+08 1.79186e+08 1.36145e+08 1.03160e+08 7.82571e+07 5.92213e+07 4.41909e+07 3.18008e+07 2.47022e+07 1.96895e+07 1.36750e+07 1.03699e+07 7.57860e+06 5.61014e+06 4.12151e+06 2.90579e+06 2.21477e+06 1.53229e+06
8.54639e+02 1.24130e+14 9.13556e+13 6.75413e+13 4.99883e+13 3.69701e+13 2.70016e+13 1.96510e+13 1.44193e+13 1.06773e+13 7.94830e+12 5.91262e+12 4.37746e+12 3.22515e+12 2.36915e+12 1.74311e+12 1.28755e+12 9.55503e+11 7.11261e+11 5.30305e+11 3.95746e+11 2.95508e+11 2.21199e+11 1.65431e+11 1.23614e+11 9.22877e+10 6.79828e+10 4.82380e+10 3.27902e+10 2.28551e+10 1.68072e+10 1.25705e+10 9.11635e+09 5.23717e+09 3.57524e+09 2.68362e+09 2.00941e+09 1.42735e+09 7.88216e+08 5.19010e+08 3.93792e+08 3.02626e+08 2.34310e+08 1.79186e+08 1.36145e+08 1.03160e+08 7.82568e+07 5.92212e+07 4.51906e+07 3.33719e+07 2.49643e+07 1.91254e+07 1.36160e+07 1.04217e+07 7.87194e+06 5.67118e+06 4.12073e+06 2.94068e+06 2.21074e+06 1.54646e+06
8.73427e+02 1.24131e+14 9.13570e+13 6.75427e+13 4.99900e+13 3.69728e+13 2.70043e+13 1.96539e+13 1.44208e+13 1.06784e+13 7.94899e+12 5.91359e+12 4.37861e+12 3.22620e+12 2.37030e+12 1.74375e+12 1.28806e+12 9.55735e+11 7.11420e+11 5.30390e+11 3.95782e+11 2.95527e+11 2.21206e+11 1.65434e+11 1.23615e+11 9.22889e+10 6.79848e+10 4.82410e+10 3.27917e+10 2.28553e+10 1.68072e+10 1.25705e+10 9.11600e+09 5.23631e+09 3.57524e+09 2.68362e+09 2.00943e+09 1.42751e+09 7.88467e+08 5.19024e+08 3.93789e+08 3.02621e+08 2.34307e+08 1.79183e+08 1.36143e+08 1.03158e+08 7.82550e+07 5.92199e+07 4.56435e+07 3.41338e+07 2.53295e+07 1.89388e+07 1.37821e+07 1.03525e+07 7.74137e+06 5.78909e+06 4.12684e+06 3.02922e+06 2.21388e+06 1.60467e+06
9.12250e+02 1.24140e+14 9.13664e+13 6.75515e+13 5.00006e+13 3.69892e+13 2.70223e+13 1.96714e+13 1.44307e+13 1.06845e+13 7.95322e+12 5.91891e+12 4.38524e+12 3.23300e+12 2.37693e+12 1.74805e+12 1.29110e+12 9.57306e+11 7.12369e+11 5.30887e+11 3.96002e+11 2.95628e+11 2.21246e+11 1.65447e+11 1.23621e+11 9.22943e+10 6.79941e+10 4.82551e+10 3.27980e+10 2.28551e+10 1.68065e+10 1.25700e+10 9.11433e+09 5.23316e+09 3.57505e+09 2.68346e+09 2.00934e+09 1.42779e+09 7.89033e+08 5.19055e+08 3.93768e+08 3.02602e+08 2.34306e+08 1.79167e+08 1.36132e+08 1.03148e+08 7.82461e+07 5.92222e+07 4.50772e+07 3.40959e+07 2.51948e+07 1.87887e+07 1.38674e+07 1.03332e+07 7.69422e+06 5.76148e+06 4.19616e+06 3.07695e+06 2.22693e+06 1.69764e+06
9.72937e+02 1.24175e+14 9.13998e+13 6.75816e+13 5.00364e+13 3.70418e+13 2.70846e+13 1.97270e+13 1.44650e+13 1.07030e+13 7.96596e+12 5.93277e+12 4.40338e+12 3.25367e+12 2.39567e+12 1.76200e+12 1.30018e+12 9.62515e+11 7.15234e+11 5.32318e+11 3.96667e+11 2.95894e+11 2.21325e+11 1.65457e+11 1.23614e+11 9.22945e+10 6.80116e+10 4.82846e+10 3.28092e+10 2.28509e+10 1.68019e+10 1.25661e+10 9.10922e+09 5.22613e+09 3.57402e+09 2.68272e+09 2.00880e+09 1.42776e+09 7.90045e+08 5.19275e+08 3.93679e+08 3.02620e+08 2.34592e+08 1.79118e+08 1.36090e+08 1.03215e+08 7.82218e+07 5.92881e+07 4.49260e+07 3.37379e+07 2.50017e+07 1.88085e+07 1.38511e+07 1.03165e+07 7.69888e+06 5.70008e+06 4.23675e+06 3.09426e+06 2.20865e+06 1.68793e+06
1.03402e+03 1.24247e+14 9.14576e+13 6.76247e+13 5.01000e+13 3.71345e+13 2.71996e+13 1.98289e+13 1.45254e+13 1.07361e+13 7.98520e+12 5.95156e+12 4.42739e+12 3.28204e+12 2.42288e+12 1.78380e+12 1.31490e+12 9.71327e+11 7.20112e+11 5.34762e+11 3.97804e+11 2.96366e+11 2.21476e+11 1.65482e+11 1.23605e+11 9.22968e+10 6.80445e+10 4.83380e+10 3.28312e+10 2.28483e+10 1.67973e+10 1.25625e+10 9.10329e+09 5.21719e+09 3.57343e+09 2.68224e+09 2.00835e+09 1.42762e+09 7.91501e+08 5.20665e+08 3.94120e+08 3.03414e+08 2.35008e+08 1.79550e+08 1.36153e+08 1.03554e+08 7.82001e+07 5.94331e+07 4.48941e+07 3.35484e+07 2.51546e+07 1.87393e+07 1.38402e+07 1.03731e+07 7.77105e+06 5.67399e+06 4.22211e+06 3.08560e+06 2.20838e+06 1.66944e+06
1.09895e+03 1.24367e+14 9.16249e+13 6.77495e+13 5.02323e+13 3.73217e+13 2.74119e+13 2.00240e+13 1.46485e+13 1.08069e+13 8.02269e+12 5.98017e+12 4.45725e+12 3.31621e+12 2.45742e+12 1.81397e+12 1.33676e+12 9.85417e+11 7.28212e+11 5.39019e+11 3.99917e+11 2.97308e+11 2.21868e+11 1.65662e+11 1.23695e+11 9.23725e+10 6.81360e+10 4.84376e+10 3.28854e+10 2.28573e+10 1.68015e+10 1.25657e+10 9.09949e+09 5.20757e+09 3.57430e+09 2.68304e+09 2.00891e+09 1.42770e+09 7.93183e+08 5.23355e+08 3.96045e+08 3.05174e+08 2.35211e+08 1.80198e+08 1.36788e+08 1.04158e+08 7.86364e+07 5.95996e+07 4.49736e+07 3.35393e+07 2.53287e+07 1.88863e+07 1.39485e+07 1.03243e+07 7.72354e+06 5.65747e+06 4.25290e+06 3.07925e+06 2.22644e+06 1.66347e+06
1.16795e+03 1.25196e+14 9.24155e+13 6.82940e+13 5.06647e+13 3.77495e+13 2.78365e+13 2.04135e+13 1.49104e+13 1.09743e+13 8.11281e+12 6.03658e+12 4.50159e+12 3.35676e+12 2.49849e+12 1.85149e+12 1.36690e+12 1.00661e+12 7.41477e+11 5.46353e+11 4.03985e+11 2.99309e+11 2.22799e+11 1.66274e+11 1.24076e+11 9.26697e+10 6.83936e+10 4.86349e+10 3.30158e+10 2.29056e+10 1.68378e+10 1.25971e+10 9.10925e+09 5.20377e+09 3.58113e+09 2.68951e+09 2.01366e+09 1.43037e+09 7.94527e+08 5.26020e+08 3.98563e+08 3.06924e+08 2.35837e+08 1.80875e+08 1.37743e+08 1.05019e+08 7.93514e+07 5.98993e+07 4.54166e+07 3.36877e+07 2.53787e+07 1.91107e+07 1.41231e+07 1.04460e+07 7.76398e+06 5.71356e+06 4.20082e+06 3.09707e+06 2.23881e+06 1.72044e+06
1.24129e+03 1.28642e+14 9.53502e+13 7.03879e+13 5.20318e+13 3.88737e+13 2.87192e+13 2.12110e+13 1.54954e+13 1.13991e+13 8.36501e+12 6.20140e+12 4.61042e+12 3.43436e+12 2.56721e+12 1.90805e+12 1.41554e+12 1.04293e+12 7.67387e+11 5.62450e+11 4.14196e+11 3.05453e+11 2.26313e+11 1.68873e+11 1.25888e+11 9.40527e+10 6.94756e+10 4.93486e+10 3.35209e+10 2.31971e+10 1.70659e+10 1.27759e+10 9.21480e+09 5.25116e+09 3.62807e+09 2.72869e+09 2.04258e+09 1.44657e+09 8.01194e+08 5.32633e+08 4.05045e+08 3.11539e+08 2.38976e+08 1.83455e+08 1.39920e+08 1.06592e+08 8.06534e+07 6.08348e+07 4.60331e+07 3.42977e+07 2.56875e+07 1.93184e+07 1.42677e+07 1.06404e+07 7.88514e+06 5.82905e+06 4.25171e+06 3.13704e+06 2.25853e+06 1.75601e+06
1.31923e+03 1.38489e+14 1.02407e+14 7.55180e+13 5.55267e+13 4.13279e+13 3.05649e+13 2.26444e+13 1.66758e+13 1.22510e+13 8.95542e+12 6.58708e+12 4.86321e+12 3.61117e+12 2.69647e+12 2.00930e+12 1.49596e+12 1.10635e+12 8.14517e+11 5.95657e+11 4.35809e+11 3.19557e+11 2.35942e+11 1.75395e+11 1.30607e+11 9.75406e+10 7.20750e+10 5.12835e+10 3.47299e+10 2.40468e+10 1.76773e+10 1.32332e+10 9.51126e+09 5.40134e+09 3.76196e+09 2.82524e+09 2.11391e+09 1.48918e+09 8.22450e+08 5.50532e+08 4.20351e+08 3.21543e+08 2.46669e+08 1.89575e+08 1.44511e+08 1.09748e+08 8.32814e+07 6.28156e+07 4.72524e+07 3.55119e+07 2.64842e+07 1.98566e+07 1.47251e+07 1.09922e+07 8.13675e+06 6.03862e+06 4.40898e+06 3.24302e+06 2.34234e+06 1.81436e+06
1.40207e+03 1.51867e+14 1.12207e+14 8.27808e+13 6.08163e+13 4.49347e+13 3.31225e+13 2.44794e+13 1.81440e+13 1.33707e+13 9.81142e+12 7.18050e+12 5.25667e+12 3.87370e+12 2.87523e+12 2.14065e+12 1.59601e+12 1.18558e+12 8.76017e+11 6.41591e+11 4.66636e+11 3.39902e+11 2.49597e+11 1.84513e+11 1.37158e+11 1.02393e+11 7.57013e+10 5.39219e+10 3.64302e+10 2.52117e+10 1.85539e+10 1.38701e+10 9.92996e+09 5.62026e+09 3.94468e+09 2.96162e+09 2.21440e+09 1.54987e+09 8.53921e+08 5.75746e+08 4.38017e+08 3.35217e+08 2.56957e+08 1.96972e+08 1.50241e+08 1.14306e+08 8.68170e+07 6.53955e+07 4.92049e+07 3.70479e+07 2.76160e+07 2.06179e+07 1.53762e+07 1.14679e+07 8.52557e+06 6.28676e+06 4.60740e+06 3.41412e+06 2.46669e+06 1.89661e+06
1.49010e+03 1.62428e+14 1.20588e+14 8.93564e+13 6.60516e+13 4.87313e+13 3.58029e+13 2.63096e+13 1.94713e+13 1.44014e+13 1.06479e+13 7.82483e+12 5.71352e+12 4.17504e+12 3.06864e+12 2.26984e+12 1.68923e+12 1.25714e+12 9.33944e+11 6.88123e+11 4.98932e+11 3.61440e+11 2.63084e+11 1.93183e+11 1.43204e+11 1.06865e+11 7.91069e+10 5.63667e+10 3.80375e+10 2.62590e+10 1.93398e+10 1.44599e+10 1.02840e+10 5.80857e+09 4.10933e+09 3.08904e+09 2.30784e+09 1.60371e+09 8.79405e+08 5.98931e+08 4.55005e+08 3.48094e+08 2.66511e+08 2.03918e+08 1.55517e+08 1.18376e+08 8.98101e+07 6.76787e+07 5.09865e+07 3.83461e+07 2.86487e+07 2.13713e+07 1.59840e+07 1.18900e+07 8.83300e+06 6.52975e+06 4.77268e+06 3.54033e+06 2.57590e+06 1.98815e+06
1.58367e+03 1.68420e+14 1.25899e+14 9.39382e+13 6.99032e+13 5.18563e+13 3.81966e+13 2.79613e+13 2.05747e+13 1.51707e+13 1.12418e+13 8.30791e+12 6.10683e+12 4.46207e+12 3.24964e+12 2.37838e+12 1.75452e+12 1.30375e+12 9.70099e+11 7.18878e+11 5.23398e+11 3.77897e+11 2.72640e+11 1.98438e+11 1.46508e+11 1.09201e+11 8.08587e+10 5.77486e+10 3.88593e+10 2.67800e+10 1.97287e+10 1.47382e+10 1.04158e+10 5.87728e+09 4.19051e+09 3.14647e+09 2.34924e+09 1.61668e+09 8.88030e+08 6.11418e+08 4.64695e+08 3.55136e+08 2.72294e+08 2.07992e+08 1.58892e+08 1.20790e+08 9.14701e+07 6.90007e+07 5.19193e+07 3.89692e+07 2.91332e+07 2.18252e+07 1.63128e+07 1.20872e+07 8.99578e+06 6.67539e+06 4.91052e+06 3.61871e+06 2.63943e+06 2.04105e+06
1.68311e+03 1.72335e+14 1.29062e+14 9.65999e+13 7.21807e+13 5.39310e+13 3.99429e+13 2.93424e+13 2.15344e+13 1.58033e+13 1.16430e+13 8.60754e+12 6.36473e+12 4.68366e+12 3.41651e+12 2.47795e+12 1.80641e+12 1.33174e+12 9.88847e+11 7.34167e+11 5.39267e+11 3.89612e+11 2.79019e+11 2.01208e+11 1.47675e+11 1.09912e+11 8.13934e+10 5.82228e+10 3.91113e+10 2.68810e+10 1.98047e+10 1.47924e+10 1.03718e+10 5.85769e+09 4.20757e+09 3.15605e+09 2.35509e+09 1.60327e+09 8.85420e+08 6.16962e+08 4.68581e+08 3.58560e+08 2.74650e+08 2.10097e+08 1.60339e+08 1.21674e+08 9.20239e+07 6.96109e+07 5.23350e+07 3.92767e+07 2.93285e+07 2.20498e+07 1.64487e+07 1.22452e+07 9.09923e+06 6.74643e+06 4.98497e+06 3.67244e+06 2.67142e+06 2.08226e+06
1.78879e+03 1.74020e+14 1.30145e+14 9.74863e+13 7.31903e+13 5.48975e+13 4.09858e+13 3.02870e+13 2.23699e+13 1.63834e+13 1.20117e+13 8.82734e+12 6.51508e+12 4.81973e+12 3.54541e+12 2.57505e+12 1.86296e+12 1.35609e+12 1.00098e+12 7.42779e+11 5.48783e+11 3.99050e+11 2.84703e+11 2.03164e+11 1.47941e+11 1.09925e+11 8.15276e+10 5.83836e+10 3.91639e+10 2.68301e+10 1.97687e+10 1.47650e+10 1.02471e+10 5.80694e+09 4.20039e+09 3.15146e+09 2.34977e+09 1.58093e+09 8.80427e+08 6.19901e+08 4.71496e+08 3.60660e+08 2.76143e+08 2.11146e+08 1.61050e+08 1.22138e+08 9.25087e+07 6.98728e+07 5.26391e+07 3.94692e+07 2.95466e+07 2.21592e+07 1.65381e+07 1.23467e+07 9.16098e+06 6.80144e+06 5.04125e+06 3.72234e+06 2.71443e+06 2.12970e+06
1.90111e+03 1.71814e+14 1.29228e+14 9.70335e+13 7.28869e+13 5.48924e+13 4.11144e+13 3.06152e+13 2.27552e+13 1.67679e+13 1.22987e+13 8.99153e+12 6.59265e+12 4.86520e+12 3.59490e+12 2.63488e+12 1.90783e+12 1.37538e+12 1.00341e+12 7.41879e+11 5.49683e+11 4.02386e+11 2.87900e+11 2.03552e+11 1.46878e+11 1.08844e+11 8.07273e+10 5.80062e+10 3.88426e+10 2.65324e+10 1.95561e+10 1.45917e+10 1.00038e+10 5.70709e+09 4.15496e+09 3.11502e+09 2.32019e+09 1.54161e+09 8.70035e+08 6.19747e+08 4.71540e+08 3.60371e+08 2.75926e+08 2.10801e+08 1.60717e+08 1.21996e+08 9.23718e+07 6.97460e+07 5.25433e+07 3.93927e+07 2.96128e+07 2.21746e+07 1.65685e+07 1.23464e+07 9.18585e+06 6.82494e+06 5.07331e+06 3.75008e+06 2.76439e+06 2.17233e+06
2.02048e+03 1.70412e+14 1.27898e+14 9.60514e+13 7.21645e+13 5.44278e+13 4.08247e+13 3.05306e+13 2.28008e+13 1.69281e+13 1.24794e+13 9.13094e+12 6.65686e+12 4.87844e+12 3.59935e+12 2.65480e+12 1.93690e+12 1.39302e+12 1.00473e+12 7.37293e+11 5.46027e+11 4.01815e+11 2.89043e+11 2.03137e+11 1.45207e+11 1.07299e+11 7.96080e+10 5.73071e+10 3.82838e+10 2.61142e+10 1.92594e+10 1.43592e+10 9.67588e+09 5.58370e+09 4.09108e+09 3.06587e+09 2.28034e+09 1.49010e+09 8.57457e+08 6.18679e+08 4.70580e+08 3.59363e+08 2.75104e+08 2.09846e+08 1.59946e+08 1.21383e+08 9.20883e+07 6.94754e+07 5.24288e+07 3.93221e+07 2.95168e+07 2.20943e+07 1.65188e+07 1.23127e+07 9.18619e+06 6.85000e+06 5.07894e+06 3.77705e+06 2.80044e+06 2.20748e+06
2.14735e+03 1.68201e+14 1.26415e+14 9.49859e+13 7.13770e+13 5.38648e+13 4.04368e+13 3.02948e+13 2.26909e+13 1.69345e+13 1.25613e+13 9.23718e+12 6.72779e+12 4.90038e+12 3.59786e+12 2.65612e+12 1.95224e+12 1.41012e+12 1.01081e+12 7.34603e+11 5.42502e+11 4.00325e+11 2.89454e+11 2.02837e+11 1.43831e+11 1.06041e+11 7.86874e+10 5.66195e+10 3.76836e+10 2.57568e+10 1.90105e+10 1.41502e+10 9.29895e+09 5.47340e+09 4.03642e+09 3.02159e+09 2.24306e+09 1.43485e+09 8.48044e+08 6.19142e+08 4.70781e+08 3.59589e+08 2.75040e+08 2.09675e+08 1.59859e+08 1.21158e+08 9.19337e+07 6.94195e+07 5.23593e+07 3.93277e+07 2.94812e+07 2.20703e+07 1.64804e+07 1.23638e+07 9.22133e+06 6.88614e+06 5.11692e+06 3.81422e+06 2.83232e+06 2.23833e+06
2.28219e+03 1.66051e+14 1.24623e+14 9.36345e+13 7.03847e+13 5.31229e+13 3.99038e+13 2.99167e+13 2.24437e+13 1.67987e+13 1.25184e+13 9.25962e+12 6.76243e+12 4.91232e+12 3.59013e+12 2.64420e+12 1.95187e+12 1.41874e+12 1.01611e+12 7.32507e+11 5.39185e+11 3.98095e+11 2.88741e+11 2.02086e+11 1.42614e+11 1.05050e+11 7.79175e+10 5.58916e+10 3.69814e+10 2.54549e+10 1.88109e+10 1.39582e+10 8.84831e+09 5.38086e+09 3.98994e+09 2.98169e+09 2.20670e+09 1.37403e+09 8.41839e+08 6.20857e+08 4.71914e+08 3.60426e+08 2.75276e+08 2.10131e+08 1.60086e+08 1.21371e+08 9.20939e+07 6.95586e+07 5.24804e+07 3.94069e+07 2.95894e+07 2.21649e+07 1.65513e+07 1.24189e+07 9.26437e+06 6.93567e+06 5.16593e+06 3.85425e+06 2.86793e+06 2.27716e+06
2.42549e+03 1.62272e+14 1.21816e+14 9.15401e+13 6.88330e+13 5.19587e+13 3.90462e+13 2.92832e+13 2.19884e+13 1.64821e+13 1.23156e+13 9.14975e+12 6.70642e+12 4.87179e+12 3.55241e+12 2.61001e+12 1.93005e+12 1.41019e+12 1.01169e+12 7.26519e+11 5.33606e+11 3.93865e+11 2.85734e+11 1.99610e+11 1.40938e+11 1.03948e+11 7.70437e+10 5.48848e+10 3.60575e+10 2.51422e+10 1.86027e+10 1.37263e+10 8.30113e+09 5.28987e+09 3.93991e+09 2.93695e+09 2.16188e+09 1.30562e+09 8.36685e+08 6.21656e+08 4.72846e+08 3.61134e+08 2.75768e+08 2.10285e+08 1.60049e+08 1.21531e+08 9.20993e+07 6.96712e+07 5.26648e+07 3.94802e+07 2.97075e+07 2.22614e+07 1.66536e+07 1.25040e+07 9.33621e+06 6.99419e+06 5.22219e+06 3.89736e+06 2.89875e+06 2.29888e+06
2.57779e+03 1.56449e+14 1.17389e+14 8.82267e+13 6.63679e+13 5.01023e+13 3.76732e+13 2.82623e+13 2.12377e+13 1.59363e+13 1.19241e+13 8.88161e+12 6.52515e+12 4.74456e+12 3.46124e+12 2.54316e+12 1.88281e+12 1.37973e+12 9.91318e+11 7.12856e+11 5.23858e+11 3.86236e+11 2.79232e+11 1.94621e+11 1.38464e+11 1.02467e+11 7.57695e+10 5.32588e+10 3.48703e+10 2.47293e+10 1.83165e+10 1.33491e+10 7.68213e+09 5.17855e+09 3.86795e+09 2.87239e+09 2.09216e+09 1.23124e+09 8.28421e+08 6.18436e+08 4.70314e+08 3.58764e+08 2.74063e+08 2.08999e+08 1.59084e+08 1.20667e+08 9.14464e+07 6.92814e+07 5.23808e+07 3.91967e+07 2.95788e+07 2.21824e+07 1.66377e+07 1.24654e+07 9.33721e+06 6.99214e+06 5.22674e+06 3.89774e+06 2.90691e+06 2.30515e+06
2.73965e+03 1.47576e+14 1.10777e+14 8.32896e+13 6.27177e+13 4.73962e+13 3.56517e+13 2.67816e+13 2.01240e+13 1.51271e+13 1.13106e+13 8.44150e+12 6.19551e+12 4.50640e+12 3.30028e+12 2.43159e+12 1.80124e+12 1.32048e+12 9.48053e+11 6.85983e+11 5.05483e+11 3.70885e+11 2.65856e+11 1.85514e+11 1.33967e+11 9.94574e+10 7.29870e+10 5.01241e+10 3.32317e+10 2.39009e+10 1.77121e+10 1.25081e+10 7.01173e+09 4.97447e+09 3.71743e+09 2.74646e+09 1.95810e+09 1.14420e+09 8.03556e+08 6.01388e+08 4.57266e+08 3.48150e+08 2.66010e+08 2.02776e+08 1.54194e+08 1.16791e+08 8.85131e+07 6.71956e+07 5.07202e+07 3.79338e+07 2.86443e+07 2.15081e+07 1.61795e+07 1.21126e+07 9.09257e+06 6.79641e+06 5.08228e+06 3.79025e+06 2.83522e+06 2.25029e+06
2.91167e+03 1.35266e+14 1.01606e+14 7.65771e+13 5.75597e+13 4.35346e+13 3.26973e+13 2.45483e+13 1.84217e+13 1.38262e+13 1.03085e+13 7.68913e+12 5.62060e+12 4.09627e+12 3.02022e+12 2.23318e+12 1.64986e+12 1.20655e+12 8.66520e+11 6.32287e+11 4.66485e+11 3.37997e+11 2.39290e+11 1.69328e+11 1.24329e+11 9.22930e+10 6.65155e+10 4.44059e+10 3.04257e+10 2.20501e+10 1.63020e+10 1.05996e+10 6.22205e+09 4.55935e+09 3.39880e+09 2.49852e+09 1.71697e+09 1.02848e+09 7.42924e+08 5.58145e+08 4.24881e+08 3.23337e+08 2.46774e+08 1.87984e+08 1.42992e+08 1.08206e+08 8.19566e+07 6.21461e+07 4.69147e+07 3.51151e+07 2.64775e+07 1.99255e+07 1.49623e+07 1.12234e+07 8.45000e+06 6.31095e+06 4.72641e+06 3.52830e+06 2.64078e+06 2.09466e+06
3.09450e+03 1.18772e+14 8.84813e+13 6.61408e+13 4.97371e+13 3.72787e+13 2.80800e+13 2.09057e+13 1.57337e+13 1.16881e+13 8.71823e+12 6.42079e+12 4.70907e+12 3.46894e+12 2.57364e+12 1.90793e+12 1.40624e+12 1.02168e+12 7.45660e+11 5.47238e+11 4.01617e+11 2.86189e+11 2.01856e+11 1.47100e+11 1.09124e+11 8.05137e+10 5.62630e+10 3.71740e+10 2.62238e+10 1.91764e+10 1.39921e+10 8.23344e+09 5.31501e+09 3.95457e+09 2.93181e+09 2.15106e+09 1.41134e+09 8.91090e+08 6.54777e+08 4.93181e+08 3.75712e+08 2.86923e+08 2.18899e+08 1.66379e+08 1.26829e+08 9.61039e+07 7.28054e+07 5.50515e+07 4.16074e+07 3.12406e+07 2.35718e+07 1.76933e+07 1.33208e+07 1.00082e+07 7.52252e+06 5.64349e+06 4.21957e+06 3.15889e+06 2.35724e+06 1.87669e+06
3.28880e+03 9.43791e+13 7.16335e+13 5.29978e+13 4.01574e+13 3.01048e+13 2.27228e+13 1.69545e+13 1.27519e+13 9.43956e+12 7.04850e+12 5.11424e+12 3.81040e+12 2.84759e+12 2.12348e+12 1.56715e+12 1.16273e+12 8.46973e+11 6.30694e+11 4.61931e+11 3.34181e+11 2.37414e+11 1.70401e+11 1.27660e+11 9.47430e+10 6.87111e+10 4.65659e+10 3.15690e+10 2.26521e+10 1.65681e+10 1.15605e+10 6.54851e+09 4.57234e+09 3.41490e+09 2.51005e+09 1.83977e+09 1.15596e+09 7.73213e+08 5.74517e+08 4.32830e+08 3.29086e+08 2.52814e+08 1.92658e+08 1.46287e+08 1.11845e+08 8.48452e+07 6.43615e+07 4.86109e+07 3.68019e+07 2.77146e+07 2.08879e+07 1.56712e+07 1.18209e+07 8.88294e+06 6.67458e+06 5.03303e+06 3.75680e+06 2.81441e+06 2.09771e+06 1.67381e+06
3.49531e+03 8.04835e+13 6.20082e+13 4.71794e+13 3.52667e+13 2.68649e+13 2.00223e+13 1.50869e+13 1.11858e+13 8.36142e+12 6.21181e+12 4.56718e+12 3.42101e+12 2.55759e+12 1.89929e+12 1.39222e+12 1.03889e+12 7.63010e+11 5.64806e+11 4.09241e+11 2.93939e+11 2.13713e+11 1.57493e+11 1.18316e+11 8.67246e+10 6.09413e+10 4.14165e+10 2.88259e+10 2.09329e+10 1.52848e+10 9.57544e+09 5.79752e+09 4.23724e+09 3.14558e+09 2.28141e+09 1.64670e+09 1.00477e+09 7.02264e+08 5.23799e+08 3.95348e+08 3.00692e+08 2.30260e+08 1.75166e+08 1.33156e+08 1.01529e+08 7.71232e+07 5.85055e+07 4.42155e+07 3.34429e+07 2.52096e+07 1.89361e+07 1.42505e+07 1.07477e+07 8.07231e+06 6.07703e+06 4.57478e+06 3.42156e+06 2.55775e+06 1.91311e+06 1.52085e+06
3.71478e+03 8.58746e+13 6.35100e+13 4.75092e+13 3.52724e+13 2.64769e+13 1.96211e+13 1.46154e+13 1.08099e+13 8.08137e+12 6.00409e+12 4.48894e+12 3.34278e+12 2.47474e+12 1.81944e+12 1.35318e+12 9.87725e+11 7.23709e+11 5.23872e+11 3.81883e+11 2.77403e+11 2.07066e+11 1.54862e+11 1.12967e+11 8.04461e+10 5.55812e+10 3.86267e+10 2.72598e+10 1.99622e+10 1.39161e+10 7.99798e+09 5.44638e+09 4.03239e+09 2.95985e+09 2.13895e+09 1.48233e+09 9.06272e+08 6.51989e+08 4.84676e+08 3.67993e+08 2.80103e+08 2.12613e+08 1.61552e+08 1.23146e+08 9.31270e+07 7.06386e+07 5.36567e+07 4.05094e+07 3.06058e+07 2.29902e+07 1.72695e+07 1.29882e+07 9.79940e+06 7.36098e+06 5.53473e+06 4.15936e+06 3.11856e+06 2.32927e+06 1.74326e+06 1.38334e+06
3.94804e+03 8.42401e+13 5.79268e+13 4.18243e+13 3.17180e+13 2.32178e+13 1.74775e+13 1.28219e+13 9.60410e+12 7.15561e+12 5.30207e+12 3.99534e+12 2.97774e+12 2.20264e+12 1.60054e+12 1.18815e+12 8.51120e+11 6.23672e+11 4.53245e+11 3.36122e+11 2.48066e+11 1.85308e+11 1.37211e+11 9.73962e+10 6.80543e+10 4.71970e+10 3.31333e+10 2.39696e+10 1.74130e+10 1.09545e+10 6.64097e+09 4.81857e+09 3.56621e+09 2.57363e+09 1.86895e+09 1.22491e+09 7.77425e+08 5.68481e+08 4.24204e+08 3.22806e+08 2.45840e+08 1.86413e+08 1.41729e+08 1.07854e+08 8.14344e+07 6.16466e+07 4.67796e+07 3.53426e+07 2.66904e+07 1.99980e+07 1.50445e+07 1.13041e+07 8.52560e+06 6.39803e+06 4.81797e+06 3.61524e+06 2.70664e+06 2.02039e+06 1.50744e+06 1.19913e+06
4.19594e+03 4.95105e+13 3.95384e+13 2.94405e+13 2.22738e+13 1.65989e+13 1.25618e+13 9.25828e+12 7.00012e+12 5.11257e+12 3.84437e+12 2.83645e+12 2.08686e+12 1.53891e+12 1.15894e+12 8.48688e+11 6.33293e+11 4.71971e+11 3.49873e+11 2.58387e+11 1.94335e+11 1.41991e+11 1.03661e+11 7.37005e+10 5.14273e+10 3.57562e+10 2.54978e+10 1.88368e+10 1.29656e+10 7.75639e+09 5.25237e+09 3.85413e+09 2.85098e+09 2.03617e+09 1.48478e+09 9.25904e+08 6.12961e+08 4.52608e+08 3.43554e+08 2.61332e+08 1.99365e+08 1.51388e+08 1.15460e+08 8.77240e+07 6.65559e+07 5.04292e+07 3.81518e+07 2.89506e+07 2.18515e+07 1.63876e+07 1.23668e+07 9.29314e+06 6.99821e+06 5.25565e+06 3.95766e+06 2.96194e+06 2.21108e+06 1.65416e+06 1.23211e+06 9.77936e+05
4.45941e+03 3.55181e+13 2.73858e+13 2.09104e+13 1.55125e+13 1.18531e+13 8.80866e+12 6.63274e+12 4.94607e+12 3.63949e+12 2.73697e+12 1.99794e+12 1.47637e+12 1.09699e+12 8.48010e+11 6.28303e+11 4.78548e+11 3.57571e+11 2.67719e+11 1.96371e+11 1.47868e+11 1.05971e+11 7.75304e+10 5.52102e+10 3.84284e+10 2.72757e+10 1.97511e+10 1.45112e+10 9.32453e+09 5.81313e+09 4.18954e+09 3.06304e+09 2.24968e+09 1.60557e+09 1.17027e+09 7.04527e+08 4.80338e+08 3.59637e+08 2.75099e+08 2.09403e+08 1.60043e+08 1.21011e+08 9.26296e+07 7.06501e+07 5.38150e+07 4.08056e+07 3.07798e+07 2.34922e+07 1.77633e+07 1.33038e+07 1.01039e+07 7.58343e+06 5.69654e+06 4.28574e+06 3.22156e+06 2.40299e+06 1.80336e+06 1.34933e+06 1.00389e+06 7.95914e+05
4.73942e+03 3.19980e+13 2.41138e+13 1.81311e+13 1.35369e+13 1.02070e+13 7.59495e+12 5.66939e+12 4.21237e+12 3.13673e+12 2.34735e+12 1.74674e+12 1.30607e+12 9.78152e+11 7.37575e+11 5.50213e+11 4.14242e+11 3.08367e+11 2.30147e+11 1.68960e+11 1.24708e+11 8.96873e+10 6.44608e+10 4.53350e+10 3.21708e+10 2.34775e+10 1.71470e+10 1.19186e+10 7.40740e+09 5.00366e+09 3.68253e+09 2.70476e+09 1.92890e+09 1.38610e+09 1.00055e+09 5.90774e+08 4.11739e+08 3.10073e+08 2.36156e+08 1.80409e+08 1.37437e+08 1.03974e+08 7.93351e+07 6.06888e+07 4.62062e+07 3.50283e+07 2.63976e+07 2.01531e+07 1.52696e+07 1.14291e+07 8.68950e+06 6.51767e+06 4.89359e+06 3.68314e+06 2.76353e+06 2.05995e+06 1.54547e+06 1.15220e+06 8.57596e+05 6.81417e+05
5.03701e+03 3.01910e+13 2.26248e+13 1.69661e+13 1.27023e+13 9.55439e+12 7.12706e+12 5.31630e+12 3.96697e+12 2.96813e+12 2.22269e+12 1.66281e+12 1.24508e+12 9.32376e+11 6.96347e+11 5.19350e+11 3.86519e+11 2.86235e+11 2.11444e+11 1.54748e+11 1.11771e+11 7.99507e+10 5.70397e+10 4.08234e+10 2.98531e+10 2.19766e+10 1.56171e+10 1.02104e+10 6.58105e+09 4.73568e+09 3.50011e+09 2.53862e+09 1.78739e+09 1.29816e+09 9.10690e+08 5.33225e+08 3.80991e+08 2.87477e+08 2.18408e+08 1.66616e+08 1.26844e+08 9.63892e+07 7.33037e+07 5.58941e+07 4.24697e+07 3.22105e+07 2.43682e+07 1.84562e+07 1.39886e+07 1.04994e+07 7.94174e+06 5.95244e+06 4.46774e+06 3.36090e+06 2.52300e+06 1.88358e+06 1.40560e+06 1.04603e+06 7.78072e+05 6.19733e+05
5.35329e+03 2.84391e+13 2.12971e+13 1.59522e+13 1.19757e+13 9.00842e+12 6.74206e+12 5.03174e+12 3.76580e+12 2.82006e+12 2.11234e+12 1.58180e+12 1.18247e+12 8.82079e+11 6.54689e+11 4.84225e+11 3.55712e+11 2.60043e+11 1.88941e+11 1.36585e+11 9.80071e+10 7.08662e+10 5.18692e+10 3.82115e+10 2.81558e+10 2.02834e+10 1.36861e+10 8.86967e+09 6.17638e+09 4.55400e+09 3.35137e+09 2.38094e+09 1.69067e+09 1.23679e+09 8.21351e+08 4.92752e+08 3.59473e+08 2.71872e+08 2.06960e+08 1.57582e+08 1.19951e+08 9.13043e+07 6.94514e+07 5.27809e+07 4.00949e+07 3.03553e+07 2.30305e+07 1.73857e+07 1.31554e+07 9.90471e+06 7.47543e+06 5.59984e+06 4.20046e+06 3.15761e+06 2.36722e+06 1.76807e+06 1.31949e+06 9.80852e+05 7.32102e+05 5.80752e+05
5.68943e+03 2.65357e+13 1.99390e+13 1.49682e+13 1.12317e+13 8.46783e+12 6.33960e+12 4.73900e+12 3.54744e+12 2.65687e+12 1.98956e+12 1.48883e+12 1.10962e+12 8.22110e+11 6.03870e+11 4.39055e+11 3.16405e+11 2.27443e+11 1.63229e+11 1.18712e+11 8.70343e+10 6.43581e+10 4.77621e+10 3.52953e+10 2.54189e+10 1.74303e+10 1.15258e+10 7.95802e+09 5.81984e+09 4.30030e+09 3.12082e+09 2.19433e+09 1.58463e+09 1.15120e+09 7.13771e+08 4.53580e+08 3.36614e+08 2.55195e+08 1.94188e+08 1.47915e+08 1.12559e+08 8.57360e+07 6.52151e+07 4.95539e+07 3.76057e+07 2.84546e+07 2.15846e+07 1.63035e+07 1.23279e+07 9.27383e+06 7.00428e+06 5.25720e+06 3.94782e+06 2.95417e+06 2.21368e+06 1.65389e+06 1.23411e+06 9.21130e+05 6.84798e+05 5.43127e+05
6.04667e+03 2.50100e+13 1.87016e+13 1.40264e+13 1.05239e+13 7.93187e+12 5.93711e+12 4.43886e+12 3.32175e+12 2.48837e+12 1.86223e+12 1.39076e+12 1.03248e+12 7.58168e+11 5.48312e+11 3.90885e+11 2.76909e+11 1.98646e+11 1.44367e+11 1.06703e+11 7.91660e+10 5.84272e+10 4.27744e+10 3.07731e+10 2.12135e+10 1.42926e+10 9.99384e+09 7.30235e+09 5.40078e+09 3.96707e+09 2.82289e+09 2.00340e+09 1.46529e+09 1.03283e+09 6.11353e+08 4.15771e+08 3.11704e+08 2.36634e+08 1.79905e+08 1.36987e+08 1.04279e+08 7.94904e+07 6.03778e+07 4.59298e+07 3.48132e+07 2.63798e+07 1.99695e+07 1.51016e+07 1.14163e+07 8.58484e+06 6.47724e+06 4.87769e+06 3.65799e+06 2.73911e+06 2.04672e+06 1.53085e+06 1.14215e+06 8.51785e+05 6.33721e+05 5.02690e+05
6.42635e+03 2.31146e+13 1.73063e+13 1.29648e+13 9.74150e+12 7.33023e+12 5.49171e+12 4.10151e+12 3.07261e+12 2.29879e+12 1.72003e+12 1.28232e+12 9.46151e+11 6.86945e+11 4.88854e+11 3.43497e+11 2.43161e+11 1.76912e+11 1.30288e+11 9.61627e+10 7.04850e+10 5.06373e+10 3.58394e+10 2.49702e+10 1.71440e+10 1.22615e+10 9.02240e+09 6.68184e+09 4.93545e+09 3.56201e+09 2.52025e+09 1.82433e+09 1.33190e+09 8.84150e+08 5.30824e+08 3.79947e+08 2.86332e+08 2.17582e+08 1.65383e+08 1.25832e+08 9.58049e+07 7.30208e+07 5.54340e+07 4.21713e+07 3.19606e+07 2.42190e+07 1.83592e+07 1.38804e+07 1.04746e+07 7.89284e+06 5.95246e+06 4.47945e+06 3.35925e+06 2.51539e+06 1.88157e+06 1.40834e+06 1.04917e+06 7.82315e+05 5.81778e+05 4.61976e+05
6.82986e+03 2.10153e+13 1.58233e+13 1.18835e+13 8.92170e+12 6.71727e+12 5.03165e+12 3.76038e+12 2.81796e+12 2.10475e+12 1.57332e+12 1.16855e+12 8.53227e+11 6.10403e+11 4.28288e+11 3.00954e+11 2.16550e+11 1.59306e+11 1.16768e+11 8.40212e+10 5.92326e+10 4.12381e+10 2.88473e+10 2.04539e+10 1.48883e+10 1.10452e+10 8.20694e+09 6.07303e+09 4.42526e+09 3.14847e+09 2.26490e+09 1.66041e+09 1.17898e+09 7.30641e+08 4.70948e+08 3.47266e+08 2.62539e+08 1.99521e+08 1.51643e+08 1.15351e+08 8.78445e+07 6.68677e+07 5.08462e+07 3.86378e+07 2.93116e+07 2.21869e+07 1.68416e+07 1.27198e+07 9.60778e+06 7.23704e+06 5.45061e+06 4.09496e+06 3.07480e+06 2.30616e+06 1.72418e+06 1.28922e+06 9.61892e+05 7.16903e+05 5.34157e+05 4.23977e+05
7.25871e+03 1.94091e+13 1.45874e+13 1.09583e+13 8.21619e+12 6.18847e+12 4.63281e+12 3.46641e+12 2.59468e+12 1.93758e+12 1.44135e+12 1.05740e+12 7.59170e+11 5.33846e+11 3.73608e+11 2.67649e+11 1.95864e+11 1.42868e+11 1.01450e+11 6.97933e+10 4.76360e+10 3.37618e+10 2.45834e+10 1.81422e+10 1.34798e+10 1.00329e+10 7.42477e+09 5.42819e+09 3.89409e+09 2.80302e+09 2.05567e+09 1.49641e+09 9.94977e+08 6.08485e+08 4.25230e+08 3.18128e+08 2.40832e+08 1.82901e+08 1.39085e+08 1.05883e+08 8.06033e+07 6.12667e+07 4.66125e+07 3.54189e+07 2.68732e+07 2.03083e+07 1.54272e+07 1.16470e+07 8.80462e+06 6.63331e+06 4.99755e+06 3.75257e+06 2.82211e+06 2.11035e+06 1.58155e+06 1.18154e+06 8.81380e+05 6.56343e+05 4.88736e+05 3.88940e+05
7.71450e+03 1.79769e+13 1.34879e+13 1.01263e+13 7.57910e+12 5.70915e+12 4.27029e+12 3.19593e+12 2.38521e+12 1.77613e+12 1.30438e+12 9.31910e+11 6.55415e+11 4.59055e+11 3.28447e+11 2.39754e+11 1.74641e+11 1.22157e+11 8.27070e+10 5.64409e+10 3.99911e+10 2.95015e+10 2.19624e+10 1.63280e+10 1.21042e+10 8.93363e+09 6.51305e+09 4.70168e+09 3.41957e+09 2.51583e+09 1.84622e+09 1.28481e+09 7.97521e+08 5.25078e+08 3.85798e+08 2.90497e+08 2.19802e+08 1.67058e+08 1.27085e+08 9.67256e+07 7.36473e+07 5.59999e+07 4.26113e+07 3.23445e+07 2.45507e+07 1.85673e+07 1.40841e+07 1.06385e+07 8.03551e+06 6.06036e+06 4.57225e+06 3.42844e+06 2.57261e+06 1.92759e+06 1.44252e+06 1.08108e+06 8.06074e+05 6.00842e+05 4.46777e+05 3.55927e+05
8.19890e+03 1.63737e+13 1.22164e+13 9.12248e+12 6.84764e+12 5.14097e+12 3.84928e+12 2.86504e+12 2.11835e+12 1.54948e+12 1.10558e+12 7.72901e+11 5.44677e+11 3.92043e+11 2.86184e+11 2.05044e+11 1.42516e+11 9.47303e+10 6.55514e+10 4.75315e+10 3.51152e+10 2.60306e+10 1.92994e+10 1.42061e+10 1.04249e+10 7.62975e+09 5.56493e+09 4.07558e+09 3.01669e+09 2.22333e+09 1.57728e+09 1.02320e+09 6.48378e+08 4.64135e+08 3.48309e+08 2.62817e+08 1.99069e+08 1.51418e+08 1.15276e+08 8.77621e+07 6.68222e+07 5.09548e+07 3.87781e+07 2.94207e+07 2.23755e+07 1.69219e+07 1.28309e+07 9.70259e+06 7.32812e+06 5.53562e+06 4.17432e+06 3.13499e+06 2.34647e+06 1.76229e+06 1.31887e+06 9.88201e+05 7.38182e+05 5.49781e+05 4.08750e+05 3.25488e+05
8.71393e+03 1.41974e+13 1.07292e+13 8.05469e+12 6.01888e+12 4.51225e+12 3.32904e+12 2.43613e+12 1.74080e+12 1.23093e+12 8.65592e+11 6.25175e+11 4.53830e+11 3.26949e+11 2.30424e+11 1.55710e+11 1.05548e+11 7.51691e+10 5.56673e+10 4.12301e+10 3.02495e+10 2.20886e+10 1.61146e+10 1.19417e+10 8.78357e+09 6.50985e+09 4.83072e+09 3.57040e+09 2.63058e+09 1.87382e+09 1.24536e+09 8.07813e+08 5.62392e+08 4.15620e+08 3.13028e+08 2.36309e+08 1.79551e+08 1.37041e+08 1.04418e+08 7.96287e+07 6.06860e+07 4.62761e+07 3.51924e+07 2.67581e+07 2.03426e+07 1.53971e+07 1.16812e+07 8.84326e+06 6.69115e+06 5.04039e+06 3.79795e+06 2.85879e+06 2.14641e+06 1.60627e+06 1.20203e+06 8.95880e+05 6.71229e+05 4.98417e+05 3.70979e+05 2.94636e+05
9.24417e+03 1.26905e+13 9.32349e+12 6.92460e+12 5.05141e+12 3.68940e+12 2.61225e+12 1.86153e+12 1.32848e+12 9.72569e+11 7.03499e+11 5.08038e+11 3.50113e+11 2.38422e+11 1.65462e+11 1.18691e+11 8.77010e+10 6.48140e+10 4.75163e+10 3.45521e+10 2.50659e+10 1.83768e+10 1.36301e+10 1.00646e+10 7.44158e+09 5.52782e+09 4.08792e+09 2.96081e+09 2.10931e+09 1.43616e+09 9.63427e+08 6.75606e+08 4.89498e+08 3.61904e+08 2.72915e+08 2.06092e+08 1.57475e+08 1.21020e+08 9.25484e+07 7.07361e+07 5.40648e+07 4.11613e+07 3.13211e+07 2.38601e+07 1.80506e+07 1.36704e+07 1.03617e+07 7.82753e+06 5.92904e+06 4.44977e+06 3.34685e+06 2.51919e+06 1.88838e+06 1.41376e+06 1.05685e+06 7.84035e+05 5.84772e+05 4.35482e+05 3.23890e+05 2.55810e+05
9.65668e+03 1.05076e+13 7.49344e+12 5.33225e+12 3.85359e+12 2.79527e+12 2.03982e+12 1.47771e+12 1.05644e+12 7.49921e+11 5.16231e+11 3.59585e+11 2.53923e+11 1.86566e+11 1.37583e+11 1.02231e+11 7.48724e+10 5.49434e+10 3.95908e+10 2.86843e+10 2.09722e+10 1.53948e+10 1.13923e+10 8.31424e+09 6.09899e+09 4.45782e+09 3.22567e+09 2.30415e+09 1.61864e+09 1.12680e+09 7.96783e+08 5.71842e+08 4.13575e+08 3.05690e+08 2.30359e+08 1.76368e+08 1.36021e+08 1.04515e+08 8.05899e+07 6.18223e+07 4.73031e+07 3.60228e+07 2.75346e+07 2.09138e+07 1.58859e+07 1.20569e+07 9.11375e+06 6.85564e+06 5.17649e+06 3.90543e+06 2.92330e+06 2.20111e+06 1.64671e+06 1.23396e+06 9.16890e+05 6.84775e+05 5.07658e+05 3.76647e+05 2.78535e+05 2.21797e+05
9.95891e+03 7.72595e+12 5.66996e+12 4.18356e+12 3.04113e+12 2.17417e+12 1.55235e+12 1.07460e+12 7.65584e+11 5.31234e+11 3.89809e+11 2.85000e+11 2.11900e+11 1.57496e+11 1.16831e+11 8.54622e+10 6.23311e+10 4.52679e+10 3.29816e+10 2.43050e+10 1.78109e+10 1.28932e+10 9.28676e+09 6.78717e+09 4.91670e+09 3.59532e+09 2.61707e+09 1.86444e+09 1.32399e+09 9.48723e+08 6.80479e+08 4.86867e+08 3.47269e+08 2.61417e+08 2.00675e+08 1.52690e+08 1.18773e+08 9.22506e+07 7.15411e+07 5.50908e+07 4.23269e+07 3.25163e+07 2.48724e+07 1.88778e+07 1.41892e+07 1.08330e+07 8.20641e+06 6.22480e+06 4.70941e+06 3.51620e+06 2.64018e+06 1.98229e+06 1.48285e+06 1.10899e+06 8.30912e+05 6.14817e+05 4.54122e+05 3.42345e+05 2.53161e+05 1.98476e+05
1.02419e+04 5.69367e+12 4.05503e+12 2.80376e+12 1.96784e+12 1.47623e+12 1.05651e+12 7.75168e+11 5.71705e+11 4.21284e+11 3.15508e+11 2.33479e+11 1.74554e+11 1.29969e+11 9.48682e+10 7.09477e+10 5.16860e+10 3.84034e+10 2.80625e+10 2.02599e+10 1.47035e+10 1.02945e+10 7.49984e+09 5.41188e+09 3.99043e+09 2.90568e+09 2.10242e+09 1.57116e+09 1.11733e+09 8.13540e+08 5.75520e+08 4.05312e+08 3.02815e+08 2.25489e+08 1.75743e+08 1.38759e+08 1.08787e+08 8.44144e+07 6.55819e+07 5.06446e+07 3.89213e+07 2.95543e+07 2.27631e+07 1.74608e+07 1.33556e+07 1.02112e+07 7.69111e+06 5.79259e+06 4.37280e+06 3.32611e+06 2.48170e+06 1.86357e+06 1.39438e+06 1.04227e+06 7.74445e+05 5.79557e+05 4.25863e+05 3.14353e+05 2.32738e+05 1.86744e+05
1.05398e+04 3.62356e+12 2.81366e+12 2.01955e+12 1.51048e+12 1.14388e+12 8.53520e+11 6.34507e+11 4.76061e+11 3.52193e+11 2.65118e+11 1.95948e+11 1.48057e+11 1.10123e+11 8.18814e+10 6.02049e+10 4.48718e+10 3.27836e+10 2.40979e+10 1.73767e+10 1.22931e+10 8.81981e+09 6.25029e+09 4.71612e+09 3.46661e+09 2.56984e+09 1.90390e+09 1.37221e+09 9.68643e+08 7.14051e+08 5.07274e+08 3.61758e+08 2.61119e+08 2.06555e+08 1.60386e+08 1.24097e+08 9.83658e+07 7.74518e+07 6.13188e+07 4.82676e+07 3.71719e+07 2.88901e+07 2.21566e+07 1.68359e+07 1.28886e+07 9.79386e+06 7.46946e+06 5.64335e+06 4.26744e+06 3.21298e+06 2.40236e+06 1.80037e+06 1.34503e+06 1.00411e+06 7.52632e+05 5.55950e+05 4.14330e+05 3.08601e+05 2.28404e+05 1.80563e+05
1.08445e+04 3.29595e+12 2.45844e+12 1.84242e+12 1.37463e+12 1.02950e+12 7.70518e+11 5.73435e+11 4.31747e+11 3.22399e+11 2.42578e+11 1.81477e+11 1.35181e+11 1.00850e+11 7.51849e+10 5.62294e+10 4.13901e+10 3.02946e+10 2.15803e+10 1.54620e+10 1.09353e+10 7.95512e+09 5.83814e+09 4.30421e+09 3.18356e+09 2.35478e+09 1.75074e+09 1.28141e+09 8.94572e+08 6.60685e+08 4.58538e+08 3.32289e+08 2.51485e+08 1.94972e+08 1.52862e+08 1.23147e+08 9.72238e+07 7.74639e+07 6.11703e+07 4.84048e+07 3.75362e+07 2.91110e+07 2.23895e+07 1.72036e+07 1.30998e+07 1.00064e+07 7.59101e+06 5.71908e+06 4.31990e+06 3.28452e+06 2.45991e+06 1.84297e+06 1.38236e+06 1.02888e+06 7.62952e+05 5.65450e+05 4.17065e+05 3.09570e+05 2.28603e+05 1.81121e+05
1.11311e+04 3.13768e+12 2.34350e+12 1.73201e+12 1.28779e+12 9.72772e+11 7.27438e+11 5.50498e+11 4.13097e+11 3.12580e+11 2.35669e+11 1.77261e+11 1.34061e+11 9.88955e+10 7.42458e+10 5.45332e+10 3.98856e+10 2.96380e+10 2.12871e+10 1.51878e+10 1.08169e+10 7.71607e+09 5.57514e+09 4.05014e+09 2.96076e+09 2.19655e+09 1.65923e+09 1.22491e+09 8.10811e+08 6.09957e+08 4.36575e+08 3.22419e+08 2.49040e+08 1.98064e+08 1.56635e+08 1.22311e+08 9.65300e+07 7.81874e+07 6.33849e+07 4.99004e+07 3.91371e+07 3.02911e+07 2.35399e+07 1.82462e+07 1.40501e+07 1.06746e+07 8.15245e+06 6.15404e+06 4.64653e+06 3.47708e+06 2.61221e+06 1.95628e+06 1.46401e+06 1.08794e+06 7.97924e+05 5.92765e+05 4.31845e+05 3.19989e+05 2.36285e+05 1.85767e+05
1.13698e+04 3.21304e+12 2.34548e+12 1.66800e+12 1.21707e+12 8.88397e+11 6.86090e+11 5.26037e+11 4.15532e+11 3.18453e+11 2.47286e+11 1.88518e+11 1.39342e+11 1.06122e+11 7.91049e+10 6.00041e+10 4.42869e+10 3.13349e+10 2.28308e+10 1.61915e+10 1.09008e+10 7.56272e+09 5.32215e+09 3.92156e+09 2.86494e+09 2.14266e+09 1.64118e+09 1.20029e+09 7.78804e+08 6.13057e+08 4.52113e+08 3.42544e+08 2.67432e+08 2.04423e+08 1.64697e+08 1.28279e+08 1.01611e+08 8.25020e+07 6.62236e+07 5.26660e+07 4.15615e+07 3.24620e+07 2.52534e+07 1.95869e+07 1.50156e+07 1.14149e+07 8.68782e+06 6.54904e+06 4.92885e+06 3.71612e+06 2.79075e+06 2.09095e+06 1.55466e+06 1.15440e+06 8.49394e+05 6.25413e+05 4.57754e+05 3.35876e+05 2.46940e+05 1.95858e+05
1.15525e+04 3.46113e+12 2.11991e+12 1.28368e+12 9.04384e+11 6.90783e+11 5.55010e+11 4.54180e+11 3.78419e+11 3.14051e+11 2.41677e+11 1.91626e+11 1.58201e+11 1.16115e+11 8.79827e+10 6.44697e+10 4.71780e+10 3.52598e+10 2.42290e+10 1.60900e+10 1.07447e+10 7.13094e+09 5.09274e+09 3.68957e+09 2.73845e+09 2.05072e+09 1.57426e+09 1.15056e+09 7.58155e+08 6.32152e+08 4.64637e+08 3.62541e+08 2.78816e+08 2.13894e+08 1.67848e+08 1.33023e+08 1.05824e+08 8.58033e+07 6.71880e+07 5.38837e+07 4.26132e+07 3.35805e+07 2.62135e+07 2.02859e+07 1.58378e+07 1.18499e+07 9.11444e+06 6.87214e+06 5.14911e+06 3.87837e+06 2.91133e+06 2.19518e+06 1.62234e+06 1.20133e+06 8.77947e+05 6.47693e+05 4.74836e+05 3.47797e+05 2.55292e+05 1.98306e+05
1.16843e+04 2.64666e+12 1.43623e+12 9.31620e+11 6.85323e+11 5.33192e+11 4.16509e+11 3.40369e+11 2.83061e+11 2.37988e+11 2.03662e+11 1.70647e+11 1.33756e+11 1.07879e+11 8.36631e+10 6.33931e+10 4.66917e+10 3.18702e+10 2.20410e+10 1.49696e+10 9.70663e+09 6.71931e+09 4.76533e+09 3.42441e+09 2.53591e+09 1.91171e+09 1.48806e+09 1.10995e+09 7.39831e+08 6.34622e+08 4.73890e+08 3.59658e+08 2.77804e+08 2.20724e+08 1.67684e+08 1.33751e+08 1.06681e+08 8.48035e+07 6.78772e+07 5.44642e+07 4.32922e+07 3.39562e+07 2.65571e+07 2.05945e+07 1.58699e+07 1.19889e+07 9.12767e+06 6.93069e+06 5.20529e+06 3.95177e+06 2.95216e+06 2.22119e+06 1.64294e+06 1.21696e+06 8.93322e+05 6.58241e+05 4.79834e+05 3.48483e+05 2.53829e+05 1.98181e+05
1.17875e+04 1.78520e+12 1.14612e+12 8.19066e+11 6.11478e+11 4.67491e+11 3.61461e+11 2.84043e+11 2.29524e+11 1.88460e+11 1.51229e+11 1.28697e+11 1.08517e+11 8.62055e+10 6.87884e+10 5.32721e+10 3.97056e+10 2.84167e+10 1.96102e+10 1.31386e+10 8.76084e+09 6.00603e+09 4.27905e+09 3.14748e+09 2.36271e+09 1.78770e+09 1.39003e+09 1.02148e+09 6.86590e+08 6.05919e+08 4.65967e+08 3.55756e+08 2.77012e+08 2.14503e+08 1.67556e+08 1.29967e+08 1.03922e+08 8.31532e+07 6.70327e+07 5.41673e+07 4.27175e+07 3.39220e+07 2.65505e+07 2.04824e+07 1.58915e+07 1.19128e+07 9.13803e+06 6.93291e+06 5.20085e+06 3.95327e+06 2.95675e+06 2.22168e+06 1.64943e+06 1.22175e+06 8.93989e+05 6.59869e+05 4.80887e+05 3.49020e+05 2.52684e+05 1.96675e+05
1.18769e+04 1.43906e+12 1.02294e+12 7.50645e+11 5.61212e+11 4.26856e+11 3.19922e+11 2.46861e+11 1.93762e+11 1.53923e+11 1.25333e+11 1.02795e+11 8.32846e+10 6.92315e+10 5.57172e+10 4.27103e+10 3.23752e+10 2.36836e+10 1.65322e+10 1.12260e+10 7.71595e+09 5.36495e+09 3.85760e+09 2.84418e+09 2.13666e+09 1.61786e+09 1.25910e+09 9.31566e+08 6.35146e+08 5.78306e+08 4.43807e+08 3.52374e+08 2.76325e+08 2.06302e+08 1.67180e+08 1.26688e+08 1.01531e+08 8.17230e+07 6.54400e+07 5.29157e+07 4.20180e+07 3.31706e+07 2.60183e+07 2.03852e+07 1.55705e+07 1.18469e+07 8.95024e+06 6.88054e+06 5.19700e+06 3.95458e+06 2.93222e+06 2.19327e+06 1.62967e+06 1.20879e+06 8.94568e+05 6.61279e+05 4.74826e+05 3.42977e+05 2.48538e+05 1.93642e+05
1.19621e+04 1.17731e+12 8.60120e+11 6.44728e+11 4.96927e+11 3.75407e+11 2.82617e+11 2.15399e+11 1.63887e+11 1.28189e+11 1.02280e+11 8.23472e+10 6.67702e+10 5.39509e+10 4.34497e+10 3.42911e+10 2.61981e+10 1.92912e+10 1.36779e+10 9.45514e+09 6.71098e+09 4.68441e+09 3.36452e+09 2.55537e+09 1.92140e+09 1.45613e+09 1.13442e+09 8.45949e+08 5.72112e+08 5.31211e+08 4.22705e+08 3.27787e+08 2.55513e+08 1.98493e+08 1.56486e+08 1.23565e+08 9.92546e+07 8.03610e+07 6.39234e+07 5.17239e+07 4.13518e+07 3.24552e+07 2.55115e+07 1.96250e+07 1.50975e+07 1.13963e+07 8.69985e+06 6.60633e+06 4.98262e+06 3.80212e+06 2.83514e+06 2.12797e+06 1.58561e+06 1.17187e+06 8.62160e+05 6.36178e+05 4.67237e+05 3.35588e+05 2.42243e+05 1.90754e+05
1.20524e+04 8.62066e+11 6.67935e+11 4.91795e+11 3.91480e+11 2.96986e+11 2.34938e+11 1.77589e+11 1.32347e+11 1.01446e+11 8.12480e+10 6.47367e+10 5.07345e+10 4.12596e+10 3.31962e+10 2.60412e+10 1.99368e+10 1.49841e+10 1.07964e+10 7.61229e+09 5.50685e+09 3.89517e+09 2.83575e+09 2.16941e+09 1.66569e+09 1.26391e+09 9.77950e+08 7.19401e+08 4.99345e+08 4.81233e+08 3.86705e+08 2.97739e+08 2.33419e+08 1.90206e+08 1.45139e+08 1.19550e+08 9.63137e+07 7.55004e+07 6.16655e+07 4.96596e+07 3.86722e+07 3.09002e+07 2.41711e+07 1.86223e+07 1.45870e+07 1.08522e+07 8.41591e+06 6.31533e+06 4.74571e+06 3.62029e+06 2.73213e+06 2.05867e+06 1.53250e+06 1.13270e+06 8.20928e+05 6.06852e+05 4.44662e+05 3.26580e+05 2.35563e+05 1.83236e+05
1.21546e+04 6.49537e+11 5.07892e+11 3.96327e+11 2.89643e+11 2.17731e+11 1.76596e+11 1.32704e+11 1.05379e+11 8.00393e+10 6.00997e+10 4.60502e+10 3.81746e+10 3.01714e+10 2.37276e+10 1.87086e+10 1.45805e+10 1.10182e+10 8.10859e+09 5.88152e+09 4.14522e+09 3.06515e+09 2.29116e+09 1.71549e+09 1.33070e+09 1.01076e+09 7.80576e+08 5.75205e+08 4.13493e+08 4.08220e+08 3.30848e+08 2.63761e+08 2.08437e+08 1.69100e+08 1.32307e+08 1.07827e+08 8.71594e+07 6.85499e+07 5.58294e+07 4.48907e+07 3.54413e+07 2.81064e+07 2.19976e+07 1.72303e+07 1.31870e+07 1.00801e+07 7.62798e+06 5.83076e+06 4.41679e+06 3.33910e+06 2.48201e+06 1.85560e+06 1.38307e+06 1.02618e+06 7.57116e+05 5.61358e+05 4.10443e+05 2.97799e+05 2.17216e+05 1.68486e+05
1.23200e+04 4.90233e+11 3.69628e+11 2.79391e+11 2.18915e+11 1.65684e+11 1.24233e+11 9.36424e+10 6.73458e+10 5.17929e+10 4.10291e+10 3.16848e+10 2.48795e+10 1.85286e+10 1.43766e+10 1.18925e+10 9.22297e+09 6.77334e+09 5.01270e+09 3.67755e+09 2.83911e+09 2.06105e+09 1.51575e+09 1.20092e+09 8.98981e+08 6.80828e+08 5.34318e+08 4.07533e+08 2.83876e+08 3.01743e+08 2.52373e+08 2.10392e+08 1.69643e+08 1.34167e+08 1.11668e+08 8.88554e+07 7.23455e+07 5.73022e+07 4.63851e+07 3.73743e+07 2.98092e+07 2.35444e+07 1.83397e+07 1.41059e+07 1.09420e+07 8.33095e+06 6.35580e+06 4.80119e+06 3.61993e+06 2.72410e+06 2.04541e+06 1.53036e+06 1.14264e+06 8.49500e+05 6.26961e+05 4.65798e+05 3.41246e+05 2.50644e+05 1.83062e+05 1.43750e+05
1.26490e+04 3.28364e+11 2.47054e+11 1.85488e+11 1.43217e+11 1.08128e+11 8.00894e+10 6.04205e+10 4.40700e+10 3.35089e+10 2.56603e+10 1.94552e+10 1.46968e+10 1.08925e+10 8.37442e+09 6.59043e+09 5.08328e+09 3.80843e+09 2.84467e+09 2.10162e+09 1.58439e+09 1.16576e+09 8.67787e+08 6.74140e+08 4.97573e+08 3.76435e+08 2.93960e+08 2.26699e+08 1.61851e+08 1.86667e+08 1.59354e+08 1.35965e+08 1.09552e+08 9.17603e+07 7.29154e+07 6.28042e+07 5.12879e+07 4.05715e+07 3.19833e+07 2.57333e+07 2.03938e+07 1.59604e+07 1.23009e+07 9.45041e+06 7.27756e+06 5.53982e+06 4.23337e+06 3.17989e+06 2.37794e+06 1.81028e+06 1.35601e+06 1.00546e+06 7.48792e+05 5.60247e+05 4.20789e+05 3.11864e+05 2.27485e+05 1.69564e+05 1.25596e+05 9.91176e+04
1.30639e+04 2.20984e+11 1.66649e+11 1.25102e+11 9.61719e+10 7.26271e+10 5.42097e+10 4.08005e+10 3.00739e+10 2.27543e+10 1.73461e+10 1.31356e+10 9.98344e+09 7.51288e+09 5.72778e+09 4.35961e+09 3.32726e+09 2.50172e+09 1.88113e+09 1.40479e+09 1.05172e+09 7.84802e+08 5.88729e+08 4.41223e+08 3.28519e+08 2.48340e+08 1.90885e+08 1.45839e+08 1.06713e+08 1.30323e+08 1.13791e+08 9.43461e+07 7.56840e+07 6.39572e+07 5.24567e+07 4.32793e+07 3.53947e+07 2.87588e+07 2.24814e+07 1.81624e+07 1.40038e+07 1.08585e+07 8.33645e+06 6.45124e+06 4.87364e+06 3.77834e+06 2.83653e+06 2.16339e+06 1.63825e+06 1.22052e+06 9.15165e+05 6.86373e+05 5.14537e+05 3.83921e+05 2.82932e+05 2.08811e+05 1.56106e+05 1.14512e+05 8.63164e+04 6.76719e+04
1.35246e+04 1.52422e+11 1.14852e+11 8.62990e+10 6.56917e+10 4.96090e+10 3.70182e+10 2.78319e+10 2.05599e+10 1.55395e+10 1.18395e+10 8.95963e+09 6.82835e+09 5.15435e+09 3.92961e+09 2.99358e+09 2.28725e+09 1.74129e+09 1.31412e+09 9.86811e+08 7.40350e+08 5.54281e+08 4.16486e+08 3.14040e+08 2.35563e+08 1.77706e+08 1.35441e+08 1.02749e+08 7.55918e+07 9.58962e+07 8.42601e+07 7.05916e+07 5.77185e+07 4.82136e+07 4.03388e+07 3.25097e+07 2.65813e+07 2.17660e+07 1.72070e+07 1.36831e+07 1.05336e+07 8.13642e+06 6.27843e+06 4.79293e+06 3.67860e+06 2.80576e+06 2.12196e+06 1.60753e+06 1.22571e+06 9.11280e+05 6.87010e+05 5.09760e+05 3.81869e+05 2.85217e+05 2.12758e+05 1.57448e+05 1.17162e+05 8.73149e+04 6.42088e+04 5.07118e+04
1.40090e+04 1.04812e+11 7.90316e+10 5.94119e+10 4.52563e+10 3.41904e+10 2.55419e+10 1.91903e+10 1.41713e+10 1.07003e+10 8.13748e+09 6.15084e+09 4.68715e+09 3.54599e+09 2.71384e+09 2.07154e+09 1.59101e+09 1.21649e+09 9.20284e+08 6.92323e+08 5.23430e+08 3.92251e+08 2.94805e+08 2.23029e+08 1.67297e+08 1.26249e+08 9.64869e+07 7.34606e+07 5.47755e+07 7.01041e+07 6.21935e+07 5.36389e+07 4.53983e+07 3.74708e+07 3.16794e+07 2.60927e+07 2.09888e+07 1.71003e+07 1.36543e+07 1.07430e+07 8.30554e+06 6.41642e+06 4.95195e+06 3.77195e+06 2.89971e+06 2.19816e+06 1.67350e+06 1.26649e+06 9.65627e+05 7.24266e+05 5.41894e+05 4.00806e+05 3.00594e+05 2.24518e+05 1.68331e+05 1.24945e+05 9.27923e+04 6.91416e+04 5.08467e+04 4.00142e+04
1.45084e+04 7.28943e+10 5.50391e+10 4.13939e+10 3.16300e+10 2.38878e+10 1.78344e+10 1.34023e+10 9.90303e+09 7.47296e+09 5.69520e+09 4.29982e+09 3.27777e+09 2.48475e+09 1.90756e+09 1.46263e+09 1.13216e+09 8.73568e+08 6.65124e+08 5.02395e+08 3.79466e+08 2.84500e+08 2.13723e+08 1.61320e+08 1.21095e+08 9.15190e+07 7.05435e+07 5.41106e+07 4.08609e+07 5.17041e+07 4.80456e+07 4.17537e+07 3.61063e+07 3.02005e+07 2.53143e+07 2.10188e+07 1.70550e+07 1.39438e+07 1.10675e+07 8.63953e+06 6.70890e+06 5.16931e+06 3.99049e+06 3.03996e+06 2.34039e+06 1.78082e+06 1.35898e+06 1.02337e+06 7.79047e+05 5.87151e+05 4.37795e+05 3.29164e+05 2.46824e+05 1.83872e+05 1.36628e+05 1.01952e+05 7.54605e+04 5.58488e+04 4.10091e+04 3.21905e+04
1.50095e+04 5.39081e+10 4.05977e+10 3.05227e+10 2.31116e+10 1.74393e+10 1.30099e+10 9.77127e+09 7.26926e+09 5.47844e+09 4.15176e+09 3.13436e+09 2.37692e+09 1.80184e+09 1.38455e+09 1.06422e+09 8.27649e+08 6.43017e+08 4.93173e+08 3.74508e+08 2.82803e+08 2.12173e+08 1.59395e+08 1.20257e+08 9.04800e+07 6.85347e+07 5.33992e+07 4.13963e+07 3.17519e+07 4.29028e+07 3.80535e+07 3.39801e+07 2.95948e+07 2.49890e+07 2.09013e+07 1.72011e+07 1.41725e+07 1.16265e+07 9.20710e+06 7.15666e+06 5.56316e+06 4.30838e+06 3.31136e+06 2.53209e+06 1.94952e+06 1.48296e+06 1.13079e+06 8.51962e+05 6.44983e+05 4.84003e+05 3.62351e+05 2.73072e+05 2.05634e+05 1.53100e+05 1.13646e+05 8.45470e+04 6.25176e+04 4.57121e+04 3.36670e+04 2.64821e+04
1.54819e+04 4.12142e+10 3.09305e+10 2.32385e+10 1.73595e+10 1.30983e+10 9.79744e+09 7.35457e+09 5.49742e+09 4.13617e+09 3.11019e+09 2.34671e+09 1.77075e+09 1.34296e+09 1.02976e+09 7.90948e+08 6.14963e+08 4.78037e+08 3.68674e+08 2.81503e+08 2.12732e+08 1.60031e+08 1.20422e+08 9.08110e+07 6.84938e+07 5.19793e+07 4.07922e+07 3.19182e+07 2.48526e+07 3.47718e+07 3.11266e+07 2.91162e+07 2.52212e+07 2.12569e+07 1.79974e+07 1.50379e+07 1.24290e+07 9.90173e+06 7.90456e+06 6.15408e+06 4.76182e+06 3.69269e+06 2.83799e+06 2.17662e+06 1.67367e+06 1.27724e+06 9.65353e+05 7.29511e+05 5.47581e+05 4.08832e+05 3.05871e+05 2.30332e+05 1.73222e+05 1.29032e+05 9.58986e+04 7.12861e+04 5.25860e+04 3.85229e+04 2.83790e+04 2.22791e+04
1.59279e+04 2.92312e+10 2.20046e+10 1.65414e+10 1.25104e+10 9.46270e+09 7.10417e+09 5.33322e+09 3.96978e+09 2.98818e+09 2.25365e+09 1.69930e+09 1.28795e+09 9.77308e+08 7.47248e+08 5.70498e+08 4.42814e+08 3.45829e+08 2.67753e+08 2.05374e+08 1.55114e+08 1.17238e+08 8.85682e+07 6.71605e+07 5.07951e+07 3.86272e+07 3.03468e+07 2.39114e+07 1.88058e+07 3.08936e+07 2.62026e+07 2.50666e+07 2.18932e+07 1.84730e+07 1.58590e+07 1.32908e+07 1.10656e+07 8.81073e+06 6.96643e+06 5.43003e+06 4.18932e+06 3.24001e+06 2.49816e+06 1.91833e+06 1.47270e+06 1.12401e+06 8.38479e+05 6.36253e+05 4.74979e+05 3.54298e+05 2.64849e+05 1.99171e+05 1.49663e+05 1.11588e+05 8.30280e+04 6.17391e+04 4.56008e+04 3.33853e+04 2.45725e+04 1.92584e+04
1.63571e+04 2.00997e+10 1.51925e+10 1.14248e+10 8.74025e+09 6.61138e+09 4.95821e+09 3.72410e+09 2.76320e+09 2.08325e+09 1.58534e+09 1.19468e+09 9.09917e+08 6.89738e+08 5.26193e+08 3.99755e+08 3.08358e+08 2.43010e+08 1.88415e+08 1.44949e+08 1.09474e+08 8.30023e+07 6.30564e+07 4.83619e+07 3.67017e+07 2.79771e+07 2.20115e+07 1.74224e+07 1.37978e+07 2.69404e+07 2.27744e+07 2.16636e+07 1.88896e+07 1.58385e+07 1.42699e+07 1.21739e+07 9.98200e+06 8.01912e+06 6.28159e+06 4.90003e+06 3.80079e+06 2.91526e+06 2.25536e+06 1.72271e+06 1.32390e+06 1.01062e+06 7.42281e+05 5.70491e+05 4.21826e+05 3.14910e+05 2.35058e+05 1.76634e+05 1.32649e+05 9.89570e+04 7.36650e+04 5.48134e+04 4.05626e+04 2.96084e+04 2.17320e+04 1.70028e+04
1.67805e+04 1.45274e+10 1.09490e+10 8.22926e+09 6.24032e+09 4.71584e+09 3.53770e+09 2.65698e+09 1.98420e+09 1.49542e+09 1.13422e+09 8.54735e+08 6.48786e+08 4.90679e+08 3.73525e+08 2.84038e+08 2.18414e+08 1.71043e+08 1.32509e+08 1.02077e+08 7.76866e+07 5.91348e+07 4.49712e+07 3.46240e+07 2.63625e+07 2.01459e+07 1.58706e+07 1.26009e+07 1.00221e+07 2.17266e+07 1.96833e+07 1.88720e+07 1.65314e+07 1.38664e+07 1.31652e+07 1.13387e+07 9.31049e+06 7.44068e+06 5.84187e+06 4.54448e+06 3.52652e+06 2.70698e+06 2.08254e+06 1.58702e+06 1.21644e+06 9.28913e+05 6.74278e+05 5.21989e+05 3.83302e+05 2.85750e+05 2.13047e+05 1.59943e+05 1.20075e+05 8.96105e+04 6.67261e+04 4.97250e+04 3.67764e+04 2.67672e+04 1.96079e+04 1.53693e+04
1.71869e+04 1.04903e+10 7.89510e+09 5.93404e+09 4.48059e+09 3.38865e+09 2.55654e+09 1.92192e+09 1.44514e+09 1.08858e+09 8.21668e+08 6.19133e+08 4.68296e+08 3.54435e+08 2.69203e+08 2.05250e+08 1.57442e+08 1.21980e+08 9.42989e+07 7.26727e+07 5.56986e+07 4.25452e+07 3.24803e+07 2.49103e+07 1.90304e+07 1.45827e+07 1.14932e+07 9.14072e+06 7.32147e+06 1.90863e+07 1.70485e+07 1.67164e+07 1.47492e+07 1.23630e+07 1.21351e+07 1.07101e+07 8.74144e+06 7.07175e+06 5.50420e+06 4.28235e+06 3.31269e+06 2.55047e+06 1.94375e+06 1.49106e+06 1.13968e+06 8.64944e+05 6.23939e+05 4.82371e+05 3.53806e+05 2.62796e+05 1.95919e+05 1.46907e+05 1.10263e+05 8.23233e+04 6.13381e+04 4.57700e+04 3.38444e+04 2.46291e+04 1.80596e+04 1.42097e+04
1.75782e+04 6.93834e+09 5.23940e+09 3.93921e+09 3.01300e+09 2.28518e+09 1.73769e+09 1.30830e+09 9.83682e+08 7.41960e+08 5.60267e+08 4.22125e+08 3.21788e+08 2.44707e+08 1.85488e+08 1.41508e+08 1.08231e+08 8.34556e+07 6.45471e+07 4.98090e+07 3.84037e+07 2.93964e+07 2.25013e+07 1.72451e+07 1.32510e+07 1.01837e+07 8.02555e+06 6.39117e+06 5.10971e+06 1.70226e+07 1.48771e+07 1.46295e+07 1.31200e+07 1.11176e+07 1.11132e+07 9.89990e+06 8.13644e+06 6.61012e+06 5.14682e+06 4.00161e+06 3.08560e+06 2.36626e+06 1.80975e+06 1.38800e+06 1.05387e+06 7.99399e+05 5.74949e+05 4.42875e+05 3.24600e+05 2.41078e+05 1.79857e+05 1.34698e+05 1.01055e+05 7.54997e+04 5.63306e+04 4.20854e+04 3.12222e+04 2.28272e+04 1.68278e+04 1.32329e+04
1.79785e+04 4.16481e+09 3.15608e+09 2.37043e+09 1.85893e+09 1.41341e+09 1.08307e+09 8.16681e+08 6.13481e+08 4.63174e+08 3.47733e+08 2.62000e+08 2.02916e+08 1.55356e+08 1.17572e+08 8.97258e+07 6.83876e+07 5.22368e+07 4.04860e+07 3.12953e+07 2.43859e+07 1.86908e+07 1.43290e+07 1.08992e+07 8.45656e+06 6.51996e+06 5.13796e+06 4.10078e+06 3.30388e+06 1.55587e+07 1.30577e+07 1.24687e+07 1.12121e+07 9.61264e+06 9.95107e+06 8.89544e+06 7.25493e+06 5.98265e+06 4.67538e+06 3.61643e+06 2.78286e+06 2.12985e+06 1.63779e+06 1.25010e+06 9.46526e+05 7.19976e+05 5.16257e+05 3.97833e+05 2.91529e+05 2.16380e+05 1.61422e+05 1.20801e+05 9.05859e+04 6.77163e+04 5.05887e+04 3.78586e+04 2.81699e+04 2.08356e+04 1.54653e+04 1.21922e+04
1.84262e+04 2.43309e+09 1.84072e+09 1.39040e+09 1.08963e+09 8.27300e+08 6.36563e+08 4.80783e+08 3.62486e+08 2.73966e+08 2.04651e+08 1.53966e+08 1.18781e+08 9.15197e+07 6.91668e+07 5.30113e+07 4.02904e+07 3.04243e+07 2.31534e+07 1.78678e+07 1.41746e+07 1.08607e+07 8.33275e+06 6.34467e+06 4.81669e+06 3.72546e+06 2.93253e+06 2.34971e+06 1.90172e+06 1.25195e+07 1.06356e+07 1.00626e+07 9.04893e+06 7.83465e+06 8.39725e+06 7.58032e+06 6.17388e+06 5.18712e+06 4.04193e+06 3.11185e+06 2.37817e+06 1.82584e+06 1.40117e+06 1.06502e+06 8.08439e+05 6.15245e+05 4.41549e+05 3.40713e+05 2.50186e+05 1.85642e+05 1.38406e+05 1.03543e+05 7.75915e+04 5.80345e+04 4.33827e+04 3.24855e+04 2.42512e+04 1.80802e+04 1.35113e+04 1.07674e+04
1.90013e+04 1.25702e+09 9.67913e+08 7.41179e+08 5.63590e+08 4.28399e+08 3.35433e+08 2.54066e+08 1.94516e+08 1.46588e+08 1.10432e+08 8.31694e+07 6.16991e+07 4.77273e+07 3.59312e+07 2.80398e+07 2.12230e+07 1.62117e+07 1.23294e+07 9.37961e+06 7.11733e+06 5.45922e+06 4.18994e+06 3.30466e+06 2.52828e+06 1.93980e+06 1.52663e+06 1.21614e+06 9.62989e+05 9.23772e+06 7.72688e+06 7.20912e+06 6.55064e+06 5.73438e+06 6.68861e+06 6.15183e+06 4.89754e+06 4.05166e+06 3.16665e+06 2.44229e+06 1.85732e+06 1.42843e+06 1.09582e+06 8.33488e+05 6.32656e+05 4.81663e+05 3.46377e+05 2.66501e+05 1.96536e+05 1.45942e+05 1.08812e+05 8.13706e+04 6.09355e+04 4.55998e+04 3.41194e+04 2.55416e+04 1.90914e+04 1.42851e+04 1.06926e+04 8.55936e+03
1.99099e+04 4.21332e+08 3.34388e+08 2.64620e+08 1.90345e+08 1.42033e+08 1.20109e+08 8.94983e+07 7.51052e+07 5.62412e+07 4.47373e+07 3.33492e+07 2.49176e+07 1.79681e+07 1.39366e+07 1.01230e+07 7.64628e+06 6.38561e+06 4.83947e+06 3.68240e+06 2.80646e+06 2.12254e+06 1.61360e+06 1.15736e+06 9.06201e+05 6.92574e+05 5.34695e+05 4.23243e+05 3.38975e+05 4.75792e+06 4.07010e+06 3.89335e+06 3.61387e+06 3.21616e+06 3.90136e+06 3.56845e+06 2.92927e+06 2.42535e+06 1.92032e+06 1.48271e+06 1.14278e+06 8.75170e+05 6.73751e+05 5.15882e+05 3.90898e+05 2.98847e+05 2.15937e+05 1.66444e+05 1.23289e+05 9.17057e+04 6.84512e+04 5.12655e+04 3.83839e+04 2.87397e+04 2.14766e+04 1.61131e+04 1.20455e+04 8.99641e+03 6.76432e+03 5.40399e+03
2.11781e+04 1.78375e+08 1.29807e+08 9.64468e+07 6.83023e+07 5.17813e+07 4.17949e+07 3.06837e+07 2.59364e+07 1.94237e+07 1.50703e+07 1.13055e+07 8.41723e+06 6.09468e+06 4.61462e+06 3.27672e+06 2.48712e+06 2.14410e+06 1.62051e+06 1.22952e+06 9.28730e+05 6.99621e+05 5.28541e+05 3.58221e+05 2.49753e+05 1.88732e+05 1.49318e+05 1.23211e+05 1.06748e+05 2.05729e+06 1.73100e+06 1.67130e+06 1.55382e+06 1.39496e+06 1.70095e+06 1.59492e+06 1.34895e+06 1.13271e+06 8.82840e+05 6.88458e+05 5.31377e+05 4.15063e+05 3.18120e+05 2.46045e+05 1.86596e+05 1.42714e+05 1.05093e+05 8.09156e+04 6.07370e+04 4.54412e+04 3.40210e+04 2.54527e+04 1.91341e+04 1.43358e+04 1.07530e+04 8.06555e+03 6.01993e+03 4.53066e+03 3.39279e+03 2.72266e+03
2.25078e+04 1.38390e+08 9.77899e+07 7.01997e+07 5.03613e+07 3.70451e+07 2.75928e+07 2.02086e+07 1.54771e+07 1.15462e+07 8.76634e+06 6.57000e+06 4.92952e+06 3.67014e+06 2.76050e+06 2.04302e+06 1.53801e+06 1.19644e+06 9.00843e+05 6.79083e+05 5.19758e+05 3.90571e+05 2.94011e+05 2.18168e+05 1.61915e+05 1.21727e+05 9.24113e+04 7.07707e+04 5.40589e+04 7.53040e+05 6.22219e+05 6.38548e+05 6.16336e+05 5.72129e+05 7.23110e+05 6.91281e+05 6.08785e+05 5.30964e+05 4.29431e+05 3.35315e+05 2.61465e+05 2.04041e+05 1.59399e+05 1.22630e+05 9.39946e+04 7.21208e+04 5.34271e+04 4.09299e+04 3.07385e+04 2.30858e+04 1.73754e+04 1.31054e+04 9.87057e+03 7.41200e+03 5.54392e+03 4.18352e+03 3.26455e+03 2.34063e+03 1.76431e+03 1.41282e+03
2.39211e+04 1.25703e+08 8.86722e+07 6.34303e+07 4.57329e+07 3.34932e+07 2.45177e+07 1.80033e+07 1.33444e+07 9.90186e+06 7.38705e+06 5.51404e+06 4.12081e+06 3.07781e+06 2.30755e+06 1.72159e+06 1.29184e+06 9.72884e+05 7.30445e+05 5.48657e+05 4.14722e+05 3.11285e+05 2.34077e+05 1.75360e+05 1.31077e+05 9.84819e+04 7.41705e+04 5.60253e+04 4.19389e+04 2.44820e+05 2.23003e+05 2.49080e+05 2.51287e+05 2.37605e+05 3.13120e+05 3.09159e+05 2.72826e+05 2.52966e+05 2.16806e+05 1.72926e+05 1.34965e+05 1.05563e+05 8.22449e+04 6.40577e+04 4.89287e+04 3.78163e+04 2.82900e+04 2.15695e+04 1.62904e+04 1.22844e+04 9.29345e+03 6.97650e+03 5.24077e+03 3.94859e+03 2.98419e+03 2.24034e+03 1.82202e+03 1.26094e+03 9.45754e+02 7.60963e+02
2.54232e+04 1.15534e+08 8.19455e+07 5.87928e+07 4.26688e+07 3.12447e+07 2.29559e+07 1.68812e+07 1.24818e+07 9.25438e+06 6.87704e+06 5.12388e+06 3.81760e+06 2.84956e+06 2.13312e+06 1.59623e+06 1.19609e+06 8.98359e+05 6.73994e+05 5.05775e+05 3.79923e+05 2.85108e+05 2.14357e+05 1.60467e+05 1.20189e+05 9.02934e+04 6.78259e+04 5.09686e+04 3.82518e+04 1.16496e+05 1.05611e+05 1.15027e+05 1.12619e+05 1.06687e+05 1.39627e+05 1.38674e+05 1.23410e+05 1.13275e+05 1.05423e+05 9.06653e+04 7.08031e+04 5.50383e+04 4.33347e+04 3.31050e+04 2.55471e+04 1.97758e+04 1.48521e+04 1.13216e+04 8.57962e+03 6.51068e+03 4.88001e+03 3.70669e+03 2.80102e+03 2.10799e+03 1.57421e+03 1.19487e+03 9.67981e+02 6.68509e+02 5.02518e+02 4.02106e+02
2.70195e+04 1.03689e+08 7.39030e+07 5.32185e+07 3.87682e+07 2.84670e+07 2.09400e+07 1.54369e+07 1.14149e+07 8.47473e+06 6.30684e+06 4.69982e+06 3.51199e+06 2.63322e+06 1.96897e+06 1.48071e+06 1.10845e+06 8.35038e+05 6.26131e+05 4.69435e+05 3.50682e+05 2.63156e+05 1.97849e+05 1.48724e+05 1.11983e+05 8.41315e+04 6.30704e+04 4.72255e+04 3.54625e+04 6.11678e+04 5.39904e+04 5.55627e+04 5.29844e+04 4.92935e+04 6.36012e+04 6.28526e+04 5.56498e+04 5.05365e+04 5.08041e+04 4.28684e+04 3.60109e+04 2.78079e+04 2.20065e+04 1.68156e+04 1.29235e+04 1.00016e+04 7.52785e+03 5.66302e+03 4.30714e+03 3.30121e+03 2.47793e+03 1.86177e+03 1.40189e+03 1.05861e+03 8.02567e+02 6.07887e+02 5.53015e+02 3.32270e+02 2.49974e+02 2.00827e+02
2.87161e+04 8.80266e+07 6.32559e+07 4.58361e+07 3.34937e+07 2.46960e+07 1.82043e+07 1.34487e+07 9.96724e+06 7.41049e+06 5.52067e+06 4.11831e+06 3.07668e+06 2.30314e+06 1.72365e+06 1.29232e+06 9.68104e+05 7.26492e+05 5.44931e+05 4.08806e+05 3.07001e+05 2.30404e+05 1.73237e+05 1.30323e+05 9.78744e+04 7.35282e+04 5.51844e+04 4.13967e+04 3.10620e+04 3.59277e+04 3.06155e+04 2.82154e+04 2.58597e+04 2.34806e+04 2.85469e+04 2.75549e+04 2.43847e+04 2.22644e+04 2.26760e+04 1.93683e+04 1.69369e+04 1.32804e+04 1.01035e+04 8.08134e+03 6.14538e+03 4.69245e+03 3.53150e+03 2.64562e+03 2.04221e+03 1.56374e+03 1.20530e+03 9.12593e+02 6.89553e+02 5.19888e+02 3.90699e+02 2.91522e+02 2.43716e+02 1.65941e+02 1.24850e+02 9.88030e+01
3.05250e+04 7.10021e+07 5.15459e+07 3.76750e+07 2.75777e+07 2.04555e+07 1.50963e+07 1.11772e+07 8.32958e+06 6.19845e+06 4.63524e+06 3.46061e+06 2.59092e+06 1.94082e+06 1.45341e+06 1.08886e+06 8.16157e+05 6.11192e+05 4.58403e+05 3.43798e+05 2.58089e+05 1.93700e+05 1.45640e+05 1.09570e+05 8.22017e+04 6.17517e+04 4.63636e+04 3.48024e+04 2.61043e+04 2.39720e+04 1.92537e+04 1.67698e+04 1.43053e+04 1.22134e+04 1.35752e+04 1.27677e+04 1.12105e+04 1.00112e+04 1.04871e+04 8.76793e+03 7.43753e+03 6.35458e+03 5.02236e+03 3.89416e+03 2.97688e+03 2.30678e+03 1.73789e+03 1.31822e+03 9.76633e+02 7.69551e+02 5.80212e+02 4.39014e+02 3.31765e+02 2.50329e+02 1.88627e+02 1.42879e+02 1.34403e+02 8.07100e+01 6.10663e+01 4.96255e+01
3.23145e+04 5.83117e+07 4.25016e+07 3.11598e+07 2.29398e+07 1.70397e+07 1.26288e+07 9.36960e+06 6.97423e+06 5.20145e+06 3.88040e+06 2.90166e+06 2.16658e+06 1.61903e+06 1.21326e+06 9.07300e+05 6.80281e+05 5.09504e+05 3.82163e+05 2.86667e+05 2.15370e+05 1.61629e+05 1.21520e+05 9.12274e+04 6.83388e+04 5.13342e+04 3.85542e+04 2.89618e+04 2.17227e+04 1.80282e+04 1.40411e+04 1.13574e+04 9.27649e+03 7.51778e+03 7.61873e+03 6.88332e+03 5.87902e+03 5.12866e+03 5.38671e+03 4.80963e+03 3.90354e+03 3.56325e+03 2.79984e+03 2.15412e+03 1.64250e+03 1.26486e+03 9.52775e+02 7.26182e+02 5.51638e+02 4.19786e+02 3.17023e+02 2.39889e+02 1.81294e+02 1.36800e+02 1.03082e+02 7.79729e+01 6.12824e+01 4.43765e+01 3.34525e+01 2.67650e+01
3.38200e+04 4.81955e+07 3.52359e+07 2.58911e+07 1.91618e+07 1.42509e+07 1.05618e+07 7.85744e+06 5.83013e+06 4.35419e+06 3.24316e+06 2.42757e+06 1.81143e+06 1.35491e+06 1.01545e+06 7.61255e+05 5.70675e+05 4.28863e+05 3.21809e+05 2.41529e+05 1.80643e+05 1.35584e+05 1.01925e+05 7.61821e+04 5.70663e+04 4.28661e+04 3.21861e+04 2.41718e+04 1.81702e+04 1.44321e+04 1.10648e+04 8.69771e+03 6.86896e+03 5.45555e+03 5.09049e+03 4.39466e+03 3.68533e+03 3.17451e+03 3.05725e+03 2.93216e+03 2.34960e+03 2.20715e+03 1.77550e+03 1.36264e+03 1.03658e+03 7.94452e+02 5.98329e+02 4.54547e+02 3.46270e+02 2.62642e+02 1.98455e+02 1.50132e+02 1.13438e+02 8.55856e+01 6.44842e+01 4.87269e+01 4.17726e+01 2.73611e+01 2.05441e+01 1.59875e+01
3.51376e+04 3.71538e+07 2.73409e+07 2.01911e+07 1.49578e+07 1.11679e+07 8.29427e+06 6.17573e+06 4.60130e+06 3.43776e+06 2.56979e+06 1.92277e+06 1.43943e+06 1.07957e+06 8.09100e+05 6.07429e+05 4.55381e+05 3.42025e+05 2.56644e+05 1.92593e+05 1.43992e+05 1.08060e+05 8.12424e+04 6.08920e+04 4.56875e+04 3.43241e+04 2.57589e+04 1.93221e+04 1.45259e+04 1.13008e+04 8.59647e+03 6.65319e+03 5.17527e+03 4.03852e+03 3.55177e+03 3.00136e+03 2.45223e+03 2.05827e+03 1.96732e+03 1.89797e+03 1.51378e+03 1.38660e+03 1.15461e+03 8.85298e+02 6.73136e+02 5.13338e+02 3.86595e+02 2.92347e+02 2.22780e+02 1.69037e+02 1.28278e+02 9.70618e+01 7.33495e+01 5.53452e+01 4.17024e+01 3.13849e+01 2.46968e+01 1.70897e+01 1.28230e+01 1.04458e+01
3.63387e+04 2.67300e+07 1.97934e+07 1.46924e+07 1.09074e+07 8.15207e+06 6.09464e+06 4.53960e+06 3.40145e+06 2.54178e+06 1.90669e+06 1.42650e+06 1.07005e+06 8.02677e+05 6.01757e+05 4.50856e+05 3.38101e+05 2.52856e+05 1.89677e+05 1.42258e+05 1.07005e+05 8.03167e+04 6.04015e+04 4.55066e+04 3.41731e+04 2.56761e+04 1.92694e+04 1.44503e+04 1.08061e+04 8.33498e+03 6.31276e+03 4.84623e+03 3.73992e+03 2.88613e+03 2.46096e+03 2.02623e+03 1.63794e+03 1.35999e+03 1.22910e+03 1.18571e+03 9.49247e+02 8.41533e+02 7.26339e+02 5.61187e+02 4.26647e+02 3.26229e+02 2.45674e+02 1.86356e+02 1.42110e+02 1.07896e+02 8.16362e+01 6.17950e+01 4.67136e+01 3.52547e+01 2.65683e+01 2.00666e+01 1.64525e+01 1.16954e+01 8.79338e+00 6.93170e+00
3.74901e+04 1.84838e+07 1.37446e+07 1.02381e+07 7.62915e+06 5.70537e+06 4.28793e+06 3.19516e+06 2.40260e+06 1.79634e+06 1.34966e+06 1.01024e+06 7.58071e+05 5.67944e+05 4.25952e+05 3.18350e+05 2.38848e+05 1.78048e+05 1.33569e+05 1.00146e+05 7.56764e+04 5.68173e+04 4.27412e+04 3.22901e+04 2.42428e+04 1.82163e+04 1.36760e+04 1.02606e+04 7.66334e+03 5.83679e+03 4.43076e+03 3.39055e+03 2.58909e+03 1.99879e+03 1.66636e+03 1.35851e+03 1.08988e+03 9.00097e+02 7.86454e+02 7.17555e+02 5.72992e+02 4.88583e+02 4.30845e+02 3.33650e+02 2.53894e+02 1.93236e+02 1.45520e+02 1.09837e+02 8.38920e+01 6.37780e+01 4.85462e+01 3.67804e+01 2.78246e+01 2.10094e+01 1.58384e+01 1.19069e+01 1.20818e+01 6.66764e+00 5.00663e+00 4.15319e+00
3.86278e+04 1.27184e+07 9.47810e+06 7.07235e+06 5.28553e+06 3.95800e+06 2.97875e+06 2.22212e+06 1.67150e+06 1.25076e+06 9.39338e+05 7.03676e+05 5.27620e+05 3.94996e+05 2.96418e+05 2.21387e+05 1.66159e+05 1.23812e+05 9.28974e+04 6.96640e+04 5.26820e+04 3.95608e+04 2.97657e+04 2.24950e+04 1.68818e+04 1.26851e+04 9.52544e+03 7.14895e+03 5.32137e+03 4.06647e+03 3.06819e+03 2.33604e+03 1.78169e+03 1.36886e+03 1.12613e+03 9.11599e+02 7.27170e+02 5.91157e+02 4.96420e+02 4.31501e+02 3.45279e+02 2.84831e+02 2.55344e+02 1.99878e+02 1.52275e+02 1.16218e+02 8.75205e+01 6.62303e+01 5.06790e+01 3.85899e+01 2.93377e+01 2.22532e+01 1.68508e+01 1.27313e+01 9.60191e+00 7.23890e+00 7.76329e+00 4.67187e+00 3.51042e+00 2.75634e+00
3.97673e+04 8.72933e+06 6.51494e+06 4.86776e+06 3.64644e+06 2.73435e+06 2.05887e+06 1.53745e+06 1.15685e+06 8.66365e+05 6.50946e+05 4.87964e+05 3.66055e+05 2.74205e+05 2.05834e+05 1.53833e+05 1.15485e+05 8.61217e+04 6.46391e+04 4.84856e+04 3.65832e+04 2.74753e+04 2.06749e+04 1.56243e+04 1.17313e+04 8.81642e+03 6.62002e+03 4.96751e+03 3.68851e+03 2.80216e+03 2.11711e+03 1.61038e+03 1.22917e+03 9.39253e+02 7.62157e+02 6.10493e+02 4.82470e+02 3.89712e+02 3.17610e+02 2.68868e+02 2.14946e+02 1.74343e+02 1.57840e+02 1.25033e+02 9.54811e+01 7.29112e+01 5.49076e+01 4.15553e+01 3.18506e+01 2.42900e+01 1.84864e+01 1.40387e+01 1.06409e+01 8.04477e+00 6.06999e+00 4.57852e+00 3.44568e+00 2.67290e+00 2.01180e+00 1.61570e+00
4.09121e+04 5.94735e+06 4.44534e+06 3.32580e+06 2.49713e+06 1.87482e+06 1.41339e+06 1.05647e+06 7.95692e+05 5.96295e+05 4.48335e+05 3.36225e+05 2.52359e+05 1.89140e+05 1.42028e+05 1.06205e+05 7.97495e+04 5.94982e+04 4.46637e+04 3.35079e+04 2.52373e+04 1.89585e+04 1.42679e+04 1.07950e+04 8.11029e+03 6.09552e+03 4.57646e+03 3.43305e+03 2.56294e+03 -9.99999e+99 -9.99999e+99 -9.99999e+99 -9.99999e+99 -9.99999e+99 -9.99999e+99 -9.99999e+99 -9.99999e+99 -9.99999e+99 -9.99999e+99 -9.99999e+99 -9.99999e+99 -9.99999e+99 -9.99999e+99 -9.99999e+99 -9.99999e+99 -9.99999e+99 -9.99999e+99 -9.99999e+99 -9.99999e+99 -9.99999e+99 -9.99999e+99 -9.99999e+99 -9.99999e+99 -9.99999e+99 -9.99999e+99 -9.99999e+99 -9.99999e+99 -9.99999e+99 -9.99999e+99 -9.99999e+99
4.20697e+04 4.03067e+06 3.01649e+06 2.25940e+06 1.70017e+06 1.27784e+06 9.64182e+05 7.21253e+05 5.43556e+05 4.07580e+05 3.06597e+05 2.30036e+05 1.72728e+05 1.29510e+05 9.72738e+04 7.27625e+04 5.46432e+04 4.07818e+04 3.06182e+04 2.29735e+04 1.72598e+04 1.29665e+04 9.75948e+03 7.39431e+03 5.55894e+03 4.17837e+03 3.13671e+03 2.35226e+03 1.74923e+03 -9.99999e+99 -9.99999e+99 -9.99999e+99 -9.99999e+99 -9.99999e+99 -9.99999e+99 -9.99999e+99 -9.99999e+99 -9.99999e+99 -9.99999e+99 -9.99999e+99 -9.99999e+99 -9.99999e+99 -9.99999e+99 -9.99999e+99 -9.99999e+99 -9.99999e+99 -9.99999e+99 -9.99999e+99 -9.99999e+99 -9.99999e+99 -9.99999e+99 -9.99999e+99 -9.99999e+99 -9.99999e+99 -9.99999e+99 -9.99999e+99 -9.99999e+99 -9.99999e+99 -9.99999e+99 -9.99999e+99
4.32465e+04 2.72335e+06 2.04031e+06 1.52964e+06 1.15278e+06 8.67232e+05 6.54729e+05 4.90110e+05 3.69523e+05 2.77220e+05 2.08612e+05 1.56565e+05 1.17597e+05 8.82050e+04 6.62621e+04 4.95892e+04 3.72460e+04 2.78135e+04 2.08847e+04 1.56724e+04 1.17293e+04 8.81282e+03 6.63370e+03 5.03232e+03 3.78573e+03 2.84582e+03 2.13610e+03 1.60138e+03 1.19333e+03 -9.99999e+99 -9.99999e+99 -9.99999e+99 -9.99999e+99 -9.99999e+99 -9.99999e+99 -9.99999e+99 -9.99999e+99 -9.99999e+99 -9.99999e+99 -9.99999e+99 -9.99999e+99 -9.99999e+99 -9.99999e+99 -9.99999e+99 -9.99999e+99 -9.99999e+99 -9.99999e+99 -9.99999e+99 -9.99999e+99 -9.99999e+99 -9.99999e+99 -9.99999e+99 -9.99999e+99 -9.99999e+99 -9.99999e+99 -9.99999e+99 -9.99999e+99 -9.99999e+99 -9.99999e+99 -9.99999e+99
4.44471e+04 1.83495e+06 1.37584e+06 1.03222e+06 7.78928e+05 5.86411e+05 4.42918e+05 3.31714e+05 2.50195e+05 1.87760e+05 1.41344e+05 1.06103e+05 7.97262e+04 5.98289e+04 4.49509e+04 3.36584e+04 2.52819e+04 1.88911e+04 1.41861e+04 1.06470e+04 7.93141e+03 5.95971e+03 4.48640e+03 3.40791e+03 2.56550e+03 1.92868e+03 1.44745e+03 1.08470e+03 8.12078e+02 -9.99999e+99 -9.99999e+99 -9.99999e+99 -9.99999e+99 -9.99999e+99 -9.99999e+99 -9.99999e+99 -9.99999e+99 -9.99999e+99 -9.99999e+99 -9.99999e+99 -9.99999e+99 -9.99999e+99 -9.99999e+99 -9.99999e+99 -9.99999e+99 -9.99999e+99 -9.99999e+99 -9.99999e+99 -9.99999e+99 -9.99999e+99 -9.99999e+99 -9.99999e+99 -9.99999e+99 -9.99999e+99 -9.99999e+99 -9.99999e+99 -9.99999e+99 -9.99999e+99 -9.99999e+99 -9.99999e+99
4.56755e+04 1.23466e+06 9.26314e+05 6.95330e+05 5.25136e+05 3.95563e+05 2.98846e+05 2.23901e+05 1.68922e+05 1.26803e+05 9.54839e+04 7.16874e+04 5.38831e+04 4.04518e+04 3.03943e+04 2.27712e+04 1.71052e+04 1.27902e+04 9.60564e+03 7.21021e+03 5.37474e+03 4.03653e+03 3.03642e+03 2.29844e+03 1.73161e+03 1.30193e+03 9.76918e+02 7.31792e+02 5.43638e+02 -9.99999e+99 -9.99999e+99 -9.99999e+99 -9.99999e+99 -9.99999e+99 -9.99999e+99 -9.99999e+99 -9.99999e+99 -9.99999e+99 -9.99999e+99 -9.99999e+99 -9.99999e+99 -9.99999e+99 -9.99999e+99 -9.99999e+99 -9.99999e+99 -9.99999e+99 -9.99999e+99 -9.99999e+99 -9.99999e+99 -9.99999e+99 -9.99999e+99 -9.99999e+99 -9.99999e+99 -9.99999e+99 -9.99999e+99 -9.99999e+99 -9.99999e+99 -9.99999e+99 -9.99999e+99 -9.99999e+99
4.69340e+04 8.30957e+05 6.23693e+05 4.68337e+05 3.53868e+05 2.66670e+05 2.01470e+05 1.50986e+05 1.13921e+05 8.55304e+04 6.44172e+04 4.83676e+04 3.63649e+04 2.73121e+04 2.05227e+04 1.53843e+04 1.15567e+04 8.64768e+03 6.49503e+03 4.87595e+03 3.63828e+03 2.73247e+03 2.05557e+03 1.54671e+03 1.16610e+03 8.76817e+02 6.57824e+02 4.92576e+02 3.67857e+02 -9.99999e+99 -9.99999e+99 -9.99999e+99 -9.99999e+99 -9.99999e+99 -9.99999e+99 -9.99999e+99 -9.99999e+99 -9.99999e+99 -9.99999e+99 -9.99999e+99 -9.99999e+99 -9.99999e+99 -9.99999e+99 -9.99999e+99 -9.99999e+99 -9.99999e+99 -9.99999e+99 -9.99999e+99 -9.99999e+99 -9.99999e+99 -9.99999e+99 -9.99999e+99 -9.99999e+99 -9.99999e+99 -9.99999e+99 -9.99999e+99 -9.99999e+99 -9.99999e+99 -9.99999e+99 -9.99999e+99
4.82232e+04 5.59567e+05 4.20122e+05 3.15549e+05 2.38464e+05 1.79760e+05 1.35798e+05 1.01790e+05 7.68052e+04 5.76727e+04 4.34434e+04 3.26216e+04 2.45328e+04 1.84330e+04 1.38510e+04 1.03890e+04 7.80434e+03 5.84424e+03 4.38984e+03 3.29597e+03 2.46185e+03 1.84901e+03 1.39104e+03 1.03965e+03 7.84336e+02 5.89809e+02 4.42431e+02 3.31174e+02 -9.99999e+99 -9.99999e+99 -9.99999e+99 -9.99999e+99 -9.99999e+99 -9.99999e+99 -9.99999e+99 -9.99999e+99 -9.99999e+99 -9.99999e+99 -9.99999e+99 -9.99999e+99 -9.99999e+99 -9.99999e+99 -9.99999e+99 -9.99999e+99 -9.99999e+99 -9.99999e+99 -9.99999e+99 -9.99999e+99 -9.99999e+99 -9.99999e+99 -9.99999e+99 -9.99999e+99 -9.99999e+99 -9.99999e+99 -9.99999e+99 -9.99999e+99 -9.99999e+99 -9.99999e+99 -9.99999e+99 -9.99999e+99
4.95428e+04 3.77108e+05 2.83186e+05 2.12731e+05 1.60771e+05 1.21225e+05 9.15647e+04 6.86438e+04 5.17939e+04 3.88949e+04 2.93021e+04 2.20033e+04 1.65513e+04 1.24408e+04 9.34861e+03 7.01587e+03 5.27054e+03 3.94967e+03 2.96700e+03 2.22795e+03 1.66573e+03 1.25110e+03 9.41268e+02 7.01590e+02 5.27207e+02 3.96492e+02 2.97377e+02 2.22845e+02 -9.99999e+99 -9.99999e+99 -9.99999e+99 -9.99999e+99 -9.99999e+99 -9.99999e+99 -9.99999e+99 -9.99999e+99 -9.99999e+99 -9.99999e+99 -9.99999e+99 -9.99999e+99 -9.99999e+99 -9.99999e+99 -9.99999e+99 -9.99999e+99 -9.99999e+99 -9.99999e+99 -9.99999e+99 -9.99999e+99 -9.99999e+99 -9.99999e+99 -9.99999e+99 -9.99999e+99 -9.99999e+99 -9.99999e+99 -9.99999e+99 -9.99999e+99 -9.99999e+99 -9.99999e+99 -9.99999e+99 -9.99999e+99
5.08923e+04 2.54405e+05 1.91069e+05 1.43547e+05 1.08471e+05 8.18036e+04 6.17756e+04 4.63166e+04 3.49450e+04 2.62443e+04 1.97732e+04 1.48485e+04 1.11715e+04 8.40014e+03 6.31226e+03 4.73955e+03 3.56050e+03 2.66999e+03 2.00582e+03 1.50637e+03 1.12727e+03 8.46703e+02 6.37049e+02 4.75468e+02 3.55466e+02 2.67070e+02 2.00764e+02 1.51054e+02 -9.99999e+99 -9.99999e+99 -9.99999e+99 -9.99999e+99 -9.99999e+99 -9.99999e+99 -9.99999e+99 -9.99999e+99 -9.99999e+99 -9.99999e+99 -9.99999e+99 -9.99999e+99 -9.99999e+99 -9.99999e+99 -9.99999e+99 -9.99999e+99 -9.99999e+99 -9.99999e+99 -9.99999e+99 -9.99999e+99 -9.99999e+99 -9.99999e+99 -9.99999e+99 -9.99999e+99 -9.99999e+99 -9.99999e+99 -9.99999e+99 -9.99999e+99 -9.99999e+99 -9.99999e+99 -9.99999e+99 -9.99999e+99
5.22700e+04 1.71865e+05 1.29087e+05 9.69864e+04 7.32752e+04 5.52701e+04 4.17274e+04 3.12883e+04 2.36036e+04 1.77275e+04 1.33569e+04 1.00303e+04 7.54758e+03 5.67686e+03 4.26591e+03 3.20453e+03 2.40739e+03 1.80642e+03 1.35718e+03 1.01935e+03 7.63472e+02 5.73474e+02 4.31493e+02 3.22451e+02 2.41231e+02 1.81252e+02 1.36230e+02 1.02460e+02 -9.99999e+99 -9.99999e+99 -9.99999e+99 -9.99999e+99 -9.99999e+99 -9.99999e+99 -9.99999e+99 -9.99999e+99 -9.99999e+99 -9.99999e+99 -9.99999e+99 -9.99999e+99 -9.99999e+99 -9.99999e+99 -9.99999e+99 -9.99999e+99 -9.99999e+99 -9.99999e+99 -9.99999e+99 -9.99999e+99 -9.99999e+99 -9.99999e+99 -9.99999e+99 -9.99999e+99 -9.99999e+99 -9.99999e+99 -9.99999e+99 -9.99999e+99 -9.99999e+99 -9.99999e+99 -9.99999e+99 -9.99999e+99
5.36751e+04 1.16248e+05 8.73188e+04 6.56067e+04 4.95536e+04 3.73817e+04 2.82143e+04 2.11571e+04 1.59586e+04 1.19864e+04 9.03139e+03 6.78228e+03 5.10424e+03 3.84022e+03 2.88582e+03 2.16869e+03 1.62923e+03 1.22321e+03 9.19052e+02 6.90347e+02 5.17462e+02 3.88694e+02 2.92472e+02 2.18816e+02 1.63801e+02 1.23082e+02 9.24943e+01 6.95409e+01 -9.99999e+99 -9.99999e+99 -9.99999e+99 -9.99999e+99 -9.99999e+99 -9.99999e+99 -9.99999e+99 -9.99999e+99 -9.99999e+99 -9.99999e+99 -9.99999e+99 -9.99999e+99 -9.99999e+99 -9.99999e+99 -9.99999e+99 -9.99999e+99 -9.99999e+99 -9.99999e+99 -9.99999e+99 -9.99999e+99 -9.99999e+99 -9.99999e+99 -9.99999e+99 -9.99999e+99 -9.99999e+99 -9.99999e+99 -9.99999e+99 -9.99999e+99 -9.99999e+99 -9.99999e+99 -9.99999e+99 -9.99999e+99
5.51044e+04 7.87788e+04 5.91752e+04 4.44618e+04 3.35745e+04 2.53310e+04 1.91131e+04 1.43336e+04 1.08099e+04 8.11961e+03 6.11767e+03 4.59418e+03 3.45778e+03 2.60199e+03 1.95531e+03 1.46992e+03 1.10428e+03 8.29498e+02 6.23279e+02 4.68216e+02 3.51209e+02 2.63825e+02 1.98521e+02 1.48683e+02 1.11366e+02 8.36876e+01 6.28813e+01 4.72613e+01 -9.99999e+99 -9.99999e+99 -9.99999e+99 -9.99999e+99 -9.99999e+99 -9.99999e+99 -9.99999e+99 -9.99999e+99 -9.99999e+99 -9.99999e+99 -9.99999e+99 -9.99999e+99 -9.99999e+99 -9.99999e+99 -9.99999e+99 -9.99999e+99 -9.99999e+99 -9.99999e+99 -9.99999e+99 -9.99999e+99 -9.99999e+99 -9.99999e+99 -9.99999e+99 -9.99999e+99 -9.99999e+99 -9.99999e+99 -9.99999e+99 -9.99999e+99 -9.99999e+99 -9.99999e+99 -9.99999e+99 -9.99999e+99
5.65569e+04 5.35032e+04 4.01911e+04 3.01979e+04 2.27953e+04 1.71999e+04 1.29737e+04 9.72985e+03 7.33637e+03 5.51075e+03 4.15179e+03 3.11796e+03 2.34682e+03 1.76633e+03 1.32737e+03 9.98145e+02 7.49881e+02 5.63527e+02 4.23455e+02 3.18130e+02 2.38777e+02 1.79371e+02 1.34976e+02 1.01187e+02 7.58306e+01 5.69867e+01 4.28130e+01 3.21683e+01 -9.99999e+99 -9.99999e+99 -9.99999e+99 -9.99999e+99 -9.99999e+99 -9.99999e+99 -9.99999e+99 -9.99999e+99 -9.99999e+99 -9.99999e+99 -9.99999e+99 -9.99999e+99 -9.99999e+99 -9.99999e+99 -9.99999e+99 -9.99999e+99 -9.99999e+99 -9.99999e+99 -9.99999e+99 -9.99999e+99 -9.99999e+99 -9.99999e+99 -9.99999e+99 -9.99999e+99 -9.99999e+99 -9.99999e+99 -9.99999e+99 -9.99999e+99 -9.99999e+99 -9.99999e+99 -9.99999e+99 -9.99999e+99
5.80264e+04 3.64802e+04 2.74064e+04 2.05898e+04 1.55377e+04 1.17252e+04 8.84092e+03 6.63097e+03 4.99848e+03 3.75489e+03 2.82857e+03 2.12428e+03 1.59886e+03 1.20345e+03 9.04370e+02 6.80190e+02 5.11005e+02 3.84145e+02 2.88668e+02 2.16882e+02 1.62869e+02 1.22353e+02 9.20721e+01 6.90811e+01 5.17955e+01 3.89270e+01 2.92418e+01 2.19655e+01 -9.99999e+99 -9.99999e+99 -9.99999e+99 -9.99999e+99 -9.99999e+99 -9.99999e+99 -9.99999e+99 -9.99999e+99 -9.99999e+99 -9.99999e+99 -9.99999e+99 -9.99999e+99 -9.99999e+99 -9.99999e+99 -9.99999e+99 -9.99999e+99 -9.99999e+99 -9.99999e+99 -9.99999e+99 -9.99999e+99 -9.99999e+99 -9.99999e+99 -9.99999e+99 -9.99999e+99 -9.99999e+99 -9.99999e+99 -9.99999e+99 -9.99999e+99 -9.99999e+99 -9.99999e+99 -9.99999e+99 -9.99999e+99
5.95102e+04 2.49935e+04 1.87775e+04 1.41069e+04 1.06406e+04 8.03027e+03 6.05241e+03 4.53965e+03 3.42096e+03 2.56989e+03 1.93557e+03 1.45366e+03 1.09404e+03 8.23519e+02 6.18876e+02 4.65530e+02 3.49748e+02 2.62993e+02 1.97639e+02 1.48498e+02 1.11564e+02 8.38152e+01 6.30733e+01 4.73574e+01 3.55223e+01 2.66985e+01 2.00537e+01 1.50602e+01 -9.99999e+99 -9.99999e+99 -9.99999e+99 -9.99999e+99 -9.99999e+99 -9.99999e+99 -9.99999e+99 -9.99999e+99 -9.99999e+99 -9.99999e+99 -9.99999e+99 -9.99999e+99 -9.99999e+99 -9.99999e+99 -9.99999e+99 -9.99999e+99 -9.99999e+99 -9.99999e+99 -9.99999e+99 -9.99999e+99 -9.99999e+99 -9.99999e+99 -9.99999e+99 -9.99999e+99 -9.99999e+99 -9.99999e+99 -9.99999e+99 -9.99999e+99 -9.99999e+99 -9.99999e+99 -9.99999e+99 -9.99999e+99
6.09949e+04 1.72624e+04 1.29701e+04 9.74309e+03 7.34606e+03 5.54451e+03 4.17702e+03 3.13326e+03 2.36026e+03 1.77320e+03 1.33521e+03 1.00285e+03 7.54636e+02 5.68014e+02 4.26859e+02 3.21098e+02 2.41235e+02 1.81423e+02 1.36340e+02 1.02444e+02 7.69872e+01 5.78389e+01 4.35261e+01 3.26990e+01 2.45352e+01 1.84414e+01 1.38505e+01 1.03996e+01 -9.99999e+99 -9.99999e+99 -9.99999e+99 -9.99999e+99 -9.99999e+99 -9.99999e+99 -9.99999e+99 -9.99999e+99 -9.99999e+99 -9.99999e+99 -9.99999e+99 -9.99999e+99 -9.99999e+99 -9.99999e+99 -9.99999e+99 -9.99999e+99 -9.99999e+99 -9.99999e+99 -9.99999e+99 -9.99999e+99 -9.99999e+99 -9.99999e+99 -9.99999e+99 -9.99999e+99 -9.99999e+99 -9.99999e+99 -9.99999e+99 -9.99999e+99 -9.99999e+99 -9.99999e+99 -9.99999e+99 -9.99999e+99
6.24738e+04 1.20341e+04 9.04181e+03 6.79231e+03 5.11844e+03 3.86334e+03 2.90912e+03 2.18223e+03 1.64320e+03 1.23449e+03 9.29312e+02 6.98002e+02 5.25140e+02 3.95228e+02 2.97018e+02 2.23421e+02 1.67856e+02 1.26248e+02 9.48797e+01 7.12928e+01 5.35888e+01 4.02623e+01 3.02993e+01 2.27720e+01 1.70916e+01 1.28473e+01 9.64843e+00 7.24348e+00 -9.99999e+99 -9.99999e+99 -9.99999e+99 -9.99999e+99 -9.99999e+99 -9.99999e+99 -9.99999e+99 -9.99999e+99 -9.99999e+99 -9.99999e+99 -9.99999e+99 -9.99999e+99 -9.99999e+99 -9.99999e+99 -9.99999e+99 -9.99999e+99 -9.99999e+99 -9.99999e+99 -9.99999e+99 -9.99999e+99 -9.99999e+99 -9.99999e+99 -9.99999e+99 -9.99999e+99 -9.99999e+99 -9.99999e+99 -9.99999e+99 -9.99999e+99 -9.99999e+99 -9.99999e+99 -9.99999e+99 -9.99999e+99
6.39232e+04 8.51188e+03 6.39566e+03 4.80468e+03 3.61858e+03 2.73148e+03 2.05582e+03 1.54227e+03 1.16080e+03 8.72121e+02 6.56320e+02 4.93003e+02 3.70811e+02 2.79028e+02 2.09698e+02 1.57717e+02 1.18495e+02 8.91184e+01 6.69763e+01 5.03264e+01 3.78312e+01 2.84233e+01 2.13900e+01 1.60797e+01 1.20705e+01 9.07325e+00 6.81374e+00 5.11487e+00 -9.99999e+99 -9.99999e+99 -9.99999e+99 -9.99999e+99 -9.99999e+99 -9.99999e+99 -9.99999e+99 -9.99999e+99 -9.99999e+99 -9.99999e+99 -9.99999e+99 -9.99999e+99 -9.99999e+99 -9.99999e+99 -9.99999e+99 -9.99999e+99 -9.99999e+99 -9.99999e+99 -9.99999e+99 -9.99999e+99 -9.99999e+99 -9.99999e+99 -9.99999e+99 -9.99999e+99 -9.99999e+99 -9.99999e+99 -9.99999e+99 -9.99999e+99 -9.99999e+99 -9.99999e+99 -9.99999e+99 -9.99999e+99
6.53305e+04 6.12171e+03 4.59957e+03 3.45550e+03 2.60106e+03 1.96342e+03 1.47705e+03 1.10809e+03 8.33644e+02 6.26326e+02 4.71190e+02 3.53963e+02 2.66156e+02 2.00229e+02 1.50479e+02 1.13157e+02 8.50167e+01 6.39328e+01 4.80480e+01 3.61033e+01 2.71388e+01 2.03903e+01 1.53448e+01 1.15363e+01 8.66082e+00 6.51044e+00 4.88906e+00 3.66989e+00 -9.99999e+99 -9.99999e+99 -9.99999e+99 -9.99999e+99 -9.99999e+99 -9.99999e+99 -9.99999e+99 -9.99999e+99 -9.99999e+99 -9.99999e+99 -9.99999e+99 -9.99999e+99 -9.99999e+99 -9.99999e+99 -9.99999e+99 -9.99999e+99 -9.99999e+99 -9.99999e+99 -9.99999e+99 -9.99999e+99 -9.99999e+99 -9.99999e+99 -9.99999e+99 -9.99999e+99 -9.99999e+99 -9.99999e+99 -9.99999e+99 -9.99999e+99 -9.99999e+99 -9.99999e+99 -9.99999e+99 -9.99999e+99
6.66622e+04 4.50853e+03 3.38750e+03 2.54498e+03 1.91472e+03 1.44538e+03 1.08684e+03 8.15406e+02 6.13171e+02 4.60691e+02 3.46463e+02 2.60286e+02 1.95653e+02 1.47146e+02 1.10586e+02 8.31386e+01 6.24629e+01 4.69627e+01 3.52936e+01 2.65190e+01 1.99315e+01 1.49751e+01 1.12695e+01 8.47176e+00 6.36016e+00 4.78109e+00 3.59041e+00 2.69510e+00 -9.99999e+99 -9.99999e+99 -9.99999e+99 -9.99999e+99 -9.99999e+99 -9.99999e+99 -9.99999e+99 -9.99999e+99 -9.99999e+99 -9.99999e+99 -9.99999e+99 -9.99999e+99 -9.99999e+99 -9.99999e+99 -9.99999e+99 -9.99999e+99 -9.99999e+99 -9.99999e+99 -9.99999e+99 -9.99999e+99 -9.99999e+99 -9.99999e+99 -9.99999e+99 -9.99999e+99 -9.99999e+99 -9.99999e+99 -9.99999e+99 -9.99999e+99 -9.99999e+99 -9.99999e+99 -9.99999e+99 -9.99999e+99
6.79021e+04 3.40417e+03 2.55769e+03 1.92159e+03 1.44515e+03 1.09092e+03 8.20007e+02 6.15239e+02 4.62474e+02 3.47468e+02 2.61238e+02 1.96271e+02 1.47490e+02 1.10893e+02 8.33397e+01 6.26407e+01 4.70620e+01 3.53759e+01 2.65851e+01 1.99750e+01 1.50105e+01 1.12776e+01 8.48690e+00 6.37896e+00 4.78870e+00 3.59973e+00 2.70327e+00 2.02923e+00 -9.99999e+99 -9.99999e+99 -9.99999e+99 -9.99999e+99 -9.99999e+99 -9.99999e+99 -9.99999e+99 -9.99999e+99 -9.99999e+99 -9.99999e+99 -9.99999e+99 -9.99999e+99 -9.99999e+99 -9.99999e+99 -9.99999e+99 -9.99999e+99 -9.99999e+99 -9.99999e+99 -9.99999e+99 -9.99999e+99 -9.99999e+99 -9.99999e+99 -9.99999e+99 -9.99999e+99 -9.99999e+99 -9.99999e+99 -9.99999e+99 -9.99999e+99 -9.99999e+99 -9.99999e+99 -9.99999e+99 -9.99999e+99
6.90167e+04 2.65137e+03 1.99203e+03 1.49662e+03 1.12520e+03 8.49392e+02 6.38264e+02 4.78899e+02 3.59870e+02 2.70378e+02 2.03227e+02 1.52695e+02 1.14713e+02 8.62259e+01 6.48008e+01 4.86953e+01 3.65841e+01 2.74933e+01 2.06605e+01 1.55229e+01 1.16625e+01 8.76188e+00 6.59367e+00 4.95478e+00 3.71912e+00 2.79563e+00 2.09947e+00 1.57607e+00 -9.99999e+99 -9.99999e+99 -9.99999e+99 -9.99999e+99 -9.99999e+99 -9.99999e+99 -9.99999e+99 -9.99999e+99 -9.99999e+99 -9.99999e+99 -9.99999e+99 -9.99999e+99 -9.99999e+99 -9.99999e+99 -9.99999e+99 -9.99999e+99 -9.99999e+99 -9.99999e+99 -9.99999e+99 -9.99999e+99 -9.99999e+99 -9.99999e+99 -9.99999e+99 -9.99999e+99 -9.99999e+99 -9.99999e+99 -9.99999e+99 -9.99999e+99 -9.99999e+99 -9.99999e+99 -9.99999e+99 -9.99999e+99
6.95224e+04 2.36306e+03 1.77539e+03 1.33386e+03 1.00270e+03 7.56913e+02 5.68696e+02 4.26709e+02 3.20603e+02 2.40873e+02 1.81030e+02 1.36021e+02 1.02173e+02 7.67893e+01 5.77084e+01 4.33610e+01 3.25760e+01 2.44781e+01 1.83942e+01 1.38199e+01 1.03818e+01 7.79952e+00 5.86943e+00 4.40995e+00 3.30990e+00 2.48796e+00 1.86844e+00 1.40268e+00 -9.99999e+99 -9.99999e+99 -9.99999e+99 -9.99999e+99 -9.99999e+99 -9.99999e+99 -9.99999e+99 -9.99999e+99 -9.99999e+99 -9.99999e+99 -9.99999e+99 -9.99999e+99 -9.99999e+99 -9.99999e+99 -9.99999e+99 -9.99999e+99 -9.99999e+99 -9.99999e+99 -9.99999e+99 -9.99999e+99 -9.99999e+99 -9.99999e+99 -9.99999e+99 -9.99999e+99 -9.99999e+99 -9.99999e+99 -9.99999e+99 -9.99999e+99 -9.99999e+99 -9.99999e+99 -9.99999e+99 -9.99999e+99
6.97767e+04 2.22841e+03 1.67422e+03 1.25786e+03 9.45529e+02 7.13755e+02 5.36251e+02 4.02366e+02 3.02302e+02 2.27123e+02 1.70691e+02 1.28254e+02 9.63350e+01 7.23990e+01 5.44089e+01 4.08806e+01 3.07125e+01 2.30770e+01 1.73412e+01 1.30287e+01 9.78714e+00 7.35271e+00 5.53318e+00 4.15714e+00 3.12009e+00 2.34527e+00 1.76128e+00 1.32225e+00 -9.99999e+99 -9.99999e+99 -9.99999e+99 -9.99999e+99 -9.99999e+99 -9.99999e+99 -9.99999e+99 -9.99999e+99 -9.99999e+99 -9.99999e+99 -9.99999e+99 -9.99999e+99 -9.99999e+99 -9.99999e+99 -9.99999e+99 -9.99999e+99 -9.99999e+99 -9.99999e+99 -9.99999e+99 -9.99999e+99 -9.99999e+99 -9.99999e+99 -9.99999e+99 -9.99999e+99 -9.99999e+99 -9.99999e+99 -9.99999e+99 -9.99999e+99 -9.99999e+99 -9.99999e+99 -9.99999e+99 -9.99999e+99
6.99042e+04 2.16079e+03 1.62342e+03 1.21969e+03 9.16838e+02 6.92098e+02 5.19980e+02 3.90157e+02 2.93129e+02 2.20232e+02 1.65511e+02 1.24362e+02 9.34119e+01 7.02021e+01 5.27580e+01 3.96401e+01 2.97805e+01 2.23767e+01 1.68150e+01 1.26334e+01 9.49018e+00 7.12962e+00 5.36529e+00 4.03101e+00 3.02543e+00 2.27411e+00 1.70785e+00 1.28214e+00 -9.99999e+99 -9.99999e+99 -9.99999e+99 -9.99999e+99 -9.99999e+99 -9.99999e+99 -9.99999e+99 -9.99999e+99 -9.99999e+99 -9.99999e+99 -9.99999e+99 -9.99999e+99 -9.99999e+99 -9.99999e+99 -9.99999e+99 -9.99999e+99 -9.99999e+99 -9.99999e+99 -9.99999e+99 -9.99999e+99 -9.99999e+99 -9.99999e+99 -9.99999e+99 -9.99999e+99 -9.99999e+99 -9.99999e+99 -9.99999e+99 -9.99999e+99 -9.99999e+99 -9.99999e+99 -9.99999e+99 -9.99999e+99
6.99680e+04 2.12526e+03 1.59672e+03 1.19963e+03 9.01760e+02 6.80716e+02 5.11428e+02 3.83741e+02 2.88308e+02 2.16610e+02 1.62789e+02 1.22316e+02 9.18754e+01 6.90474e+01 5.18902e+01 3.89881e+01 2.92907e+01 2.20086e+01 1.65384e+01 1.24256e+01 9.33406e+00 7.01233e+00 5.27703e+00 3.96470e+00 2.97565e+00 2.23670e+00 1.67975e+00 1.26104e+00 -9.99999e+99 -9.99999e+99 -9.99999e+99 -9.99999e+99 -9.99999e+99 -9.99999e+99 -9.99999e+99 -9.99999e+99 -9.99999e+99 -9.99999e+99 -9.99999e+99 -9.99999e+99 -9.99999e+99 -9.99999e+99 -9.99999e+99 -9.99999e+99 -9.99999e+99 -9.99999e+99 -9.99999e+99 -9.99999e+99 -9.99999e+99 -9.99999e+99 -9.99999e+99 -9.99999e+99 -9.99999e+99 -9.99999e+99 -9.99999e+99 -9.99999e+99 -9.99999e+99 -9.99999e+99 -9.99999e+99 -9.99999e+99
6.99983e+04 2.10676e+03 1.58282e+03 1.18919e+03 8.93913e+02 6.74793e+02 5.06979e+02 3.80402e+02 2.85801e+02 2.14726e+02 1.61374e+02 1.21253e+02 9.10768e+01 6.84473e+01 5.14392e+01 3.86493e+01 2.90362e+01 2.18175e+01 1.63948e+01 1.23176e+01 9.25300e+00 6.95144e+00 5.23121e+00 3.93028e+00 2.94983e+00 2.21729e+00 1.66517e+00 1.25010e+00 -9.99999e+99 -9.99999e+99 -9.99999e+99 -9.99999e+99 -9.99999e+99 -9.99999e+99 -9.99999e+99 -9.99999e+99 -9.99999e+99 -9.99999e+99 -9.99999e+99 -9.99999e+99 -9.99999e+99 -9.99999e+99 -9.99999e+99 -9.99999e+99 -9.99999e+99 -9.99999e+99 -9.99999e+99 -9.99999e+99 -9.99999e+99 -9.99999e+99 -9.99999e+99 -9.99999e+99 -9.99999e+99 -9.99999e+99 -9.99999e+99 -9.99999e+99 -9.99999e+99 -9.99999e+99 -9.99999e+99 -9.99999e+99
6.99999e+04 2.10497e+03 1.58148e+03 1.18818e+03 8.93156e+02 6.74222e+02 5.06550e+02 3.80081e+02 2.85560e+02 2.14545e+02 1.61238e+02 1.21151e+02 9.10002e+01 6.83898e+01 5.13960e+01 3.86169e+01 2.90118e+01 2.17992e+01 1.63810e+01 1.23073e+01 9.24527e+00 6.94563e+00 5.22683e+00 3.92700e+00 2.94736e+00 2.21544e+00 1.66378e+00 1.24905e+00 -9.99999e+99 -9.99999e+99 -9.99999e+99 -9.99999e+99 -9.99999e+99 -9.99999e+99 -9.99999e+99 -9.99999e+99 -9.99999e+99 -9.99999e+99 -9.99999e+99 -9.99999e+99 -9.99999e+99 -9.99999e+99 -9.99999e+99 -9.99999e+99 -9.99999e+99 -9.99999e+99 -9.99999e+99 -9.99999e+99 -9.99999e+99 -9.99999e+99 -9.99999e+99 -9.99999e+99 -9.99999e+99 -9.99999e+99 -9.99999e+99 -9.99999e+99 -9.99999e+99 -9.99999e+99 -9.99999e+99 -9.99999e+99
