#NTIMES: 50
#NVEL: 115
#TIMES[d]: 199.16 202.03 204.93 207.87 210.86 213.89 216.97 220.09 223.25 226.46 229.71 233.01 236.36 239.76 243.21 246.70 250.25 253.85 257.50 261.20 264.95 268.76 272.62 276.54 280.51 284.55 288.64 292.79 296.99 301.26 305.59 309.99 314.44 318.96 323.55 328.19 332.91 337.70 342.55 347.48 352.47 357.54 362.68 367.89 373.18 378.54 383.98 389.50 395.10 400.78
#vel_mid[km/s] ne_t0[/cm^3] ne_t1[/cm^3] … ne_tn[/cm^3]
425.78 6.812e+06 5.987e+06 5.799e+06 5.569e+06 5.315e+06 5.074e+06 4.830e+06 4.627e+06 4.415e+06 4.200e+06 4.210e+06 3.846e+06 3.667e+06 3.473e+06 3.323e+06 3.097e+06 2.992e+06 2.862e+06 2.737e+06 2.611e+06 2.426e+06 2.354e+06 2.253e+06 2.128e+06 2.045e+06 1.928e+06 1.831e+06 1.726e+06 1.597e+06 1.509e+06 1.436e+06 1.399e+06 1.353e+06 1.244e+06 1.144e+06 1.112e+06 1.026e+06 9.983e+05 9.276e+05 8.605e+05 8.048e+05 7.931e+05 7.331e+05 6.831e+05 6.405e+05 5.612e+05 5.259e+05 5.108e+05 4.952e+05 4.717e+05
857.79 6.356e+06 6.174e+06 5.755e+06 5.484e+06 5.275e+06 5.061e+06 4.841e+06 4.531e+06 4.338e+06 4.186e+06 4.001e+06 3.607e+06 3.487e+06 3.459e+06 3.289e+06 3.035e+06 2.954e+06 2.742e+06 2.508e+06 2.505e+06 2.370e+06 2.344e+06 2.233e+06 2.071e+06 2.001e+06 1.831e+06 1.681e+06 1.646e+06 1.542e+06 1.519e+06 1.287e+06 1.256e+06 1.463e+06 1.324e+06 1.253e+06 1.203e+06 1.004e+06 1.214e+06 1.009e+06 1.053e+06 9.937e+05 7.247e+05 7.392e+05 6.789e+05 7.282e+05 5.874e+05 4.994e+05 5.471e+05 5.063e+05 3.789e+05
878.44 6.382e+06 6.753e+06 5.702e+06 5.540e+06 5.341e+06 5.096e+06 4.840e+06 4.600e+06 4.415e+06 4.110e+06 3.980e+06 3.784e+06 3.815e+06 3.421e+06 3.293e+06 3.165e+06 2.881e+06 2.805e+06 2.764e+06 2.614e+06 2.401e+06 2.321e+06 2.165e+06 2.049e+06 1.948e+06 1.891e+06 1.752e+06 1.705e+06 1.568e+06 1.463e+06 1.417e+06 1.435e+06 1.363e+06 1.314e+06 1.278e+06 1.122e+06 1.056e+06 9.706e+05 9.111e+05 8.907e+05 8.131e+05 7.244e+05 6.681e+05 6.904e+05 6.816e+05 5.636e+05 5.122e+05 4.944e+05 4.487e+05 4.393e+05
917.72 6.344e+06 6.522e+06 5.810e+06 5.600e+06 5.317e+06 5.066e+06 4.812e+06 4.614e+06 4.396e+06 4.207e+06 4.037e+06 4.023e+06 3.660e+06 3.498e+06 3.244e+06 3.137e+06 3.011e+06 2.893e+06 2.742e+06 2.564e+06 2.479e+06 2.388e+06 2.289e+06 2.114e+06 2.043e+06 1.937e+06 1.793e+06 1.748e+06 1.694e+06 1.631e+06 1.533e+06 1.447e+06 1.402e+06 1.256e+06 1.211e+06 1.172e+06 1.060e+06 9.731e+05 8.622e+05 8.172e+05 8.124e+05 7.603e+05 7.538e+05 7.373e+05 5.693e+05 5.778e+05 5.328e+05 5.455e+05 5.076e+05 4.187e+05
973.04 7.385e+06 6.096e+06 5.883e+06 5.587e+06 5.367e+06 5.012e+06 4.839e+06 4.644e+06 4.405e+06 4.223e+06 3.950e+06 4.068e+06 3.641e+06 3.504e+06 3.252e+06 3.134e+06 3.032e+06 2.899e+06 2.759e+06 2.608e+06 2.513e+06 2.390e+06 2.212e+06 2.112e+06 1.893e+06 1.846e+06 1.776e+06 1.722e+06 1.579e+06 1.460e+06 1.371e+06 1.319e+06 1.264e+06 1.234e+06 1.139e+06 1.127e+06 1.085e+06 1.039e+06 9.519e+05 9.011e+05 8.310e+05 7.676e+05 7.401e+05 6.962e+05 6.745e+05 5.718e+05 5.845e+05 5.472e+05 4.783e+05 4.689e+05
1034.98 6.327e+06 6.138e+06 5.875e+06 5.591e+06 5.378e+06 5.131e+06 4.895e+06 4.687e+06 4.332e+06 4.470e+06 4.044e+06 3.877e+06 3.681e+06 3.499e+06 3.349e+06 3.195e+06 3.033e+06 2.878e+06 2.741e+06 2.621e+06 2.492e+06 2.353e+06 2.241e+06 2.132e+06 1.993e+06 1.884e+06 1.828e+06 1.737e+06 1.689e+06 1.525e+06 1.482e+06 1.404e+06 1.287e+06 1.188e+06 1.163e+06 1.124e+06 1.047e+06 1.025e+06 9.427e+05 9.185e+05 8.356e+05 7.857e+05 7.436e+05 6.655e+05 6.436e+05 6.030e+05 5.769e+05 5.737e+05 4.724e+05 4.873e+05
1099.97 6.393e+06 6.091e+06 6.203e+06 5.554e+06 5.340e+06 5.080e+06 4.859e+06 4.617e+06 4.460e+06 4.230e+06 4.009e+06 3.842e+06 3.843e+06 3.508e+06 3.356e+06 3.130e+06 3.039e+06 2.839e+06 2.721e+06 2.637e+06 2.526e+06 2.359e+06 2.295e+06 2.140e+06 2.020e+06 1.973e+06 1.758e+06 1.683e+06 1.645e+06 1.547e+06 1.509e+06 1.421e+06 1.337e+06 1.214e+06 1.147e+06 1.099e+06 1.080e+06 9.853e+05 9.199e+05 8.583e+05 8.134e+05 8.015e+05 7.576e+05 6.991e+05 6.209e+05 6.046e+05 5.602e+05 5.364e+05 4.572e+05 4.524e+05
1169.04 6.463e+06 6.616e+06 5.779e+06 5.595e+06 5.406e+06 5.133e+06 4.875e+06 4.562e+06 4.431e+06 4.278e+06 4.052e+06 4.129e+06 3.678e+06 3.543e+06 3.300e+06 3.187e+06 3.034e+06 2.888e+06 2.799e+06 2.669e+06 2.476e+06 2.391e+06 2.287e+06 2.111e+06 2.022e+06 1.878e+06 1.836e+06 1.743e+06 1.693e+06 1.608e+06 1.519e+06 1.429e+06 1.346e+06 1.266e+06 1.196e+06 1.159e+06 1.059e+06 9.742e+05 9.281e+05 8.752e+05 8.571e+05 7.931e+05 7.491e+05 7.173e+05 6.712e+05 6.450e+05 5.638e+05 5.366e+05 4.887e+05 4.782e+05
1242.44 6.530e+06 6.807e+06 5.804e+06 5.587e+06 5.431e+06 5.160e+06 4.923e+06 4.694e+06 4.507e+06 4.308e+06 4.163e+06 4.121e+06 3.760e+06 3.584e+06 3.436e+06 3.198e+06 3.067e+06 2.919e+06 2.864e+06 2.647e+06 2.523e+06 2.353e+06 2.256e+06 2.196e+06 2.093e+06 1.990e+06 1.857e+06 1.803e+06 1.702e+06 1.618e+06 1.516e+06 1.424e+06 1.301e+06 1.265e+06 1.197e+06 1.097e+06 1.069e+06 9.986e+05 9.470e+05 8.841e+05 8.341e+05 8.177e+05 7.822e+05 7.282e+05 6.682e+05 6.326e+05 6.092e+05 5.522e+05 5.257e+05 5.019e+05
1320.45 6.922e+06 7.123e+06 6.244e+06 6.031e+06 5.786e+06 5.481e+06 5.250e+06 5.003e+06 4.762e+06 4.552e+06 4.336e+06 4.392e+06 3.929e+06 3.783e+06 3.610e+06 3.448e+06 3.281e+06 3.120e+06 3.010e+06 2.803e+06 2.704e+06 2.521e+06 2.449e+06 2.271e+06 2.206e+06 2.101e+06 1.944e+06 1.845e+06 1.796e+06 1.688e+06 1.577e+06 1.468e+06 1.433e+06 1.319e+06 1.288e+06 1.205e+06 1.151e+06 1.062e+06 1.039e+06 9.615e+05 9.025e+05 8.108e+05 7.749e+05 7.542e+05 7.063e+05 6.204e+05 6.033e+05 5.782e+05 5.276e+05 4.988e+05
1403.37 7.517e+06 7.187e+06 6.865e+06 6.569e+06 6.236e+06 5.994e+06 5.722e+06 5.444e+06 5.189e+06 4.983e+06 4.952e+06 4.531e+06 4.332e+06 4.137e+06 3.912e+06 3.744e+06 3.551e+06 3.373e+06 3.267e+06 3.099e+06 2.950e+06 2.816e+06 2.673e+06 2.469e+06 2.388e+06 2.245e+06 2.096e+06 2.039e+06 1.944e+06 1.835e+06 1.739e+06 1.636e+06 1.549e+06 1.471e+06 1.391e+06 1.363e+06 1.235e+06 1.205e+06 1.124e+06 1.038e+06 9.792e+05 9.412e+05 8.780e+05 8.282e+05 7.460e+05 7.123e+05 6.847e+05 6.685e+05 6.226e+05 5.636e+05
1491.49 8.071e+06 7.727e+06 7.389e+06 7.064e+06 6.740e+06 6.436e+06 6.168e+06 5.863e+06 5.581e+06 5.353e+06 5.316e+06 4.865e+06 4.670e+06 4.426e+06 4.216e+06 4.016e+06 3.814e+06 3.546e+06 3.402e+06 3.316e+06 3.151e+06 3.034e+06 2.830e+06 2.741e+06 2.552e+06 2.429e+06 2.326e+06 2.192e+06 2.076e+06 1.956e+06 1.867e+06 1.722e+06 1.672e+06 1.554e+06 1.450e+06 1.392e+06 1.319e+06 1.234e+06 1.176e+06 1.128e+06 1.107e+06 1.024e+06 9.545e+05 8.948e+05 8.156e+05 7.734e+05 7.339e+05 7.002e+05 6.419e+05 5.890e+05
1585.14 8.448e+06 8.128e+06 7.755e+06 7.400e+06 7.044e+06 6.730e+06 6.406e+06 6.118e+06 5.860e+06 5.580e+06 5.347e+06 5.276e+06 4.936e+06 4.680e+06 4.432e+06 4.193e+06 3.986e+06 3.794e+06 3.632e+06 3.506e+06 3.327e+06 3.153e+06 3.000e+06 2.861e+06 2.667e+06 2.570e+06 2.447e+06 2.363e+06 2.151e+06 2.096e+06 1.966e+06 1.867e+06 1.757e+06 1.654e+06 1.569e+06 1.491e+06 1.391e+06 1.351e+06 1.284e+06 1.220e+06 1.158e+06 1.063e+06 1.012e+06 9.647e+05 8.985e+05 8.466e+05 7.974e+05 7.504e+05 7.056e+05 6.399e+05
1684.67 8.839e+06 8.421e+06 8.060e+06 7.687e+06 7.349e+06 7.012e+06 6.701e+06 6.386e+06 6.090e+06 5.828e+06 5.773e+06 5.306e+06 5.080e+06 4.816e+06 4.611e+06 4.372e+06 4.150e+06 3.977e+06 3.835e+06 3.628e+06 3.460e+06 3.339e+06 3.109e+06 2.981e+06 2.881e+06 2.733e+06 2.579e+06 2.451e+06 2.290e+06 2.162e+06 2.043e+06 1.981e+06 1.836e+06 1.749e+06 1.653e+06 1.540e+06 1.502e+06 1.400e+06 1.367e+06 1.267e+06 1.212e+06 1.127e+06 1.058e+06 9.903e+05 9.431e+05 9.190e+05 8.801e+05 7.915e+05 7.398e+05 7.007e+05
1790.45 9.103e+06 8.717e+06 8.336e+06 7.950e+06 7.592e+06 7.253e+06 6.920e+06 6.607e+06 6.318e+06 6.025e+06 6.007e+06 5.498e+06 5.268e+06 4.998e+06 4.784e+06 4.545e+06 4.331e+06 4.120e+06 3.936e+06 3.785e+06 3.608e+06 3.428e+06 3.265e+06 3.099e+06 2.950e+06 2.799e+06 2.655e+06 2.532e+06 2.441e+06 2.308e+06 2.153e+06 2.078e+06 1.926e+06 1.833e+06 1.729e+06 1.609e+06 1.560e+06 1.428e+06 1.365e+06 1.297e+06 1.216e+06 1.162e+06 1.081e+06 1.064e+06 9.952e+05 9.302e+05 8.685e+05 8.207e+05 7.746e+05 7.450e+05
1902.87 9.140e+06 8.830e+06 8.472e+06 8.079e+06 7.723e+06 7.380e+06 7.049e+06 6.729e+06 6.426e+06 6.140e+06 5.875e+06 5.897e+06 5.321e+06 5.113e+06 4.887e+06 4.643e+06 4.429e+06 4.229e+06 4.029e+06 3.925e+06 3.713e+06 3.532e+06 3.350e+06 3.183e+06 3.027e+06 2.878e+06 2.745e+06 2.638e+06 2.498e+06 2.365e+06 2.264e+06 2.120e+06 2.044e+06 1.912e+06 1.804e+06 1.699e+06 1.658e+06 1.529e+06 1.481e+06 1.377e+06 1.305e+06 1.234e+06 1.168e+06 1.106e+06 1.048e+06 9.750e+05 9.213e+05 8.621e+05 8.221e+05 7.714e+05
2022.36 1.028e+07 8.856e+06 8.597e+06 8.239e+06 7.878e+06 7.521e+06 7.192e+06 6.862e+06 6.563e+06 6.260e+06 5.992e+06 5.736e+06 5.745e+06 5.194e+06 4.997e+06 4.773e+06 4.557e+06 4.347e+06 4.137e+06 3.953e+06 3.879e+06 3.651e+06 3.451e+06 3.268e+06 3.121e+06 2.970e+06 2.824e+06 2.714e+06 2.578e+06 2.446e+06 2.322e+06 2.215e+06 2.107e+06 2.002e+06 1.878e+06 1.780e+06 1.728e+06 1.628e+06 1.545e+06 1.420e+06 1.353e+06 1.288e+06 1.254e+06 1.192e+06 1.121e+06 1.047e+06 9.892e+05 9.291e+05 9.092e+05 8.332e+05
2149.34 9.620e+06 9.183e+06 8.787e+06 9.167e+06 7.882e+06 7.582e+06 7.327e+06 7.008e+06 6.702e+06 6.411e+06 6.116e+06 5.849e+06 5.596e+06 5.356e+06 5.427e+06 4.821e+06 4.657e+06 4.439e+06 4.246e+06 4.045e+06 3.866e+06 3.696e+06 3.656e+06 3.358e+06 3.209e+06 3.059e+06 2.915e+06 2.780e+06 2.681e+06 2.540e+06 2.416e+06 2.291e+06 2.214e+06 2.061e+06 2.008e+06 1.870e+06 1.791e+06 1.725e+06 1.620e+06 1.536e+06 1.432e+06 1.365e+06 1.289e+06 1.253e+06 1.161e+06 1.078e+06 1.028e+06 9.768e+05 9.257e+05 8.624e+05
2284.30 9.829e+06 9.399e+06 8.980e+06 8.597e+06 8.222e+06 7.858e+06 8.166e+06 7.001e+06 6.746e+06 6.537e+06 6.270e+06 6.001e+06 5.742e+06 5.486e+06 5.228e+06 5.004e+06 4.789e+06 4.862e+06 4.277e+06 4.147e+06 3.975e+06 3.798e+06 3.624e+06 3.470e+06 3.449e+06 3.158e+06 3.014e+06 2.882e+06 2.747e+06 2.623e+06 2.553e+06 2.408e+06 2.281e+06 2.173e+06 2.024e+06 1.964e+06 1.873e+06 1.783e+06 1.707e+06 1.590e+06 1.541e+06 1.461e+06 1.393e+06 1.310e+06 1.264e+06 1.181e+06 1.110e+06 1.050e+06 9.955e+05 9.415e+05
2427.74 9.986e+06 9.566e+06 9.132e+06 8.725e+06 8.364e+06 7.993e+06 7.655e+06 7.324e+06 6.987e+06 6.691e+06 6.404e+06 6.120e+06 6.273e+06 5.438e+06 5.239e+06 5.072e+06 4.864e+06 4.646e+06 4.447e+06 4.255e+06 4.067e+06 3.892e+06 3.916e+06 3.490e+06 3.374e+06 3.226e+06 3.082e+06 2.948e+06 2.816e+06 2.797e+06 2.544e+06 2.441e+06 2.326e+06 2.222e+06 2.125e+06 2.090e+06 1.932e+06 1.853e+06 1.761e+06 1.689e+06 1.601e+06 1.520e+06 1.465e+06 1.358e+06 1.311e+06 1.247e+06 1.185e+06 1.127e+06 1.061e+06 9.991e+05
2580.18 9.996e+06 9.572e+06 9.159e+06 8.752e+06 8.365e+06 8.017e+06 7.661e+06 7.322e+06 7.024e+06 6.718e+06 6.422e+06 6.154e+06 5.896e+06 5.631e+06 5.394e+06 5.158e+06 4.926e+06 4.721e+06 4.810e+06 4.165e+06 4.016e+06 3.887e+06 3.733e+06 3.576e+06 3.422e+06 3.275e+06 3.124e+06 3.147e+06 2.797e+06 2.702e+06 2.589e+06 2.478e+06 2.364e+06 2.261e+06 2.251e+06 2.035e+06 1.957e+06 1.869e+06 1.781e+06 1.734e+06 1.638e+06 1.552e+06 1.477e+06 1.419e+06 1.344e+06 1.274e+06 1.216e+06 1.155e+06 1.094e+06 1.051e+06
2742.19 9.809e+06 9.377e+06 8.966e+06 8.582e+06 8.209e+06 7.862e+06 7.517e+06 7.206e+06 6.902e+06 6.610e+06 6.316e+06 6.044e+06 5.787e+06 5.537e+06 5.295e+06 5.059e+06 4.845e+06 4.634e+06 4.437e+06 4.239e+06 4.050e+06 3.876e+06 3.704e+06 3.539e+06 3.381e+06 3.231e+06 3.246e+06 2.889e+06 2.784e+06 2.670e+06 2.563e+06 2.454e+06 2.341e+06 2.237e+06 2.216e+06 2.005e+06 1.933e+06 1.849e+06 1.769e+06 1.689e+06 1.651e+06 1.532e+06 1.463e+06 1.398e+06 1.331e+06 1.287e+06 1.221e+06 1.157e+06 1.110e+06 1.052e+06
2914.37 9.282e+06 8.886e+06 8.515e+06 8.153e+06 7.802e+06 7.472e+06 7.156e+06 6.846e+06 6.561e+06 6.287e+06 6.017e+06 5.760e+06 5.504e+06 5.258e+06 5.035e+06 4.827e+06 4.614e+06 4.418e+06 4.223e+06 4.036e+06 3.862e+06 3.696e+06 3.546e+06 3.378e+06 3.235e+06 3.097e+06 2.957e+06 2.829e+06 2.706e+06 2.578e+06 2.469e+06 2.357e+06 2.254e+06 2.241e+06 2.017e+06 1.939e+06 1.853e+06 1.778e+06 1.700e+06 1.627e+06 1.548e+06 1.531e+06 1.402e+06 1.341e+06 1.278e+06 1.220e+06 1.163e+06 1.117e+06 1.060e+06 1.005e+06
3097.37 8.418e+06 8.055e+06 7.720e+06 7.386e+06 7.080e+06 6.776e+06 6.500e+06 6.221e+06 5.960e+06 5.697e+06 5.451e+06 5.221e+06 5.000e+06 4.780e+06 4.578e+06 4.387e+06 4.198e+06 4.017e+06 3.844e+06 3.687e+06 3.522e+06 3.373e+06 3.218e+06 3.079e+06 2.950e+06 2.822e+06 2.699e+06 2.577e+06 2.461e+06 2.348e+06 2.244e+06 2.148e+06 2.060e+06 1.960e+06 1.873e+06 1.794e+06 1.715e+06 1.636e+06 1.562e+06 1.537e+06 1.408e+06 1.343e+06 1.277e+06 1.220e+06 1.168e+06 1.115e+06 1.066e+06 1.024e+06 9.723e+05 9.241e+05
3291.85 6.951e+06 6.669e+06 6.382e+06 6.107e+06 5.849e+06 5.597e+06 5.360e+06 5.127e+06 4.914e+06 4.702e+06 4.499e+06 4.306e+06 4.124e+06 3.946e+06 3.778e+06 3.621e+06 3.464e+06 3.316e+06 3.173e+06 3.038e+06 2.902e+06 2.776e+06 2.652e+06 2.544e+06 2.438e+06 2.328e+06 2.229e+06 2.130e+06 2.036e+06 1.945e+06 1.858e+06 1.779e+06 1.698e+06 1.621e+06 1.548e+06 1.478e+06 1.415e+06 1.354e+06 1.291e+06 1.232e+06 1.178e+06 1.122e+06 1.072e+06 1.022e+06 9.727e+05 9.250e+05 9.001e+05 8.449e+05 8.007e+05 7.622e+05
3498.55 5.963e+06 5.711e+06 5.463e+06 5.239e+06 5.011e+06 4.799e+06 4.598e+06 4.402e+06 4.214e+06 4.036e+06 3.863e+06 3.694e+06 3.534e+06 3.393e+06 3.242e+06 3.106e+06 2.977e+06 2.848e+06 2.721e+06 2.598e+06 2.484e+06 2.375e+06 2.270e+06 2.173e+06 2.084e+06 1.983e+06 1.901e+06 1.817e+06 1.740e+06 1.662e+06 1.593e+06 1.520e+06 1.451e+06 1.384e+06 1.325e+06 1.265e+06 1.209e+06 1.145e+06 1.097e+06 1.051e+06 1.000e+06 9.560e+05 9.119e+05 8.704e+05 8.273e+05 7.901e+05 7.534e+05 7.147e+05 6.848e+05 6.522e+05
3718.23 5.984e+06 5.726e+06 5.479e+06 5.250e+06 5.017e+06 4.800e+06 4.593e+06 4.398e+06 4.210e+06 4.025e+06 3.857e+06 3.688e+06 3.532e+06 3.368e+06 3.223e+06 3.087e+06 2.942e+06 2.819e+06 2.693e+06 2.575e+06 2.466e+06 2.357e+06 2.253e+06 2.157e+06 2.055e+06 1.963e+06 1.878e+06 1.792e+06 1.707e+06 1.636e+06 1.554e+06 1.482e+06 1.416e+06 1.352e+06 1.289e+06 1.226e+06 1.167e+06 1.107e+06 1.058e+06 1.001e+06 9.529e+05 9.028e+05 8.562e+05 8.150e+05 7.653e+05 7.209e+05 6.793e+05 6.439e+05 6.090e+05 5.755e+05
3951.70 5.524e+06 5.267e+06 5.027e+06 4.806e+06 4.583e+06 4.385e+06 4.190e+06 4.003e+06 3.823e+06 3.650e+06 3.488e+06 3.335e+06 3.186e+06 3.026e+06 2.900e+06 2.766e+06 2.641e+06 2.521e+06 2.407e+06 2.303e+06 2.193e+06 2.098e+06 2.007e+06 1.909e+06 1.820e+06 1.737e+06 1.659e+06 1.578e+06 1.504e+06 1.412e+06 1.326e+06 1.257e+06 1.193e+06 1.129e+06 1.075e+06 1.023e+06 9.668e+05 9.197e+05 8.755e+05 8.293e+05 7.874e+05 7.477e+05 7.271e+05 6.898e+05 6.444e+05 6.146e+05 5.871e+05 5.514e+05 5.174e+05 4.934e+05
4199.83 3.525e+06 3.367e+06 3.209e+06 3.064e+06 2.933e+06 2.796e+06 2.677e+06 2.552e+06 2.432e+06 2.325e+06 2.221e+06 2.120e+06 2.032e+06 1.941e+06 1.857e+06 1.773e+06 1.683e+06 1.610e+06 1.531e+06 1.457e+06 1.396e+06 1.335e+06 1.277e+06 1.213e+06 1.163e+06 1.111e+06 1.055e+06 1.006e+06 9.561e+05 9.057e+05 8.612e+05 8.196e+05 7.687e+05 7.328e+05 6.989e+05 6.571e+05 6.195e+05 5.951e+05 5.616e+05 5.272e+05 5.083e+05 4.792e+05 4.629e+05 4.298e+05 4.060e+05 3.762e+05 3.654e+05 3.425e+05 3.251e+05 3.167e+05
4463.54 2.577e+06 2.465e+06 2.350e+06 2.241e+06 2.145e+06 2.030e+06 1.942e+06 1.850e+06 1.767e+06 1.688e+06 1.611e+06 1.537e+06 1.465e+06 1.400e+06 1.336e+06 1.274e+06 1.217e+06 1.165e+06 1.105e+06 1.056e+06 1.009e+06 9.624e+05 9.202e+05 8.719e+05 8.332e+05 7.880e+05 7.492e+05 7.111e+05 6.811e+05 6.367e+05 6.072e+05 5.662e+05 5.442e+05 5.213e+05 4.935e+05 4.660e+05 4.408e+05 4.257e+05 3.997e+05 3.739e+05 3.628e+05 3.417e+05 3.228e+05 3.067e+05 2.917e+05 2.821e+05 2.683e+05 2.553e+05 2.354e+05 2.232e+05
4743.81 2.217e+06 2.116e+06 2.015e+06 1.926e+06 1.832e+06 1.755e+06 1.674e+06 1.593e+06 1.527e+06 1.452e+06 1.386e+06 1.322e+06 1.258e+06 1.198e+06 1.140e+06 1.091e+06 1.037e+06 9.848e+05 9.378e+05 8.927e+05 8.542e+05 8.138e+05 7.666e+05 7.370e+05 7.053e+05 6.666e+05 6.254e+05 6.004e+05 5.757e+05 5.513e+05 5.217e+05 4.928e+05 4.740e+05 4.483e+05 4.164e+05 3.938e+05 3.756e+05 3.492e+05 3.399e+05 3.217e+05 3.030e+05 2.885e+05 2.757e+05 2.611e+05 2.464e+05 2.341e+05 2.233e+05 2.075e+05 2.020e+05 1.961e+05
5041.68 2.026e+06 1.923e+06 1.835e+06 1.749e+06 1.675e+06 1.597e+06 1.525e+06 1.458e+06 1.388e+06 1.321e+06 1.259e+06 1.181e+06 1.129e+06 1.087e+06 1.041e+06 9.793e+05 9.398e+05 8.760e+05 8.393e+05 8.108e+05 7.768e+05 7.249e+05 6.960e+05 6.515e+05 6.276e+05 5.957e+05 5.620e+05 5.315e+05 5.124e+05 4.936e+05 4.589e+05 4.353e+05 4.222e+05 4.004e+05 3.871e+05 3.597e+05 3.349e+05 3.205e+05 3.056e+05 2.919e+05 2.832e+05 2.617e+05 2.543e+05 2.428e+05 2.241e+05 2.101e+05 2.009e+05 1.911e+05 1.754e+05 1.722e+05
5358.25 1.862e+06 1.771e+06 1.689e+06 1.613e+06 1.533e+06 1.465e+06 1.394e+06 1.332e+06 1.274e+06 1.221e+06 1.164e+06 1.088e+06 1.041e+06 9.806e+05 9.250e+05 8.901e+05 8.551e+05 8.203e+05 7.730e+05 7.284e+05 6.910e+05 6.680e+05 6.338e+05 5.976e+05 5.678e+05 5.355e+05 5.195e+05 4.921e+05 4.751e+05 4.455e+05 4.310e+05 4.059e+05 3.848e+05 3.733e+05 3.511e+05 3.308e+05 3.130e+05 2.952e+05 2.868e+05 2.720e+05 2.594e+05 2.441e+05 2.275e+05 2.230e+05 2.082e+05 1.938e+05 1.890e+05 1.741e+05 1.669e+05 1.569e+05
5694.70 1.705e+06 1.627e+06 1.548e+06 1.485e+06 1.424e+06 1.338e+06 1.259e+06 1.209e+06 1.163e+06 1.112e+06 1.045e+06 1.002e+06 9.467e+05 9.101e+05 8.616e+05 8.164e+05 7.744e+05 7.450e+05 7.166e+05 6.788e+05 6.575e+05 6.131e+05 5.811e+05 5.601e+05 5.300e+05 5.029e+05 4.860e+05 4.586e+05 4.366e+05 4.157e+05 3.942e+05 3.739e+05 3.552e+05 3.456e+05 3.257e+05 3.076e+05 2.924e+05 2.735e+05 2.663e+05 2.512e+05 2.383e+05 2.232e+05 2.181e+05 2.067e+05 1.900e+05 1.818e+05 1.729e+05 1.687e+05 1.533e+05 1.496e+05
6052.28 1.577e+06 1.503e+06 1.436e+06 1.370e+06 1.307e+06 1.248e+06 1.190e+06 1.136e+06 1.087e+06 1.025e+06 9.696e+05 9.328e+05 8.989e+05 8.603e+05 8.088e+05 7.644e+05 7.230e+05 7.022e+05 6.559e+05 6.318e+05 5.946e+05 5.645e+05 5.506e+05 5.172e+05 5.010e+05 4.664e+05 4.508e+05 4.286e+05 4.045e+05 3.833e+05 3.726e+05 3.523e+05 3.353e+05 3.200e+05 3.094e+05 2.901e+05 2.744e+05 2.606e+05 2.469e+05 2.328e+05 2.200e+05 2.103e+05 2.054e+05 1.912e+05 1.804e+05 1.684e+05 1.642e+05 1.557e+05 1.459e+05 1.380e+05
6432.31 1.441e+06 1.376e+06 1.311e+06 1.250e+06 1.197e+06 1.144e+06 1.091e+06 1.029e+06 9.852e+05 9.435e+05 8.863e+05 8.543e+05 8.205e+05 7.706e+05 7.304e+05 7.031e+05 6.670e+05 6.411e+05 6.026e+05 5.816e+05 5.522e+05 5.239e+05 5.053e+05 4.743e+05 4.509e+05 4.279e+05 4.136e+05 3.912e+05 3.689e+05 3.574e+05 3.357e+05 3.203e+05 3.112e+05 2.888e+05 2.805e+05 2.654e+05 2.498e+05 2.387e+05 2.262e+05 2.154e+05 2.091e+05 1.940e+05 1.849e+05 1.766e+05 1.672e+05 1.587e+05 1.481e+05 1.406e+05 1.343e+05 1.260e+05
6836.20 1.284e+06 1.227e+06 1.176e+06 1.105e+06 1.044e+06 1.002e+06 9.655e+05 9.133e+05 8.615e+05 8.340e+05 7.900e+05 7.605e+05 7.147e+05 6.920e+05 6.540e+05 6.194e+05 5.902e+05 5.723e+05 5.429e+05 5.170e+05 4.906e+05 4.758e+05 4.500e+05 4.274e+05 4.059e+05 3.872e+05 3.757e+05 3.519e+05 3.283e+05 3.203e+05 3.038e+05 2.869e+05 2.799e+05 2.616e+05 2.548e+05 2.398e+05 2.289e+05 2.162e+05 2.052e+05 1.939e+05 1.836e+05 1.751e+05 1.651e+05 1.563e+05 1.490e+05 1.420e+05 1.320e+05 1.256e+05 1.227e+05 1.131e+05
7265.45 1.158e+06 1.092e+06 1.052e+06 1.011e+06 9.553e+05 9.051e+05 8.710e+05 8.267e+05 7.843e+05 7.448e+05 7.176e+05 6.922e+05 6.546e+05 6.230e+05 6.014e+05 5.667e+05 5.382e+05 5.130e+05 4.962e+05 4.715e+05 4.488e+05 4.257e+05 4.048e+05 3.851e+05 3.652e+05 3.482e+05 3.307e+05 3.160e+05 2.981e+05 2.840e+05 2.757e+05 2.629e+05 2.477e+05 2.344e+05 2.233e+05 2.170e+05 2.017e+05 1.913e+05 1.861e+05 1.755e+05 1.671e+05 1.564e+05 1.527e+05 1.419e+05 1.360e+05 1.289e+05 1.224e+05 1.136e+05 1.111e+05 1.031e+05
7721.65 1.041e+06 9.869e+05 9.380e+05 9.057e+05 8.573e+05 8.262e+05 7.800e+05 7.518e+05 7.142e+05 6.785e+05 6.557e+05 6.236e+05 6.016e+05 5.641e+05 5.350e+05 5.175e+05 4.908e+05 4.645e+05 4.406e+05 4.271e+05 4.029e+05 3.823e+05 3.621e+05 3.517e+05 3.320e+05 3.169e+05 2.998e+05 2.912e+05 2.721e+05 2.595e+05 2.475e+05 2.366e+05 2.233e+05 2.124e+05 2.012e+05 1.902e+05 1.854e+05 1.735e+05 1.647e+05 1.560e+05 1.488e+05 1.391e+05 1.337e+05 1.306e+05 1.209e+05 1.180e+05 1.098e+05 1.013e+05 9.542e+04 9.382e+04
8206.56 9.167e+05 8.672e+05 8.404e+05 7.936e+05 7.550e+05 7.316e+05 7.084e+05 6.584e+05 6.235e+05 6.049e+05 5.730e+05 5.428e+05 5.181e+05 5.019e+05 4.736e+05 4.512e+05 4.380e+05 4.078e+05 3.951e+05 3.721e+05 3.558e+05 3.384e+05 3.288e+05 3.064e+05 2.894e+05 2.775e+05 2.658e+05 2.541e+05 2.405e+05 2.303e+05 2.191e+05 2.080e+05 1.974e+05 1.887e+05 1.796e+05 1.707e+05 1.615e+05 1.539e+05 1.437e+05 1.408e+05 1.304e+05 1.250e+05 1.169e+05 1.142e+05 1.063e+05 9.777e+04 9.231e+04 9.051e+04 8.359e+04 7.989e+04
8717.73 7.793e+05 7.381e+05 7.143e+05 6.771e+05 6.413e+05 6.099e+05 5.913e+05 5.615e+05 5.355e+05 5.182e+05 4.877e+05 4.629e+05 4.487e+05 4.257e+05 3.971e+05 3.870e+05 3.647e+05 3.536e+05 3.293e+05 3.150e+05 3.004e+05 2.838e+05 2.700e+05 2.574e+05 2.465e+05 2.347e+05 2.251e+05 2.136e+05 2.037e+05 1.931e+05 1.849e+05 1.749e+05 1.642e+05 1.602e+05 1.467e+05 1.436e+05 1.349e+05 1.262e+05 1.206e+05 1.148e+05 1.090e+05 1.040e+05 9.778e+04 9.206e+04 9.053e+04 8.337e+04 7.729e+04 7.397e+04 6.973e+04 6.477e+04
9214.74 6.751e+05 6.445e+05 6.152e+05 5.850e+05 5.587e+05 5.309e+05 5.164e+05 4.934e+05 4.645e+05 4.403e+05 4.202e+05 4.079e+05 3.817e+05 3.657e+05 3.489e+05 3.297e+05 3.151e+05 2.980e+05 2.905e+05 2.726e+05 2.593e+05 2.477e+05 2.409e+05 2.257e+05 2.117e+05 2.065e+05 1.939e+05 1.844e+05 1.729e+05 1.691e+05 1.563e+05 1.496e+05 1.420e+05 1.349e+05 1.290e+05 1.224e+05 1.162e+05 1.067e+05 1.046e+05 9.548e+04 9.143e+04 8.399e+04 8.229e+04 7.722e+04 7.160e+04 6.889e+04 6.503e+04 6.030e+04 5.666e+04 5.311e+04
9629.11 6.191e+05 5.789e+05 5.503e+05 5.247e+05 5.099e+05 4.760e+05 4.627e+05 4.415e+05 4.206e+05 3.995e+05 3.778e+05 3.584e+05 3.409e+05 3.267e+05 3.190e+05 2.985e+05 2.912e+05 2.710e+05 2.542e+05 2.429e+05 2.313e+05 2.219e+05 2.056e+05 1.971e+05 1.924e+05 1.787e+05 1.700e+05 1.612e+05 1.545e+05 1.438e+05 1.375e+05 1.317e+05 1.228e+05 1.156e+05 1.128e+05 1.063e+05 9.854e+04 9.429e+04 8.729e+04 8.198e+04 8.064e+04 7.503e+04 7.018e+04 6.572e+04 6.229e+04 5.895e+04 5.590e+04 5.258e+04 5.027e+04 4.605e+04
9954.11 5.399e+05 5.155e+05 5.027e+05 4.645e+05 4.549e+05 4.302e+05 4.196e+05 3.923e+05 3.835e+05 3.589e+05 3.398e+05 3.219e+05 3.025e+05 2.958e+05 2.811e+05 2.667e+05 2.538e+05 2.472e+05 2.318e+05 2.169e+05 2.066e+05 1.938e+05 1.858e+05 1.819e+05 1.700e+05 1.568e+05 1.539e+05 1.434e+05 1.353e+05 1.277e+05 1.250e+05 1.159e+05 1.086e+05 1.026e+05 9.669e+04 9.130e+04 9.000e+04 8.239e+04 7.762e+04 7.599e+04 6.813e+04 6.422e+04 6.081e+04 5.700e+04 5.368e+04 5.276e+04 4.733e+04 4.629e+04 4.437e+04 4.283e+04
10245.64 4.944e+05 4.650e+05 4.397e+05 4.201e+05 3.975e+05 3.871e+05 3.678e+05 3.498e+05 3.406e+05 3.151e+05 3.067e+05 2.875e+05 2.710e+05 2.598e+05 2.469e+05 2.319e+05 2.270e+05 2.218e+05 2.025e+05 1.929e+05 1.806e+05 1.723e+05 1.637e+05 1.539e+05 1.478e+05 1.401e+05 1.346e+05 1.243e+05 1.207e+05 1.131e+05 1.084e+05 1.029e+05 9.511e+04 8.918e+04 8.613e+04 8.022e+04 7.666e+04 7.189e+04 6.837e+04 6.463e+04 6.156e+04 5.766e+04 5.147e+04 5.101e+04 4.799e+04 4.568e+04 4.143e+04 4.000e+04 3.818e+04 3.681e+04
10541.49 4.569e+05 4.347e+05 4.220e+05 3.913e+05 3.801e+05 3.523e+05 3.436e+05 3.251e+05 3.088e+05 3.004e+05 2.864e+05 2.708e+05 2.518e+05 2.396e+05 2.295e+05 2.243e+05 2.070e+05 1.945e+05 1.895e+05 1.757e+05 1.690e+05 1.607e+05 1.487e+05 1.457e+05 1.344e+05 1.294e+05 1.217e+05 1.160e+05 1.115e+05 1.062e+05 9.961e+04 9.355e+04 8.951e+04 8.390e+04 7.813e+04 7.374e+04 7.082e+04 6.695e+04 6.445e+04 6.086e+04 5.387e+04 5.190e+04 4.856e+04 4.513e+04 4.333e+04 3.989e+04 3.792e+04 3.639e+04 3.474e+04 3.354e+04
10839.94 4.675e+05 4.430e+05 4.139e+05 4.057e+05 3.954e+05 3.667e+05 3.564e+05 3.249e+05 3.170e+05 3.030e+05 2.802e+05 2.740e+05 2.620e+05 2.504e+05 2.345e+05 2.225e+05 2.170e+05 1.986e+05 1.906e+05 1.821e+05 1.728e+05 1.689e+05 1.550e+05 1.445e+05 1.383e+05 1.355e+05 1.257e+05 1.179e+05 1.126e+05 1.064e+05 9.960e+04 9.626e+04 9.106e+04 8.505e+04 8.407e+04 7.902e+04 7.472e+04 6.772e+04 6.626e+04 6.095e+04 5.919e+04 5.438e+04 5.215e+04 4.702e+04 4.666e+04 4.107e+04 3.938e+04 3.736e+04 3.471e+04 3.092e+04
11119.11 5.003e+05 4.716e+05 4.409e+05 4.213e+05 4.010e+05 3.905e+05 3.645e+05 3.460e+05 3.380e+05 3.139e+05 3.057e+05 2.819e+05 2.763e+05 2.550e+05 2.363e+05 2.283e+05 2.210e+05 2.131e+05 2.034e+05 1.921e+05 1.803e+05 1.738e+05 1.623e+05 1.550e+05 1.460e+05 1.404e+05 1.326e+05 1.262e+05 1.209e+05 1.143e+05 1.055e+05 1.029e+05 9.256e+04 8.965e+04 8.499e+04 8.137e+04 7.805e+04 7.306e+04 6.704e+04 6.603e+04 6.365e+04 5.855e+04 5.472e+04 5.304e+04 4.786e+04 4.340e+04 4.153e+04 4.020e+04 3.897e+04 3.390e+04
11355.83 5.574e+05 5.317e+05 5.009e+05 4.742e+05 4.598e+05 4.364e+05 4.091e+05 3.857e+05 3.731e+05 3.559e+05 3.411e+05 3.201e+05 3.069e+05 2.935e+05 2.818e+05 2.651e+05 2.502e+05 2.411e+05 2.246e+05 2.130e+05 2.085e+05 1.969e+05 1.857e+05 1.833e+05 1.721e+05 1.625e+05 1.540e+05 1.424e+05 1.349e+05 1.276e+05 1.220e+05 1.170e+05 1.120e+05 1.066e+05 1.014e+05 9.629e+04 9.441e+04 8.399e+04 7.850e+04 7.370e+04 6.888e+04 6.677e+04 6.089e+04 5.925e+04 5.757e+04 5.435e+04 4.921e+04 4.766e+04 4.308e+04 4.018e+04
11539.81 6.883e+05 6.458e+05 6.112e+05 5.749e+05 5.510e+05 5.170e+05 4.992e+05 4.721e+05 4.564e+05 4.285e+05 4.059e+05 3.804e+05 3.609e+05 3.502e+05 3.309e+05 3.195e+05 3.043e+05 2.828e+05 2.723e+05 2.615e+05 2.542e+05 2.389e+05 2.164e+05 2.092e+05 2.027e+05 1.903e+05 1.767e+05 1.711e+05 1.653e+05 1.557e+05 1.450e+05 1.345e+05 1.320e+05 1.204e+05 1.173e+05 1.141e+05 1.051e+05 9.961e+04 9.186e+04 8.783e+04 8.500e+04 7.886e+04 7.520e+04 6.984e+04 6.655e+04 6.399e+04 5.804e+04 5.559e+04 5.497e+04 4.788e+04
11677.16 7.666e+05 7.253e+05 6.923e+05 6.629e+05 6.313e+05 5.975e+05 5.718e+05 5.467e+05 5.219e+05 4.863e+05 4.700e+05 4.514e+05 4.319e+05 4.057e+05 3.901e+05 3.747e+05 3.382e+05 3.269e+05 3.066e+05 2.937e+05 2.798e+05 2.618e+05 2.487e+05 2.386e+05 2.263e+05 2.204e+05 2.066e+05 1.948e+05 1.833e+05 1.784e+05 1.670e+05 1.619e+05 1.470e+05 1.407e+05 1.336e+05 1.275e+05 1.183e+05 1.136e+05 1.054e+05 9.943e+04 9.564e+04 9.326e+04 8.711e+04 7.859e+04 7.383e+04 7.055e+04 6.828e+04 6.349e+04 5.980e+04 5.205e+04
11784.05 7.994e+05 7.615e+05 7.282e+05 6.964e+05 6.546e+05 6.170e+05 5.882e+05 5.694e+05 5.394e+05 5.077e+05 4.822e+05 4.685e+05 4.511e+05 4.233e+05 3.965e+05 3.775e+05 3.571e+05 3.298e+05 3.212e+05 3.127e+05 2.988e+05 2.894e+05 2.685e+05 2.606e+05 2.410e+05 2.309e+05 2.177e+05 2.007e+05 1.971e+05 1.863e+05 1.722e+05 1.679e+05 1.538e+05 1.479e+05 1.408e+05 1.355e+05 1.219e+05 1.184e+05 1.102e+05 1.048e+05 9.816e+04 9.207e+04 8.710e+04 8.464e+04 7.847e+04 7.127e+04 7.024e+04 6.313e+04 6.119e+04 5.510e+04
11875.85 8.039e+05 7.681e+05 7.375e+05 6.879e+05 6.611e+05 6.315e+05 5.985e+05 5.709e+05 5.457e+05 5.134e+05 4.813e+05 4.727e+05 4.537e+05 4.229e+05 3.877e+05 3.814e+05 3.683e+05 3.453e+05 3.238e+05 3.088e+05 2.856e+05 2.801e+05 2.717e+05 2.510e+05 2.325e+05 2.216e+05 2.132e+05 2.033e+05 1.934e+05 1.802e+05 1.725e+05 1.691e+05 1.600e+05 1.483e+05 1.414e+05 1.315e+05 1.239e+05 1.169e+05 1.119e+05 1.058e+05 1.000e+05 9.630e+04 9.035e+04 8.392e+04 7.614e+04 7.516e+04 6.868e+04 6.683e+04 6.226e+04 5.543e+04
11963.37 7.551e+05 7.155e+05 6.691e+05 6.343e+05 6.149e+05 5.790e+05 5.500e+05 5.219e+05 5.003e+05 4.708e+05 4.560e+05 4.396e+05 4.219e+05 4.017e+05 3.744e+05 3.646e+05 3.455e+05 3.303e+05 2.986e+05 2.930e+05 2.694e+05 2.556e+05 2.477e+05 2.391e+05 2.243e+05 2.105e+05 1.972e+05 1.887e+05 1.794e+05 1.695e+05 1.602e+05 1.536e+05 1.460e+05 1.424e+05 1.316e+05 1.218e+05 1.142e+05 1.124e+05 1.017e+05 9.803e+04 9.440e+04 8.910e+04 8.362e+04 7.976e+04 7.431e+04 6.873e+04 6.679e+04 6.262e+04 5.940e+04 5.610e+04
12055.39 6.236e+05 5.903e+05 5.554e+05 5.222e+05 5.060e+05 4.751e+05 4.601e+05 4.454e+05 4.240e+05 3.996e+05 3.887e+05 3.676e+05 3.527e+05 3.322e+05 3.189e+05 3.021e+05 2.873e+05 2.719e+05 2.589e+05 2.425e+05 2.357e+05 2.227e+05 2.128e+05 2.015e+05 1.868e+05 1.770e+05 1.694e+05 1.540e+05 1.466e+05 1.438e+05 1.365e+05 1.327e+05 1.252e+05 1.157e+05 1.066e+05 9.906e+04 9.865e+04 9.189e+04 8.682e+04 8.295e+04 7.614e+04 7.344e+04 7.034e+04 6.731e+04 6.312e+04 5.833e+04 5.622e+04 5.378e+04 5.013e+04 4.752e+04
12170.41 5.291e+05 5.022e+05 4.718e+05 4.621e+05 4.363e+05 4.252e+05 3.949e+05 3.666e+05 3.595e+05 3.358e+05 3.299e+05 3.118e+05 2.914e+05 2.851e+05 2.675e+05 2.553e+05 2.463e+05 2.329e+05 2.162e+05 2.091e+05 1.950e+05 1.772e+05 1.696e+05 1.612e+05 1.558e+05 1.515e+05 1.364e+05 1.310e+05 1.287e+05 1.187e+05 1.154e+05 1.100e+05 1.008e+05 9.557e+04 8.806e+04 8.287e+04 8.119e+04 7.712e+04 7.518e+04 6.910e+04 6.382e+04 6.101e+04 5.777e+04 5.320e+04 5.124e+04 4.797e+04 4.471e+04 3.828e+04 4.184e+04 3.937e+04
12360.89 4.800e+05 4.615e+05 4.454e+05 4.165e+05 3.979e+05 3.799e+05 3.609e+05 3.462e+05 3.324e+05 3.188e+05 3.001e+05 2.901e+05 2.724e+05 2.638e+05 2.562e+05 2.339e+05 2.257e+05 2.088e+05 1.947e+05 1.832e+05 1.781e+05 1.649e+05 1.626e+05 1.494e+05 1.368e+05 1.360e+05 1.241e+05 1.223e+05 1.160e+05 1.072e+05 1.053e+05 9.777e+04 9.256e+04 8.692e+04 8.133e+04 7.600e+04 7.165e+04 6.679e+04 6.641e+04 6.076e+04 5.806e+04 5.383e+04 5.236e+04 4.731e+04 4.523e+04 4.501e+04 3.984e+04 3.968e+04 3.483e+04 3.233e+04
12670.46 3.708e+05 3.521e+05 3.366e+05 3.189e+05 3.088e+05 2.953e+05 2.776e+05 2.633e+05 2.533e+05 2.444e+05 2.305e+05 2.189e+05 2.089e+05 1.975e+05 1.884e+05 1.811e+05 1.738e+05 1.645e+05 1.551e+05 1.490e+05 1.384e+05 1.339e+05 1.277e+05 1.158e+05 1.100e+05 1.082e+05 1.005e+05 9.818e+04 9.098e+04 8.714e+04 8.141e+04 7.814e+04 7.205e+04 6.831e+04 6.256e+04 6.283e+04 6.088e+04 5.656e+04 5.237e+04 4.863e+04 4.745e+04 4.382e+04 4.119e+04 4.068e+04 3.719e+04 3.351e+04 3.065e+04 2.876e+04 2.838e+04 2.703e+04
13075.34 2.747e+05 2.616e+05 2.517e+05 2.406e+05 2.273e+05 2.166e+05 2.077e+05 1.990e+05 1.901e+05 1.813e+05 1.699e+05 1.620e+05 1.565e+05 1.477e+05 1.400e+05 1.335e+05 1.283e+05 1.221e+05 1.148e+05 1.105e+05 1.032e+05 9.763e+04 9.377e+04 8.842e+04 8.604e+04 8.273e+04 7.583e+04 7.179e+04 6.906e+04 6.357e+04 6.303e+04 5.963e+04 6.166e+04 5.066e+04 5.008e+04 4.720e+04 4.707e+04 4.131e+04 4.007e+04 3.667e+04 3.845e+04 3.389e+04 3.121e+04 2.894e+04 2.724e+04 2.630e+04 2.518e+04 2.281e+04 2.202e+04 1.999e+04
13530.52 2.048e+05 1.974e+05 1.900e+05 1.807e+05 1.741e+05 1.643e+05 1.570e+05 1.492e+05 1.419e+05 1.353e+05 1.299e+05 1.240e+05 1.181e+05 1.115e+05 1.072e+05 1.034e+05 9.743e+04 9.205e+04 8.867e+04 8.455e+04 8.024e+04 7.394e+04 6.978e+04 6.789e+04 6.578e+04 6.181e+04 5.677e+04 5.401e+04 5.964e+04 5.018e+04 4.805e+04 4.651e+04 4.726e+04 3.925e+04 3.757e+04 3.973e+04 3.364e+04 3.340e+04 2.969e+04 3.264e+04 2.700e+04 2.957e+04 2.488e+04 2.532e+04 2.134e+04 1.959e+04 2.015e+04 1.869e+04 1.671e+04 1.712e+04
14012.75 1.572e+05 1.505e+05 1.433e+05 1.362e+05 1.302e+05 1.241e+05 1.192e+05 1.134e+05 1.091e+05 1.038e+05 9.847e+04 9.489e+04 9.048e+04 8.699e+04 8.050e+04 7.753e+04 7.428e+04 7.064e+04 6.836e+04 6.454e+04 6.483e+04 5.417e+04 5.361e+04 5.114e+04 5.634e+04 4.544e+04 4.443e+04 4.081e+04 4.488e+04 3.770e+04 3.600e+04 4.006e+04 3.137e+04 3.362e+04 2.893e+04 3.218e+04 2.554e+04 2.870e+04 2.176e+04 2.437e+04 1.870e+04 2.163e+04 1.752e+04 1.897e+04 1.528e+04 1.712e+04 1.379e+04 1.466e+04 1.541e+04 1.150e+04
14508.81 1.220e+05 1.172e+05 1.118e+05 1.065e+05 1.003e+05 9.518e+04 9.212e+04 8.789e+04 8.324e+04 7.998e+04 7.651e+04 7.223e+04 6.958e+04 6.624e+04 6.315e+04 5.879e+04 5.631e+04 5.858e+04 4.883e+04 4.754e+04 4.516e+04 4.376e+04 5.151e+04 4.024e+04 4.457e+04 3.573e+04 4.286e+04 3.207e+04 3.637e+04 2.914e+04 3.086e+04 2.595e+04 2.799e+04 2.193e+04 2.591e+04 2.059e+04 2.249e+04 1.801e+04 2.210e+04 1.666e+04 1.901e+04 1.497e+04 1.607e+04 1.702e+04 1.128e+04 1.350e+04 1.262e+04 1.122e+04 1.179e+04 1.040e+04
15002.30 1.028e+05 9.749e+04 9.443e+04 8.959e+04 8.476e+04 8.082e+04 7.778e+04 7.366e+04 7.123e+04 6.793e+04 7.150e+04 6.138e+04 5.939e+04 5.965e+04 5.147e+04 4.986e+04 4.784e+04 5.636e+04 4.380e+04 4.898e+04 3.973e+04 4.180e+04 3.422e+04 3.642e+04 2.961e+04 3.482e+04 2.811e+04 3.249e+04 2.533e+04 2.659e+04 2.201e+04 2.665e+04 1.929e+04 2.308e+04 1.813e+04 2.106e+04 1.628e+04 2.641e+04 2.016e+04 1.597e+04 1.591e+04 1.310e+04 1.333e+04 1.234e+04 1.020e+04 9.620e+03 1.212e+04 9.938e+03 9.380e+03 8.487e+03
15475.29 9.048e+04 8.691e+04 8.304e+04 7.999e+04 7.511e+04 7.109e+04 6.836e+04 6.616e+04 6.246e+04 6.032e+04 7.261e+04 5.486e+04 6.532e+04 4.983e+04 4.767e+04 5.491e+04 4.186e+04 5.346e+04 3.827e+04 4.586e+04 3.529e+04 4.441e+04 3.168e+04 3.717e+04 2.829e+04 3.530e+04 2.433e+04 3.047e+04 2.248e+04 2.467e+04 1.991e+04 2.576e+04 1.709e+04 2.075e+04 1.468e+04 1.806e+04 1.329e+04 1.636e+04 1.228e+04 1.487e+04 1.120e+04 1.288e+04 1.003e+04 1.108e+04 9.584e+03 9.480e+03 9.029e+03 1.005e+04 7.575e+03 7.539e+03
15923.68 7.796e+04 7.429e+04 7.191e+04 6.795e+04 6.455e+04 6.218e+04 6.021e+04 5.732e+04 5.483e+04 5.149e+04 5.003e+04 5.105e+04 4.398e+04 4.206e+04 3.984e+04 4.777e+04 3.705e+04 4.282e+04 3.349e+04 3.856e+04 2.967e+04 3.878e+04 2.652e+04 3.160e+04 2.459e+04 2.984e+04 2.089e+04 2.417e+04 1.978e+04 2.472e+04 1.787e+04 2.027e+04 1.565e+04 1.646e+04 1.401e+04 1.602e+04 1.233e+04 2.022e+04 1.575e+04 1.257e+04 1.158e+04 1.140e+04 9.221e+03 9.498e+03 9.494e+03 7.815e+03 7.820e+03 7.605e+03 6.890e+03 7.290e+03
16355.64 6.802e+04 6.514e+04 6.267e+04 6.038e+04 5.726e+04 5.516e+04 5.271e+04 4.987e+04 4.723e+04 4.591e+04 4.295e+04 4.196e+04 3.958e+04 3.823e+04 3.582e+04 3.406e+04 3.247e+04 3.120e+04 2.968e+04 3.437e+04 2.622e+04 2.645e+04 2.222e+04 2.217e+04 2.635e+04 2.013e+04 2.381e+04 1.902e+04 2.096e+04 1.707e+04 2.046e+04 1.514e+04 1.614e+04 1.351e+04 1.498e+04 1.237e+04 1.816e+04 1.411e+04 1.076e+04 1.613e+04 1.240e+04 9.647e+03 1.019e+04 9.382e+03 7.953e+03 8.181e+03 8.159e+03 7.956e+03 7.777e+03 7.671e+03
16776.27 6.444e+04 6.220e+04 6.003e+04 5.766e+04 5.418e+04 5.215e+04 4.852e+04 4.681e+04 4.521e+04 4.347e+04 4.095e+04 3.994e+04 3.773e+04 3.622e+04 3.472e+04 3.296e+04 3.058e+04 3.012e+04 2.859e+04 2.721e+04 2.550e+04 2.473e+04 2.355e+04 2.204e+04 2.114e+04 3.352e+04 2.279e+04 2.313e+04 1.693e+04 2.296e+04 1.838e+04 1.419e+04 1.616e+04 1.285e+04 1.439e+04 1.223e+04 1.340e+04 1.090e+04 1.306e+04 1.089e+04 1.104e+04 1.005e+04 8.833e+03 1.072e+04 8.924e+03 5.807e+03 5.495e+03 5.237e+03 4.556e+03 5.199e+03
17183.14 6.349e+04 6.119e+04 5.894e+04 5.659e+04 5.393e+04 5.159e+04 4.923e+04 4.683e+04 4.507e+04 4.290e+04 4.118e+04 3.957e+04 3.801e+04 3.553e+04 3.352e+04 3.223e+04 3.053e+04 2.961e+04 2.905e+04 2.698e+04 2.642e+04 2.472e+04 2.394e+04 2.225e+04 2.201e+04 2.072e+04 1.951e+04 1.784e+04 1.931e+04 1.714e+04 1.771e+04 1.519e+04 1.594e+04 1.396e+04 2.007e+04 1.403e+04 1.367e+04 1.119e+04 1.389e+04 1.058e+04 9.879e+03 9.353e+03 8.464e+03 7.344e+03 7.178e+03 7.203e+03 5.517e+03 5.653e+03 5.718e+03 5.524e+03
17580.45 6.035e+04 5.801e+04 5.581e+04 5.376e+04 5.191e+04 4.883e+04 4.658e+04 4.458e+04 4.280e+04 4.117e+04 3.949e+04 3.714e+04 3.538e+04 3.397e+04 3.299e+04 3.097e+04 2.945e+04 2.832e+04 2.742e+04 2.613e+04 2.482e+04 2.364e+04 2.273e+04 2.166e+04 2.074e+04 1.786e+04 1.766e+04 1.770e+04 1.729e+04 1.615e+04 1.532e+04 1.327e+04 1.369e+04 1.378e+04 1.286e+04 1.217e+04 1.238e+04 1.006e+04 9.885e+03 8.870e+03 9.637e+03 8.802e+03 8.338e+03 8.195e+03 6.840e+03 7.337e+03 7.392e+03 6.325e+03 5.534e+03 5.875e+03
17990.34 5.339e+04 5.126e+04 5.009e+04 4.785e+04 4.575e+04 4.352e+04 4.129e+04 3.899e+04 3.870e+04 3.664e+04 3.475e+04 3.318e+04 3.101e+04 2.955e+04 2.912e+04 2.796e+04 2.644e+04 2.504e+04 2.395e+04 2.272e+04 2.196e+04 2.095e+04 2.043e+04 1.944e+04 1.852e+04 1.778e+04 1.696e+04 1.615e+04 1.523e+04 1.421e+04 1.256e+04 1.291e+04 1.240e+04 1.213e+04 1.130e+04 1.055e+04 9.794e+03 9.938e+03 9.354e+03 8.455e+03 8.202e+03 6.580e+03 6.941e+03 7.692e+03 6.241e+03 5.428e+03 5.558e+03 4.439e+03 4.617e+03 4.054e+03
18458.06 4.674e+04 4.454e+04 4.243e+04 4.079e+04 3.869e+04 3.689e+04 3.551e+04 3.421e+04 3.274e+04 3.114e+04 3.034e+04 2.858e+04 2.747e+04 2.639e+04 2.505e+04 2.410e+04 2.310e+04 2.195e+04 2.089e+04 1.967e+04 1.910e+04 1.837e+04 1.758e+04 1.695e+04 1.624e+04 1.565e+04 1.491e+04 1.430e+04 1.310e+04 1.260e+04 1.250e+04 1.169e+04 1.073e+04 1.065e+04 1.043e+04 9.872e+03 9.102e+03 8.713e+03 8.342e+03 7.036e+03 6.648e+03 6.869e+03 6.702e+03 6.254e+03 5.848e+03 5.484e+03 4.826e+03 4.977e+03 4.403e+03 4.244e+03
19084.69 3.775e+04 3.587e+04 3.420e+04 3.285e+04 3.159e+04 3.014e+04 2.901e+04 2.701e+04 2.624e+04 2.526e+04 2.428e+04 2.313e+04 2.257e+04 2.164e+04 1.990e+04 1.982e+04 1.862e+04 1.767e+04 1.648e+04 1.586e+04 1.542e+04 1.465e+04 1.398e+04 1.375e+04 1.272e+04 1.185e+04 1.167e+04 1.124e+04 1.082e+04 1.048e+04 9.844e+03 9.318e+03 8.942e+03 8.534e+03 8.207e+03 7.800e+03 7.460e+03 6.596e+03 6.187e+03 5.962e+03 5.609e+03 5.252e+03 5.435e+03 5.285e+03 5.246e+03 4.779e+03 4.499e+03 4.364e+03 4.305e+03 3.078e+03
19999.79 2.286e+04 2.199e+04 2.047e+04 1.947e+04 1.875e+04 1.781e+04 1.749e+04 1.686e+04 1.574e+04 1.508e+04 1.465e+04 1.432e+04 1.329e+04 1.256e+04 1.208e+04 1.163e+04 1.074e+04 1.028e+04 1.012e+04 9.743e+03 9.216e+03 8.844e+03 8.474e+03 8.168e+03 7.560e+03 7.262e+03 6.914e+03 6.703e+03 6.244e+03 6.096e+03 5.845e+03 5.574e+03 5.180e+03 5.225e+03 4.755e+03 4.486e+03 4.163e+03 4.176e+03 3.900e+03 3.733e+03 3.663e+03 3.497e+03 3.378e+03 3.407e+03 3.133e+03 2.849e+03 2.701e+03 2.601e+03 2.404e+03 2.402e+03
21193.46 1.071e+04 1.029e+04 1.000e+04 9.847e+03 8.987e+03 8.903e+03 8.537e+03 7.985e+03 7.667e+03 7.239e+03 6.801e+03 6.815e+03 6.055e+03 6.026e+03 5.677e+03 5.454e+03 5.630e+03 5.354e+03 5.069e+03 4.489e+03 4.477e+03 4.099e+03 3.959e+03 4.141e+03 3.724e+03 3.594e+03 3.355e+03 3.192e+03 3.304e+03 3.042e+03 2.829e+03 2.660e+03 2.625e+03 2.405e+03 2.315e+03 2.477e+03 2.129e+03 2.052e+03 1.908e+03 1.777e+03 1.678e+03 1.804e+03 1.787e+03 1.479e+03 1.416e+03 1.338e+03 1.343e+03 1.249e+03 1.229e+03 1.126e+03
22528.72 5.749e+03 5.531e+03 5.312e+03 5.260e+03 5.049e+03 4.763e+03 4.597e+03 4.058e+03 4.140e+03 3.986e+03 4.101e+03 4.234e+03 3.478e+03 3.263e+03 3.189e+03 3.408e+03 2.805e+03 2.997e+03 2.733e+03 2.425e+03 2.295e+03 2.371e+03 2.156e+03 2.206e+03 2.322e+03 1.974e+03 1.829e+03 1.706e+03 1.559e+03 1.585e+03 1.547e+03 1.443e+03 1.411e+03 1.234e+03 1.314e+03 1.150e+03 1.087e+03 1.011e+03 1.145e+03 1.120e+03 1.013e+03 1.045e+03 8.962e+02 7.568e+02 7.636e+02 7.862e+02 6.580e+02 6.333e+02 5.868e+02 5.825e+02
23943.32 3.443e+03 2.985e+03 3.032e+03 3.125e+03 2.959e+03 2.770e+03 2.475e+03 2.383e+03 2.485e+03 2.415e+03 2.241e+03 2.208e+03 1.943e+03 2.016e+03 2.002e+03 1.741e+03 1.737e+03 1.644e+03 1.492e+03 1.322e+03 1.215e+03 1.290e+03 1.255e+03 1.229e+03 1.150e+03 1.085e+03 9.211e+02 8.862e+02 8.464e+02 8.018e+02 8.078e+02 7.230e+02 8.019e+02 6.621e+02 6.359e+02 6.185e+02 6.122e+02 5.434e+02 5.798e+02 5.616e+02 5.472e+02 5.317e+02 5.377e+02 5.110e+02 4.812e+02 3.970e+02 3.524e+02 4.444e+02 3.534e+02 3.436e+02
25446.74 2.078e+03 1.946e+03 1.914e+03 1.861e+03 1.865e+03 1.730e+03 1.417e+03 1.369e+03 1.327e+03 1.406e+03 1.365e+03 1.260e+03 1.072e+03 1.035e+03 1.144e+03 9.640e+02 1.104e+03 1.053e+03 8.662e+02 7.708e+02 7.485e+02 7.828e+02 6.765e+02 7.274e+02 7.025e+02 5.881e+02 5.982e+02 6.388e+02 6.062e+02 4.896e+02 4.977e+02 5.236e+02 4.378e+02 4.015e+02 3.860e+02 3.634e+02 3.501e+02 3.304e+02 3.167e+02 3.309e+02 3.253e+02 3.131e+02 3.493e+02 3.002e+02 2.732e+02 2.628e+02 2.603e+02 2.054e+02 2.238e+02 2.243e+02
27044.57 1.217e+03 1.141e+03 1.093e+03 1.017e+03 9.801e+02 8.390e+02 8.160e+02 7.895e+02 7.849e+02 8.152e+02 7.244e+02 7.210e+02 7.028e+02 6.510e+02 6.949e+02 6.304e+02 6.043e+02 5.365e+02 4.627e+02 4.500e+02 4.339e+02 4.069e+02 4.275e+02 4.112e+02 3.530e+02 3.400e+02 3.790e+02 3.800e+02 3.577e+02 3.185e+02 3.066e+02 2.623e+02 2.385e+02 2.308e+02 2.479e+02 2.428e+02 2.312e+02 2.046e+02 1.778e+02 1.710e+02 1.612e+02 1.549e+02 1.713e+02 1.888e+02 1.784e+02 1.533e+02 1.454e+02 1.235e+02 1.221e+02 1.272e+02
28744.18 5.420e+02 5.669e+02 4.982e+02 4.898e+02 4.509e+02 4.332e+02 4.144e+02 3.961e+02 4.317e+02 3.556e+02 3.449e+02 3.301e+02 3.286e+02 3.032e+02 2.881e+02 2.748e+02 2.623e+02 2.529e+02 2.394e+02 2.282e+02 2.177e+02 2.076e+02 1.981e+02 1.889e+02 1.801e+02 1.717e+02 1.841e+02 1.755e+02 1.469e+02 1.413e+02 1.422e+02 1.287e+02 1.208e+02 1.216e+02 1.169e+02 1.030e+02 9.966e+01 9.384e+01 1.050e+02 8.544e+01 8.056e+01 9.230e+01 9.045e+01 8.741e+01 6.542e+01 7.317e+01 7.515e+01 7.344e+01 8.360e+01 1.115e+02
30520.16 2.888e+02 2.818e+02 2.766e+02 2.513e+02 2.409e+02 2.304e+02 2.202e+02 2.105e+02 2.162e+02 2.233e+02 1.814e+02 1.752e+02 1.675e+02 1.632e+02 1.531e+02 1.459e+02 1.392e+02 1.400e+02 1.254e+02 1.208e+02 1.154e+02 1.101e+02 1.050e+02 1.078e+02 9.410e+01 9.077e+01 8.663e+01 9.061e+01 7.735e+01 8.242e+01 7.006e+01 6.771e+01 6.458e+01 6.148e+01 5.849e+01 5.565e+01 5.291e+01 5.525e+01 5.329e+01 5.232e+01 4.289e+01 4.094e+01 4.622e+01 4.713e+01 4.565e+01 4.030e+01 4.586e+01 4.406e+01 4.209e+01 4.122e+01
32243.50 1.885e+02 1.799e+02 1.786e+02 1.695e+02 1.576e+02 1.502e+02 1.436e+02 1.372e+02 1.311e+02 1.426e+02 1.187e+02 1.142e+02 1.092e+02 1.042e+02 9.953e+01 9.501e+01 9.069e+01 8.967e+01 8.592e+01 7.848e+01 7.511e+01 7.165e+01 6.833e+01 6.905e+01 6.550e+01 5.855e+01 5.632e+01 5.420e+01 5.123e+01 5.153e+01 5.024e+01 4.353e+01 4.196e+01 3.999e+01 3.806e+01 3.620e+01 3.443e+01 3.628e+01 3.512e+01 3.359e+01 3.075e+01 2.615e+01 2.527e+01 2.407e+01 2.640e+01 3.202e+01 2.858e+01 2.863e+01 2.754e+01 2.611e+01
33773.01 1.329e+02 1.271e+02 1.238e+02 1.188e+02 1.112e+02 1.061e+02 1.014e+02 9.692e+01 9.263e+01 8.850e+01 8.452e+01 8.074e+01 7.709e+01 7.361e+01 7.027e+01 6.709e+01 6.403e+01 6.110e+01 6.029e+01 5.577e+01 5.305e+01 5.058e+01 4.823e+01 4.599e+01 4.642e+01 4.162e+01 3.979e+01 3.793e+01 3.613e+01 3.441e+01 3.504e+01 3.301e+01 2.934e+01 2.821e+01 2.688e+01 2.558e+01 2.433e+01 2.314e+01 2.200e+01 2.316e+01 2.227e+01 1.853e+01 1.790e+01 2.287e+01 1.920e+01 1.878e+01 1.912e+01 1.960e+01 1.919e+01 1.803e+01
35108.48 8.694e+01 8.319e+01 7.956e+01 7.714e+01 7.276e+01 6.950e+01 6.640e+01 6.345e+01 6.063e+01 5.793e+01 5.534e+01 5.286e+01 5.048e+01 4.820e+01 4.601e+01 4.393e+01 4.193e+01 4.001e+01 3.904e+01 3.735e+01 3.481e+01 3.315e+01 3.160e+01 3.014e+01 2.894e+01 2.859e+01 2.619e+01 2.488e+01 2.370e+01 2.258e+01 2.151e+01 2.165e+01 1.942e+01 1.856e+01 2.047e+01 1.661e+01 1.598e+01 1.522e+01 1.448e+01 1.466e+01 1.432e+01 1.333e+01 1.168e+01 1.494e+01 1.464e+01 1.392e+01 1.292e+01 1.238e+01 1.231e+01 1.203e+01
36326.30 5.422e+01 5.184e+01 4.958e+01 4.768e+01 4.533e+01 4.333e+01 4.141e+01 3.957e+01 3.782e+01 3.613e+01 3.452e+01 3.298e+01 3.150e+01 3.008e+01 2.872e+01 2.743e+01 2.618e+01 2.499e+01 2.433e+01 2.323e+01 2.174e+01 2.072e+01 1.977e+01 1.885e+01 1.798e+01 1.763e+01 1.677e+01 1.561e+01 1.485e+01 1.665e+01 1.603e+01 1.513e+01 1.269e+01 1.169e+01 1.320e+01 1.110e+01 1.054e+01 9.551e+00 9.119e+00 8.681e+00 8.791e+00 1.013e+01 9.201e+00 8.812e+00 8.268e+00 8.528e+00 7.203e+00 7.057e+00 7.033e+00 7.314e+00
37486.70 3.377e+01 3.230e+01 3.089e+01 2.964e+01 2.843e+01 2.702e+01 2.582e+01 2.468e+01 2.359e+01 2.255e+01 2.155e+01 2.059e+01 1.967e+01 1.879e+01 1.795e+01 1.714e+01 1.637e+01 1.563e+01 1.510e+01 1.444e+01 1.360e+01 1.298e+01 1.238e+01 1.181e+01 1.127e+01 1.075e+01 1.045e+01 9.791e+00 1.107e+01 1.048e+01 8.434e+00 9.280e+00 8.996e+00 7.298e+00 7.381e+00 7.743e+00 6.585e+00 6.267e+00 5.774e+00 5.486e+00 5.415e+00 6.158e+00 5.759e+00 5.545e+00 4.233e+00 4.072e+00 4.997e+00 4.616e+00 4.429e+00 4.479e+00
38628.25 2.178e+01 2.082e+01 1.992e+01 1.905e+01 1.827e+01 1.743e+01 1.666e+01 1.593e+01 1.523e+01 1.456e+01 1.392e+01 1.330e+01 1.271e+01 1.215e+01 1.161e+01 1.109e+01 1.059e+01 1.012e+01 9.712e+00 9.292e+00 8.896e+00 8.416e+00 8.032e+00 7.666e+00 7.318e+00 6.984e+00 6.743e+00 6.431e+00 6.069e+00 5.787e+00 5.520e+00 5.265e+00 5.450e+00 5.486e+00 4.562e+00 4.974e+00 4.127e+00 4.038e+00 3.869e+00 3.593e+00 4.066e+00 3.948e+00 3.758e+00 3.554e+00 2.788e+00 2.674e+00 3.157e+00 3.044e+00 2.853e+00 2.817e+00
39768.62 1.435e+01 1.373e+01 1.313e+01 1.257e+01 1.202e+01 1.150e+01 1.100e+01 1.052e+01 1.006e+01 9.616e+00 9.195e+00 8.791e+00 8.404e+00 8.033e+00 7.677e+00 7.337e+00 7.012e+00 6.700e+00 6.401e+00 6.140e+00 5.880e+00 5.580e+00 5.329e+00 5.089e+00 4.859e+00 4.639e+00 4.429e+00 4.261e+00 4.036e+00 3.851e+00 3.675e+00 3.507e+00 3.365e+00 3.515e+00 3.410e+00 3.111e+00 3.110e+00 2.639e+00 2.558e+00 2.810e+00 2.626e+00 2.560e+00 2.459e+00 2.376e+00 2.183e+00 1.786e+00 1.887e+00 1.965e+00 1.922e+00 1.813e+00
40915.31 9.520e+00 9.094e+00 8.703e+00 8.327e+00 7.982e+00 7.638e+00 7.309e+00 6.992e+00 6.689e+00 6.397e+00 6.119e+00 5.852e+00 5.596e+00 5.351e+00 5.116e+00 4.891e+00 4.675e+00 4.470e+00 4.272e+00 4.090e+00 3.909e+00 3.728e+00 3.562e+00 3.403e+00 3.251e+00 3.105e+00 2.966e+00 2.845e+00 2.705e+00 2.582e+00 2.465e+00 2.354e+00 2.247e+00 2.160e+00 2.258e+00 2.119e+00 2.065e+00 1.783e+00 1.696e+00 1.853e+00 1.763e+00 1.662e+00 1.627e+00 1.535e+00 1.494e+00 1.209e+00 1.157e+00 1.304e+00 1.097e+00 1.189e+00
42074.51 6.341e+00 6.070e+00 5.803e+00 5.554e+00 5.315e+00 5.095e+00 4.867e+00 4.657e+00 4.456e+00 4.263e+00 4.078e+00 3.901e+00 3.731e+00 3.569e+00 3.413e+00 3.264e+00 3.121e+00 2.985e+00 2.853e+00 2.728e+00 2.617e+00 2.501e+00 2.389e+00 2.283e+00 2.182e+00 2.085e+00 1.993e+00 1.908e+00 1.823e+00 1.738e+00 1.660e+00 1.585e+00 1.514e+00 1.451e+00 1.389e+00 1.438e+00 1.355e+00 1.305e+00 1.250e+00 1.201e+00 1.176e+00 1.104e+00 1.079e+00 1.007e+00 9.895e-01 9.068e-01 7.880e-01 8.520e-01 8.105e-01 7.754e-01
43252.44 4.231e+00 4.053e+00 3.877e+00 3.712e+00 3.553e+00 3.403e+00 3.255e+00 3.115e+00 2.981e+00 2.853e+00 2.730e+00 2.612e+00 2.499e+00 2.391e+00 2.288e+00 2.188e+00 2.093e+00 2.002e+00 1.915e+00 1.831e+00 1.755e+00 1.678e+00 1.605e+00 1.535e+00 1.467e+00 1.403e+00 1.341e+00 1.282e+00 1.226e+00 1.171e+00 1.119e+00 1.069e+00 1.021e+00 9.759e-01 9.347e-01 9.485e-01 9.111e-01 8.882e-01 8.440e-01 7.977e-01 7.795e-01 7.424e-01 7.082e-01 6.834e-01 6.515e-01 6.274e-01 5.355e-01 5.093e-01 5.506e-01 4.648e-01
44454.05 2.828e+00 2.709e+00 2.593e+00 2.482e+00 2.376e+00 2.276e+00 2.179e+00 2.085e+00 1.996e+00 1.910e+00 1.828e+00 1.750e+00 1.675e+00 1.603e+00 1.534e+00 1.468e+00 1.404e+00 1.344e+00 1.286e+00 1.230e+00 1.178e+00 1.127e+00 1.078e+00 1.030e+00 9.848e-01 9.418e-01 9.006e-01 8.611e-01 8.251e-01 7.890e-01 7.543e-01 7.211e-01 6.893e-01 6.588e-01 6.302e-01 6.017e-01 6.169e-01 5.888e-01 5.600e-01 5.338e-01 5.127e-01 4.978e-01 4.680e-01 4.563e-01 4.290e-01 4.172e-01 3.952e-01 3.469e-01 3.665e-01 3.283e-01
45683.04 1.890e+00 1.810e+00 1.734e+00 1.660e+00 1.589e+00 1.522e+00 1.458e+00 1.395e+00 1.336e+00 1.279e+00 1.224e+00 1.172e+00 1.122e+00 1.074e+00 1.028e+00 9.839e-01 9.417e-01 9.013e-01 8.626e-01 8.255e-01 7.899e-01 7.565e-01 7.239e-01 6.919e-01 6.620e-01 6.333e-01 6.058e-01 5.795e-01 5.543e-01 5.310e-01 5.070e-01 4.848e-01 4.636e-01 4.433e-01 4.245e-01 4.278e-01 4.053e-01 3.929e-01 3.767e-01 3.570e-01 3.421e-01 3.305e-01 3.153e-01 3.036e-01 2.874e-01 2.785e-01 2.647e-01 2.401e-01 2.246e-01 2.342e-01
46941.68 1.263e+00 1.210e+00 1.159e+00 1.110e+00 1.063e+00 1.018e+00 9.747e-01 9.332e-01 8.936e-01 8.557e-01 8.193e-01 7.845e-01 7.511e-01 7.192e-01 6.885e-01 6.592e-01 6.310e-01 6.041e-01 5.783e-01 5.535e-01 5.298e-01 5.074e-01 4.856e-01 4.645e-01 4.446e-01 4.254e-01 4.071e-01 3.896e-01 3.727e-01 3.570e-01 3.415e-01 3.264e-01 3.122e-01 2.987e-01 2.964e-01 2.853e-01 2.714e-01 2.621e-01 2.508e-01 2.354e-01 2.278e-01 2.200e-01 2.113e-01 2.004e-01 1.934e-01 1.848e-01 1.769e-01 1.693e-01 1.523e-01 1.562e-01
48230.81 8.444e-01 8.087e-01 7.747e-01 7.420e-01 7.106e-01 6.805e-01 6.519e-01 6.243e-01 5.978e-01 5.725e-01 5.483e-01 5.250e-01 5.028e-01 4.814e-01 4.610e-01 4.414e-01 4.227e-01 4.047e-01 3.875e-01 3.710e-01 3.552e-01 3.400e-01 3.256e-01 3.117e-01 2.983e-01 2.855e-01 2.733e-01 2.616e-01 2.504e-01 2.396e-01 2.295e-01 2.195e-01 2.100e-01 2.064e-01 1.973e-01 1.899e-01 1.821e-01 1.722e-01 1.674e-01 1.602e-01 1.525e-01 1.462e-01 1.407e-01 1.338e-01 1.293e-01 1.195e-01 1.186e-01 1.128e-01 1.067e-01 1.031e-01
49550.29 5.647e-01 5.410e-01 5.182e-01 4.964e-01 4.754e-01 4.554e-01 4.361e-01 4.179e-01 4.001e-01 3.832e-01 3.670e-01 3.515e-01 3.367e-01 3.224e-01 3.088e-01 2.957e-01 2.832e-01 2.712e-01 2.597e-01 2.487e-01 2.381e-01 2.280e-01 2.184e-01 2.091e-01 2.001e-01 1.916e-01 1.835e-01 1.756e-01 1.681e-01 1.610e-01 1.541e-01 1.475e-01 1.440e-01 1.379e-01 1.295e-01 1.266e-01 1.217e-01 1.135e-01 1.117e-01 1.070e-01 1.020e-01 9.760e-02 9.378e-02 8.985e-02 8.472e-02 8.255e-02 7.919e-02 7.370e-02 7.242e-02 6.662e-02
50899.37 3.782e-01 3.622e-01 3.470e-01 3.324e-01 3.184e-01 3.050e-01 2.922e-01 2.799e-01 2.681e-01 2.568e-01 2.459e-01 2.356e-01 2.256e-01 2.161e-01 2.070e-01 1.982e-01 1.899e-01 1.818e-01 1.742e-01 1.668e-01 1.597e-01 1.530e-01 1.465e-01 1.403e-01 1.344e-01 1.286e-01 1.232e-01 1.180e-01 1.129e-01 1.081e-01 1.051e-01 1.008e-01 9.634e-02 9.122e-02 8.838e-02 8.453e-02 8.132e-02 7.767e-02 7.311e-02 7.100e-02 6.851e-02 6.541e-02 6.269e-02 6.011e-02 5.747e-02 5.525e-02 5.234e-02 5.067e-02 4.833e-02 7.159e-02
52276.86 2.537e-01 2.430e-01 2.328e-01 2.230e-01 2.137e-01 2.047e-01 1.961e-01 1.878e-01 1.799e-01 1.723e-01 1.651e-01 1.581e-01 1.515e-01 1.451e-01 1.390e-01 1.331e-01 1.275e-01 1.221e-01 1.170e-01 1.120e-01 1.073e-01 1.028e-01 9.844e-02 9.429e-02 9.030e-02 8.648e-02 8.282e-02 7.932e-02 7.596e-02 7.347e-02 7.042e-02 6.752e-02 6.403e-02 6.187e-02 5.860e-02 5.607e-02 5.442e-02 5.222e-02 4.925e-02 4.783e-02 4.592e-02 4.388e-02 4.202e-02 4.031e-02 3.861e-02 3.695e-02 3.543e-02 3.399e-02 4.902e-02 4.919e-02
53681.16 1.706e-01 1.635e-01 1.566e-01 1.500e-01 1.437e-01 1.377e-01 1.319e-01 1.263e-01 1.210e-01 1.159e-01 1.111e-01 1.064e-01 1.019e-01 9.763e-02 9.352e-02 8.959e-02 8.581e-02 8.220e-02 7.874e-02 7.542e-02 7.225e-02 6.920e-02 6.628e-02 6.349e-02 6.081e-02 5.825e-02 5.579e-02 5.384e-02 5.153e-02 4.933e-02 4.724e-02 4.537e-02 4.344e-02 4.160e-02 3.951e-02 3.782e-02 3.652e-02 3.509e-02 3.355e-02 3.181e-02 3.079e-02 2.955e-02 2.827e-02 2.710e-02 2.595e-02 2.485e-02 2.385e-02 3.543e-02 3.457e-02 3.430e-02
55110.21 1.151e-01 1.103e-01 1.057e-01 1.012e-01 9.698e-02 9.291e-02 8.901e-02 8.527e-02 8.169e-02 7.827e-02 7.497e-02 7.182e-02 6.880e-02 6.591e-02 6.314e-02 6.048e-02 5.794e-02 5.550e-02 5.317e-02 5.093e-02 4.879e-02 4.674e-02 4.477e-02 4.289e-02 4.108e-02 3.935e-02 3.769e-02 3.632e-02 3.479e-02 3.313e-02 3.191e-02 3.059e-02 2.931e-02 2.796e-02 2.688e-02 2.558e-02 2.449e-02 2.365e-02 2.267e-02 2.152e-02 2.078e-02 1.994e-02 1.907e-02 1.828e-02 1.751e-02 1.678e-02 2.499e-02 2.433e-02 2.413e-02 2.412e-02
56561.17 7.798e-02 7.471e-02 7.157e-02 6.857e-02 6.569e-02 6.294e-02 6.029e-02 5.776e-02 5.534e-02 5.302e-02 5.079e-02 4.866e-02 4.661e-02 4.466e-02 4.278e-02 4.098e-02 3.926e-02 3.761e-02 3.603e-02 3.452e-02 3.307e-02 3.168e-02 3.034e-02 2.907e-02 2.785e-02 2.678e-02 2.563e-02 2.458e-02 2.355e-02 2.255e-02 2.160e-02 2.069e-02 1.985e-02 1.900e-02 1.820e-02 1.735e-02 1.662e-02 1.599e-02 1.534e-02 1.469e-02 1.399e-02 1.349e-02 1.293e-02 1.237e-02 1.186e-02 1.764e-02 1.723e-02 1.708e-02 1.707e-02 1.707e-02
58030.00 5.310e-02 5.087e-02 4.874e-02 4.669e-02 4.474e-02 4.286e-02 4.106e-02 3.934e-02 3.769e-02 3.611e-02 3.459e-02 3.314e-02 3.175e-02 3.041e-02 2.914e-02 2.791e-02 2.674e-02 2.562e-02 2.454e-02 2.351e-02 2.253e-02 2.158e-02 2.067e-02 1.980e-02 1.902e-02 1.823e-02 1.746e-02 1.672e-02 1.603e-02 1.536e-02 1.466e-02 1.409e-02 1.351e-02 1.294e-02 1.237e-02 1.187e-02 1.133e-02 1.085e-02 1.044e-02 1.001e-02 9.536e-03 9.179e-03 8.804e-03 8.382e-03 1.253e-02 1.211e-02 1.200e-02 1.200e-02 1.200e-02 1.200e-02
59510.42 3.637e-02 3.485e-02 3.339e-02 3.198e-02 3.064e-02 2.936e-02 2.813e-02 2.695e-02 2.582e-02 2.473e-02 2.370e-02 2.270e-02 2.175e-02 2.084e-02 1.996e-02 1.912e-02 1.832e-02 1.755e-02 1.682e-02 1.611e-02 1.543e-02 1.479e-02 1.417e-02 1.360e-02 1.300e-02 1.248e-02 1.196e-02 1.145e-02 1.098e-02 1.052e-02 1.007e-02 9.649e-03 9.245e-03 8.862e-03 8.487e-03 8.132e-03 7.767e-03 7.440e-03 7.145e-03 6.854e-03 6.564e-03 6.264e-03 6.027e-03 8.981e-03 8.736e-03 8.657e-03 8.655e-03 8.654e-03 8.652e-03 8.650e-03
60993.45 2.514e-02 2.409e-02 2.308e-02 2.211e-02 2.118e-02 2.029e-02 1.944e-02 1.863e-02 1.784e-02 1.710e-02 1.638e-02 1.569e-02 1.503e-02 1.440e-02 1.380e-02 1.322e-02 1.267e-02 1.213e-02 1.163e-02 1.114e-02 1.069e-02 1.024e-02 9.794e-03 9.396e-03 9.001e-03 8.624e-03 8.265e-03 7.918e-03 7.585e-03 7.269e-03 6.964e-03 6.658e-03 6.391e-03 6.124e-03 5.867e-03 5.615e-03 5.384e-03 5.146e-03 4.930e-03 4.736e-03 4.538e-03 4.337e-03 6.468e-03 6.316e-03 6.259e-03 6.258e-03 6.256e-03 6.255e-03 6.254e-03 6.253e-03
62466.44 1.755e-02 1.682e-02 1.611e-02 1.544e-02 1.479e-02 1.417e-02 1.358e-02 1.301e-02 1.246e-02 1.194e-02 1.144e-02 1.096e-02 1.050e-02 1.006e-02 9.637e-03 9.233e-03 8.845e-03 8.474e-03 8.119e-03 7.778e-03 7.461e-03 7.147e-03 6.840e-03 6.553e-03 6.286e-03 6.015e-03 5.770e-03 5.528e-03 5.291e-03 5.074e-03 4.862e-03 4.655e-03 4.455e-03 4.273e-03 4.096e-03 3.924e-03 3.760e-03 3.595e-03 3.444e-03 3.304e-03 3.168e-03 4.719e-03 4.590e-03 4.548e-03 4.547e-03 4.546e-03 4.545e-03 4.544e-03 4.543e-03 4.542e-03
63912.69 1.245e-02 1.192e-02 1.142e-02 1.095e-02 1.049e-02 1.005e-02 9.626e-03 9.222e-03 8.836e-03 8.465e-03 8.110e-03 7.770e-03 7.444e-03 7.132e-03 6.833e-03 6.547e-03 6.272e-03 6.009e-03 5.761e-03 5.519e-03 5.288e-03 5.067e-03 4.854e-03 4.647e-03 4.456e-03 4.267e-03 4.090e-03 3.919e-03 3.755e-03 3.597e-03 3.447e-03 3.302e-03 3.160e-03 3.027e-03 2.904e-03 2.782e-03 2.664e-03 2.554e-03 2.443e-03 2.340e-03 3.491e-03 3.407e-03 3.376e-03 3.374e-03 3.374e-03 3.373e-03 3.372e-03 3.372e-03 3.371e-03 3.371e-03
65311.62 8.979e-03 8.603e-03 8.242e-03 7.896e-03 7.565e-03 7.248e-03 6.944e-03 6.653e-03 6.374e-03 6.107e-03 5.851e-03 5.606e-03 5.371e-03 5.146e-03 4.930e-03 4.723e-03 4.525e-03 4.338e-03 4.156e-03 3.982e-03 3.815e-03 3.655e-03 3.502e-03 3.353e-03 3.213e-03 3.080e-03 2.949e-03 2.827e-03 2.709e-03 2.594e-03 2.486e-03 2.382e-03 2.280e-03 2.184e-03 2.094e-03 2.007e-03 1.923e-03 1.842e-03 1.763e-03 1.689e-03 2.497e-03 2.438e-03 2.435e-03 2.435e-03 2.434e-03 2.434e-03 2.433e-03 2.433e-03 2.432e-03 2.432e-03
66639.26 6.634e-03 6.356e-03 6.090e-03 5.835e-03 5.590e-03 5.356e-03 5.131e-03 4.916e-03 4.710e-03 4.513e-03 4.323e-03 4.142e-03 3.969e-03 3.802e-03 3.643e-03 3.492e-03 3.345e-03 3.205e-03 3.071e-03 2.942e-03 2.818e-03 2.701e-03 2.587e-03 2.479e-03 2.374e-03 2.276e-03 2.179e-03 2.089e-03 2.001e-03 1.917e-03 1.837e-03 1.760e-03 1.686e-03 1.614e-03 1.547e-03 1.483e-03 1.421e-03 1.361e-03 1.304e-03 1.927e-03 1.880e-03 1.876e-03 1.875e-03 1.875e-03 1.875e-03 1.874e-03 1.874e-03 1.874e-03 1.873e-03 1.873e-03
67870.77 5.032e-03 4.821e-03 4.619e-03 4.426e-03 4.240e-03 4.062e-03 3.892e-03 3.729e-03 3.573e-03 3.423e-03 3.279e-03 3.142e-03 3.010e-03 2.884e-03 2.764e-03 2.648e-03 2.537e-03 2.431e-03 2.329e-03 2.231e-03 2.138e-03 2.048e-03 1.963e-03 1.880e-03 1.801e-03 1.726e-03 1.654e-03 1.584e-03 1.518e-03 1.454e-03 1.393e-03 1.335e-03 1.279e-03 1.225e-03 1.173e-03 1.125e-03 1.078e-03 1.032e-03 1.530e-03 1.491e-03 1.486e-03 1.485e-03 1.485e-03 1.485e-03 1.484e-03 1.484e-03 1.484e-03 1.484e-03 1.483e-03 1.483e-03
68864.47 3.942e-03 3.777e-03 3.619e-03 3.467e-03 3.322e-03 3.182e-03 3.049e-03 2.921e-03 2.799e-03 2.681e-03 2.569e-03 2.461e-03 2.358e-03 2.260e-03 2.165e-03 2.075e-03 1.988e-03 1.904e-03 1.824e-03 1.748e-03 1.675e-03 1.604e-03 1.537e-03 1.473e-03 1.411e-03 1.351e-03 1.295e-03 1.241e-03 1.189e-03 1.139e-03 1.091e-03 1.046e-03 1.002e-03 9.596e-04 9.191e-04 8.806e-04 8.442e-04 1.254e-03 1.224e-03 1.216e-03 1.216e-03 1.216e-03 1.215e-03 1.215e-03 1.215e-03 1.215e-03 1.215e-03 1.214e-03 1.214e-03 1.214e-03
69459.55 3.533e-03 3.385e-03 3.243e-03 3.107e-03 2.977e-03 2.852e-03 2.733e-03 2.618e-03 2.508e-03 2.403e-03 2.303e-03 2.206e-03 2.114e-03 2.026e-03 1.941e-03 1.859e-03 1.781e-03 1.707e-03 1.635e-03 1.567e-03 1.501e-03 1.438e-03 1.378e-03 1.320e-03 1.265e-03 1.211e-03 1.161e-03 1.112e-03 1.066e-03 1.021e-03 9.778e-04 9.372e-04 8.980e-04 8.603e-04 8.238e-04 7.893e-04 7.566e-04 1.120e-03 1.094e-03 1.090e-03 1.090e-03 1.089e-03 1.089e-03 1.089e-03 1.089e-03 1.089e-03 1.089e-03 1.088e-03 1.088e-03 1.088e-03
69744.99 3.345e-03 3.205e-03 3.071e-03 2.942e-03 2.819e-03 2.700e-03 2.587e-03 2.479e-03 2.375e-03 2.275e-03 2.180e-03 2.089e-03 2.001e-03 1.918e-03 1.837e-03 1.760e-03 1.686e-03 1.615e-03 1.548e-03 1.483e-03 1.421e-03 1.361e-03 1.304e-03 1.250e-03 1.197e-03 1.147e-03 1.099e-03 1.053e-03 1.009e-03 9.666e-04 9.260e-04 8.873e-04 8.501e-04 8.145e-04 7.799e-04 7.472e-04 1.114e-03 1.088e-03 1.061e-03 1.059e-03 1.059e-03 1.059e-03 1.059e-03 1.059e-03 1.058e-03 1.058e-03 1.058e-03 1.058e-03 1.058e-03 1.058e-03
69888.26 3.255e-03 3.118e-03 2.988e-03 2.862e-03 2.742e-03 2.627e-03 2.517e-03 2.412e-03 2.311e-03 2.214e-03 2.121e-03 2.032e-03 1.947e-03 1.866e-03 1.788e-03 1.713e-03 1.641e-03 1.572e-03 1.506e-03 1.443e-03 1.382e-03 1.325e-03 1.269e-03 1.216e-03 1.165e-03 1.116e-03 1.069e-03 1.024e-03 9.816e-04 9.405e-04 9.011e-04 8.633e-04 8.271e-04 7.925e-04 7.589e-04 7.271e-04 1.083e-03 1.057e-03 1.048e-03 1.047e-03 1.047e-03 1.047e-03 1.047e-03 1.047e-03 1.047e-03 1.046e-03 1.046e-03 1.046e-03 1.046e-03 1.046e-03
69959.62 3.210e-03 3.076e-03 2.947e-03 2.823e-03 2.705e-03 2.592e-03 2.483e-03 2.379e-03 2.279e-03 2.184e-03 2.092e-03 2.005e-03 1.921e-03 1.840e-03 1.763e-03 1.689e-03 1.619e-03 1.550e-03 1.486e-03 1.424e-03 1.364e-03 1.307e-03 1.252e-03 1.199e-03 1.149e-03 1.101e-03 1.055e-03 1.010e-03 9.683e-04 9.277e-04 8.888e-04 8.516e-04 8.159e-04 7.817e-04 7.486e-04 7.172e-04 1.068e-03 1.043e-03 1.034e-03 1.033e-03 1.033e-03 1.033e-03 1.033e-03 1.032e-03 1.032e-03 1.032e-03 1.032e-03 1.032e-03 1.032e-03 1.032e-03
69991.15 3.190e-03 3.056e-03 2.928e-03 2.805e-03 2.688e-03 2.575e-03 2.467e-03 2.364e-03 2.265e-03 2.170e-03 2.079e-03 1.992e-03 1.908e-03 1.829e-03 1.752e-03 1.679e-03 1.608e-03 1.540e-03 1.476e-03 1.414e-03 1.355e-03 1.298e-03 1.244e-03 1.192e-03 1.142e-03 1.094e-03 1.048e-03 1.004e-03 9.620e-04 9.217e-04 8.830e-04 8.460e-04 8.106e-04 7.767e-04 7.437e-04 7.125e-04 1.060e-03 1.036e-03 1.027e-03 1.027e-03 1.026e-03 1.026e-03 1.026e-03 1.026e-03 1.026e-03 1.025e-03 1.025e-03 1.025e-03 1.025e-03 1.025e-03
69999.53 3.189e-03 3.055e-03 2.927e-03 2.804e-03 2.687e-03 2.574e-03 2.466e-03 2.363e-03 2.264e-03 2.169e-03 2.078e-03 1.991e-03 1.907e-03 1.828e-03 1.751e-03 1.678e-03 1.608e-03 1.540e-03 1.476e-03 1.414e-03 1.355e-03 1.298e-03 1.243e-03 1.191e-03 1.141e-03 1.093e-03 1.048e-03 1.003e-03 9.617e-04 9.214e-04 8.827e-04 8.458e-04 8.103e-04 7.764e-04 7.435e-04 7.123e-04 1.060e-03 1.035e-03 1.026e-03 1.026e-03 1.026e-03 1.026e-03 1.026e-03 1.025e-03 1.025e-03 1.025e-03 1.025e-03 1.025e-03 1.025e-03 1.024e-03
