#NTIMES: 4
#NVEL: 524
#TIMES[d]: 5.0 10.0 15.0 20.0
#vel_mid[km/s] Tgas_t0[K] Tgas_t1[K] ... Tgas_tn[K]
7.728350E+03 1.000000E-99 1.000000E-99 1.000000E-99 8.629651E+03
7.779996E+03 1.000000E-99 1.000000E-99 1.000000E-99 8.628831E+03
7.831643E+03 1.000000E-99 1.000000E-99 1.000000E-99 8.628011E+03
7.883289E+03 1.000000E-99 1.000000E-99 1.000000E-99 8.627191E+03
7.934935E+03 1.000000E-99 1.000000E-99 1.000000E-99 8.626371E+03
7.986582E+03 1.000000E-99 1.000000E-99 1.000000E-99 8.625550E+03
8.038228E+03 1.000000E-99 1.000000E-99 1.000000E-99 8.624730E+03
8.089875E+03 1.000000E-99 1.000000E-99 1.000000E-99 8.623910E+03
8.141521E+03 1.000000E-99 1.000000E-99 1.000000E-99 8.623090E+03
8.193167E+03 1.000000E-99 1.000000E-99 1.000000E-99 8.622270E+03
8.244814E+03 1.000000E-99 1.000000E-99 1.000000E-99 8.612968E+03
8.296460E+03 1.000000E-99 1.000000E-99 1.000000E-99 8.600697E+03
8.348106E+03 1.000000E-99 1.000000E-99 1.000000E-99 8.588426E+03
8.399753E+03 1.000000E-99 1.000000E-99 1.000000E-99 8.576155E+03
8.451399E+03 1.000000E-99 1.000000E-99 1.000000E-99 8.563884E+03
8.503046E+03 1.000000E-99 1.000000E-99 1.000000E-99 8.551613E+03
8.554692E+03 1.000000E-99 1.000000E-99 1.000000E-99 8.539341E+03
8.606338E+03 1.000000E-99 1.000000E-99 1.000000E-99 8.527070E+03
8.657985E+03 1.000000E-99 1.000000E-99 1.000000E-99 8.514799E+03
8.709631E+03 1.000000E-99 1.000000E-99 1.000000E-99 8.502528E+03
8.761277E+03 1.000000E-99 1.000000E-99 1.000000E-99 8.484706E+03
8.812924E+03 1.000000E-99 1.000000E-99 1.000000E-99 8.465852E+03
8.864570E+03 1.000000E-99 1.000000E-99 1.000000E-99 8.446997E+03
8.916216E+03 1.000000E-99 1.000000E-99 1.000000E-99 8.428143E+03
8.967863E+03 1.000000E-99 1.000000E-99 1.000000E-99 8.409288E+03
9.019509E+03 1.000000E-99 1.000000E-99 1.000000E-99 8.390433E+03
9.071156E+03 1.000000E-99 1.000000E-99 1.000000E-99 8.371579E+03
9.122802E+03 1.000000E-99 1.000000E-99 1.000000E-99 8.352724E+03
9.174448E+03 1.000000E-99 1.000000E-99 1.000000E-99 8.333870E+03
9.226095E+03 1.000000E-99 1.000000E-99 1.000000E-99 8.314137E+03
9.277741E+03 1.000000E-99 1.000000E-99 1.000000E-99 8.291288E+03
9.329387E+03 1.000000E-99 1.000000E-99 1.000000E-99 8.268438E+03
9.381034E+03 1.000000E-99 1.000000E-99 1.000000E-99 8.245589E+03
9.432680E+03 1.000000E-99 1.000000E-99 1.000000E-99 8.222740E+03
9.484326E+03 1.000000E-99 1.000000E-99 1.000000E-99 8.199891E+03
9.535973E+03 1.000000E-99 1.000000E-99 1.000000E-99 8.177042E+03
9.587619E+03 1.000000E-99 1.000000E-99 1.000000E-99 8.154192E+03
9.639266E+03 1.000000E-99 1.000000E-99 1.000000E-99 8.131792E+03
9.690912E+03 1.000000E-99 1.000000E-99 8.216087E+03 8.111224E+03
9.742558E+03 1.000000E-99 1.000000E-99 8.208187E+03 8.090655E+03
9.794205E+03 1.000000E-99 1.000000E-99 8.200288E+03 8.070087E+03
9.845851E+03 1.000000E-99 1.000000E-99 8.192389E+03 8.049519E+03
9.897497E+03 1.000000E-99 1.000000E-99 8.184489E+03 8.028951E+03
9.949144E+03 1.000000E-99 1.000000E-99 8.176590E+03 8.008382E+03
1.000079E+04 1.000000E-99 1.000000E-99 8.162970E+03 7.990819E+03
1.005244E+04 1.000000E-99 1.000000E-99 8.148744E+03 7.973575E+03
1.010408E+04 1.000000E-99 1.000000E-99 8.134518E+03 7.956331E+03
1.015573E+04 1.000000E-99 1.000000E-99 8.120291E+03 7.939088E+03
1.020738E+04 1.000000E-99 1.000000E-99 8.106065E+03 7.921844E+03
1.025902E+04 1.000000E-99 1.000000E-99 8.092252E+03 7.905547E+03
1.031067E+04 1.000000E-99 1.000000E-99 8.079621E+03 7.891956E+03
1.036231E+04 1.000000E-99 1.000000E-99 8.066991E+03 7.878364E+03
1.041396E+04 1.000000E-99 1.000000E-99 8.054360E+03 7.864773E+03
1.046561E+04 1.000000E-99 1.000000E-99 8.041729E+03 7.851182E+03
1.051725E+04 1.000000E-99 1.000000E-99 8.029098E+03 7.837590E+03
1.056890E+04 1.000000E-99 1.000000E-99 8.016905E+03 7.824534E+03
1.062055E+04 1.000000E-99 1.000000E-99 8.005098E+03 7.811952E+03
1.067219E+04 1.000000E-99 1.000000E-99 7.993292E+03 7.799369E+03
1.072384E+04 1.000000E-99 1.000000E-99 7.981485E+03 7.786787E+03
1.077549E+04 1.000000E-99 1.000000E-99 7.969679E+03 7.774205E+03
1.082713E+04 1.000000E-99 1.000000E-99 7.957873E+03 7.761622E+03
1.087878E+04 1.000000E-99 1.000000E-99 7.944383E+03 7.749309E+03
1.093042E+04 1.000000E-99 1.000000E-99 7.930336E+03 7.737085E+03
1.098207E+04 1.000000E-99 1.000000E-99 7.916289E+03 7.724862E+03
1.103372E+04 1.000000E-99 1.000000E-99 7.902242E+03 7.712638E+03
1.108536E+04 1.000000E-99 1.000000E-99 7.888196E+03 7.700414E+03
1.113701E+04 1.000000E-99 1.000000E-99 7.873038E+03 7.686302E+03
1.118866E+04 1.000000E-99 1.000000E-99 7.855785E+03 7.668625E+03
1.124030E+04 1.000000E-99 1.000000E-99 7.838531E+03 7.650948E+03
1.129195E+04 1.000000E-99 1.000000E-99 7.821278E+03 7.633271E+03
1.134360E+04 1.000000E-99 1.000000E-99 7.804024E+03 7.615594E+03
1.139524E+04 1.000000E-99 1.000000E-99 7.785011E+03 7.598682E+03
1.144689E+04 1.000000E-99 1.000000E-99 7.765453E+03 7.582007E+03
1.149853E+04 1.000000E-99 1.000000E-99 7.745895E+03 7.565331E+03
1.155018E+04 1.000000E-99 1.000000E-99 7.726316E+03 7.546424E+03
1.160183E+04 1.000000E-99 1.000000E-99 7.706649E+03 7.518675E+03
1.165347E+04 1.000000E-99 1.000000E-99 7.686982E+03 7.490925E+03
1.170512E+04 1.000000E-99 1.000000E-99 7.664439E+03 7.463377E+03
1.175677E+04 1.000000E-99 1.000000E-99 7.639461E+03 7.436000E+03
1.180841E+04 1.000000E-99 1.000000E-99 7.616860E+03 7.410335E+03
1.186006E+04 1.000000E-99 1.000000E-99 7.596923E+03 7.386589E+03
1.191171E+04 1.000000E-99 1.000000E-99 7.582667E+03 7.367602E+03
1.196335E+04 1.000000E-99 1.000000E-99 7.570913E+03 7.350711E+03
1.201500E+04 1.000000E-99 6.977200E+03 7.561937E+03 7.330357E+03
1.206664E+04 1.000000E-99 7.023397E+03 7.553568E+03 7.311253E+03
1.211829E+04 1.000000E-99 7.051982E+03 7.547364E+03 7.296633E+03
1.216994E+04 1.000000E-99 7.080568E+03 7.541161E+03 7.282013E+03
1.222158E+04 1.000000E-99 7.092450E+03 7.537323E+03 7.266420E+03
1.227323E+04 1.000000E-99 7.104182E+03 7.533505E+03 7.250819E+03
1.232488E+04 1.000000E-99 7.115914E+03 7.529688E+03 7.235218E+03
1.237652E+04 1.000000E-99 7.126722E+03 7.525059E+03 7.219514E+03
1.242817E+04 1.000000E-99 7.135401E+03 7.518560E+03 7.203570E+03
1.247982E+04 1.000000E-99 7.144080E+03 7.512061E+03 7.187627E+03
1.253146E+04 1.000000E-99 7.152758E+03 7.505562E+03 7.171683E+03
1.258311E+04 1.000000E-99 7.161437E+03 7.499063E+03 7.155739E+03
1.263475E+04 1.000000E-99 7.170116E+03 7.492563E+03 7.139796E+03
1.268640E+04 1.000000E-99 7.177985E+03 7.485612E+03 7.124016E+03
1.273805E+04 1.000000E-99 7.184035E+03 7.477647E+03 7.108605E+03
1.278969E+04 1.000000E-99 7.190086E+03 7.469683E+03 7.093193E+03
1.284134E+04 1.000000E-99 7.196137E+03 7.461718E+03 7.077782E+03
1.289299E+04 1.000000E-99 7.202188E+03 7.453753E+03 7.062370E+03
1.294463E+04 1.000000E-99 7.208238E+03 7.445789E+03 7.046959E+03
1.299628E+04 1.000000E-99 7.214289E+03 7.437824E+03 7.031548E+03
1.304793E+04 1.000000E-99 7.220340E+03 7.429859E+03 7.016136E+03
1.309957E+04 1.000000E-99 7.226227E+03 7.421907E+03 7.001684E+03
1.315122E+04 1.000000E-99 7.231930E+03 7.413968E+03 6.988319E+03
1.320286E+04 1.000000E-99 7.237632E+03 7.406029E+03 6.974953E+03
1.325451E+04 1.000000E-99 7.243334E+03 7.398091E+03 6.961587E+03
1.330616E+04 1.000000E-99 7.249037E+03 7.390152E+03 6.948221E+03
1.335780E+04 1.000000E-99 7.254739E+03 7.382213E+03 6.934856E+03
1.340945E+04 1.000000E-99 7.260441E+03 7.374275E+03 6.921490E+03
1.346110E+04 1.000000E-99 7.266144E+03 7.366336E+03 6.908124E+03
1.351274E+04 1.000000E-99 7.271846E+03 7.358398E+03 6.894759E+03
1.356439E+04 1.000000E-99 7.275737E+03 7.350461E+03 6.881608E+03
1.361604E+04 1.000000E-99 7.278677E+03 7.342525E+03 6.868569E+03
1.366768E+04 6.399328E+03 7.281616E+03 7.334590E+03 6.855531E+03
1.371933E+04 6.429143E+03 7.284556E+03 7.326654E+03 6.842493E+03
1.377097E+04 6.458959E+03 7.287496E+03 7.318718E+03 6.829454E+03
1.382262E+04 6.488774E+03 7.290435E+03 7.310783E+03 6.816416E+03
1.387427E+04 6.518589E+03 7.293375E+03 7.302847E+03 6.803377E+03
1.392591E+04 6.548404E+03 7.296315E+03 7.294911E+03 6.790339E+03
1.397756E+04 6.578219E+03 7.299255E+03 7.286976E+03 6.777301E+03
1.402921E+04 6.606033E+03 7.300934E+03 7.278653E+03 6.764704E+03
1.408085E+04 6.629566E+03 7.299918E+03 7.269503E+03 6.753051E+03
1.413250E+04 6.653100E+03 7.298903E+03 7.260353E+03 6.741397E+03
1.418415E+04 6.676634E+03 7.297887E+03 7.251203E+03 6.729744E+03
1.423579E+04 6.700167E+03 7.296871E+03 7.242053E+03 6.718091E+03
1.428744E+04 6.723701E+03 7.295856E+03 7.232903E+03 6.706438E+03
1.433908E+04 6.747234E+03 7.294840E+03 7.223753E+03 6.694785E+03
1.439073E+04 6.770768E+03 7.293825E+03 7.214603E+03 6.683132E+03
1.444238E+04 6.794301E+03 7.292809E+03 7.205453E+03 6.671479E+03
1.449402E+04 6.817835E+03 7.291793E+03 7.196303E+03 6.659826E+03
1.454567E+04 6.837809E+03 7.289494E+03 7.186678E+03 6.647493E+03
1.459732E+04 6.856353E+03 7.286679E+03 7.176863E+03 6.634887E+03
1.464896E+04 6.874897E+03 7.283865E+03 7.167048E+03 6.622280E+03
1.470061E+04 6.893441E+03 7.281050E+03 7.157233E+03 6.609674E+03
1.475226E+04 6.911985E+03 7.278235E+03 7.147418E+03 6.597068E+03
1.480390E+04 6.930530E+03 7.275420E+03 7.137603E+03 6.584462E+03
1.485555E+04 6.949074E+03 7.272605E+03 7.127787E+03 6.571856E+03
1.490720E+04 6.967618E+03 7.269791E+03 7.117972E+03 6.559249E+03
1.495884E+04 6.986162E+03 7.266976E+03 7.108157E+03 6.546643E+03
1.501049E+04 7.003707E+03 7.263586E+03 7.098181E+03 6.534280E+03
1.506213E+04 7.015930E+03 7.257133E+03 7.087347E+03 6.523211E+03
1.511378E+04 7.028153E+03 7.250680E+03 7.076513E+03 6.512141E+03
1.516543E+04 7.040376E+03 7.244227E+03 7.065678E+03 6.501072E+03
1.521707E+04 7.052598E+03 7.237774E+03 7.054844E+03 6.490003E+03
1.526872E+04 7.064821E+03 7.231321E+03 7.044010E+03 6.478933E+03
1.532037E+04 7.077044E+03 7.224868E+03 7.033176E+03 6.467864E+03
1.537201E+04 7.089267E+03 7.218415E+03 7.022342E+03 6.456795E+03
1.542366E+04 7.101490E+03 7.211963E+03 7.011508E+03 6.445725E+03
1.547531E+04 7.113712E+03 7.205509E+03 7.000673E+03 6.434656E+03
1.552695E+04 7.121425E+03 7.195481E+03 6.988457E+03 6.422048E+03
1.557860E+04 7.129139E+03 7.185453E+03 6.976240E+03 6.409440E+03
1.563024E+04 7.136852E+03 7.175425E+03 6.964023E+03 6.396831E+03
1.568189E+04 7.144565E+03 7.165396E+03 6.951807E+03 6.384223E+03
1.573354E+04 7.152279E+03 7.155368E+03 6.939590E+03 6.371615E+03
1.578518E+04 7.159992E+03 7.145340E+03 6.927374E+03 6.359007E+03
1.583683E+04 7.167705E+03 7.135312E+03 6.915157E+03 6.346399E+03
1.588848E+04 7.175418E+03 7.125283E+03 6.902940E+03 6.333790E+03
1.594012E+04 7.181402E+03 7.114649E+03 6.890772E+03 6.321125E+03
1.599177E+04 7.183677E+03 7.102714E+03 6.878707E+03 6.308336E+03
1.604342E+04 7.185952E+03 7.090779E+03 6.866642E+03 6.295548E+03
1.609506E+04 7.188227E+03 7.078844E+03 6.854576E+03 6.282759E+03
1.614671E+04 7.190502E+03 7.066909E+03 6.842511E+03 6.269971E+03
1.619835E+04 7.192777E+03 7.054974E+03 6.830446E+03 6.257182E+03
1.625000E+04 7.195051E+03 7.043039E+03 6.818381E+03 6.244394E+03
1.630165E+04 7.197326E+03 7.031104E+03 6.806316E+03 6.231605E+03
1.635329E+04 7.199601E+03 7.019170E+03 6.794250E+03 6.218817E+03
1.640494E+04 7.193182E+03 7.004730E+03 6.781731E+03 6.205779E+03
1.645659E+04 7.186347E+03 6.990170E+03 6.769190E+03 6.192729E+03
1.650823E+04 7.179512E+03 6.975610E+03 6.756648E+03 6.179678E+03
1.655988E+04 7.172676E+03 6.961050E+03 6.744107E+03 6.166628E+03
1.661153E+04 7.165841E+03 6.946490E+03 6.731566E+03 6.153578E+03
1.666317E+04 7.159006E+03 6.931931E+03 6.719025E+03 6.140528E+03
1.671482E+04 7.152171E+03 6.917371E+03 6.706484E+03 6.127478E+03
1.676646E+04 7.145336E+03 6.902811E+03 6.693943E+03 6.114428E+03
1.681811E+04 7.133308E+03 6.885097E+03 6.680909E+03 6.100762E+03
1.686976E+04 7.120066E+03 6.866645E+03 6.667759E+03 6.086951E+03
1.692140E+04 7.106824E+03 6.848193E+03 6.654610E+03 6.073140E+03
1.697305E+04 7.093582E+03 6.829741E+03 6.641461E+03 6.059329E+03
1.702470E+04 7.080341E+03 6.811290E+03 6.628312E+03 6.045519E+03
1.707634E+04 7.067099E+03 6.792838E+03 6.615163E+03 6.031708E+03
1.712799E+04 7.053857E+03 6.774386E+03 6.602014E+03 6.017897E+03
1.717964E+04 7.040615E+03 6.755934E+03 6.588864E+03 6.004086E+03
1.723128E+04 7.022109E+03 6.734338E+03 6.572069E+03 5.989856E+03
1.728293E+04 7.003222E+03 6.712513E+03 6.555008E+03 5.975596E+03
1.733457E+04 6.984335E+03 6.690688E+03 6.537948E+03 5.961336E+03
1.738622E+04 6.965448E+03 6.668864E+03 6.520888E+03 5.947075E+03
1.743787E+04 6.946561E+03 6.647039E+03 6.503828E+03 5.932815E+03
1.748951E+04 6.927674E+03 6.625215E+03 6.486768E+03 5.918555E+03
1.754116E+04 6.908786E+03 6.603390E+03 6.469707E+03 5.904294E+03
1.759281E+04 6.888802E+03 6.581263E+03 6.452844E+03 5.890445E+03
1.764445E+04 6.865330E+03 6.558176E+03 6.436608E+03 5.877903E+03
1.769610E+04 6.841858E+03 6.535089E+03 6.420372E+03 5.865361E+03
1.774775E+04 6.818386E+03 6.512001E+03 6.404135E+03 5.852819E+03
1.779939E+04 6.794914E+03 6.488914E+03 6.387899E+03 5.840276E+03
1.785104E+04 6.771442E+03 6.465827E+03 6.371663E+03 5.827734E+03
1.790268E+04 6.747970E+03 6.442739E+03 6.355426E+03 5.815192E+03
1.795433E+04 6.724498E+03 6.419652E+03 6.339190E+03 5.802650E+03
1.800598E+04 6.700400E+03 6.396877E+03 6.323065E+03 5.790133E+03
1.805762E+04 6.674860E+03 6.374820E+03 6.307199E+03 5.777674E+03
1.810927E+04 6.649320E+03 6.352764E+03 6.291333E+03 5.765215E+03
1.816092E+04 6.623779E+03 6.330708E+03 6.275466E+03 5.752756E+03
1.821256E+04 6.598239E+03 6.308651E+03 6.259600E+03 5.740298E+03
1.826421E+04 6.572699E+03 6.286595E+03 6.243733E+03 5.727839E+03
1.831586E+04 6.547158E+03 6.264539E+03 6.227867E+03 5.715380E+03
1.836750E+04 6.521618E+03 6.242482E+03 6.212001E+03 5.702922E+03
1.841915E+04 6.496077E+03 6.220426E+03 6.196134E+03 5.690463E+03
1.847079E+04 6.470306E+03 6.198785E+03 6.180584E+03 5.678556E+03
1.852244E+04 6.443831E+03 6.178413E+03 6.165999E+03 5.668334E+03
1.857409E+04 6.417356E+03 6.158041E+03 6.151414E+03 5.658111E+03
1.862573E+04 6.390881E+03 6.137669E+03 6.136829E+03 5.647889E+03
1.867738E+04 6.364405E+03 6.117297E+03 6.122244E+03 5.637666E+03
1.872903E+04 6.337930E+03 6.096924E+03 6.107659E+03 5.627444E+03
1.878067E+04 6.311455E+03 6.076552E+03 6.093074E+03 5.617222E+03
1.883232E+04 6.284980E+03 6.056180E+03 6.078489E+03 5.606999E+03
1.888397E+04 6.258504E+03 6.035808E+03 6.063904E+03 5.596777E+03
1.893561E+04 6.232029E+03 6.015436E+03 6.049318E+03 5.586555E+03
1.898726E+04 6.205554E+03 5.995064E+03 6.034733E+03 5.576332E+03
1.903890E+04 6.179078E+03 5.974691E+03 6.020148E+03 5.566110E+03
1.909055E+04 6.152880E+03 5.954879E+03 6.005827E+03 5.556158E+03
1.914220E+04 6.128842E+03 5.939429E+03 5.993557E+03 5.548309E+03
1.919384E+04 6.104803E+03 5.923979E+03 5.981286E+03 5.540460E+03
1.924549E+04 6.080765E+03 5.908529E+03 5.969016E+03 5.532611E+03
1.929714E+04 6.056726E+03 5.893078E+03 5.956746E+03 5.524762E+03
1.934878E+04 6.032688E+03 5.877628E+03 5.944476E+03 5.516913E+03
1.940043E+04 6.008649E+03 5.862178E+03 5.932206E+03 5.509064E+03
1.945208E+04 5.984611E+03 5.846728E+03 5.919936E+03 5.501215E+03
1.950372E+04 5.960572E+03 5.831278E+03 5.907666E+03 5.493366E+03
1.955537E+04 5.936533E+03 5.815827E+03 5.895396E+03 5.485517E+03
1.960701E+04 5.912495E+03 5.800377E+03 5.883125E+03 5.477668E+03
1.965866E+04 5.888456E+03 5.784927E+03 5.870855E+03 5.469819E+03
1.971031E+04 5.864418E+03 5.769477E+03 5.858585E+03 5.461971E+03
1.976195E+04 5.840379E+03 5.754026E+03 5.846315E+03 5.454122E+03
1.981360E+04 5.816341E+03 5.738576E+03 5.834045E+03 5.446273E+03
1.986525E+04 5.792302E+03 5.723126E+03 5.821775E+03 5.438424E+03
1.991689E+04 5.768264E+03 5.707676E+03 5.809505E+03 5.430575E+03
1.996854E+04 5.744225E+03 5.692226E+03 5.797235E+03 5.422726E+03
2.002019E+04 5.723156E+03 5.678729E+03 5.786491E+03 5.415664E+03
2.007183E+04 5.706642E+03 5.668227E+03 5.778088E+03 5.409811E+03
2.012348E+04 5.690128E+03 5.657725E+03 5.769686E+03 5.403957E+03
2.017512E+04 5.673614E+03 5.647223E+03 5.761283E+03 5.398103E+03
2.022677E+04 5.657099E+03 5.636721E+03 5.752880E+03 5.392249E+03
2.027842E+04 5.640585E+03 5.626219E+03 5.744478E+03 5.386395E+03
2.033006E+04 5.624071E+03 5.615717E+03 5.736075E+03 5.380542E+03
2.038171E+04 5.607557E+03 5.605215E+03 5.727673E+03 5.374688E+03
2.043336E+04 5.591042E+03 5.594713E+03 5.719270E+03 5.368834E+03
2.048500E+04 5.574528E+03 5.584211E+03 5.710867E+03 5.362980E+03
2.053665E+04 5.558014E+03 5.573709E+03 5.702465E+03 5.357126E+03
2.058830E+04 5.541500E+03 5.563207E+03 5.694062E+03 5.351273E+03
2.063994E+04 5.524985E+03 5.552705E+03 5.685659E+03 5.345419E+03
2.069159E+04 5.508471E+03 5.542204E+03 5.677257E+03 5.339565E+03
2.074323E+04 5.491957E+03 5.531702E+03 5.668854E+03 5.333711E+03
2.079488E+04 5.475443E+03 5.521200E+03 5.660451E+03 5.327857E+03
2.084653E+04 5.458928E+03 5.510698E+03 5.652049E+03 5.322003E+03
2.089817E+04 5.442414E+03 5.500196E+03 5.643646E+03 5.316150E+03
2.094982E+04 5.425900E+03 5.489694E+03 5.635243E+03 5.310296E+03
2.100147E+04 5.409386E+03 5.479192E+03 5.626841E+03 5.304442E+03
2.105311E+04 5.392871E+03 5.468690E+03 5.618438E+03 5.298588E+03
2.110476E+04 5.376357E+03 5.458188E+03 5.610035E+03 5.292734E+03
2.115641E+04 5.359843E+03 5.447686E+03 5.601633E+03 5.286881E+03
2.120805E+04 5.345126E+03 5.438324E+03 5.593954E+03 5.281465E+03
2.125970E+04 5.334979E+03 5.431861E+03 5.588116E+03 5.277162E+03
2.131134E+04 5.324832E+03 5.425398E+03 5.582278E+03 5.272859E+03
2.136299E+04 5.314685E+03 5.418935E+03 5.576440E+03 5.268557E+03
2.141464E+04 5.304538E+03 5.412471E+03 5.570602E+03 5.264254E+03
2.146628E+04 5.294391E+03 5.406008E+03 5.564764E+03 5.259952E+03
2.151793E+04 5.284244E+03 5.399545E+03 5.558926E+03 5.255649E+03
2.156958E+04 5.274097E+03 5.393082E+03 5.553088E+03 5.251346E+03
2.162122E+04 5.263950E+03 5.386619E+03 5.547250E+03 5.247044E+03
2.167287E+04 5.253803E+03 5.380156E+03 5.541412E+03 5.242741E+03
2.172452E+04 5.243656E+03 5.373692E+03 5.535574E+03 5.238439E+03
2.177616E+04 5.233509E+03 5.367229E+03 5.529736E+03 5.234136E+03
2.182781E+04 5.223362E+03 5.360766E+03 5.523898E+03 5.229833E+03
2.187945E+04 5.213215E+03 5.354303E+03 5.518060E+03 5.225531E+03
2.193110E+04 5.203068E+03 5.347840E+03 5.512222E+03 5.221228E+03
2.198275E+04 5.192920E+03 5.341377E+03 5.506384E+03 5.216925E+03
2.203439E+04 5.182773E+03 5.334913E+03 5.500546E+03 5.212623E+03
2.208604E+04 5.172626E+03 5.328450E+03 5.494708E+03 5.208320E+03
2.213769E+04 5.162479E+03 5.321987E+03 5.488870E+03 5.204018E+03
2.218933E+04 5.152332E+03 5.315524E+03 5.483032E+03 5.199715E+03
2.224098E+04 5.142185E+03 5.309061E+03 5.477194E+03 5.195412E+03
2.229263E+04 5.132038E+03 5.302597E+03 5.471356E+03 5.191110E+03
2.234427E+04 5.121891E+03 5.296134E+03 5.465518E+03 5.186807E+03
2.239592E+04 5.111744E+03 5.289671E+03 5.459680E+03 5.182505E+03
2.244756E+04 5.101597E+03 5.283208E+03 5.453842E+03 5.178202E+03
2.249921E+04 5.091450E+03 5.276745E+03 5.448004E+03 5.173899E+03
2.255086E+04 5.083010E+03 5.271148E+03 5.442987E+03 5.170078E+03
2.260250E+04 5.076840E+03 5.266704E+03 5.439062E+03 5.166897E+03
2.265415E+04 5.070670E+03 5.262260E+03 5.435137E+03 5.163715E+03
2.270580E+04 5.064500E+03 5.257816E+03 5.431213E+03 5.160534E+03
2.275744E+04 5.058330E+03 5.253372E+03 5.427288E+03 5.157352E+03
2.280909E+04 5.052160E+03 5.248928E+03 5.423363E+03 5.154171E+03
2.286074E+04 5.045990E+03 5.244484E+03 5.419438E+03 5.150990E+03
2.291238E+04 5.039820E+03 5.240041E+03 5.415514E+03 5.147808E+03
2.296403E+04 5.033650E+03 5.235597E+03 5.411589E+03 5.144627E+03
2.301567E+04 5.027480E+03 5.231153E+03 5.407664E+03 5.141446E+03
2.306732E+04 5.021310E+03 5.226709E+03 5.403739E+03 5.138264E+03
2.311897E+04 5.015140E+03 5.222265E+03 5.399815E+03 5.135083E+03
2.317061E+04 5.008970E+03 5.217821E+03 5.395890E+03 5.131901E+03
2.322226E+04 5.002800E+03 5.213377E+03 5.391965E+03 5.128720E+03
2.327391E+04 4.996630E+03 5.208933E+03 5.388040E+03 5.125539E+03
2.332555E+04 4.990460E+03 5.204489E+03 5.384116E+03 5.122357E+03
2.337720E+04 4.984290E+03 5.200046E+03 5.380191E+03 5.119176E+03
2.342885E+04 4.978120E+03 5.195602E+03 5.376266E+03 5.115995E+03
2.348049E+04 4.971951E+03 5.191158E+03 5.372341E+03 5.112813E+03
2.353214E+04 4.965781E+03 5.186714E+03 5.368417E+03 5.109632E+03
2.358378E+04 4.959611E+03 5.182270E+03 5.364492E+03 5.106450E+03
2.363543E+04 4.953441E+03 5.177826E+03 5.360567E+03 5.103269E+03
2.368708E+04 4.947271E+03 5.173382E+03 5.356642E+03 5.100088E+03
2.373872E+04 4.941101E+03 5.168938E+03 5.352718E+03 5.096906E+03
2.379037E+04 4.934931E+03 5.164494E+03 5.348793E+03 5.093725E+03
2.384202E+04 4.928761E+03 5.160050E+03 5.344868E+03 5.090544E+03
2.389366E+04 4.922591E+03 5.155607E+03 5.340944E+03 5.087362E+03
2.394531E+04 4.916506E+03 5.151212E+03 5.337047E+03 5.084210E+03
2.399696E+04 4.912526E+03 5.148035E+03 5.333856E+03 5.081774E+03
2.404860E+04 4.908546E+03 5.144858E+03 5.330664E+03 5.079338E+03
2.410025E+04 4.904565E+03 5.141682E+03 5.327473E+03 5.076902E+03
2.415189E+04 4.900585E+03 5.138505E+03 5.324281E+03 5.074466E+03
2.420354E+04 4.896605E+03 5.135328E+03 5.321090E+03 5.072030E+03
2.425519E+04 4.892625E+03 5.132152E+03 5.317898E+03 5.069594E+03
2.430683E+04 4.888645E+03 5.128975E+03 5.314707E+03 5.067158E+03
2.435848E+04 4.884664E+03 5.125798E+03 5.311516E+03 5.064722E+03
2.441013E+04 4.880684E+03 5.122621E+03 5.308324E+03 5.062285E+03
2.446177E+04 4.876704E+03 5.119445E+03 5.305133E+03 5.059849E+03
2.451342E+04 4.872724E+03 5.116268E+03 5.301941E+03 5.057413E+03
2.456507E+04 4.868743E+03 5.113091E+03 5.298750E+03 5.054977E+03
2.461671E+04 4.864763E+03 5.109915E+03 5.295558E+03 5.052541E+03
2.466836E+04 4.860783E+03 5.106738E+03 5.292367E+03 5.050105E+03
2.472000E+04 4.856803E+03 5.103561E+03 5.289175E+03 5.047669E+03
2.477165E+04 4.852822E+03 5.100384E+03 5.285984E+03 5.045233E+03
2.482330E+04 4.848842E+03 5.097208E+03 5.282792E+03 5.042797E+03
2.487494E+04 4.844862E+03 5.094031E+03 5.279601E+03 5.040361E+03
2.492659E+04 4.840882E+03 5.090854E+03 5.276409E+03 5.037925E+03
2.497824E+04 4.836901E+03 5.087677E+03 5.273218E+03 5.035489E+03
2.502988E+04 4.832921E+03 5.084501E+03 5.270026E+03 5.033053E+03
2.508153E+04 4.828941E+03 5.081324E+03 5.266835E+03 5.030617E+03
2.513318E+04 4.824961E+03 5.078147E+03 5.263643E+03 5.028181E+03
2.518482E+04 4.820980E+03 5.074971E+03 5.260452E+03 5.025745E+03
2.523647E+04 4.817000E+03 5.071794E+03 5.257261E+03 5.023309E+03
2.528811E+04 4.813020E+03 5.068617E+03 5.254069E+03 5.020873E+03
2.533976E+04 4.809040E+03 5.065440E+03 5.250878E+03 5.018437E+03
2.539141E+04 4.805059E+03 5.062264E+03 5.247686E+03 5.016001E+03
2.544305E+04 4.801079E+03 5.059087E+03 5.244495E+03 5.013565E+03
2.549470E+04 4.797975E+03 5.056215E+03 5.241924E+03 5.011591E+03
2.554635E+04 4.794938E+03 5.053367E+03 5.239401E+03 5.009653E+03
2.559799E+04 4.791901E+03 5.050519E+03 5.236878E+03 5.007714E+03
2.564964E+04 4.788864E+03 5.047670E+03 5.234355E+03 5.005776E+03
2.570129E+04 4.785827E+03 5.044822E+03 5.231833E+03 5.003838E+03
2.575293E+04 4.782791E+03 5.041974E+03 5.229310E+03 5.001900E+03
2.580458E+04 4.779754E+03 5.039126E+03 5.226787E+03 4.999962E+03
2.585622E+04 4.776717E+03 5.036277E+03 5.224264E+03 4.998024E+03
2.590787E+04 4.773680E+03 5.033429E+03 5.221741E+03 4.996086E+03
2.595952E+04 4.770643E+03 5.030581E+03 5.219219E+03 4.994147E+03
2.601116E+04 4.767606E+03 5.027732E+03 5.216696E+03 4.992209E+03
2.606281E+04 4.764570E+03 5.024884E+03 5.214173E+03 4.990271E+03
2.611446E+04 4.761533E+03 5.022036E+03 5.211650E+03 4.988333E+03
2.616610E+04 4.758496E+03 5.019188E+03 5.209127E+03 4.986395E+03
2.621775E+04 4.755459E+03 5.016339E+03 5.206604E+03 4.984457E+03
2.626940E+04 4.752422E+03 5.013491E+03 5.204082E+03 4.982518E+03
2.632104E+04 4.749386E+03 5.010643E+03 5.201559E+03 4.980580E+03
2.637269E+04 4.746349E+03 5.007795E+03 5.199036E+03 4.978642E+03
2.642433E+04 4.743312E+03 5.004946E+03 5.196513E+03 4.976704E+03
2.647598E+04 4.740275E+03 5.002098E+03 5.193990E+03 4.974766E+03
2.652763E+04 4.737238E+03 4.999250E+03 5.191468E+03 4.972828E+03
2.657927E+04 4.734201E+03 4.996401E+03 5.188945E+03 4.970890E+03
2.663092E+04 4.731165E+03 4.993553E+03 5.186422E+03 4.968951E+03
2.668257E+04 4.728128E+03 4.990705E+03 5.183899E+03 4.967013E+03
2.673421E+04 4.725091E+03 4.987857E+03 5.181376E+03 4.965075E+03
2.678586E+04 4.722054E+03 4.985008E+03 5.178853E+03 4.963137E+03
2.683751E+04 4.719017E+03 4.982160E+03 5.176331E+03 4.961199E+03
2.688915E+04 4.715980E+03 4.979312E+03 5.173808E+03 4.959261E+03
2.694080E+04 4.712944E+03 4.976463E+03 5.171285E+03 4.957322E+03
2.699244E+04 4.709907E+03 4.973615E+03 5.168762E+03 4.955384E+03
2.704409E+04 4.706870E+03 4.970767E+03 5.166239E+03 4.953446E+03
2.709574E+04 4.704522E+03 4.968421E+03 5.164298E+03 4.951807E+03
2.714738E+04 4.702181E+03 4.966080E+03 5.162362E+03 4.950171E+03
2.719903E+04 4.699840E+03 4.963739E+03 5.160426E+03 4.948536E+03
2.725068E+04 4.697498E+03 4.961398E+03 5.158490E+03 4.946900E+03
2.730232E+04 4.695157E+03 4.959057E+03 5.156553E+03 4.945264E+03
2.735397E+04 4.692816E+03 4.956716E+03 5.154617E+03 4.943628E+03
2.740562E+04 4.690475E+03 4.954375E+03 5.152681E+03 4.941992E+03
2.745726E+04 4.688133E+03 4.952034E+03 5.150745E+03 4.940356E+03
2.750891E+04 4.685792E+03 4.949692E+03 5.148809E+03 4.938720E+03
2.756055E+04 4.683451E+03 4.947351E+03 5.146873E+03 4.937084E+03
2.761220E+04 4.681109E+03 4.945010E+03 5.144937E+03 4.935448E+03
2.766385E+04 4.678768E+03 4.942669E+03 5.143001E+03 4.933812E+03
2.771549E+04 4.676427E+03 4.940328E+03 5.141065E+03 4.932176E+03
2.776714E+04 4.674086E+03 4.937987E+03 5.139129E+03 4.930541E+03
2.781879E+04 4.671744E+03 4.935646E+03 5.137193E+03 4.928905E+03
2.787043E+04 4.669403E+03 4.933305E+03 5.135257E+03 4.927269E+03
2.792208E+04 4.667062E+03 4.930964E+03 5.133321E+03 4.925633E+03
2.797373E+04 4.664721E+03 4.928623E+03 5.131385E+03 4.923997E+03
2.802537E+04 4.662379E+03 4.926282E+03 5.129449E+03 4.922361E+03
2.807702E+04 4.660038E+03 4.923941E+03 5.127512E+03 4.920725E+03
2.812867E+04 4.657697E+03 4.921599E+03 5.125576E+03 4.919089E+03
2.818031E+04 4.655355E+03 4.919258E+03 5.123640E+03 4.917453E+03
2.823196E+04 4.653014E+03 4.916917E+03 5.121704E+03 4.915817E+03
2.828360E+04 4.650673E+03 4.914576E+03 5.119768E+03 4.914181E+03
2.833525E+04 4.648332E+03 4.912235E+03 5.117832E+03 4.912545E+03
2.838690E+04 4.645990E+03 4.909894E+03 5.115896E+03 4.910910E+03
2.843854E+04 4.643649E+03 4.907553E+03 5.113960E+03 4.909274E+03
2.849019E+04 4.641308E+03 4.905212E+03 5.112024E+03 4.907638E+03
2.854184E+04 4.638967E+03 4.902871E+03 5.110088E+03 4.906002E+03
2.859348E+04 4.636625E+03 4.900530E+03 5.108152E+03 4.904366E+03
2.864513E+04 4.634284E+03 4.898189E+03 5.106216E+03 4.902730E+03
2.869678E+04 4.631943E+03 4.895848E+03 5.104280E+03 4.901094E+03
2.874842E+04 4.629638E+03 4.893540E+03 5.102366E+03 4.899478E+03
2.880007E+04 4.627739E+03 4.891610E+03 5.100706E+03 4.898083E+03
2.885171E+04 4.625840E+03 4.889680E+03 5.099045E+03 4.896687E+03
2.890336E+04 4.623941E+03 4.887750E+03 5.097384E+03 4.895292E+03
2.895501E+04 4.622041E+03 4.885820E+03 5.095724E+03 4.893896E+03
2.900665E+04 4.620142E+03 4.883890E+03 5.094063E+03 4.892501E+03
2.905830E+04 4.618243E+03 4.881960E+03 5.092403E+03 4.891106E+03
2.910995E+04 4.616344E+03 4.880030E+03 5.090742E+03 4.889710E+03
2.916159E+04 4.614445E+03 4.878100E+03 5.089081E+03 4.888315E+03
2.921324E+04 4.612546E+03 4.876170E+03 5.087421E+03 4.886920E+03
2.926489E+04 4.610647E+03 4.874240E+03 5.085760E+03 4.885524E+03
2.931653E+04 4.608748E+03 4.872310E+03 5.084100E+03 4.884129E+03
2.936818E+04 4.606849E+03 4.870380E+03 5.082439E+03 4.882733E+03
2.941982E+04 4.604950E+03 4.868450E+03 5.080778E+03 4.881338E+03
2.947147E+04 4.603051E+03 4.866519E+03 5.079118E+03 4.879943E+03
2.952312E+04 4.601151E+03 4.864589E+03 5.077457E+03 4.878547E+03
2.957476E+04 4.599252E+03 4.862659E+03 5.075797E+03 4.877152E+03
2.962641E+04 4.597353E+03 4.860729E+03 5.074136E+03 4.875757E+03
2.967806E+04 4.595454E+03 4.858799E+03 5.072475E+03 4.874361E+03
2.972970E+04 4.593555E+03 4.856869E+03 5.070815E+03 4.872966E+03
2.978135E+04 4.591656E+03 4.854939E+03 5.069154E+03 4.871570E+03
2.983300E+04 4.589757E+03 4.853009E+03 5.067494E+03 4.870175E+03
2.988464E+04 4.587858E+03 4.851079E+03 5.065833E+03 4.868780E+03
2.993629E+04 4.585959E+03 4.849149E+03 5.064172E+03 4.867384E+03
2.998793E+04 4.584060E+03 4.847219E+03 5.062512E+03 4.865989E+03
3.003958E+04 4.582160E+03 4.845289E+03 5.060851E+03 4.864594E+03
3.009123E+04 4.580261E+03 4.843359E+03 5.059191E+03 4.863198E+03
3.014287E+04 4.578362E+03 4.841429E+03 5.057530E+03 4.861803E+03
3.019452E+04 4.576463E+03 4.839499E+03 5.055869E+03 4.860407E+03
3.024617E+04 4.574564E+03 4.837569E+03 5.054209E+03 4.859012E+03
3.029781E+04 4.572665E+03 4.835639E+03 5.052548E+03 4.857617E+03
3.034946E+04 4.570766E+03 4.833709E+03 5.050888E+03 4.856221E+03
3.040111E+04 4.568867E+03 4.831778E+03 5.049227E+03 4.854826E+03
3.045275E+04 4.566968E+03 4.829848E+03 5.047566E+03 4.853431E+03
3.050440E+04 4.565069E+03 4.827918E+03 5.045906E+03 4.852035E+03
3.055604E+04 4.563326E+03 4.826221E+03 5.044365E+03 4.850660E+03
3.060769E+04 4.561651E+03 4.824626E+03 5.042877E+03 4.849295E+03
3.065934E+04 4.559976E+03 4.823031E+03 5.041389E+03 4.847929E+03
3.071098E+04 4.558302E+03 4.821436E+03 5.039900E+03 4.846563E+03
3.076263E+04 4.556627E+03 4.819840E+03 5.038412E+03 4.845197E+03
3.081428E+04 4.554952E+03 4.818245E+03 5.036924E+03 4.843831E+03
3.086592E+04 4.553278E+03 4.816650E+03 5.035436E+03 4.842465E+03
3.091757E+04 4.551603E+03 4.815055E+03 5.033947E+03 4.841100E+03
3.096922E+04 4.549928E+03 4.813460E+03 5.032459E+03 4.839734E+03
3.102086E+04 4.548254E+03 4.811864E+03 5.030971E+03 4.838368E+03
3.107251E+04 4.546579E+03 4.810269E+03 5.029483E+03 4.837002E+03
3.112415E+04 4.544904E+03 4.808674E+03 5.027994E+03 4.835636E+03
3.117580E+04 4.543230E+03 4.807079E+03 5.026506E+03 4.834271E+03
3.122745E+04 4.541555E+03 4.805484E+03 5.025018E+03 4.832905E+03
3.127909E+04 4.539880E+03 4.803889E+03 5.023530E+03 4.831539E+03
3.133074E+04 4.538206E+03 4.802293E+03 5.022041E+03 4.830173E+03
3.138239E+04 4.536531E+03 4.800698E+03 5.020553E+03 4.828807E+03
3.143403E+04 4.534856E+03 4.799103E+03 5.019065E+03 4.827441E+03
3.148568E+04 4.533182E+03 4.797508E+03 5.017577E+03 4.826076E+03
3.153733E+04 4.531507E+03 4.795913E+03 5.016088E+03 4.824710E+03
3.158897E+04 4.529833E+03 4.794317E+03 5.014600E+03 4.823344E+03
3.164062E+04 4.528158E+03 4.792722E+03 5.013112E+03 4.821978E+03
3.169226E+04 4.526483E+03 4.791127E+03 5.011624E+03 4.820612E+03
3.174391E+04 4.524809E+03 4.789532E+03 5.010135E+03 4.819247E+03
3.179556E+04 4.523134E+03 4.787937E+03 5.008647E+03 4.817881E+03
3.184720E+04 4.521459E+03 4.786342E+03 5.007159E+03 4.816515E+03
3.189885E+04 4.519785E+03 4.784746E+03 5.005671E+03 4.815149E+03
3.195050E+04 4.518110E+03 4.783151E+03 5.004183E+03 4.813783E+03
3.200214E+04 4.516435E+03 4.781556E+03 5.002694E+03 4.812417E+03
3.205379E+04 4.514761E+03 4.779961E+03 5.001206E+03 4.811052E+03
3.210544E+04 4.513086E+03 4.778366E+03 4.999718E+03 4.809686E+03
3.215708E+04 4.511411E+03 4.776770E+03 4.998230E+03 4.808320E+03
3.220873E+04 4.509737E+03 4.775175E+03 4.996741E+03 4.806954E+03
3.226037E+04 4.508049E+03 4.773611E+03 4.995269E+03 4.805619E+03
3.231202E+04 4.506333E+03 4.772111E+03 4.993829E+03 4.804347E+03
3.236367E+04 4.504617E+03 4.770611E+03 4.992389E+03 4.803075E+03
3.241531E+04 4.502902E+03 4.769111E+03 4.990949E+03 4.801803E+03
3.246696E+04 4.501186E+03 4.767610E+03 4.989509E+03 4.800531E+03
3.251861E+04 4.499470E+03 4.766110E+03 4.988069E+03 4.799260E+03
3.257025E+04 4.497755E+03 4.764610E+03 4.986629E+03 4.797988E+03
3.262190E+04 4.496039E+03 4.763110E+03 4.985189E+03 4.796716E+03
3.267355E+04 4.494323E+03 4.761610E+03 4.983750E+03 4.795444E+03
3.272519E+04 4.492608E+03 4.760109E+03 4.982310E+03 4.794172E+03
3.277684E+04 4.490892E+03 4.758609E+03 4.980870E+03 4.792900E+03
3.282848E+04 4.489176E+03 4.757109E+03 4.979430E+03 4.791628E+03
3.288013E+04 4.487461E+03 4.755609E+03 4.977990E+03 4.790356E+03
3.293178E+04 4.485745E+03 4.754108E+03 4.976550E+03 4.789084E+03
3.298342E+04 4.484030E+03 4.752608E+03 4.975110E+03 4.787812E+03
3.303507E+04 4.482314E+03 4.751108E+03 4.973670E+03 4.786540E+03
3.308672E+04 4.480598E+03 4.749608E+03 4.972230E+03 4.785269E+03
3.313836E+04 4.478883E+03 4.748108E+03 4.970790E+03 4.783997E+03
3.319001E+04 4.477167E+03 4.746607E+03 4.969350E+03 4.782725E+03
3.324166E+04 4.475451E+03 4.745107E+03 4.967911E+03 4.781453E+03
3.329330E+04 4.473736E+03 4.743607E+03 4.966471E+03 4.780181E+03
3.334495E+04 4.472020E+03 4.742107E+03 4.965031E+03 4.778909E+03
3.339659E+04 4.470304E+03 4.740607E+03 4.963591E+03 4.777637E+03
3.344824E+04 4.468589E+03 4.739106E+03 4.962151E+03 4.776365E+03
3.349989E+04 4.466873E+03 4.737606E+03 4.960711E+03 4.775093E+03
3.355153E+04 4.465157E+03 4.736106E+03 4.959271E+03 4.773821E+03
3.360318E+04 4.463442E+03 4.734606E+03 4.957831E+03 4.772549E+03
3.365483E+04 4.461726E+03 4.733106E+03 4.956391E+03 4.771278E+03
3.370647E+04 4.460010E+03 4.731605E+03 4.954951E+03 4.770006E+03
3.375812E+04 4.458295E+03 4.730105E+03 4.953511E+03 4.768734E+03
3.380977E+04 4.456292E+03 4.728303E+03 4.951840E+03 4.767221E+03
3.386141E+04 4.454173E+03 4.726379E+03 4.950074E+03 4.765610E+03
3.391306E+04 4.452053E+03 4.724454E+03 4.948309E+03 4.763999E+03
3.396470E+04 4.449934E+03 4.722530E+03 4.946543E+03 4.762389E+03
3.401635E+04 4.447814E+03 4.720605E+03 4.944778E+03 4.760778E+03
3.406800E+04 4.445695E+03 4.718681E+03 4.943012E+03 4.759167E+03
3.411964E+04 4.443576E+03 4.716756E+03 4.941246E+03 4.757556E+03
3.417129E+04 4.441456E+03 4.714832E+03 4.939481E+03 4.755946E+03
3.422294E+04 4.439337E+03 4.712907E+03 4.937715E+03 4.754335E+03
3.427458E+04 4.437217E+03 4.710983E+03 4.935950E+03 4.752724E+03
3.432623E+04 4.435098E+03 4.709058E+03 4.934184E+03 4.751113E+03
3.437788E+04 4.432979E+03 4.707134E+03 4.932419E+03 4.749503E+03
3.442952E+04 4.430859E+03 4.705210E+03 4.930653E+03 4.747892E+03
3.448117E+04 4.428740E+03 4.703285E+03 4.928887E+03 4.746281E+03
3.453281E+04 4.426621E+03 4.701361E+03 4.927122E+03 4.744671E+03
3.458446E+04 4.424501E+03 4.699436E+03 4.925356E+03 4.743060E+03
3.463611E+04 4.422382E+03 4.697512E+03 4.923591E+03 4.741449E+03
3.468775E+04 4.420262E+03 4.695587E+03 4.921825E+03 4.739838E+03
3.473940E+04 4.418143E+03 4.693663E+03 4.920060E+03 4.738228E+03
